0 0.1207 304.58789825439453 149.1032371520996 365.39554595947266 167.9444465637207
0 0.1048 294.95838165283203 128.95520782470703 355.05001068115234 148.0972442626953
0 0.0813 364.36073303222656 139.18967819213867 425.60813903808594 157.85468673706055
0 0.0737 304.6799087524414 169.06833267211914 365.30933380126953 187.98076248168945
0 0.0696 285.45220375061035 108.75091171264651 344.5900630950928 128.30791091918945
0 0.0658 364.46414947509766 159.1515121459961 425.5111312866211 177.89453125
0 0.0654 245.49139022827148 148.7364730834961 304.55305099487305 168.32322692871094
0 0.0581 354.59156036376953 119.09967041015625 415.3927230834961 137.9477081298828
0 0.0549 235.86570739746094 128.57320404052734 294.2054748535156 148.4909210205078
0 0.0450 245.5535125732422 168.7114486694336 304.4948959350586 188.3492431640625
0 0.0414 276.10328674316406 88.4637794494629 333.98582458496094 108.6026725769043
0 0.0377 424.7709655761719 139.02972793579104 485.22499084472656 158.02016830444336
0 0.0373 226.42423629760742 108.31842041015624 283.6879539489746 128.75211334228516
0 0.0358 345.0621795654297 98.91124343872072 404.9537658691406 118.14227676391603
0 0.0354 414.9444580078125 118.9595947265625 475.0633239746094 138.09247589111328
0 0.0287 424.8591613769531 158.99545288085938 485.14251708984375 178.0557403564453
0 0.0281 405.32047271728516 98.80391693115234 464.71324920654297 118.25284576416016
0 0.0281 257.02110290527344 68.02606201171876 313.13743591308594 89.05030822753908
0 0.0271 275.30582427978516 188.81604766845703 334.72537994384766 208.24151611328125
0 0.0254 0.0 193.38586425781247 638.75 532.25
0 0.0247 476.7245101928711 78.1731948852539 533.4108352661133 98.90027618408205
0 0.0239 364.7981643676758 179.02066802978516 425.1991653442383 198.02987670898438
0 0.0235 197.7381706237793 57.653671264648445 252.47770309448242 79.42960357666017
0 0.0232 466.09405517578125 98.46517181396486 523.9950561523438 118.60074615478517
0 0.0230 506.8858337402344 58.09421157836914 563.2619476318359 78.98093795776369
0 0.0229 0.0 -106.49999999999999 510.9122848510742 175.01496887207034
0 0.0214 335.75672149658203 78.61682510375978 394.30774688720703 98.44527816772461
0 0.0207 415.98194122314453 78.51665115356447 474.0987777709961 98.54808425903322
0 0.0200 597.5677680969238 117.73860549926758 638.7499809265137 139.34218978881836
0 0.0195 597.7543830871582 57.63825988769532 638.7499809265137 79.44417572021484
0 0.0190 247.5509262084961 37.752128601074226 302.6500701904297 59.329200744628906
0 0.0190 475.7081985473633 118.63750076293947 534.352912902832 138.42395401000977
0 0.0181 597.6495170593262 87.69544219970705 638.7500190734863 109.3861541748047
0 0.0178 187.64104843139648 27.707220077514656 242.56654739379883 49.3754062652588
0 0.0166 187.6932716369629 87.67690277099611 242.5191307067871 109.40583801269531
0 0.0162 246.385498046875 208.3417663574219 303.7225341796875 228.72918701171875
0 0.0161 0.0 157.0268783569336 51.51853084564209 180.06158447265625
0 0.0159 608.1595611572266 26.990409851074233 638.75 50.03438568115235
0 0.0154 467.8132629394531 37.608276367187514 522.4098205566406 59.47499847412111
0 0.0143 0.0 126.86826324462892 51.30514144897461 150.22008514404297
0 0.0142 485.6947708129883 138.64554977416992 544.3648147583008 158.4160957336426
0 0.0142 426.83834075927734 58.1123504638672 483.30699920654297 78.96150207519533
0 0.0141 608.9614677429199 516.1615905761718 638.7500190734863 532.25
0 0.0131 138.0855941772461 57.457748413085945 192.16018676757812 79.62789154052734
0 0.0131 187.19532012939453 147.94509506225586 242.97527313232422 169.13409805297852
0 0.0131 216.90162658691406 188.0940399169922 273.2455825805664 208.9824447631836
0 0.0129 335.31532287597656 198.8128433227539 394.7163391113281 218.2449493408203
0 0.0128 316.65515899658203 58.20657348632814 373.4749221801758 78.86617279052734
0 0.0128 207.5325584411621 -2.2369613647460795 262.6666450500488 19.318309783935558
0 0.0127 608.3480834960938 -3.1228580474853374 638.75 20.148931503295913
0 0.0126 167.50396728515625 117.7790412902832 222.69271850585938 139.30217361450195
0 0.0126 547.8184127807617 37.603703498840346 602.4055099487305 59.47934246063233
0 0.0125 512.6921272277832 -106.49999999999997 638.7499809265137 -36.65076160430907
0 0.0123 425.1972961425781 178.8586578369141 484.8271179199219 198.19707489013672
0 0.0123 526.8387222290039 98.11624145507815 583.3057022094727 118.95825958251955
0 0.0120 28.083231449127197 57.45374298095704 82.16354131698608 79.63105773925783
0 0.0120 608.1297302246094 147.00900650024414 638.75 170.0157127380371
0 0.0115 18.273568153381348 97.34586334228517 71.98930263519287 119.74053955078126
0 0.0111 609.6113777160645 485.99320983886724 638.7499809265137 511.03166198730463
0 0.0108 485.9495544433594 158.5344467163086 544.1280364990234 178.5304412841797
0 0.0106 0.0 186.84991455078125 51.27497673034668 210.23896789550778
0 0.0105 608.6605072021484 -33.31665420532225 638.75 -9.655422210693345
0 0.0103 128.00180435180664 27.505336761474616 182.23678588867188 49.579692840576186
0 0.0101 487.9002380371094 7.562156677246109 542.3297119140625 29.52209091186525
