0 0.0536 538.0348587036133 77.9846229553223 592.2069931030273 100.10033035278322
0 0.0314 537.7217483520508 48.15922164916994 592.4935531616211 69.92344284057619
0 0.0254 0.0 193.88586425781253 638.75 532.75
0 0.0251 538.3557510375977 107.79234313964844 591.9154739379883 130.2937927246094
0 0.0240 598.2641792297363 67.85065078735353 638.7499809265137 90.2355995178223
0 0.0229 0.0 -105.99999999999996 510.9122848510742 175.5149688720703
0 0.0177 598.2929229736328 37.8310480117798 638.75 60.254935264587424
0 0.0176 477.9779815673828 78.01689529418947 532.2589874267578 100.06767654418947
0 0.0168 598.6238861083984 97.63245010375978 638.75 120.45540237426758
0 0.0146 512.6921272277832 -105.99999999999997 638.7499809265137 -36.15076160430906
0 0.0145 0.0 207.69628906250003 51.75563335418701 230.3919830322266
0 0.0138 17.624549865722656 128.2159080505371 72.58173942565918 149.86652755737308
0 0.0131 0.0 177.6401176452637 51.68050765991211 200.44784927368164
0 0.0124 478.0137252807617 48.00077342987062 532.2253799438477 70.08467578887941
0 0.0123 608.9556884765625 -33.011594772338846 638.75 -8.959661483764627
0 0.0120 527.8633880615234 18.07535552978518 582.3651123046875 40.00751876831057
0 0.0115 528.1541442871094 137.90626907348633 582.1002960205078 160.178035736084
0 0.0114 237.65081405639648 118.20026779174806 292.5580024719238 139.8821678161621
0 0.0109 608.9464569091797 516.6730537414551 638.75 532.7499809265137
0 0.0107 187.62872695922852 138.2122268676758 242.5782585144043 159.87005615234378
0 0.0104 47.349557876586914 158.35880661010742 102.83493995666504 179.7208061218262
0 0.0103 608.7903022766113 -2.9017124176025173 638.7499809265137 20.92999839782717
0 0.0103 588.7539863586426 127.5477447509766 638.7499809265137 150.54014587402347
0 0.0103 0.0 237.24245452880862 51.135520935058594 260.8461227416992
0 0.0100 248.11429977416992 147.94008636474612 302.13422775268555 170.14555358886722
