0 0.3487 30.742652893066413 219.26664352416992 176.98361206054688 280.6601142883301
0 0.2760 46.0625343322754 284.9141788482666 161.19150924682617 334.5640468597412
0 0.2402 10.742652893066408 159.26664352416992 156.98361206054688 220.66011428833008
0 0.1253 68.9194564819336 336.6707992553711 107.38079833984376 373.27999114990234
0 0.1083 3.367374420166024 230.44885635375977 32.31482315063477 279.43098068237305
0 0.1001 13.4275131225586 280.5557155609131 42.24079895019531 329.2941379547119
0 0.0885 108.85681915283205 337.2130584716797 147.40265655517578 372.7794647216797
0 0.0826 28.8845329284668 337.09095001220703 67.38241958618164 372.89196014404297
0 0.0792 26.062534332275398 104.9141788482666 141.19150924682617 154.5640468597412
0 0.0691 -16.507856369018548 180.76269149780273 12.161729812622076 229.08636093139648
0 0.0657 68.66150665283203 377.9431915283203 107.5554733276367 412.1082305908203
0 0.0603 158.92784881591797 276.5639305114746 197.3808364868164 313.37881088256836
0 0.0555 -26.466352462768548 230.96197128295898 2.111299514770515 278.9096260070801
0 0.0526 154.70433044433594 165.35167694091797 221.6260986328125 224.32205200195312
0 0.0506 -11.139356613159174 127.2555160522461 27.394407272338878 162.7402687072754
0 0.0457 108.38000106811523 378.6545944213867 147.80463027954102 411.4570999145508
0 0.0443 -16.45661544799804 280.9918975830078 12.099369049072273 328.8792037963867
0 0.0435 28.647435188293464 377.98946380615234 67.56695079803468 412.0657730102539
0 0.0380 158.83213806152344 317.36788749694824 197.41631317138672 352.63684272766113
0 0.0345 186.06254386901858 224.91418838500977 301.191499710083 274.56403732299805
0 0.0340 138.5859375 128.16938400268555 177.61925506591797 161.90088272094727
0 0.0317 132.23887252807617 13.218510150909424 184.11825942993164 36.86879873275757
0 0.0314 -51.469890594482415 148.27714920043945 -12.328025817871087 181.80231094360352
0 0.0309 -46.3331742286682 181.76193237304688 -18.04972600936889 228.24115753173828
0 0.0300 73.01737594604492 412.6080322265625 123.43066024780273 437.4717712402344
0 0.0287 184.00269317626953 2.5644445419311523 272.5413589477539 47.18459606170654
0 0.0267 -6.3764781951904235 331.42345428466797 22.002180099487312 378.5086441040039
0 0.0260 46.0625343322754 44.91416931152344 161.19150924682617 94.56404685974121
0 0.0234 203.72525024414062 50.098018646240234 424.5412902832031 149.2983055114746
0 0.0232 198.85090637207028 277.29028701782227 237.40223693847656 312.7082633972168
0 0.0232 -11.431581497192376 88.2145881652832 27.63471412658692 121.85949325561523
0 0.0230 243.4964447021484 183.3589744567871 333.00312805175776 226.4509391784668
0 0.0229 -106.99999999999999 357.0248603820801 403.9126281738281 638.7499809265137
0 0.0210 148.31747817993164 358.7860870361328 187.8621940612793 391.3371276855469
0 0.0207 28.350875854492195 418.7261199951172 67.83041763305665 451.3917541503906
0 0.0201 72.37166213989258 13.127152919769287 123.99882125854492 36.96019411087036
0 0.0197 142.96889114379883 102.65369415283203 193.47216415405273 127.42738723754883
0 0.0194 -51.713230133056626 108.85187149047852 -12.109720230102532 141.27708435058594
0 0.0190 78.14772415161133 439.1543960571289 118.01668930053711 471.0013198852539
0 0.0170 12.603924751281745 12.952287197113037 63.79257488250733 37.13345289230347
0 0.0161 -67.61843872070311 613.1085205078125 -16.007625579833974 636.9772338867188
0 0.0160 273.56217193603516 12.03561782836914 322.9734878540039 38.02386283874512
0 0.0160 501.99368286132807 622.6367950439453 531.7499999999999 638.75
0 0.0153 -106.31006908416747 141.91705703735352 -78.07758045196532 188.11532974243164
0 0.0152 8.285692214965826 48.87393236160278 47.8892879486084 81.2568736076355
0 0.0152 121.81101608276369 423.51226806640625 174.50201797485352 446.575927734375
0 0.0151 198.78291893005368 317.5778293609619 237.45252418518064 352.4436855316162
0 0.0151 38.04192352294922 459.3581008911133 78.11516571044922 490.81592559814453
0 0.0148 -56.27018642425536 232.2859764099121 -28.125054359436024 277.8339958190918
0 0.0146 -37.70137977600097 3.1766676902770996 14.064691543579107 26.91053867340088
0 0.0144 -11.355621337890616 378.00357818603516 27.569072723388675 412.0528793334961
0 0.0143 238.64430236816406 277.99121856689453 277.5703125 312.064208984375
0 0.0135 92.1415786743164 473.29078674316406 144.20452880859375 496.7973327636719
0 0.0134 502.60096359252924 592.5022125244141 531.7500190734862 617.5228881835938
0 0.0128 -106.99999999999999 108.27306747436523 -72.33849239349365 141.80599212646484
0 0.0125 112.25046920776369 613.2057571411133 164.10883712768555 636.8809127807617
0 0.0125 -1.9098777770996007 469.26807403564453 38.07003784179688 500.89778900146484
0 0.0123 -46.28294181823729 282.1786403656006 -18.109800338745107 327.9170322418213
0 0.0123 303.68748474121094 231.88165664672852 331.9252471923828 278.140811920166
0 0.0122 -31.743242263793938 48.92967224121094 7.916353225708013 81.20607376098633
0 0.0122 -106.31131839752196 191.90828323364258 -78.07607364654541 238.12238693237305
0 0.0121 -7.594940185546869 613.091926574707 43.971298217773445 636.9937515258789
0 0.0120 172.39471244812012 613.0991363525391 223.98065376281735 636.9865417480469
0 0.0120 -106.99999999999999 602.8418731689453 -66.31800365447998 627.2412872314453
0 0.0115 -68.7250347137451 573.8425445556641 -15.01141738891601 596.2435150146484
0 0.0114 151.97714614868167 393.3912658691406 204.35473251342773 416.6954040527344
0 0.0113 -106.99999999999999 12.465877532958984 -66.70372676849364 37.610487937927246
0 0.0113 -106.2867588996887 52.10740089416504 -78.10548496246338 97.96692848205566
0 0.0111 52.333376884460456 613.1466674804688 104.0347032546997 636.939697265625
0 0.0110 -67.7491683959961 83.2033634185791 -15.891038894653313 106.88298225402832
0 0.0110 141.16028594970706 453.9144515991211 195.09205627441406 476.1716079711914
0 0.0110 225.34424591064453 147.64902114868164 291.1825637817383 182.29612350463867
0 0.0107 467.3924140930176 384.83680725097656 531.7499809265137 434.74700927734375
0 0.0107 -36.28254127502441 332.1661376953125 -8.110391616821282 377.92457580566406
0 0.0105 -6.276437759399407 412.19409942626953 21.88216972351075 457.89981842041016
0 0.0105 12.183959960937507 503.2595443725586 64.16691589355469 526.8282699584961
0 0.0104 322.540786743164 23.00128936767578 373.848388671875 47.08503723144531
0 0.0102 168.59450149536133 48.1094765663147 207.6153450012207 81.95586919784546
