0 0.1651 24.9031925201416 40.981095314025886 85.10056495666504 60.071242332458496
0 0.1528 24.92839813232422 20.968502044677738 85.07768630981445 40.08375930786133
0 0.1332 15.782251358032227 60.61474609375 74.28175926208496 80.44915008544922
0 0.1107 25.451717376708984 0.7506446838378983 84.59062576293945 20.308101654052738
0 0.0920 16.2483549118042 80.40518569946289 73.84953022003174 100.66416549682617
0 0.0904 84.28583145141602 21.218727111816413 145.67806243896484 39.82470321655274
0 0.0758 25.925123691558838 -19.45292663574218 84.15025472640991 0.5178146362304761
0 0.0727 84.70189094543457 1.0560111999511779 145.2897548675537 19.99277877807618
0 0.0711 314.6018314361572 -8.902761459350577 375.38268089294434 9.950540542602544
0 0.0682 84.5613956451416 41.11563491821289 145.41977882385254 59.93204879760742
0 0.0619 314.54837799072266 11.117790222167976 375.43270111083984 29.92920684814454
0 0.0595 314.505615234375 -28.864356994628896 375.4723358154297 -10.08900833129882
0 0.0494 85.18327713012695 -19.136535644531243 144.84039306640625 0.19194412231446015
0 0.0488 375.05271911621094 -9.083606719970696 434.9622344970703 10.13720321655274
0 0.0486 26.184654235839844 100.43179321289062 83.90917778015137 120.63641357421876
0 0.0470 16.566123962402344 -39.745666503906236 73.55599403381348 -19.181758880615227
0 0.0463 375.08724212646484 10.901659011840827 434.9302291870117 30.152280807495128
0 0.0421 254.69640731811523 -8.93891525268554 315.294132232666 9.988124847412115
0 0.0417 374.81781005859375 -28.987886428832997 435.18104553222656 -9.961435317993157
0 0.0402 75.44072151184082 60.75968551635742 134.59975242614746 80.29963302612306
0 0.0383 254.6614646911621 11.075160980224615 315.3266716003418 29.973628997802738
0 0.0371 254.7084617614746 -28.943273544311513 315.28276443481445 -10.00728797912597
0 0.0360 314.7785949707031 31.02955627441407 375.2171325683594 50.020912170410156
0 0.0354 314.4540023803711 -48.84547185897826 375.5208206176758 -30.108770847320546
0 0.0318 144.58688735961914 11.101205825805671 205.3971290588379 29.946039199829105
0 0.0314 75.5189323425293 -39.27656364440917 134.52775955200195 -19.663621902465813
0 0.0290 375.30086517333984 30.81486511230469 434.73079681396484 50.2420883178711
0 0.0280 254.94155883789062 30.965774536132816 315.06473541259766 50.08709716796876
0 0.0271 144.64981079101562 31.078923225402832 205.33775329589844 49.96956157684327
0 0.0265 144.8831558227539 -9.015800476074212 205.1205062866211 10.067050933837898
0 0.0263 374.63768005371094 -48.9180679321289 435.34950256347656 -30.0338954925537
0 0.0254 0.0 185.38586425781247 638.75 524.2499999999999
0 0.0241 254.78477478027344 -48.97457313537596 315.21183013916016 -29.975158691406243
0 0.0239 0.0 128.92458724975586 51.37319564819336 152.16444778442383
0 0.0229 0.0 -114.49999999999997 510.9122848510742 167.01496887207028
0 0.0228 26.178760528564453 -59.56727218627929 83.91507148742676 -39.364854812622056
0 0.0225 436.4169692993164 20.319946289062507 493.69510650634766 40.75022506713868
0 0.0219 286.3936996459961 140.33442306518555 343.71578216552734 160.73603439331055
0 0.0202 346.895751953125 150.09300994873047 403.251953125 170.98282623291016
0 0.0192 275.6623840332031 50.666282653808594 334.39327239990234 70.39604949951172
0 0.0190 436.30306243896484 -9.627487182617179 493.80069732666016 10.696285247802741
0 0.0187 145.06147861480713 -29.086849212646474 204.95397090911865 -9.859382629394524
0 0.0186 0.0 25.09234237670899 25.50647735595703 56.10480117797852
0 0.0183 76.45219802856445 80.30728149414062 133.66159439086914 100.76390075683594
0 0.0177 436.0908508300781 -29.529373168945305 493.9970397949219 -9.404117584228507
0 0.0168 426.72298431396484 50.17567443847656 483.41182708740234 70.89806365966797
0 0.0168 276.32908821105957 120.3609733581543 333.7764263153076 140.70822525024414
0 0.0164 17.45983600616455 179.79719924926755 72.7344560623169 201.28283309936523
0 0.0160 407.3456573486328 149.86195373535156 462.8382873535156 171.21781158447266
0 0.0160 335.51124572753906 50.72945404052735 394.5342254638672 70.33070373535156
0 0.0154 306.99692726135254 170.0399284362793 363.15932273864746 191.03647994995114
0 0.0149 608.3519744873047 38.876107215881355 638.75 62.15017604827881
0 0.0147 304.8990249633789 -69.02321529388428 365.1060104370117 -49.92550563812255
0 0.0144 145.37042140960693 50.78839111328125 204.66539859771729 70.2698974609375
0 0.0143 367.33333587646484 179.8689727783203 422.8494644165039 201.21075439453122
0 0.0142 216.14652633666992 50.45069503784179 273.944149017334 70.6173210144043
0 0.0139 0.0 -15.118524551391593 25.39485454559326 16.29638481140137
0 0.0138 56.89624786376953 120.09232330322266 113.25159072875977 140.98343658447266
0 0.0137 85.66203117370605 -59.33899593353271 144.39496040344238 -39.59955883026122
0 0.0136 608.5220146179199 -31.22823905944823 638.7500190734863 -7.744409561157219
0 0.0135 266.88334465026855 70.10289001464844 323.26252937316895 90.97340393066406
0 0.0132 608.4076118469238 8.84245681762696 638.7499809265137 32.1842269897461
0 0.0131 435.875244140625 -49.434291839599595 494.1973876953125 -29.501983642578118
0 0.0131 386.66019439697266 120.20544815063475 443.46996307373047 140.86752700805664
0 0.0128 437.3012924194336 79.88497543334961 492.87906646728516 101.19437026977539
0 0.0125 447.7084732055664 129.66753768920898 502.50545501708984 151.41516494750977
0 0.0123 364.8792266845703 -69.01629638671874 425.12474060058594 -49.93285369873046
0 0.0123 0.0 -91.41352844238278 40.949745178222656 -67.49943923950194
0 0.0117 608.2929992675781 68.91194152832031 638.75 92.11396026611328
0 0.0117 512.6921272277832 -114.49999999999997 638.7499809265137 -44.650761604309075
0 0.0117 246.8697738647461 160.10418701171875 303.2762908935547 180.9711151123047
0 0.0116 447.68226623535156 169.68264389038086 502.529296875 191.39998245239255
0 0.0115 276.5531921386719 190.25583076477048 333.5690689086914 210.81588554382324
0 0.0114 326.3426971435547 70.36074447631836 383.7623596191406 90.70956039428711
0 0.0109 376.4813232421875 90.29230880737305 433.63494873046875 110.77898788452147
0 0.0107 296.854248046875 100.10861206054686 353.29139709472656 120.96604156494139
0 0.0107 145.2090311050415 -49.14818000793456 204.81664180755615 -29.796249389648427
0 0.0103 608.7026214599609 208.65673828125 638.75 232.37141418457028
0 0.0103 246.36476516723633 210.34733581542966 303.7426948547363 230.72270202636716
0 0.0103 0.0 209.45591735839847 52.150373458862305 231.6302947998047
0 0.0102 245.3649139404297 -69.21383094787596 304.67166900634766 -49.72871017456055
0 0.0100 407.2393035888672 199.91600799560544 462.9363250732422 221.16257476806638
