0 0.0808 -8.6185359954834 393.4674835205078 43.93819808959962 416.6209411621094
0 0.0726 -8.84428977966309 363.6137008666992 44.14199829101563 386.4744186401367
0 0.0695 -51.839971542358406 387.96077728271484 -12.94454574584961 422.0920944213867
0 0.0645 1.6302108764648438 423.2979965209961 53.71484756469727 446.79004669189453
0 0.0578 -51.883864402770996 348.08231353759766 -12.906517982482914 381.98070526123047
0 0.0485 -57.50000000000001 427.9387664794922 -22.940695285797123 462.1123504638672
0 0.0467 -9.061670303344725 333.7482452392578 44.33917045593262 356.339111328125
0 0.0393 151.6920280456543 343.2514190673828 203.6601829528809 366.8360137939453
0 0.0377 -57.50000000000001 308.14061164855957 -22.882127761840827 341.92728996276855
0 0.0346 207.98805236816406 338.40023040771484 247.20752716064456 371.6896438598633
0 0.0342 101.88430786132812 363.10962677001953 153.48926544189453 386.9765090942383
0 0.0321 47.35923767089844 389.69776153564453 87.78572082519531 420.5073928833008
0 0.0320 -2.531566619873045 449.4988250732422 37.68343925476074 480.6880187988281
0 0.0312 151.8297386169434 373.1522750854492 203.53731155395508 396.9345474243164
0 0.0298 151.57106399536133 313.3299922943115 203.76977920532227 336.7569065093994
0 0.0267 218.17106246948242 297.92491912841797 257.04637527465826 332.1249771118164
0 0.0267 80.89035034179688 333.7676239013672 134.38491821289065 356.31813049316406
0 0.0254 207.88505554199222 378.64845275878906 247.29953765869143 411.46270751953125
0 0.0254 -57.5 299.8858642578125 581.25 638.75
0 0.0244 101.6568946838379 393.2704544067383 153.69283676147464 416.81629180908203
0 0.0243 37.52939224243164 449.3864440917969 77.62636184692384 480.79017639160156
0 0.0241 248.20494651794434 337.8304672241211 287.0169925689697 372.2116470336914
0 0.0236 283.05023193359375 261.0049057006836 311.5908813476563 308.86302947998047
0 0.0229 -57.50000000000003 0.0 453.4122848510743 281.5149688720703
0 0.0226 57.24051475524902 359.9087142944336 97.89711952209474 390.31604766845703
0 0.0226 -56.82733297348023 461.78455352783203 -28.556866645812992 508.2200241088867
0 0.0218 -18.855943679809574 303.6180877685547 34.1532039642334 326.4695739746094
0 0.0208 167.46471405029297 399.5003890991211 207.68749237060547 430.68660736083984
0 0.0203 61.64049148559571 423.29132080078125 113.70553970336915 446.7967987060547
0 0.0199 313.044548034668 290.9744358062744 341.59778594970703 338.88930320739746
0 0.0194 177.75718688964844 278.92139434814453 217.41668701171878 311.2136459350586
0 0.0192 218.01700592041016 258.3389472961426 257.18078613281256 291.745662689209
0 0.0185 248.0614471435547 378.2225799560547 287.1417999267578 411.85218811035156
0 0.0173 293.134994506836 341.4961624145508 321.48834228515625 388.44860076904297
0 0.0169 127.32341766357422 419.7599411010742 167.81951904296875 450.45093536376953
0 0.0160 -57.50000000000001 268.2066535949707 -22.86082744598389 301.8667793273926
0 0.0160 323.1156158447266 341.3655090332031 351.51168823242193 388.55506896972656
0 0.0153 42.12220191955568 612.92236328125 93.27967643737794 637.1611022949219
0 0.0149 455.19212722778326 0.0 581.2499809265137 69.84923839569092
0 0.0143 207.6329231262207 419.17945861816406 247.53080368041992 450.9784698486328
0 0.0142 187.6356315612793 229.16948318481445 227.52878189086917 260.987606048584
0 0.0141 263.4253311157227 311.573486328125 312.18097686767584 338.4648132324219
0 0.0140 1.811389923095704 483.16707611083984 53.55337142944337 506.92005157470703
0 0.0133 353.11115264892584 321.3372802734375 381.51706695556646 368.5784149169922
0 0.0131 102.04883575439455 612.9803085327148 153.34434509277347 637.1039199829102
0 0.0130 258.28171730041504 227.57282257080078 296.9543361663819 262.4483108520508
0 0.0129 -17.937955856323242 612.969970703125 33.332681655883796 637.1141052246094
0 0.0127 551.4826965332031 622.6450347900391 581.25 638.75
0 0.0123 -57.50000000000001 508.16410064697266 -22.871391773223884 541.9057846069336
0 0.0122 137.29013442993167 279.82044219970703 177.85058975219727 310.39608001708984
0 0.0121 313.0759048461914 241.13664627075195 341.55979156494146 288.74841690063477
0 0.0121 381.714096069336 622.7540397644043 433.7403869628906 638.7500190734863
0 0.0120 247.82015800476074 418.7894058227539 287.3588275909424 451.3340377807617
0 0.0120 242.05078125000003 612.9787826538086 293.3425903320313 637.1054458618164
0 0.0119 60.83045482635498 303.80687713623047 114.43867206573488 326.27906799316406
0 0.0117 167.44142532348636 439.54906463623047 207.7086448669434 470.6423568725586
0 0.0117 207.9239273071289 188.55960845947266 247.26436614990234 221.54388427734375
0 0.0116 288.1526947021485 387.98118591308594 327.061767578125 422.0733642578125
0 0.0114 441.7766189575196 622.7035713195801 493.685417175293 638.7499809265137
0 0.0112 162.00944900512695 613.0117416381836 213.37896347045898 637.0730209350586
0 0.0111 111.34899139404297 453.48567962646484 163.9681625366211 476.60228729248047
0 0.0110 454.4039154052735 89.84180450439453 581.25 189.6270751953125
0 0.0106 302.1772003173828 612.8778839111328 353.2313537597656 637.2048187255859
0 0.0105 343.0786514282227 261.1480712890625 371.5564346313477 308.73790740966797
0 0.0102 393.08620452880865 181.18804931640625 421.5472793579102 228.70342254638672
0 0.0101 -57.50000000000001 602.7716445922852 -16.886429786682136 627.3097610473633
0 0.0101 383.1241989135743 331.42005920410156 411.50135040283203 378.5100555419922
