0 0.0504 345.6547164916992 537.9668807983398 384.56089019775385 572.0865249633789
0 0.0382 385.6482696533203 537.9759216308594 424.5673370361328 572.0782470703125
0 0.0377 359.9623489379883 572.6531219482422 410.47908782958984 597.4272155761719
0 0.0334 355.40916442871094 598.6001205444336 394.7770690917969 631.5068435668945
0 0.0305 345.7987594604492 497.5189208984375 384.44011688232416 532.4978637695312
0 0.0271 59.541707038879395 612.9856491088867 110.85067272186278 637.0986557006836
0 0.0266 139.6343231201172 612.9126739501953 190.76900482177732 637.1706390380859
0 0.0258 305.47176361083984 538.4469985961914 344.7213363647461 571.646842956543
0 0.0254 -79.99999999999999 299.8858642578125 558.75 638.75
0 0.0249 309.9620819091797 572.6519393920898 360.47966003417963 597.4282455444336
0 0.0248 395.4006576538086 598.6180114746094 434.7848892211914 631.490478515625
0 0.0244 315.3725051879883 598.6818313598633 354.8103713989257 631.4322280883789
0 0.0232 -0.5029201507568337 613.0216979980469 50.88982582092285 637.0632171630859
0 0.0229 -79.99999999999999 0.0 430.91228485107416 281.5149688720703
0 0.0225 199.587984085083 612.9495239257812 250.8098125457764 637.1343231201172
0 0.0222 -50.34317970275878 602.9097747802734 0.7460975646972656 627.17529296875
0 0.0213 259.683837890625 612.8710556030273 310.7258605957031 637.2114181518555
0 0.0213 385.84938049316406 497.3246765136719 424.4007873535156 532.6765441894531
0 0.0200 110.77142715454102 602.6794624328613 138.8254737854004 638.7499809265137
0 0.0187 -51.23990774154663 573.543815612793 1.548306941986084 596.544075012207
0 0.0187 59.092369079589844 583.3232498168945 111.24897003173827 606.7647171020508
0 0.0184 410.23193359374994 572.4019241333008 460.2474212646484 597.6718521118164
0 0.0181 9.058933258056639 3.3478307723999023 61.278648376464844 26.740450859069824
0 0.0165 425.7527542114258 537.6668167114258 464.4783401489258 572.361946105957
0 0.0162 119.19130325317383 573.2534790039062 171.16052627563477 596.8341827392578
0 0.0162 305.5092239379882 498.35472106933594 344.6880722045898 531.7312622070312
0 0.0156 435.081787109375 618.7886238098145 475.12794494628906 638.7499809265137
0 0.0147 529.0084075927734 622.6251411437988 558.75 638.7499809265137
0 0.0146 355.8327484130859 457.39452362060547 394.41314697265625 492.61226654052734
0 0.0145 -80.0 542.8289031982422 -39.34025764465331 567.2547912597656
0 0.0144 432.69212722778315 0.0 558.7499809265137 69.84923839569092
0 0.0143 4.907636642456056 579.6139907836914 45.23995399475098 610.583381652832
0 0.0143 180.68984985351562 71.90139770507812 208.92242431640625 118.12549591064453
0 0.0142 179.3788719177246 583.1208801269531 230.99260330200192 606.9663238525391
0 0.0141 -80.0 512.6794815063477 -39.49752807617187 537.4016952514648
0 0.0139 210.6641960144043 71.70034170150757 238.95318984985352 118.28388452529907
0 0.0137 260.66009521484375 91.67229652404785 288.9581298828125 138.30655097961426
0 0.0136 38.93104553222656 123.43095779418945 91.39432907104491 146.65695190429688
0 0.0135 150.7136344909668 72.10376501083374 178.893985748291 117.96880960464478
0 0.0134 180.70207595825195 132.0051145553589 208.9078330993652 178.0451250076294
0 0.0132 18.873329162597656 63.4718132019043 71.44575119018555 86.6164493560791
0 0.0132 259.65511322021484 572.9051208496094 310.74886322021484 597.1791839599609
0 0.0129 210.6691551208496 131.73919200897217 238.94723892211914 178.2532548904419
0 0.0127 38.953213691711426 163.41474533081055 91.37465953826903 186.67295455932617
0 0.0127 8.998184204101564 33.3879554271698 61.333484649658196 56.70022130012512
0 0.0125 38.86377334594726 93.47469329833984 91.45509719848631 116.61308288574219
0 0.0125 150.72784423828125 132.23373413085938 178.87706756591794 177.8696060180664
0 0.0125 -80.0 482.64957427978516 -39.52960968017578 507.4312210083008
0 0.0124 -79.2383575439453 582.5634765625 -51.163053512573235 627.6213073730469
0 0.0124 48.86665344238281 553.4722518920898 101.45261764526367 576.6154861450195
0 0.0121 -80.0 452.67974853515625 -39.49945926666259 477.4016571044922
0 0.0121 255.63362121582028 138.0354118347168 294.5781707763672 172.0236587524414
0 0.0120 120.73925018310548 72.34091758728027 148.863525390625 117.7883243560791
0 0.0119 290.62255859375 91.41180992126465 319.0032958984375 138.51727485656738
0 0.0116 38.83850097656249 203.4922218322754 91.47768020629881 226.5956687927246
0 0.0115 529.6216583251952 582.4840545654297 558.75 607.5406646728516
0 0.0114 119.54183578491211 2.9999685287475586 170.84760665893552 27.08627462387085
0 0.0114 175.1556396484375 549.1333389282227 215.00988006591794 581.0204696655273
0 0.0112 265.38124084472656 538.6588668823242 304.8027801513672 571.4532089233398
0 0.0110 -80.0 422.7054214477539 -39.473676681518555 447.3765182495117
0 0.0108 95.1959991455078 119.05593872070312 134.9721908569336 151.09098434448242
0 0.0108 -51.76029443740844 3.8603782653808594 2.021372318267823 26.225032806396484
0 0.0107 245.7217025756836 57.78312683105469 284.50252532958984 92.25508689880371
0 0.0107 48.61320495605468 233.6350440979004 101.68167114257811 256.45219802856445
0 0.0104 -10.934877395629881 143.33927631378174 41.274003982543945 166.74838542938232
0 0.0103 90.77117919921875 72.66562461853027 118.82568359375 117.54574775695801
0 0.0103 145.37906646728513 38.669095039367676 184.80422973632812 71.44383907318115
0 0.0102 -31.087665557861325 543.4415054321289 21.41158103942871 566.6461563110352
0 0.0101 315.71220397949213 457.7935028076172 354.5123291015625 492.2456359863281
0 0.0101 120.75355529785155 152.47886657714844 148.84651184082028 197.68428802490234
0 0.0101 -21.255130767822266 103.55027198791504 31.56280517578125 126.5371036529541
