0 0.0929 408.1555938720703 23.913135528564457 462.0972442626953 46.17231369018555
0 0.0808 257.64509201049805 104.2031478881836 312.5632667541504 125.87921142578124
0 0.0634 247.9479217529297 134.03419494628903 302.286376953125 156.0502243041992
0 0.0632 216.6214942932129 84.72717285156249 273.50500106811523 105.3458786010742
0 0.0607 407.89276123046875 54.06041145324707 462.33787536621094 76.02290153503418
0 0.0581 196.56560897827148 64.75479125976562 253.55642318725586 85.3178024291992
0 0.0577 277.07688331604004 74.5017957687378 333.0851650238037 95.5757188796997
0 0.0521 417.8506088256836 -5.908432006835937 472.37476348876953 15.992565155029295
0 0.0511 197.4271583557129 114.3231964111328 252.76247024536133 135.75786590576172
0 0.0506 166.92401885986328 44.58051681518555 223.22551727294922 65.49583435058592
0 0.0487 509.84771728515625 182.7560234069824 560.5780792236328 207.3268699645996
0 0.0481 347.4995422363281 34.28175926208496 402.6966857910156 55.799474716186516
0 0.0412 357.22991943359375 4.421691894531249 412.9447937011719 25.656967163085938
0 0.0409 226.22962951660156 44.90645408630371 283.8686752319336 65.16152381896971
0 0.0395 196.71478271484375 24.67962265014648 253.41941833496094 45.3940200805664
0 0.0383 258.1148338317871 163.93938064575192 312.133846282959 186.146183013916
0 0.0357 308.23490142822266 123.87115478515624 362.02396392822266 146.21540069580075
0 0.0357 519.4721221923828 213.04859161376953 570.9102630615234 237.03758239746094
0 0.0348 317.75657653808594 94.14136886596678 372.46131896972656 115.94175338745117
0 0.0332 286.85447692871094 44.61197853088378 343.29036712646484 65.46320915222168
0 0.0330 337.8777313232422 64.07413482666016 392.3504638671875 86.0098648071289
0 0.0326 136.99004650115967 14.546642303466795 193.16486835479736 35.53020477294921
0 0.0322 157.65087604522705 84.20158386230469 212.557635307312 105.88108062744139
0 0.0317 449.03526306152344 183.35294723510742 501.30226135253906 206.7337989807129
0 0.0282 510.05592346191406 152.57787704467773 560.3964233398438 177.50169754028317
0 0.0274 418.62560272216797 153.6286735534668 471.6701126098633 176.45879745483396
0 0.0264 407.6289367675781 84.21161651611327 462.578125 105.87059020996092
0 0.0263 589.5927429199219 62.960529327392564 638.75 87.12526321411133
0 0.0262 559.6685028076172 182.89932250976562 610.736083984375 207.18547821044922
0 0.0261 188.31035614013672 143.82720947265625 241.95510864257812 166.2598419189453
0 0.0254 0.0 219.8858642578125 638.75 558.75
0 0.0252 388.3628463745117 183.78992080688477 441.90868377685547 206.29652023315427
0 0.0242 176.98781967163086 -5.456485748291016 233.1679344177246 15.532665252685547
0 0.0233 579.5985794067383 92.955322265625 630.7975387573242 117.13031768798827
0 0.0231 599.5416069030762 33.001365661621094 638.7500190734863 57.08505630493164
0 0.0229 459.02503967285156 213.3589744567871 511.3116455078125 236.72765731811523
0 0.0229 0.0 -79.99999999999999 510.9122848510742 201.51496887207028
0 0.0222 296.549768447876 14.76083755493164 353.5714626312256 35.31135559082031
0 0.0215 278.4982681274414 193.71038436889646 331.7850112915039 216.37704849243164
0 0.0213 107.43329524993896 44.317092895507805 162.75747776031494 65.76360702514648
0 0.0207 316.54417991638184 -15.239791870117186 373.577356338501 5.311412811279296
0 0.0204 468.34415435791016 43.79985809326172 521.9259262084961 66.28631591796875
0 0.0203 574.3924140930176 124.83682632446288 638.7499809265137 174.74702835083008
0 0.0201 408.1578063964844 123.91540527343749 462.09442138671875 146.17057800292966
0 0.0193 318.42323303222656 153.75595092773438 371.8531799316406 176.33113861083984
0 0.0187 468.24180603027344 73.86253356933594 522.0186614990234 96.22337341308594
0 0.0186 236.96460723876953 4.555892944335936 293.18912506103516 25.52017211914062
0 0.0184 609.1858100891113 2.826080322265624 638.7499809265137 27.202396392822266
0 0.0181 529.3360900878906 83.1452178955078 581.0321807861328 106.94122314453125
0 0.0181 519.2193603515625 243.23268890380857 571.1356353759766 266.85474395751953
0 0.0179 468.28075408935547 13.840522766113283 521.9829940795898 36.24574661254882
0 0.0174 398.20556640625 213.88452529907227 452.0515441894531 236.2013053894043
0 0.0170 417.2111511230469 -35.56488037109374 472.96112060546875 -14.35606002807617
0 0.0170 77.47415542602539 14.295768737792969 132.71989822387695 35.78533172607422
0 0.0169 569.2342758178711 223.22612762451172 621.1214828491211 246.86180114746097
0 0.0167 198.86541366577148 173.4769058227539 251.45292282104492 196.61132812499997
0 0.0165 519.6192169189453 122.94254302978514 570.7786560058594 147.14336395263672
0 0.0154 346.82655334472656 -35.375046730041504 403.31626892089844 -14.550166130065916
0 0.0154 609.0205574035645 -27.055144309997555 638.7499809265137 -2.915940284729004
0 0.0151 608.851490020752 -66.94048404693604 638.7499809265137 -43.03083419799804
0 0.0149 545.1895523071289 49.0691614151001 584.978141784668 81.07892513275145
0 0.0148 286.53255462646484 -35.231995582580566 343.5875701904297 -14.696154594421387
0 0.0146 137.8375244140625 114.09961700439453 192.3865509033203 135.98453521728516
0 0.0143 338.60912322998047 203.64110946655273 391.68460845947266 226.44662857055664
0 0.0142 217.0551300048828 -25.487217903137203 273.1052017211914 -4.435467720031737
0 0.0138 458.63216400146484 103.62281799316406 511.66454315185547 126.46442413330078
0 0.0137 374.5619583129883 150.20343780517575 415.56644439697266 180.04928588867185
0 0.0130 117.39424228668213 -15.660896301269531 172.7930212020874 5.741472244262695
0 0.0130 480.7721710205078 132.67988204956055 508.8245391845703 177.53557205200195
0 0.0127 288.87558937072754 223.4710597991943 341.44354820251465 246.61736488342282
0 0.0118 608.9948272705078 542.6356315612793 638.75 558.7500190734862
0 0.0115 306.4949035644531 -55.21482944488525 363.6225891113281 -34.71384048461913
0 0.0109 256.92773818969727 -75.43000936508179 313.22412490844727 -54.49494838714599
0 0.0108 309.31687355041504 323.1655120849609 361.04796409606934 346.9219207763672
0 0.0108 336.83319091796875 -75.3829002380371 393.3112335205078 -54.54295635223389
0 0.0105 97.5771713256836 74.24216747283934 152.62502670288086 95.84000110626219
0 0.0101 509.5199966430664 323.0102920532226 560.8682632446289 347.07523345947266
0 0.0101 459.02618408203125 243.36433410644526 511.3092803955078 266.7231750488281
0 0.0100 219.02389526367188 203.36837768554688 271.3108444213867 226.71947479248047
0 0.0100 364.3780517578125 120.49659729003905 405.7411193847656 149.78439331054685
