0 0.4256 193.0625343322754 144.91418838500977 308.1915092468262 194.56403732299805
0 0.3373 118.44585418701172 51.31602764129638 304.04903411865234 128.74924182891843
0 0.3354 110.72525024414062 210.09800910949707 331.5412902832031 309.2982769012451
0 0.3352 393.0625534057617 184.91418838500977 508.19149017333984 234.56403732299805
0 0.2696 373.0625534057617 124.91418838500975 488.19149017333984 174.56403732299805
0 0.2131 393.0625534057617 244.9141693115234 508.19149017333984 294.5640563964843
0 0.1877 438.4458541870117 51.31602764129638 624.0490341186523 128.74924182891843
0 0.0966 513.0625534057617 144.91418838500977 628.1914901733398 194.56403732299805
0 0.0928 73.06253433227539 144.91418838500977 188.19150924682617 194.56403732299805
0 0.0897 313.06254386901855 64.914174079895 428.191499710083 114.56405162811278
0 0.0782 110.72525024414062 330.09803771972656 331.5412902832031 429.2982482910156
0 0.0767 98.44585418701172 -28.68397712707519 284.04903411865234 48.74924659729003
0 0.0761 513.0625534057617 204.9141788482666 628.1914901733398 254.56404685974124
0 0.0728 373.0625534057617 304.91416931152344 488.19149017333984 354.5640563964843
0 0.0468 373.0625534057617 4.914178848266602 488.19149017333984 54.564046859741204
0 0.0460 513.0625534057617 264.91416931152344 628.1914901733398 314.5640563964844
0 0.0309 490.35118103027344 22.29215621948242 540.1443481445312 47.77919769287109
0 0.0279 85.66080093383789 107.93418884277342 124.55711364746094 142.11654663085938
0 0.0274 358.6674118041992 -16.395533084869385 411.6318130493164 6.483442783355713
0 0.0259 489.4635772705078 -6.941573619842528 540.9172058105469 17.028281688690182
0 0.0256 289.5607376098633 32.979984283447266 340.8319854736328 57.10535049438476
0 0.0240 418.8646697998047 -26.522960662841797 471.45362854003906 -3.3888435363769522
0 0.0231 309.41493034362793 3.0951976776123047 360.96028327941895 26.991891860961914
0 0.0223 28.118572235107422 197.09827423095703 112.60263442993164 263.126220703125
0 0.0213 574.3924140930176 4.836816787719727 638.7499809265137 54.747018814086914
0 0.0195 69.34884786605835 43.13193321228027 121.02163553237915 66.95389747619627
0 0.0188 324.97406005859375 389.9990081787109 638.75 558.75
0 0.0178 512.6921272277832 -80.0 638.7499809265137 -10.150761604309086
0 0.0172 0.0 274.2466735839844 102.78366088867188 406.1916351318359
0 0.0171 69.74873542785645 72.82173156738281 120.66813468933105 97.26036071777344
0 0.0165 299.0804386138916 -26.667180061340332 351.2593746185303 -3.2446050643920903
0 0.0149 488.11859130859375 317.0982360839844 572.6026153564453 383.12622070312494
0 0.0149 574.3924140930176 324.8368072509765 638.7499809265137 374.7470092773437
0 0.0148 393.0625534057617 -75.08583068847656 508.19149017333984 -25.43595314025879
0 0.0142 609.4837951660156 122.59101867675783 638.75 147.43450164794922
0 0.0135 233.06254386901855 -75.08583068847656 348.191499710083 -25.43595314025879
0 0.0127 0.0 475.9235954284668 161.74724578857422 558.7500190734863
0 0.0123 48.60605239868164 13.638210296630858 101.68844223022461 36.44882202148437
0 0.0123 178.07321548461914 -56.036639213562005 232.1718406677246 -33.8780403137207
0 0.0121 540.7313919067383 2.264881134033201 568.8728713989258 47.845726013183594
0 0.0113 118.00135135650635 -55.9944725036621 172.23718166351318 -33.92051219940186
0 0.0111 320.5526351928711 122.08225250244138 369.97447967529297 147.98221588134766
0 0.0111 608.9701652526855 542.6544380187988 638.7500190734863 558.7499809265137
0 0.0100 0.0 -80.0 102.47317314147949 6.366119384765625
