0 0.0658 439.05712127685547 57.348083496093764 491.28047943115234 80.74007415771487
0 0.0515 439.0309143066406 27.364019393920916 491.3044738769531 50.72389030456545
0 0.0364 439.33544158935547 87.15406799316408 491.03099822998047 110.93351745605472
0 0.0343 379.3267059326172 57.15980911254884 431.0388946533203 80.92773818969728
0 0.0277 379.01859283447266 27.374023437500014 431.31519317626953 50.71411514282229
0 0.0272 429.04640197753906 -2.645231246948221 481.290283203125 20.733293533325217
0 0.0254 0.0 193.88586425781253 638.75 532.75
0 0.0229 0.0 -105.99999999999996 510.9122848510742 175.5149688720703
0 0.0222 395.1091003417969 83.23343658447267 435.05218505859375 114.92933654785159
0 0.0215 399.8396682739258 216.7634048461914 450.5849838256836 241.31967926025388
0 0.0184 495.0336456298828 33.37370777130129 535.1229095458984 64.80173015594484
0 0.0183 449.6771240234375 216.89474487304688 500.7279968261719 241.19024658203128
0 0.0175 609.4529724121094 476.62481689453125 638.75 501.4022674560547
0 0.0162 329.7230529785156 66.85890579223634 380.6873321533203 91.22570419311525
0 0.0160 349.9097442626953 206.70392417907715 400.5238342285156 231.37809181213376
0 0.0153 368.89183044433594 -2.542396545410134 421.4295196533203 20.630382537841818
0 0.0149 511.90391540527344 103.84180450439455 638.75 203.6270751953125
0 0.0146 608.9619255065918 516.6612854003906 638.7500190734863 532.7500000000001
0 0.0146 489.58839416503906 6.95952796936037 540.8073425292969 31.12569236755373
0 0.0145 509.3907928466797 217.109359741211 560.9825897216797 240.97738647460938
0 0.0144 399.56451416015625 186.98240661621097 450.8275604248047 211.10361480712893
0 0.0141 418.60809326171875 -32.35597229003904 471.6850280761719 -9.555965423583963
0 0.0136 98.92868041992188 217.43086242675784 151.39680862426758 240.65679931640628
0 0.0132 319.423189163208 37.0894994735718 370.9528636932373 60.99762821197512
0 0.0129 494.93717193603516 73.55703735351564 535.2125930786133 104.63510894775392
0 0.0128 38.13455581665039 227.92478942871097 92.11654663085938 250.16043090820315
0 0.0126 608.7600708007812 -42.878812313079806 638.75 -19.092577457427957
0 0.0123 479.1640090942383 -22.72647476196287 531.1848068237305 0.814327239990255
0 0.0117 409.6134948730469 116.94116973876953 460.784912109375 141.14397430419922
0 0.0116 149.4549798965454 197.05899620056152 200.92603206634521 221.02698707580566
0 0.0116 609.2767333984375 366.7591705322266 638.75 391.26898193359375
0 0.0115 355.1779556274414 93.0953826904297 394.98851776123047 125.05503082275392
0 0.0110 589.6764945983887 216.893180847168 638.7500190734863 241.19158172607425
0 0.0106 89.04261589050293 187.35378646850586 141.29441261291504 210.73379898071292
0 0.0104 459.5523452758789 186.98944473266602 510.8388137817383 211.09638595581055
0 0.0102 139.41222667694092 167.0923652648926 190.96374988555908 190.99407577514648
0 0.0101 349.95025634765625 176.66584396362305 400.48919677734375 201.41502761840823
0 0.0100 0.0 -103.09302425384519 40.74235439300537 -78.82187461853025
