0 0.2758 387.6316833496094 54.63354110717774 462.7375030517578 80.59549331665039
0 0.2299 326.70665740966797 57.18902587890626 383.4256362915039 77.8853988647461
0 0.1682 135.63602447509766 77.67166137695312 194.4192886352539 97.38937377929688
0 0.1669 336.00574493408203 37.51335620880127 394.0748977661133 57.55286693572998
0 0.1470 395.38265228271484 27.781810760498047 454.65442657470703 47.27638244628906
0 0.1438 197.16129302978516 76.95655822753906 253.00796508789062 98.12141418457031
0 0.1403 288.2079029083252 76.38935089111328 342.04806327819824 98.69739532470703
0 0.1362 125.60186386108398 97.68663406372069 184.45096969604492 117.37401962280272
0 0.1343 135.5397653579712 57.7140998840332 194.50849056243896 77.34590530395506
0 0.1222 465.0411605834961 57.92348861694336 524.9723434448242 77.13037490844727
0 0.1155 454.9385070800781 37.96262741088868 515.0687408447266 57.08946228027344
0 0.1106 397.69115447998047 79.80079650878906 492.8036117553711 115.35476684570311
0 0.1072 237.07382202148438 57.00456619262696 293.0876922607422 78.07310104370117
0 0.0952 76.34738683700562 77.35645294189453 133.7585473060608 97.71358489990233
0 0.0869 276.71183586120605 37.18339920043945 333.4216022491455 57.89058685302735
0 0.0867 76.42584085464478 57.32070922851562 133.68571996688843 77.75032043457031
0 0.0782 115.65715312957764 37.6639986038208 174.39926624298096 57.39753246307373
0 0.0738 105.89426040649414 117.56227493286133 164.1785430908203 137.502498626709
0 0.0717 335.9831237792969 17.52036094665527 394.0966796875 37.54508018493652
0 0.0687 344.45446014404297 82.88055419921875 385.6679916381836 112.38914489746094
0 0.0652 587.159423828125 96.95472717285158 638.75 118.12278747558594
0 0.0647 175.74052810668945 37.62632369995117 234.32214736938477 57.43598937988281
0 0.0614 66.48374557495117 97.29291915893553 123.63227844238281 117.77868270874023
0 0.0563 187.8004264831543 106.61212921142578 242.4223518371582 128.47057342529297
0 0.0463 586.961669921875 67.05209732055664 638.75 88.02312850952148
0 0.0456 525.824089050293 67.58871078491212 584.2448043823242 87.47446060180664
0 0.0454 608.4258842468262 125.83354949951172 638.7500190734863 149.19357299804685
0 0.0422 395.8049774169922 7.594413757324217 454.2632293701172 27.468090057373047
0 0.0385 455.5115509033203 17.71987915039063 514.5362854003906 37.33875274658203
0 0.0356 106.17132663726807 17.433176040649414 163.92266750335693 37.63413429260254
0 0.0353 96.62382125854492 137.2267150878906 153.50269317626953 157.84648895263672
0 0.0352 525.7993316650391 47.596969604492195 584.2684173583984 67.4654769897461
0 0.0309 526.2633895874023 87.39341735839842 583.836784362793 107.67536163330078
0 0.0290 246.70124053955078 17.183609008789062 303.4325408935547 37.88949966430664
0 0.0281 46.99594497680664 37.04326629638671 103.15954208374023 58.0335807800293
0 0.0273 336.5931701660156 -2.765159606933594 393.5325622558594 17.836990356445312
0 0.0265 165.93395233154297 17.537994384765625 224.1433334350586 37.52616882324219
0 0.0256 339.25498962402344 215.71399688720706 391.1023712158203 239.37419891357422
0 0.0254 0.0 192.3858642578125 638.75 531.25
0 0.0223 271.6829013824463 100.96820831298828 338.80080223083496 134.02748107910156
0 0.0212 17.584691047668457 66.73856735229492 72.61803150177002 88.34371566772461
0 0.0200 587.2183990478516 36.91991806030274 638.75 58.15746307373047
0 0.0189 398.63475799560547 216.12289428710938 451.66187286376953 238.96461486816406
0 0.0184 516.0227203369141 27.494735717773434 574.0618896484375 47.56990432739258
0 0.0153 37.18287467956543 116.9490051269531 92.9872989654541 138.12969207763672
0 0.0148 88.28088760375977 166.34294509887695 141.98232650756836 188.7436866760254
0 0.0144 608.7768745422363 155.6100082397461 638.7499809265137 179.41864013671872
0 0.0144 126.7200231552124 -2.8267288208007817 183.41551303863525 17.899837493896484
0 0.0142 340.7874298095703 111.94210052490234 409.6553039550781 143.11363220214844
0 0.0138 290.34130096435547 214.81182098388675 340.1508331298828 240.261116027832
0 0.0134 158.06596755981445 136.46516799926758 212.17897415161133 158.61974716186523
0 0.0128 609.0093994140625 335.45230865478516 638.75 359.5766067504882
0 0.0125 608.7751770019531 235.61126708984375 638.75 259.4174194335937
0 0.0124 396.7528533935547 -12.844610214233398 453.3856201171875 7.917757034301758
0 0.0123 277.55149841308594 -13.248987197875977 332.6497268676758 8.330202102661133
0 0.0122 0.0 35.935578346252434 41.39244556427002 59.15307521820068
0 0.0122 67.34868049621582 -3.1404685974121094 122.83568382263184 18.22011947631836
0 0.0119 512.6921272277832 -107.5 638.7499809265137 -37.65076160430909
0 0.0116 0.0 95.86418151855469 41.29802227020264 119.22431945800781
0 0.0116 608.9653205871582 515.1586723327636 638.7499809265137 531.2500190734863
0 0.0107 207.11116790771484 -3.022804260253907 263.0552673339844 18.099536895751953
0 0.0106 609.5249938964844 365.0611114501953 638.75 389.9644470214843
0 0.0103 537.8174209594727 116.6115379333496 592.4047470092773 138.47257614135742
