0 0.0295 506.4052200317383 57.82532501220703 563.7060165405273 78.2446746826172
0 0.0254 0.0 192.88586425781247 638.75 531.75
0 0.0239 446.1531066894531 57.94354248046875 503.9390563964844 78.1239013671875
0 0.0238 496.32225036621094 77.86602783203126 553.7823486328125 98.20336151123047
0 0.0237 176.98726654052734 57.54751968383789 233.16757202148438 78.52923202514648
0 0.0229 0.0 -107.00000000000001 510.9122848510742 174.5149688720703
0 0.0224 386.23485565185547 57.90703582763673 443.8631057739258 78.1614761352539
0 0.0223 496.5165328979492 37.77241516113281 553.6031723022461 58.29874801635743
0 0.0199 416.2055969238281 37.9191427230835 473.8905334472656 58.14883518218994
0 0.0194 206.57703399658203 77.74771499633789 263.54625701904297 98.324764251709
0 0.0184 326.22291564941406 57.91239547729493 383.87420654296875 78.15596389770508
0 0.0184 236.27464294433594 57.88908767700196 293.8261413574219 78.17995834350586
0 0.0183 206.5358543395996 37.76672649383545 263.5844612121582 58.305218696594245
0 0.0181 436.2718200683594 77.8907470703125 493.8286590576172 98.17829895019531
0 0.0172 376.4906311035156 77.78935241699219 433.6260223388672 98.28228759765625
0 0.0170 137.91067600250244 37.05654907226563 192.32011318206787 59.02781295776367
0 0.0167 597.8482246398926 77.0859603881836 638.7499809265137 98.99712371826172
0 0.0166 356.2725067138672 37.888057708740234 413.8286590576172 58.180625915527344
0 0.0163 177.15662002563477 97.46372985839845 233.01115036010742 118.61492919921876
0 0.0161 137.67210483551025 77.19031143188478 192.53808498382568 98.89254379272461
0 0.0158 608.2409477233887 106.4431266784668 638.7500190734863 129.5824317932129
0 0.0152 316.4801788330078 77.7941780090332 373.6357116699219 98.27730941772461
0 0.0149 296.23705863952637 37.90438461303711 353.86143684387207 58.163898468017585
0 0.0149 506.58153533935547 97.74416732788085 563.5424423217773 118.32812118530273
0 0.0147 397.04010009765625 217.52396392822266 453.1182098388672 238.55377960205078
0 0.0145 166.7803955078125 197.64572906494138 223.35933685302734 218.42831420898435
0 0.0144 66.7481803894043 207.66435432434082 123.38836669921875 228.4098033905029
0 0.0138 318.0762004852295 216.96530151367185 372.16824531555176 239.12060546875
0 0.0138 608.3042144775391 136.40585708618164 638.75 159.62023544311526
0 0.0137 86.82658195495605 177.6235466003418 143.31660270690918 198.45103073120117
0 0.0136 37.002859115600586 227.54010009765622 93.15310478210449 248.53688049316406
0 0.0133 597.9491424560547 47.02830123901368 638.75 69.0553550720215
0 0.0128 487.7941131591797 217.12300109863278 542.4264526367188 238.9607696533203
0 0.0124 512.6921272277832 -106.99999999999999 638.7499809265137 -37.15076160430907
0 0.0123 7.9265594482421875 197.05158996582034 62.30471134185791 219.03347778320312
0 0.0119 127.62985229492188 157.20768737792966 182.57810592651367 178.87398529052734
0 0.0118 56.8361759185791 157.62059020996094 113.30733299255371 178.45436859130862
0 0.0117 236.90570831298828 97.58869934082031 293.2426071166992 118.48732757568358
0 0.0116 227.95074462890625 197.03010368347168 282.2843551635742 219.0539722442627
0 0.0112 137.8706693649292 117.07955169677734 192.35657215118408 139.00460052490234
0 0.0112 406.6322326660156 17.715995788574222 463.49647521972656 38.35623550415039
0 0.0112 97.02213287353516 227.52816009521484 153.13587188720703 248.54866790771487
0 0.0110 608.9530754089355 515.6680755615233 638.7500190734863 531.75
0 0.0110 347.0860290527344 97.4995880126953 403.076171875 118.57838439941405
0 0.0109 406.8751525878906 97.60536956787111 463.2704162597656 118.47058105468751
0 0.0108 466.8305206298828 17.61830139160157 523.3137512207031 38.4557991027832
0 0.0108 167.88545608520508 7.068660736083991 222.34365463256836 29.015224456787116
0 0.0107 0.0 166.79613876342773 51.904683113098145 189.29144668579104
0 0.0106 226.64491653442383 17.710826873779304 283.4845542907715 38.36169052124024
0 0.0101 67.19805717468262 127.43511962890624 122.9747486114502 148.6427764892578
