0 0.0665 339.01695251464844 20.377237319946314 391.31622314453125 43.71120643615725
0 0.0544 278.57173919677734 10.666009902954128 331.7181396484375 33.42182350158694
0 0.0530 326.8128967285156 -108.37483930587763 383.33045959472656 -87.55152511596675
0 0.0471 327.9044723510742 -8.937891006469696 382.32532501220703 13.022520065307644
0 0.0453 289.47773933410645 40.04807662963869 340.9044933319092 64.03859329223636
0 0.0406 339.6240997314453 49.93672561645511 390.77476501464844 74.1488380432129
0 0.0356 267.82142639160156 -18.889720916748015 322.40089416503906 2.9740257263183887
0 0.0352 266.96502685546875 -108.44892311096187 323.1898498535156 -87.47571754455564
0 0.0338 306.2633800506592 -88.1075172424316 363.83702278137207 -67.82387065887447
0 0.0313 387.1724319458008 -108.55597543716426 442.99930572509766 -87.3670010566711
0 0.0279 306.32198333740234 -68.13293266296382 363.78231048583984 -47.79751586914058
0 0.0277 599.133129119873 70.29835891723634 638.7500190734863 93.79002761840822
0 0.0270 218.79735946655273 0.5245418548584269 271.513614654541 23.564092636108423
0 0.0269 286.6545867919922 -48.28814315795895 343.4742736816406 -27.638347625732386
0 0.0267 229.53506469726562 30.00652980804446 280.85330963134766 54.07994937896731
0 0.0254 0.0 186.8858642578125 638.75 525.75
0 0.0236 389.0877914428711 40.327713012695334 441.2527847290039 63.76048278808595
0 0.0231 388.446044921875 0.7440395355224896 441.83204650878906 23.34343147277835
0 0.0229 0.0 -112.99999999999994 510.9122848510742 168.51496887207034
0 0.0229 588.8888740539551 40.46233367919924 638.7499809265137 63.62605285644533
0 0.0213 366.3782501220703 -78.16021728515621 423.7305450439453 -57.769773483276325
0 0.0207 295.17337799072266 66.10579681396486 334.99267578125 98.04553222656251
0 0.0204 346.8954849243164 -38.4061388969421 403.25199127197266 -17.517929553985567
0 0.0201 246.69044494628906 -68.3055143356323 303.441162109375 -47.62061405181881
0 0.0192 335.5055618286133 155.36614608764648 374.69104766845703 188.7207908630371
0 0.0188 598.8519096374512 -99.51574611663813 638.7500190734863 -76.39623451232906
0 0.0177 339.8192596435547 79.78030395507814 390.6028747558594 104.30308532714845
0 0.0175 207.92438507080078 -28.94750404357907 262.3067855834961 -6.967504501342745
0 0.0174 519.8226165771484 69.77561187744142 570.6003570556641 94.30747222900393
0 0.0173 325.4320526123047 205.54561805725098 364.7565460205078 238.55669212341306
0 0.0170 598.5565185546875 10.674335479736357 638.75 33.4132881164551
0 0.0170 508.2101821899414 -109.1192393302917 562.0476150512695 -86.7950754165649
0 0.0167 279.0995502471924 150.30951690673828 331.24438285827637 173.77722930908203
0 0.0166 574.3924140930176 111.8368263244629 638.7499809265137 161.74702835083008
0 0.0164 375.59741973876953 145.13787460327148 414.60933685302734 178.92975997924805
0 0.0158 525.2660369873047 25.912582397460962 564.9076080322266 58.22163772583011
0 0.0157 447.9258728027344 -108.95768928527828 502.30751037597656 -86.95868778228756
0 0.0156 608.988037109375 509.64106750488276 638.75 525.75
0 0.0155 207.4122428894043 -108.6765794754028 262.7779197692871 -87.24362659454341
0 0.0151 245.18360137939453 56.08201217651369 284.98355865478516 88.06721878051759
0 0.0149 365.5812454223633 195.17440032958984 404.62406158447266 228.89632415771482
0 0.0143 389.39208984375 70.11220169067386 440.98060607910156 93.97504043579103
0 0.0141 295.1542568206787 176.1378402709961 335.01099586486816 208.01638793945312
0 0.0141 574.3924140930176 -68.16318321228023 638.7499809265137 -18.25297164916989
0 0.0140 609.6402740478516 479.468147277832 638.75 504.5562667846679
0 0.0134 269.6223545074463 209.93502807617185 320.776891708374 234.15011596679688
0 0.0133 0.0 -100.0347690582275 40.80554962158203 -75.8791761398315
0 0.0131 509.825439453125 99.77273178100587 560.5979919433594 124.3102378845215
0 0.0129 47.41323471069336 -108.67861080169673 102.77735710144043 -87.24181461334224
0 0.0127 335.3715515136719 105.68465423583984 374.81117248535156 138.42963409423828
0 0.0120 525.2952575683594 145.85404586791995 564.8804473876953 178.27500534057617
0 0.0119 158.9558982849121 -9.582641601562472 211.3713264465332 13.670970916748074
0 0.0118 380.1755142211914 119.47064590454102 430.2927780151367 144.6066017150879
0 0.0117 415.65223693847656 144.98789978027344 454.5616912841797 179.06722259521484
0 0.0117 469.26319122314453 60.202571868896506 521.0962295532227 83.88486099243165
0 0.0115 107.69570827484131 -108.82788944244382 162.51768589019775 -87.08986091613765
0 0.0114 509.6867370605469 -0.11367607116696324 560.7196807861328 24.19847679138186
0 0.0110 459.6342468261719 89.92922973632814 510.76568603515625 114.1562957763672
0 0.0109 438.89869689941406 20.4532165527344 491.4232635498047 43.63480758666994
0 0.0107 386.6836929321289 -58.305285453796344 443.4481430053711 -37.6213865280151
0 0.0105 169.60662841796875 19.94904708862307 220.79044342041016 44.13651657104494
0 0.0105 98.84502410888672 -9.508750915527314 151.47109985351562 13.597118377685572
0 0.0103 0.0 -70.01534271240232 40.82968711853027 -45.898559570312464
0 0.0102 455.44002532958984 125.53139877319336 494.7489547729492 158.56965255737305
0 0.0101 295.18428802490234 106.07896041870119 334.9830627441406 138.07000350952148
0 0.0101 238.62592697143555 180.62939834594727 291.6696357727051 203.45822525024414
0 0.0100 508.15059661865234 -79.08236312866207 562.1014785766602 -56.83198738098141
0 0.0100 405.73726654052734 184.7272891998291 444.4901657104492 219.30635643005368
