0 0.0759 314.2252502441406 250.09803771972656 535.0412902832031 349.2982864379883
0 0.0504 274.2252502441406 370.09803771972656 495.0412902832032 469.2982482910156
0 0.0486 -36.49999999999999 50.098018646240234 175.04129028320315 149.2983055114746
0 0.0316 314.2252502441406 130.09801864624023 535.0412902832031 229.2983055114746
0 0.0312 234.10211181640625 321.28257751464844 262.5280151367187 368.6241149902344
0 0.0291 244.11002731323242 371.33056640625 272.5184211730957 418.5840606689453
0 0.0287 284.1106567382813 281.33503913879395 312.51763916015625 328.5803508758545
0 0.0276 244.11517715454104 271.3625907897949 272.51220321655273 318.55749130249023
0 0.0261 258.98095703125 468.4314727783203 298.21248626708984 501.66099548339844
0 0.0255 269.29673767089844 327.5312805175781 307.94122314453125 362.4864959716797
0 0.0251 204.16110610961914 311.68548583984375 232.45692825317383 358.29689025878906
0 0.0251 274.09196472167963 231.22060775756836 302.54029846191406 278.67578506469727
0 0.0241 214.14979553222656 371.59820556640625 242.47048950195312 418.3660125732422
0 0.0240 244.12557220458984 221.43299102783203 272.49967193603516 268.5001754760742
0 0.0234 214.17005157470703 261.7522430419922 242.4461898803711 308.24378967285156
0 0.0233 239.2173538208008 417.78541564941406 278.0072555541992 452.25303649902344
0 0.0233 537.8924140930176 264.8368263244629 602.2499809265137 314.7470283508301
0 0.0222 299.0374526977539 468.28895568847656 338.1625137329101 501.7913818359375
0 0.0212 364.13758850097656 461.5113067626953 392.48521423339844 508.43589782714844
0 0.0200 476.38740158081055 569.6266937255859 602.2500190734863 638.75
0 0.0193 284.14197540283203 181.53982162475586 312.4799118041992 228.41253280639648
0 0.0193 23.202749252319347 612.8545761108398 74.20944786071779 637.2275161743164
0 0.0193 219.05593490600586 468.2461929321289 258.14574813842773 501.83055877685547
0 0.0192 -36.499999999999986 8.182477951049805 -1.8677129745483239 41.88894748687744
0 0.0191 -36.49999999999999 170.09801864624023 175.04129028320315 269.2983055114746
0 0.0190 195.65347290039062 569.7893524169922 413.6152038574219 638.75
0 0.0177 537.8924140930176 324.83680725097656 602.2499809265137 374.74700927734375
0 0.0174 537.8924140930176 204.8368263244629 602.2499809265137 254.74702835083008
0 0.0172 319.0288696289063 508.3047103881836 358.17071533203125 541.7770004272461
0 0.0171 184.19753646850586 371.9679260253906 212.41324996948242 418.07411193847656
0 0.0169 282.96642875671387 543.0496215820312 334.4160327911377 567.0361328125
0 0.0168 198.96825408935544 228.44919204711914 238.22511291503906 261.6448402404785
0 0.0168 263.6357173919678 502.5008010864258 313.82837867736816 527.5764846801758
0 0.0157 239.13898086547852 188.02019119262695 278.0735740661621 222.03760147094727
0 0.0154 178.84412384033203 468.7357711791992 218.33707427978516 501.38301849365234
0 0.0154 394.18058013916016 461.8293762207031 422.4335250854492 508.1822204589844
0 0.0154 174.21725845336917 322.1384811401367 202.38971328735352 367.94254302978516
0 0.0154 143.01650619506836 613.0060195922852 194.3727836608887 637.0785903930664
0 0.0151 573.0224761962891 152.56615161895752 602.2500000000001 177.45978832244873
0 0.0148 -26.764673233032212 612.8296661376953 24.180503845214858 637.252197265625
0 0.0148 238.6483917236328 539.1523742675781 278.5161361694336 571.0031127929688
0 0.0145 199.11979293823242 418.07018280029297 238.09051132202148 451.9917678833008
0 0.0144 359.0852890014649 508.16566467285156 398.12032318115234 541.904296875
0 0.0143 476.1921272277832 0.0 602.2499809265137 69.84923839569092
0 0.0142 28.581796646118175 569.2844772338867 68.57775306701662 600.8829116821289
0 0.0138 -2.1513690948486124 0.0 110.36926841735841 34.74421501159668
0 0.0135 83.04488754272462 612.9851913452148 134.34745407104492 637.0993423461914
0 0.0133 208.86420822143555 508.6944580078125 248.31851577758792 541.4206695556641
0 0.0132 537.8924140930176 384.83680725097656 602.2499809265137 434.74700927734375
0 0.0132 572.9622039794921 122.61578559875488 602.25 147.41095542907715
0 0.0130 333.5832748413086 542.5432205200195 383.87479400634766 567.5344467163086
0 0.0127 184.24100494384766 262.3623847961426 212.36146545410156 307.77265548706055
0 0.0123 -36.499999999999986 568.6600494384766 -1.6942968368530122 601.4521026611328
0 0.0118 428.79911041259766 468.8414001464844 468.37735748291016 501.2865447998047
0 0.0118 198.83920288085938 188.74799728393555 238.34142303466797 221.37182235717773
0 0.0118 537.8924140930176 444.83680725097656 602.2499809265137 494.74700927734375
0 0.0117 572.8731880187988 92.68647193908691 602.2499809265137 117.34114646911621
0 0.0117 278.8741455078125 148.67897033691406 318.3088073730469 181.43482208251953
0 0.0117 398.90279388427734 508.6170196533203 438.28260040283203 541.4913940429688
0 0.0113 154.23968887329102 372.3448944091797 182.36297225952148 417.78526306152344
0 0.0112 537.8924140930176 504.83680725097656 602.2499809265137 554.7470092773438
0 0.0110 72.40308380126953 573.4524536132812 124.91887664794922 596.6358947753906
0 0.0109 223.60641098022458 162.53170013427734 273.85287857055664 187.5467300415039
0 0.0109 182.8401336669922 543.1392669677734 234.52920532226565 566.9467163085938
0 0.0108 -36.499999999999986 528.3946990966797 -1.7943801879882648 561.6947174072266
0 0.0104 383.53509521484375 542.5905227661133 433.9156494140625 567.4886703491211
0 0.0103 142.33493423461917 573.4952545166016 194.98077011108398 596.5927124023438
0 0.0102 23.00552225112916 543.0260848999023 74.38008642196655 567.0602035522461
0 0.0101 168.64543533325195 509.15416717529297 208.5192832946777 541.0015487670898
0 0.0101 82.31601333618165 493.5055160522461 134.9982795715332 516.582145690918
0 0.0100 408.5932312011719 618.7632751464844 448.61756896972656 638.75
