0 0.0366 234.5643424987793 59.61058044433596 295.4180335998535 78.43645477294923
0 0.0344 244.3085479736328 79.70970535278322 305.6569290161133 98.33397293090823
0 0.0285 294.91790771484375 59.469512939453146 355.08827209472656 78.58206176757814
0 0.0279 184.69745635986328 79.5607032775879 245.29312133789062 98.4885063171387
0 0.0278 175.14694213867188 59.379180908203146 234.87407684326172 78.67586517333986
0 0.0277 234.25859451293945 99.72984695434573 295.7033348083496 118.31333541870119
0 0.0277 234.95410919189453 39.45560836791994 295.05435943603516 58.59657669067386
0 0.0274 588.2734680175781 37.8413190841675 638.75 60.24439716339113
0 0.0255 304.9176788330078 79.47000885009768 365.0884246826172 98.58164215087893
0 0.0254 0.0 193.88586425781253 638.75 532.75
0 0.0229 0.0 -105.99999999999996 510.9122848510742 175.5149688720703
0 0.0223 294.7588348388672 99.53440093994143 355.2363586425781 118.51530456542972
0 0.0219 175.52371978759766 39.220832824707045 234.52346801757812 58.83894348144533
0 0.0218 174.87533569335938 99.49140930175783 235.12676239013672 118.56043243408203
0 0.0218 234.54195022583008 119.62267303466798 295.43806076049805 138.4246292114258
0 0.0214 295.256986618042 39.33008575439455 354.77246284484863 58.725799560546896
0 0.0205 598.5380554199219 -32.3146114349365 638.75 -9.597879409790018
0 0.0204 598.5668182373047 -2.3347244262695104 638.75 20.422004699707053
0 0.0184 588.5574531555176 67.66970062255861 638.7499809265137 90.41735076904298
0 0.0183 175.18436431884766 119.36720275878908 234.8383331298828 138.68891143798828
0 0.0176 608.2920074462891 227.41358184814456 638.75 250.61251068115237
0 0.0169 356.1293411254883 58.95119094848634 413.96183013916016 79.11545181274415
0 0.0168 295.0263214111328 119.42842864990236 354.9864959716797 138.62505340576172
0 0.0166 225.27593612670898 139.32941818237308 284.75297927856445 158.72791671752933
0 0.0160 236.45166397094727 218.8062515258789 293.6623954772949 239.26470184326178
0 0.0156 245.52148818969727 19.21797180175783 304.52646255493164 38.84115600585939
0 0.0146 126.27475261688232 78.88994598388675 183.8258409500122 99.17921447753908
0 0.0142 366.2272644042969 78.90726470947267 423.8709259033203 99.1606369018555
0 0.0140 608.4351348876953 -62.67361736297605 638.75 -39.2994222640991
0 0.0139 185.89115142822266 19.05901336669924 244.18254852294922 39.004959106445334
0 0.0138 165.95247268676758 139.0378227233887 224.12416458129883 159.02786636352542
0 0.0137 356.0209274291992 99.0016212463379 414.06200408935547 119.06399154663089
0 0.0136 609.425220489502 476.6470947265625 638.7499809265137 501.38029479980474
0 0.0135 356.39774322509766 38.82635498046877 413.71349334716797 59.24318695068361
0 0.0134 175.6960105895996 219.1475524902344 234.36307907104492 238.91455078125003
0 0.0132 226.04549407958984 158.9961090087891 284.0378952026367 179.07068634033206
0 0.0132 226.146240234375 198.94560241699222 283.94569396972656 219.12157440185553
0 0.0132 297.9528045654297 218.03316497802737 352.281494140625 240.0515213012695
0 0.0131 285.4833507537842 139.24023056030276 344.5604419708252 158.81939315795898
0 0.0130 165.47191619873047 199.24037361145022 224.57225799560547 218.81829643249515
0 0.0127 608.5406494140625 -92.7408490180969 638.75 -69.23182821273801
0 0.0126 608.9395332336426 516.67822265625 638.7499809265137 532.7500000000001
0 0.0126 116.92991256713867 48.57592010498049 173.2204818725586 69.50022125244142
0 0.0125 527.9782104492188 38.01732921600344 582.2586822509766 60.06735706329348
0 0.0120 587.7689933776855 198.13105964660647 638.7500190734863 219.9516429901123
0 0.0117 226.3394546508789 178.85866546630862 283.76625061035156 199.2110290527344
0 0.0116 305.988187789917 19.011959075927752 364.0934467315674 39.05256652832033
0 0.0115 166.32770538330078 158.86354827880862 223.77723693847656 179.20591735839844
0 0.0114 166.00095748901367 179.00789642333984 224.0812110900879 199.05702972412112
0 0.0113 608.6799430847168 257.1734466552735 638.7500190734863 280.8549346923828
0 0.0112 286.17533683776855 158.9360466003418 343.917818069458 179.13204574584964
0 0.0110 356.18953704833984 118.92652893066409 413.9053726196289 139.1412582397461
0 0.0107 537.7688598632812 218.13291931152347 592.4504852294922 239.95001220703128
0 0.0104 116.38973236083984 98.83644485473633 173.7194061279297 119.23401260375977
0 0.0104 608.7402153015137 97.13314437866212 638.7500190734863 120.89527511596683
0 0.0104 287.0042133331299 188.53811645507815 343.15211296081543 209.53867340087893
