0 0.1342 270.3059387207031 5.834918975830093 320.1832580566406 31.237503051757823
0 0.0954 269.22435760498047 -23.272298812866193 321.13147735595703 0.35950279235841204
0 0.0863 275.5769729614258 31.685706138610854 314.6278381347656 65.38597202301027
0 0.0827 218.7751007080078 -2.9673900604247905 271.5351104736328 20.055089950561538
0 0.0722 28.49522590637207 57.2078094482422 81.78875923156738 79.8789749145508
0 0.0663 219.42195892333984 26.585889816284194 270.9549331665039 50.50058937072755
0 0.0660 608.4317207336426 56.82887649536134 638.7499809265137 80.19813156127931
0 0.0604 516.2532806396484 218.39467620849612 573.8469696044922 238.67345428466797
0 0.0564 320.4086685180664 -4.262823104858385 370.0950241088867 21.332803726196303
0 0.0561 28.612375259399414 87.13136291503908 81.68334007263184 109.9552688598633
0 0.0532 598.0539131164551 27.473331451416026 638.7499809265137 49.61169815063477
0 0.0524 608.5911560058594 86.72877883911133 638.75 110.29899215698242
0 0.0512 506.3197708129883 198.36480712890625 563.7852096557617 218.70420074462888
0 0.0506 536.2948608398438 238.375373840332 593.8085174560547 258.6932144165039
0 0.0496 28.151702880859375 27.414794921875014 82.10092544555664 49.670539855957045
0 0.0492 315.7130527496338 31.30529022216798 354.5101833343506 65.73474502563478
0 0.0465 85.27885437011719 52.38351440429688 124.89604949951172 84.74816894531251
0 0.0407 207.86128997802734 -32.41417312622068 262.3649215698242 -10.501579284667953
0 0.0394 576.4475631713867 218.30621337890628 633.6666488647461 238.7643585205078
0 0.0388 235.44683456420898 52.01198673248291 274.7431755065918 85.08738613128662
0 0.0360 576.4548873901367 258.30419158935547 633.659553527832 278.76668548583984
0 0.0347 18.511929512023926 117.20079040527344 71.7728853225708 139.88652801513675
0 0.0347 597.9686164855957 -2.479499816894516 638.7499809265137 19.5637664794922
0 0.0324 179.59426879882812 56.45709609985352 230.80169677734375 80.6283531188965
0 0.0318 125.39459228515625 52.13662719726564 164.7899055480957 84.97350311279298
0 0.0303 507.3988723754883 167.82315826416016 562.791862487793 189.2554244995117
0 0.0290 158.6988067626953 17.085186004638686 211.60327911376953 40.002876281738295
0 0.0280 456.61861419677734 218.22923278808594 513.5074996948242 238.84393310546878
0 0.0278 280.553560256958 65.58114624023438 329.9737071990967 91.48328399658205
0 0.0278 607.7136039733887 287.2418746948242 638.7500190734863 309.77864837646484
0 0.0275 476.28273010253906 238.38780975341797 533.8180541992188 258.6816940307618
0 0.0272 608.2037353515625 -33.03526067733763 638.75 -9.939543247222886
0 0.0270 89.39870834350586 26.606155395507823 140.97496032714844 50.48089599609376
0 0.0264 127.88361072540283 217.57718658447266 182.34363079071045 239.50780487060547
0 0.0263 90.19327163696289 85.94524002075195 140.2792739868164 111.1304054260254
0 0.0263 607.8952026367188 317.1427688598633 638.75 339.8798141479492
0 0.0260 515.8621978759766 258.5735092163086 574.2090606689453 278.4904251098633
0 0.0257 538.7279891967773 37.06512069702149 591.5771865844727 60.02280807495117
0 0.0254 0.0 193.38586425781247 638.75 532.25
0 0.0247 0.7839775085449219 56.29436111450196 28.810508251190186 100.9497413635254
0 0.0238 158.42838287353516 -12.74573707580565 211.8482208251953 9.833055496215835
0 0.0235 18.044767379760742 -2.519554138183579 72.19762802124023 19.604812622070323
0 0.0235 566.775016784668 188.15007781982422 623.3639144897461 208.92415618896484
0 0.0232 127.35685348510742 187.85962677001953 182.82716751098633 209.2207489013672
0 0.0231 608.4025573730469 116.84407806396484 638.75 140.18235778808597
0 0.0229 0.0 -106.49999999999999 510.9122848510742 175.01496887207034
0 0.0220 328.7052536010742 -32.9172053337097 381.5970993041992 -9.994465351104722
0 0.0218 207.91900634765625 187.5502166748047 262.3128890991211 209.53397369384766
0 0.0216 257.45662689208984 -52.19286346435545 312.7355194091797 -30.725873947143537
0 0.0214 564.8108291625977 63.28776931762696 605.3307723999023 93.92570114135744
0 0.0209 68.84021759033203 216.99285125732422 121.47575378417969 240.09526824951172
0 0.0209 447.3331069946289 187.86233520507812 502.8512191772461 209.21636199951172
0 0.0207 508.89801025390625 66.95521926879883 561.4235687255859 90.13301467895508
0 0.0207 8.921055793762207 146.94182968139648 61.40240669250488 170.14667129516602
0 0.0201 248.89520645141602 216.95603942871097 301.4263343811035 240.13208007812497
0 0.0197 518.6691284179688 -2.8963127136230318 571.6301727294922 19.984260559082045
0 0.0197 159.90682125091553 86.20719528198244 210.52622318267822 110.8749351501465
0 0.0188 479.15931701660156 36.77911376953126 531.1885070800781 60.30906295776368
0 0.0188 546.6589736938477 278.2072219848633 603.4708023071289 298.86594390869135
0 0.0186 188.19890975952148 217.38885498046878 242.05751419067383 239.69697570800778
0 0.0185 75.11695623397827 112.71052932739258 115.04566431045532 144.45022201538086
0 0.0182 238.04143905639648 157.48122787475586 292.2009086608887 179.60383987426758
0 0.0179 177.59931564331055 157.72327041625977 232.6063346862793 179.3580207824707
0 0.0176 355.66539764404297 21.452766418457042 394.55013275146484 55.59941864013673
0 0.0173 609.5597648620605 476.03696441650385 638.7500190734863 500.98874664306635
0 0.0171 268.5531711578369 187.17780685424805 321.7349147796631 209.91000747680664
0 0.0169 8.905000686645508 216.94932556152344 61.41754150390625 240.13871765136716
0 0.0164 209.96986389160156 86.13769149780275 260.47435760498047 110.94134902954103
0 0.0164 308.7880611419678 217.0281753540039 361.5225315093994 240.06009674072263
0 0.0163 368.86802673339844 216.9752655029297 421.45050048828125 240.11300659179685
0 0.0162 18.806419372558594 177.0163116455078 71.50595664978027 200.0719985961914
0 0.0157 608.3445739746094 346.8826446533203 638.75 370.1439056396484
0 0.0151 265.24648666381836 92.4361572265625 304.9273109436035 124.70021820068358
0 0.0151 178.93268585205078 116.92412948608398 231.39408111572266 140.16296005249026
0 0.0150 369.6952819824219 -3.6179676055908057 420.7115936279297 20.703016281127944
0 0.0149 117.9201889038086 157.5457534790039 172.31266021728516 179.5378646850586
0 0.0147 459.03961181640625 -3.139394760131822 511.29608154296875 20.22764778137208
0 0.0145 499.30049896240234 96.67899703979492 551.0622024536133 120.40870285034181
0 0.0140 508.2801055908203 -32.65556716918944 561.9828033447266 -10.257648468017562
0 0.0138 338.58707427978516 187.15331649780273 391.7049026489258 209.9341163635254
0 0.0138 248.46599578857422 127.2208938598633 301.81636810302734 149.86505126953125
0 0.0137 608.2829093933105 -63.08275604248045 638.7500190734863 -39.89150428771971
0 0.0135 589.670581817627 396.40199279785156 638.7499809265137 420.68338012695307
0 0.0133 0.0 -33.035854339599595 51.43177032470703 -9.875549316406236
0 0.0133 449.09393310546875 156.80560684204104 501.2511444091797 180.28007125854492
0 0.0130 395.57090759277344 31.710034370422374 434.63233947753906 65.36362743377687
0 0.0130 608.94287109375 516.1756286621094 638.75 532.25
0 0.0127 418.22853088378906 237.37901306152344 472.0288848876953 259.70811462402344
0 0.0122 608.1228637695312 147.0105323791504 638.75 170.01376724243164
0 0.0120 135.15146255493164 112.63564682006836 175.01436233520508 144.51842880249023
0 0.0120 330.7006072998047 65.49344635009766 358.90953063964844 111.55419921875001
0 0.0120 608.5785102844238 -93.26573276519773 638.7499809265137 -69.70690155029294
0 0.0119 465.1551818847656 62.644802093505874 505.0092315673828 94.5099983215332
0 0.0117 78.81603240966797 -2.9927959442138534 131.49789810180664 20.08070564270021
0 0.0114 84.62072372436523 183.61027336120605 125.51036834716797 213.6335620880127
0 0.0113 564.9454879760742 103.04458236694336 605.2045822143555 134.14641952514648
0 0.0113 0.0 246.7400894165039 51.135101318359375 270.34825897216797
0 0.0112 0.0 22.58464908599855 25.246469974517822 54.56648921966554
0 0.0111 435.26119232177734 32.428508758544936 474.91146087646484 64.70710372924805
0 0.0111 448.4131622314453 -32.73667716979979 501.8621063232422 -10.176099777221665
0 0.0111 74.74141120910645 153.40039825439453 115.39698600769043 183.82363891601565
0 0.0110 360.6708526611328 55.25321578979493 388.9452362060547 101.742244720459
0 0.0109 499.3082809448242 136.66392898559567 551.057243347168 160.42243576049805
0 0.0109 547.2017288208008 307.93981170654297 602.969856262207 329.1391525268554
0 0.0108 404.6282196044922 183.59357452392578 445.5036926269531 213.6486587524414
0 0.0106 486.65550231933594 278.2135162353515 543.472900390625 298.86033630371094
0 0.0105 570.8467864990234 -12.95041465759276 598.7368774414062 30.40426826477052
0 0.0104 390.67115783691406 65.2523193359375 418.9447784423828 111.7424545288086
0 0.0103 388.2583236694336 -32.641633987426744 442.00244903564453 -10.271543502807603
0 0.0101 609.219970703125 446.30086517333984 638.75 470.7274398803711
0 0.0101 425.5193328857422 71.84041595458986 464.67796325683594 105.24430847167969
0 0.0100 269.2457962036133 246.7149887084961 321.11175537109375 270.37252044677734
