0 0.0418 306.75692558288574 138.15471267700195 363.38154792785645 158.91868209838867
0 0.0355 286.36444091796875 158.3446273803711 343.7437057495117 178.72495269775388
0 0.0322 286.4202880859375 118.31670379638673 343.6924362182617 138.7532196044922
0 0.0314 348.03943634033203 117.48086547851562 402.2031021118164 139.60397338867188
0 0.0274 246.2497329711914 138.3992919921875 303.84952545166016 158.66925811767578
0 0.0272 35.85868835449219 198.57689476013184 94.21183586120605 218.48726844787598
0 0.0267 45.928993225097656 218.54734039306638 104.14617538452148 238.51789093017578
0 0.0264 76.00337028503418 158.50944137573242 134.07832145690918 178.55594253540036
0 0.0257 86.49418830871582 138.28235244750977 143.6239719390869 158.7884864807129
0 0.0257 369.21497344970703 146.73541641235352 421.13964080810547 170.35197830200195
0 0.0256 65.68440437316895 178.65148162841794 124.37413215637207 198.4102783203125
0 0.0254 0.0 193.38586425781247 638.75 532.25
0 0.0232 286.3875961303711 178.33421325683594 343.7221908569336 198.73571014404297
0 0.0229 0.0 -106.49999999999999 510.9122848510742 175.01496887207034
0 0.0227 7.296719551086426 177.8913459777832 62.882347106933594 199.18857192993164
0 0.0226 36.65321588516235 238.21351623535156 93.47528219223022 258.860107421875
0 0.0215 226.36383056640625 158.34807968139648 283.7434768676758 178.72199630737302
0 0.0204 17.139806747436523 147.96882247924805 73.0274486541748 169.10914993286133
0 0.0201 95.3469181060791 198.7956771850586 154.68792915344238 218.2618865966797
0 0.0190 297.88795471191406 87.55420303344727 352.3442840576172 109.527774810791
0 0.0186 409.1175842285156 116.80600738525392 461.2263488769531 140.2819595336914
0 0.0182 226.56782150268555 118.24857330322266 283.5556221008301 138.82325744628906
0 0.0178 358.16986083984375 87.40548706054688 412.08412170410156 109.6801528930664
0 0.0177 117.1012544631958 117.9852066040039 173.06369304656982 139.09188842773438
0 0.0174 57.22257614135742 117.92432403564453 112.95177459716797 139.15410614013675
0 0.0167 136.5177345275879 158.2702789306641 193.6024284362793 178.80067443847656
0 0.0159 348.62735748291016 177.11555099487308 401.67118072509766 199.9702033996582
0 0.0156 0.0 217.10267639160156 41.620216369628906 239.98605346679685
0 0.0154 186.6077995300293 138.23276138305664 243.5178565979004 158.83998489379883
0 0.0150 125.88249206542969 178.56065368652344 184.1911506652832 198.50286102294922
0 0.0150 105.71277618408203 218.6408767700195 164.34734344482422 238.4215316772461
0 0.0147 266.8302249908447 198.12791442871094 323.31175804138184 218.94765472412112
0 0.0144 278.93917083740234 56.91186523437501 331.3899230957031 80.1741180419922
0 0.0141 608.9593315124512 516.1631355285645 638.7500190734863 532.2499809265137
0 0.0140 96.51739120483398 238.27848052978516 153.6008071899414 258.7936935424804
0 0.0139 512.6921272277832 -106.49999999999997 638.7499809265137 -36.65076160430907
0 0.0138 17.836885452270508 267.5998077392578 72.38717079162598 289.4843444824219
0 0.0135 339.05860900878906 56.846233367919936 391.279296875 80.2418098449707
0 0.0135 237.3040771484375 87.88037872314453 292.87723541259766 109.1985092163086
0 0.0131 0.0 117.05119705200197 51.55374526977539 140.0371131896973
0 0.0129 7.964534759521484 297.5260314941406 62.27092742919922 319.55865478515625
0 0.0129 206.64459228515625 178.21490859985352 263.48392486572266 198.85821914672852
0 0.0124 418.4922790527344 87.21568679809572 471.7900848388672 109.87193679809572
0 0.0123 0.0 327.2947463989258 51.902313232421875 349.79283905029297
0 0.0121 609.5026397705078 486.08369445800776 638.75 510.9427032470703
0 0.0117 77.9531478881836 87.52713775634766 132.28254318237305 109.55670928955078
0 0.0116 279.3032455444336 26.67234039306642 331.060791015625 50.41471099853516
0 0.0114 397.7091598510742 57.66994094848634 452.50415802001953 79.41318130493165
0 0.0114 425.2239990234375 142.50224685668945 464.94606018066406 174.63988876342773
0 0.0112 327.38311767578125 207.8402862548828 382.80433654785156 229.23951721191403
0 0.0108 608.8043212890625 -33.408395290374735 638.75 -9.562937259674056
0 0.0108 0.0 366.7057952880859 51.08960151672363 390.38262939453125
0 0.0108 78.60555410385132 57.13973617553711 131.68863534927368 79.94746780395509
0 0.0101 287.64049530029297 227.70867919921872 342.5667953491211 249.3740997314453
0 0.0101 157.44691848754883 97.80606842041016 212.7458381652832 119.27415466308594
