0 0.0644 235.8761215209961 -2.817506790161133 274.38358306884766 32.80755043029785
0 0.0556 195.59486389160156 -1.8654751777648937 234.6125030517578 31.93284273147583
0 0.0447 210.56350708007812 -27.945575714111328 259.96849060058594 -1.9924068450927723
0 0.0406 275.86286544799805 -12.74505853652954 314.3919563293457 22.740786075592037
0 0.0388 200.77272415161133 31.800384521484375 249.7981071472168 58.250617980957024
0 0.0316 495.9447479248047 134.95458602905273 533.8279724121094 194.82751846313477
0 0.0299 255.8154296875 37.44026184082031 294.4285202026367 72.57022857666014
0 0.0296 155.2655029296875 -11.08891487121582 194.90833282470703 21.223020553588864
0 0.0293 535.8824157714844 127.1558380126953 574.3788909912109 162.83210754394528
0 0.0254 0.0 219.8858642578125 638.75 558.75
0 0.0237 460.52555084228516 130.887451171875 489.1209030151367 178.96739959716797
0 0.0229 0.0 -79.99999999999999 510.9122848510742 201.51496887207028
0 0.0225 159.6068811416626 -37.05233573913574 210.7904577255249 -12.862272262573242
0 0.0201 535.7713317871094 87.6181411743164 574.4618988037109 122.40665435791014
0 0.0200 535.8029174804688 167.48783111572263 574.4382476806641 202.52647399902344
0 0.0198 260.28554916381836 -47.646600008010864 310.2009391784668 -22.280606031417847
0 0.0189 430.5910110473633 131.22159957885742 459.0414810180664 178.67620468139646
0 0.0184 139.95303630828857 22.665376663208004 190.48637866973877 47.415704727172844
0 0.0184 609.0498542785645 22.923269271850586 638.7499809265137 47.10547447204589
0 0.0177 480.54664611816406 80.98745346069336 509.0953063964844 128.8784599304199
0 0.0172 178.42266082763672 -76.24225616455078 231.85340881347656 -53.670451641082764
0 0.0167 535.3065872192383 258.824462890625 574.8706436157227 291.30203247070307
0 0.0163 585.3852844238281 248.65512847900388 624.798583984375 281.45656585693354
0 0.0161 450.5729293823242 81.11967086791992 479.0633773803711 128.76279830932617
0 0.0160 565.6597900390625 47.96981811523437 604.5549011230469 82.08377838134764
0 0.0160 512.6921272277832 -80.0 638.7499809265137 -10.150761604309086
0 0.0153 215.64630508422852 57.99781322479248 254.56743240356445 92.05814838409424
0 0.0151 608.978099822998 -7.0279693603515625 638.7500190734863 17.05657958984375
0 0.0147 574.3924140930176 84.83682632446289 638.7499809265137 134.74702835083008
0 0.0146 295.75732231140137 27.664108276367188 334.47346687316895 62.36440658569336
0 0.0146 495.57979583740234 198.16680908203125 534.6264266967773 231.90330505371094
0 0.0145 545.4519653320312 218.4942626953125 584.7390747070312 251.60362243652344
0 0.0143 609.2543792724609 52.7737808227539 638.75 77.25418090820311
0 0.0142 285.5508804321289 138.25956344604492 324.6501922607422 171.81829452514646
0 0.0141 609.2208862304688 282.7979660034179 638.75 307.2300338745117
0 0.0140 525.5758285522461 48.195452690124505 564.6281814575195 81.87702655792235
0 0.0139 9.25058364868164 33.21613311767578 61.106534004211426 56.87196731567382
0 0.0138 45.33133506774902 118.76817703247069 84.84830856323242 151.35339736938474
0 0.0138 574.3924140930176 144.8368263244629 638.7499809265137 194.74702835083008
0 0.0136 485.6526565551758 47.98721313476562 524.5612716674805 82.06783294677734
0 0.0133 420.6230926513672 81.41841888427734 449.002685546875 128.51238250732422
0 0.0133 495.3028869628906 238.836441040039 534.8736572265625 271.2911224365234
0 0.0131 565.3229904174805 288.7916946411132 604.8553848266602 321.33190155029297
0 0.0130 45.41592597961426 158.5748481750488 84.77190971374512 191.52997970581055
0 0.0129 460.64876556396484 181.59608840942383 488.9717483520508 228.36851119995114
0 0.0129 400.62320709228516 131.41668319702146 429.00257110595703 178.5133934020996
0 0.0126 565.487060546875 8.421888351440431 604.7064971923828 41.669759750366204
0 0.0125 609.2993927001953 222.73822784423828 638.75 247.2892379760742
0 0.0124 245.60491561889648 118.11756134033203 284.6027946472168 151.94835662841797
0 0.0123 255.5826187133789 78.17619323730469 294.6223449707031 111.89464569091795
0 0.0122 445.64491271972656 48.0083417892456 484.5680236816406 82.04845905303954
0 0.0120 238.76184463500977 -76.45469188690186 291.54619216918945 -53.45704555511474
0 0.0118 29.67766761779785 92.88654327392577 80.7291030883789 117.19741821289062
0 0.0117 325.52478790283203 138.32094192504883 364.6737289428711 171.76214218139646
0 0.0115 315.438928604126 -11.466362476348875 354.7499752044678 21.567585468292233
0 0.0115 29.61292266845703 62.93813228607177 80.78612327575684 87.1465539932251
0 0.0114 495.3664779663086 278.6983108520508 534.815559387207 311.417121887207
0 0.0114 85.59084892272949 138.15227508544922 124.61535453796387 171.9165802001953
0 0.0113 5.345759391784668 138.74675750732422 44.83415126800537 171.37290954589844
0 0.0112 309.705810546875 -37.125482559204094 360.70213317871094 -12.789459228515623
0 0.0111 285.45023918151855 178.50446701049805 324.74011421203613 211.59425735473633
0 0.0111 115.53169250488281 208.30597877502439 154.66737747192383 241.7758083343506
0 0.0111 609.2036437988281 312.81211853027344 638.75 337.2161865234375
0 0.0107 27.901668548583984 -75.94106197357178 82.3289680480957 -53.97503614425659
0 0.0105 245.42484283447266 158.55791091918942 284.76348876953125 191.54542922973633
0 0.0105 510.15960693359375 22.483606338500973 560.3068542480469 47.59375572204589
0 0.0105 5.385686159133911 178.65694046020505 44.79796290397644 211.4549446105957
0 0.0103 59.40905570983887 23.096866607666016 110.96610069274902 46.989898681640625
0 0.0100 118.32864761352539 -76.18728637695312 171.93925857543945 -53.72609615325927
0 0.0100 75.56063652038574 208.22949409484863 114.64205741882324 241.84580802917478
