0 0.4570 -33.437465667724595 184.91418838500977 81.69150924682617 234.56403732299805
0 0.2941 -13.437465667724597 244.91418838500977 101.69150924682617 294.56403732299805
0 0.2893 -33.437465667724595 124.91417407989502 81.69150924682617 174.5640516281128
0 0.2079 81.61857223510744 177.09827423095703 166.10263442993167 243.126220703125
0 0.1329 103.79922485351564 250.53695678710938 132.89983367919922 299.44766998291016
0 0.1180 -70.65889263153075 166.3188362121582 -31.99921512603758 203.6063575744629
0 0.1111 133.86500930786133 250.45122146606445 162.8177604675293 299.43201065063477
0 0.1082 89.24842453002931 136.18764877319336 128.1172142028809 173.72859954833984
0 0.1061 -46.152783870697 230.52106857299805 -17.15975427627562 279.4054985046387
0 0.0979 -70.60542964935301 126.9651746749878 -32.11749935150144 163.00808429718018
0 0.0970 163.90451049804688 240.4970359802246 192.76902770996094 289.3582344055176
0 0.0852 -96.03114509582517 200.66848754882812 -67.30988407135007 249.17407989501953
0 0.0851 -10.591682434082015 86.53470993041992 27.905574798584 123.40599060058594
0 0.0846 165.2972469329834 174.6610450744629 232.0500431060791 234.95866775512695
0 0.0827 -106.49999999999997 147.07451343536377 -72.07613372802732 182.90744304656982
0 0.0805 133.89854049682617 130.48387050628662 162.7763328552246 179.37349796295166
0 0.0710 29.413357734680186 86.79753303527832 67.8763303756714 123.16285133361816
0 0.0683 193.9600429534912 240.63846588134766 222.70090675354004 289.20360565185547
0 0.0571 -50.71921730041502 87.49032974243164 -12.036870956420884 122.52433776855469
0 0.0565 -106.49999999999997 107.59112358093262 -72.01977157592772 142.43163108825684
0 0.0521 69.33530426025392 296.38343811035156 108.00168609619142 333.5465621948242
0 0.0501 79.40900421142578 96.92251205444336 117.87000274658202 133.04737091064453
0 0.0490 164.03194046020508 290.92308044433594 192.6131782531738 338.9369583129883
0 0.0452 29.334178924560558 296.44020080566406 67.99794769287111 333.49403381347656
0 0.0451 224.00201416015628 230.78678131103516 252.64962768554688 279.05956268310547
0 0.0433 234.0089569091797 180.82054138183594 262.6411590576172 229.02969360351562
0 0.0427 114.05828094482422 301.0721206665039 142.58130645751953 348.8101577758789
0 0.0407 163.9724884033203 120.68475723266602 192.6857147216797 169.15939331054688
0 0.0392 119.36200714111328 87.23326683044434 157.8949127197266 122.76080131530762
0 0.0336 194.03278923034668 290.9193801879883 222.61213874816895 338.9384460449219
0 0.0323 246.27084350585938 16.98803424835205 311.3108215332031 52.91271686553955
0 0.0306 -105.8910217285156 251.37514114379883 -77.47998619079588 298.55627059936523
0 0.0291 199.35559844970703 137.29555130004883 237.89640045166013 172.7033805847168
0 0.0276 -75.90486431121823 251.25822067260742 -47.463454246520975 298.6477470397949
0 0.0264 -10.635007858276351 296.4983367919922 27.95788383483888 333.43997955322266
0 0.0255 69.09797286987306 58.13784599304199 108.10866928100587 91.92976951599121
0 0.0254 -106.49999999999997 299.8858642578125 532.25 638.75
0 0.0246 19.119106292724624 48.080339431762695 58.09030151367189 81.98246955871582
0 0.0239 -106.49999999999997 68.17037582397461 -71.87154912948607 101.9000244140625
0 0.0235 224.05110931396487 281.0059356689453 252.58985137939456 328.86138916015625
0 0.0227 119.15231323242188 47.982282638549805 158.0621490478516 82.07237243652344
0 0.0223 123.02547073364259 13.006706237792969 174.3632850646973 37.07888126373291
0 0.0222 264.09818267822266 181.2581443786621 292.53270721435547 228.64435195922852
0 0.0216 149.18763732910156 337.8678512573242 188.03304290771484 372.1773910522461
0 0.0213 -20.807193756103498 47.865469455718994 18.027435302734386 82.17952489852905
0 0.0210 254.08990478515622 231.21301651000977 282.54273986816406 278.68295669555664
0 0.0185 244.13484191894528 131.48920059204102 272.4884948730469 178.45331192016602
0 0.0172 -106.49999999999997 12.74406909942627 -55.93602561950683 37.33877658843994
0 0.0164 52.204514503479004 3.58365535736084 105.09764766693115 26.50472640991211
0 0.0160 159.40408325195312 77.02549934387207 197.86622619628906 112.95228004455566
0 0.0154 259.4144592285156 56.88089370727539 297.8675994873047 93.08579444885254
0 0.0148 -45.90706491470335 281.3059329986572 -17.4604239463806 328.6191463470459
0 0.0146 -106.49999999999997 42.347402572631836 -66.30700492858885 67.72547721862793
0 0.0144 -61.36782073974608 49.17180061340332 -21.467555999755845 80.98549842834473
0 0.0143 -67.15502166748044 613.1360626220703 -15.47519111633299 636.9499969482422
0 0.0141 62.7649269104004 613.1961441040039 114.59575271606447 636.8905258178711
0 0.0137 -57.64376068115233 3.4737348556518555 -5.036834716796864 26.61320209503174
0 0.0137 374.31422805786127 0.0 532.2499809265136 83.77708435058594
0 0.0136 63.389564514160156 32.71902561187744 114.04187774658203 57.363009452819824
0 0.0134 109.12959671020509 348.0499267578125 148.08135604858398 382.0103454589844
0 0.0134 502.466999053955 622.6573371887207 532.2499809265137 638.7499809265137
0 0.0132 69.14563751220705 337.9850387573242 108.06943511962892 372.0698928833008
0 0.0129 2.767306327819841 613.1945419311523 54.593640327453635 636.8921279907227
0 0.0128 194.15987586975098 341.6716003417969 222.45834922790527 388.30726623535156
0 0.0121 -6.773513793945298 12.858188152313232 44.183898925781264 37.226665019989014
0 0.0118 -106.49999999999997 602.8492736816406 -65.81044101715086 627.2340393066406
0 0.0115 294.14331054687506 161.54823303222656 322.478271484375 208.40557098388672
0 0.0108 284.1161499023437 231.36920928955078 312.5110778808593 278.5520935058594
0 0.0107 122.81364059448244 613.1602096557617 174.5524559020996 636.926155090332
0 0.0104 199.41903686523435 96.8863296508789 237.86187744140625 133.08073043823242
0 0.0104 254.06915283203122 281.09527587890625 282.5679168701172 328.78292083740234
