0 0.0296 307.8439407348633 172.7597427368164 358.5812454223633 197.32330322265625
0 0.0272 307.8532104492187 142.75265216827393 358.57304382324213 167.33031749725342
0 0.0256 307.87407684326166 202.73300170898438 358.55522918701166 227.34939575195312
0 0.0255 286.9324951171875 353.4342956542969 339.3920593261718 376.6542053222656
0 0.0254 -41.999999999999986 299.8858642578125 596.75 638.75
0 0.0235 307.0967941284179 383.32447052001953 359.2440872192383 406.7641067504883
0 0.0234 307.77981567382807 112.8140926361084 358.63720703124994 137.2700023651123
0 0.0229 -41.999999999999986 0.0 468.9122848510742 281.5149688720703
0 0.0222 357.8476791381836 172.75531768798828 408.5782699584961 197.32749938964844
0 0.0220 276.98754119873047 323.3919143676758 329.3437271118164 346.6958236694336
0 0.0219 257.51602935791016 183.01136016845703 308.87215423583984 207.07393646240234
0 0.0206 307.619026184082 412.94219970703125 358.77892303466786 437.1436309814453
0 0.0201 357.65129852294916 142.91351795196533 408.7510757446289 167.17151165008545
0 0.0199 363.3419113159179 198.75089645385742 402.83806610107416 231.3691520690918
0 0.0198 307.5635986328125 82.98480987548828 358.8280181884765 107.10145950317383
0 0.0198 257.53911781311035 152.99428939819336 308.85158348083496 177.0909309387207
0 0.0196 313.1935195922851 229.06179428100586 352.9744033813476 261.08564376831055
0 0.0196 546.6669158935546 13.59485149383545 596.7499999999999 36.49162769317627
0 0.0190 353.26149749755854 608.9004707336426 392.9139022827148 638.7499809265137
0 0.0189 267.23938751220703 293.2163619995117 319.1182022094726 316.87068939208984
0 0.0188 336.5255813598633 333.68701934814453 389.7616653442382 356.39957427978516
0 0.0187 226.59606742858884 343.6466598510742 279.69705390930176 366.4406204223633
0 0.0185 307.530029296875 263.00580978393555 358.85868835449213 287.0800971984863
0 0.0185 257.50331687927246 213.0238914489746 308.88288307189947 237.0619010925293
0 0.0183 476.1729888916015 3.9038848876953125 530.0812225341796 26.181788444519043
0 0.0182 567.4924736022949 592.5914764404297 596.7500190734862 617.4349212646484
0 0.0182 247.21852111816406 383.2334899902344 299.1363220214844 406.85394287109375
0 0.0179 317.7417068481445 442.8435516357422 368.6709671020507 467.24082946777344
0 0.0174 327.1461944580078 293.2812309265137 379.2017059326172 316.8060111999512
0 0.0172 367.3648910522461 113.13178062438965 419.00490570068354 136.95555686950684
0 0.0170 447.31976318359375 622.6675605773926 499.14761352539057 638.7499809265137
0 0.0169 313.24528503417963 608.935718536377 352.92866516113276 638.7499809265137
0 0.0169 257.56546783447266 122.97528266906738 308.8279800415039 147.1098804473877
0 0.0168 416.4048461914062 3.7691497802734375 469.8695068359375 26.31814956665039
0 0.0167 147.33944702148438 343.1473159790039 199.02821350097656 366.93973541259766
0 0.0167 327.60685729980463 472.94811248779297 378.79040527343744 497.13733673095703
0 0.0167 397.69913482666016 612.859992980957 448.71208953857416 637.2224807739258
0 0.0166 263.3092575073242 608.7939262390137 302.87071990966797 638.7500190734863
0 0.0166 247.30500030517578 263.1686019897461 299.0597229003906 286.91810607910156
0 0.0161 147.41823959350586 313.0883312225342 198.95827102661133 336.9981098175049
0 0.0160 216.85742187500003 313.4789562225342 269.46080017089844 336.6088581085205
0 0.0157 297.3710327148437 53.12692165374756 348.99952697753906 76.96033000946045
0 0.0157 407.38289642333984 153.11908721923828 458.98880767822254 176.96823120117188
0 0.0156 566.9257049560546 622.6884651184082 596.75 638.7499809265137
0 0.0154 266.9605712890625 3.4126782417297363 319.3674163818359 26.67543649673462
0 0.0154 356.8368606567382 363.49098205566406 409.4796829223633 386.5966033935547
0 0.0154 263.15469551086426 409.14154052734375 303.01009941101074 441.0130310058594
0 0.0152 407.55074310302734 192.99427032470703 458.83950042724604 217.09205627441406
0 0.0152 267.5782470703125 452.96783447265625 318.8161926269531 477.11753845214844
0 0.0150 257.46276664733887 93.05503845214844 308.91870307922363 117.03113555908203
0 0.0149 147.4837760925293 283.0381965637207 198.90028762817383 307.0476722717285
0 0.0147 357.32033538818354 403.15887451171875 409.0457229614258 426.9279479980469
0 0.0146 416.8636779785156 93.47434043884277 469.4553070068359 116.61337852478027
0 0.0146 187.0443229675293 3.3560633659362793 239.2921333312988 26.7319917678833
0 0.0145 407.490737915039 573.0328750610352 458.89408874511713 597.0529556274414
0 0.0143 326.84536743164057 3.4913063049316406 379.47071838378906 26.5971040725708
0 0.0142 363.31402587890625 238.8065528869629 402.86404418945307 271.3183784484863
0 0.0139 427.0283584594726 123.36727142333984 479.30641937255854 146.7208480834961
0 0.0136 323.0984954833984 499.25342559814453 363.0621032714843 530.9111404418945
0 0.0136 223.1976776123047 609.0369987487793 262.97222900390625 638.7500190734863
0 0.0136 367.5793533325195 432.96741485595703 418.81516265869135 457.11803436279297
0 0.0135 317.5558547973632 532.988166809082 368.8353805541991 557.0978164672852
0 0.0131 187.10709381103516 373.31626892089844 239.23512268066403 396.77215576171875
0 0.0130 327.76890563964844 572.8210830688477 378.64720153808594 597.2629165649414
0 0.0129 367.4702911376952 543.0507278442383 418.91178894042963 567.0355606079102
0 0.0129 403.29041290283203 218.86577606201172 442.8847579956054 251.2643051147461
0 0.0129 283.05935668945307 479.32422637939453 323.0989532470703 510.8467483520508
0 0.0128 377.6751403808593 462.89363861083984 428.73028564453125 487.19104766845703
0 0.0127 197.52695846557617 273.00954818725586 248.8611488342285 297.07658767700195
0 0.0125 147.55104827880857 252.98795700073242 198.8404541015625 277.09753036499023
0 0.0125 567.0482902526854 82.92573928833008 596.7500190734862 107.10319519042969
0 0.0122 17.550724029541023 612.9790878295898 68.8426284790039 637.1051406860352
0 0.0121 498.6929779052734 612.4929046630859 526.9221954345703 638.75
0 0.0121 457.3282318115234 173.1547737121582 509.03836059570307 196.9322395324707
0 0.0118 443.1963806152343 259.0585708618164 482.97146606445307 291.08856201171875
0 0.0118 403.30944824218744 258.82118225097656 442.86770629882807 291.3050079345703
0 0.0117 143.06484985351562 369.3198776245117 183.09323120117185 400.85071563720703
0 0.0116 157.75191116333008 612.8160858154297 208.6659507751465 637.2655487060547
0 0.0115 363.05058288574213 499.3435287475586 403.1068878173828 530.8292007446289
0 0.0114 247.21128273010254 63.23862075805664 299.1427974700928 86.8488597869873
0 0.0113 567.7230339050292 462.3938751220703 596.7500190734863 487.6287841796875
0 0.0113 567.5766448974608 292.51964569091797 596.7499999999999 317.50537872314453
0 0.0111 203.1456832885742 239.16202545166016 243.01819610595703 270.9943389892578
0 0.0110 567.5541381835936 422.54100799560547 596.75 447.48470306396484
0 0.0110 356.8842010498047 63.46312761306763 409.43630981445307 86.624915599823
0 0.0110 567.4876861572264 562.5932693481445 596.75 587.4328994750977
0 0.0109 207.32792663574216 193.15929412841797 259.0377502441406 216.92829132080078
0 0.0109 126.96936416625977 3.407912254333496 179.35927200317383 26.680359840393066
0 0.0108 567.2594146728516 112.77353286743164 596.75 137.25486755371094
0 0.0108 77.69864368438722 612.8591537475586 128.7128095626831 637.2230911254883
0 0.0107 443.17250061035156 219.10650253295898 482.9935913085937 251.04490280151367
0 0.0106 567.4419860839843 322.63134002685547 596.75 347.39551544189453
0 0.0106 477.1894912719726 143.25580596923828 529.1619186401367 166.83198928833008
0 0.0105 567.0280914306641 52.93952941894531 596.75 77.08937644958496
0 0.0105 137.48389053344727 223.0396842956543 188.8998680114746 247.04641342163086
0 0.0104 197.2500877380371 403.2147216796875 249.10734939575192 426.8731689453125
0 0.0104 97.42302703857422 323.08597564697266 148.95378875732422 347.00061798095703
0 0.0104 496.8363647460937 103.49754333496094 549.4788055419922 126.59090042114258
0 0.0103 137.52558517456055 193.0075454711914 188.86297988891602 217.0781707763672
0 0.0102 207.28785324096683 163.18653106689453 259.07385635375977 186.90101623535156
0 0.0101 346.8116073608398 33.51178169250488 399.50150299072254 56.57636642456055
0 0.0101 456.42967987060547 33.754868507385254 509.84673309326166 56.33265018463135
0 0.0101 567.492359161377 392.5918960571289 596.7499809265136 417.43457794189453
0 0.0100 403.13347625732416 489.18277740478516 443.0298690795898 520.975456237793
0 0.0100 567.7000885009764 262.41296768188477 596.75 287.6099967956543
