0 0.2966 217.83992767333984 321.46476745605463 273.6507797241211 340.7568359375
0 0.2907 158.92324447631836 317.29530334472656 215.0789451599121 335.61317443847656
0 0.1855 37.10258722305298 382.1324157714844 97.14006185531616 406.55448913574213
0 0.1837 153.47034454345703 26.64633750915527 200.82157135009766 46.163358688354485
0 0.1686 355.2983856201172 51.23662948608397 563.7105560302734 229.34530258178708
0 0.1515 132.19249725341797 291.02928161621094 155.62250137329102 344.5292663574219
0 0.1431 444.4962692260742 326.6450500488281 509.28516387939453 345.49247741699213
0 0.1391 94.50803756713867 26.85807228088379 150.87526321411133 45.610055923461914
0 0.1389 97.02119827270508 461.1086654663086 152.03741073608398 483.71028900146484
0 0.1384 385.2349853515625 208.04822921752927 417.17864990234375 239.433536529541
0 0.1381 289.50740814208984 298.84292602539057 317.20115661621094 349.0346527099609
0 0.1367 189.97135162353516 297.79853820800776 240.4733657836914 317.1193695068359
0 0.1252 501.5395736694336 433.78086090087885 530.0685501098633 477.2323226928711
0 0.1217 475.3915786743164 346.05506896972656 528.0073928833008 366.2462615966797
0 0.1208 166.3776397705078 60.8228874206543 204.05445098876953 90.97385406494139
0 0.1142 0.0 393.2018661499023 52.51179218292236 417.6229476928711
0 0.1051 299.29752349853516 93.25868606567381 352.03197479248047 115.34643173217773
0 0.1019 517.3639678955078 377.844009399414 551.212158203125 411.925048828125
