0 0.4283 361.4473342895508 82.88717269897461 422.3885726928711 102.71955490112305
0 0.3747 260.7089328765869 106.61935806274414 326.54723167419434 129.65047836303708
0 0.3215 46.70071601867676 234.29817199707028 95.97592353820801 256.5008544921875
0 0.2774 24.127559661865234 213.41569900512695 84.0425968170166 232.22200393676758
0 0.2638 143.40607166290283 213.42546463012695 202.46291637420654 230.4933738708496
0 0.2505 89.86763954162598 212.63076782226562 134.82670783996582 231.1914825439453
0 0.2353 406.2282943725586 203.28012466430664 445.7212448120117 226.10013961791992
0 0.2348 322.37850189208984 167.38075256347656 365.23075103759766 194.67750549316403
0 0.2186 90.99329948425293 124.80318069458006 133.03772926330566 146.33672714233398
0 0.1939 109.7529411315918 234.363431930542 158.1911849975586 256.0648822784424
0 0.1892 524.4428253173828 212.95461654663086 566.7821502685547 233.87590408325195
0 0.1783 411.9242477416992 382.0349884033203 446.7531204223633 412.29080200195307
0 0.1671 542.2311401367188 405.9455871582031 566.0694122314453 448.5652160644531
0 0.1628 450.9529495239258 206.8941307067871 492.4800491333008 228.7642478942871
0 0.1569 358.7754821777344 128.7238883972168 388.66661071777344 158.65587234497067
0 0.1475 64.776611328125 156.42898559570312 135.82525253295898 176.93592071533203
0 0.1193 499.19151306152344 409.13887023925776 533.7087249755859 444.6154022216797
0 0.1150 157.30096817016602 231.72073364257812 199.09883499145508 256.5947723388672
0 0.1128 377.7838897705078 380.68798065185547 406.4274597167969 413.1559371948242
0 0.1094 3.781251907348633 233.1950283050537 45.5033016204834 258.17925453186035
0 0.1003 491.36905670166016 207.64646530151364 522.1175765991211 236.77595138549805
