0 0.0500 349.6761703491211 272.89234161376953 400.72948455810547 297.1922302246094
0 0.0444 355.4145812988281 488.58646392822266 394.7722625732422 521.5193557739258
0 0.0431 359.5851135253906 242.95965194702148 410.8106994628906 267.1252632141113
0 0.0429 365.5027389526367 448.37615966796875 404.6932601928711 481.7115783691406
0 0.0427 349.74090576171875 302.8396224975586 400.672607421875 327.2441101074219
0 0.0422 505.76759338378906 167.6320457458496 544.4647979736328 202.39385604858398
0 0.0420 339.8949432373047 342.7189254760742 390.53627014160156 367.3636245727539
0 0.0419 195.4564666748047 468.4867477416992 234.7347640991211 501.6104507446289
0 0.0401 349.98828887939453 522.6337814331055 400.45589447021484 547.4465560913086
0 0.0396 155.45546054840088 468.4918212890625 194.73538875579834 501.6058349609375
0 0.0379 465.7692337036133 167.61852264404297 504.46422576904297 202.40631103515625
0 0.0379 375.5271530151367 408.31920623779297 414.6712112426758 441.7637252807617
0 0.0376 405.5344772338867 448.2958984375 444.6651840209961 481.78504943847656
0 0.0376 395.3445816040039 488.7437438964844 434.83577728271484 521.3756561279297
0 0.0376 360.0832748413086 372.5558090209961 410.37227630615234 397.5235366821289
0 0.0370 235.40950775146484 488.5959243774414 274.7770690917969 521.5106582641602
0 0.0362 405.35247802734375 268.72758865356445 444.8284912109375 301.390438079834
0 0.0361 115.4541015625 468.49353790283203 154.73676681518555 501.6042709350586
0 0.0360 305.36006927490234 518.7116622924805 344.8215103149414 551.4049911499023
0 0.0356 355.2046585083008 549.039306640625 394.96410369873047 581.1061096191406
0 0.0356 430.7252502441406 490.09803771972656 638.75 589.2982482910156
0 0.0351 415.6092834472656 398.10497283935547 454.5990753173828 431.95987701416016
0 0.0348 425.66993713378906 157.92917251586914 464.5472717285156 192.1211051940918
0 0.0337 195.31707763671875 508.8030242919922 234.86095428466797 541.3215637207031
0 0.0332 385.6102752685547 148.0976152420044 424.59861755371094 181.9666624069214
0 0.0323 239.87117767333984 522.729606628418 290.5589294433594 547.3520278930664
0 0.0322 315.2398681640625 558.9671325683594 354.931640625 591.171875
0 0.0320 369.95494842529297 212.65920639038086 420.4856491088867 237.42124557495117
0 0.0319 520.6185150146484 381.3832473754883 549.0081787109375 428.5403060913086
0 0.0313 289.76086616516113 612.8065490722656 340.6585216522217 637.2747039794922
0 0.0312 395.1857376098633 549.0773773193359 434.98157501220703 581.0714721679688
0 0.0312 339.71485137939453 612.8451919555664 390.69873809814453 637.2367477416992
0 0.0310 389.91573333740234 342.69500732421875 440.51937103271484 367.3863983154297
0 0.0308 490.6349563598633 391.4920425415039 518.9883804321289 438.4513473510742
0 0.0307 445.62049865722656 438.07010650634766 484.5896911621094 471.9918441772461
0 0.0301 155.34009456634521 508.75133514404297 194.84007358551025 541.3687515258789
0 0.0301 345.5625915527344 148.2247543334961 384.64027404785156 181.85020446777344
0 0.0300 400.0534439086914 302.5779724121094 450.3989791870117 327.5013732910156
0 0.0299 275.21678924560547 549.0111541748047 314.9532699584961 581.1318206787109
0 0.0298 460.6587219238281 391.66004180908203 488.95973205566406 438.31600189208984
0 0.0297 145.64529418945312 427.99999237060547 184.56836700439453 462.05615997314453
0 0.0296 335.55442810058594 398.24581146240234 374.64752197265625 431.83094024658203
0 0.0295 299.4758987426758 263.0493927001953 350.9061813354492 287.0372772216797
0 0.0294 185.69583892822266 427.85362243652344 224.525146484375 462.1903991699219
0 0.0293 300.2026081085205 492.4420928955078 350.27010917663574 517.6340484619141
0 0.0290 219.43565368652344 553.0744171142578 270.9429931640625 577.0117950439453
0 0.0288 545.692253112793 167.8704071044922 584.5275497436523 202.17498779296875
0 0.0288 470.6208801269531 121.39812469482422 499.0052795410156 168.52800369262695
0 0.0286 410.33470153808594 372.3147201538086 460.15716552734375 397.7579116821289
0 0.0286 229.64982986450195 612.8994750976562 280.75551986694336 637.1835327148438
0 0.0285 105.57353019714355 428.19862365722656 144.63046073913574 461.87408447265625
0 0.0283 370.19264221191406 182.44606018066406 420.27976989746094 207.62962341308594
0 0.0282 505.7966613769531 127.5339126586914 544.4410705566406 162.4840545654297
0 0.0282 550.6199645996094 381.3923645019531 579.0064239501953 428.5327911376953
0 0.0279 595.3578186035156 168.7150764465332 634.8236846923828 201.4018440246582
0 0.0277 285.6688594818115 77.94115781784058 324.5473575592041 112.11007356643677
0 0.0276 75.30343055725098 468.8261413574219 114.8740291595459 501.3005065917969
0 0.0276 169.58040237426758 612.9548645019531 220.81663131713867 637.1289825439453
0 0.0276 359.68982696533203 582.8847503662109 410.7167434692383 607.2001647949219
0 0.0274 399.65843200683594 612.8927993774414 450.74790954589844 637.1901321411133
0 0.0270 325.6813430786133 77.90424346923828 364.53670501708984 112.14393615722656
0 0.0270 485.6992721557617 437.8439712524414 524.5221328735352 472.1992874145508
0 0.0268 410.10730743408203 242.5295066833496 460.3523635864258 267.54873275756836
0 0.0268 310.67273139953613 131.76374435424805 338.9428997039795 178.23335647583008
0 0.0267 115.3143310546875 508.8077926635742 154.86356735229492 541.317253112793
0 0.0265 299.6772003173828 292.8960418701172 350.7276153564453 317.1891403198242
0 0.0264 109.5167589187622 613.0059051513672 160.87253093719482 637.0787048339844
0 0.0264 280.65961837768555 131.66452884674072 308.958683013916 178.31212520599365
0 0.0264 310.68477630615234 331.8553924560547 338.9284896850586 378.16078186035156
0 0.0263 370.6663131713867 71.71523094177246 398.9506149291992 118.27183723449707
0 0.0262 525.7661437988281 427.63500213623047 564.4661712646484 462.3911666870117
0 0.0261 309.40372467041016 233.1006622314453 360.9708786010742 256.98612213134766
0 0.0260 425.4780960083008 198.43538284301758 464.7153091430664 231.65742874145508
0 0.0260 115.63299179077148 388.03810119628906 154.5786476135254 422.02117919921875
0 0.0258 430.6479263305664 111.58157348632812 458.97274017333984 158.37886810302734
0 0.0256 480.65147399902344 201.61123275756836 508.968505859375 248.35569381713867
0 0.0256 400.6632614135742 91.69292449951172 428.9542770385742 138.2896614074707
0 0.0256 169.71572875976562 542.85888671875 220.69499969482422 567.2250366210938
0 0.0255 169.36439514160156 573.1280517578125 221.0062026977539 596.9586944580078
0 0.0254 0.0 0.0 638.75 339.48570251464844
0 0.0250 459.64942932128906 612.8997421264648 510.75592041015625 637.1832656860352
0 0.0245 250.6427001953125 131.54272079467773 278.9790344238281 178.40988159179688
0 0.0245 259.6373176574707 582.9231643676758 310.76372146606445 607.1618270874023
0 0.0245 160.65113067626953 381.60369873046875 188.96888732910156 428.36097717285156
0 0.0243 109.24573421478271 573.2131195068359 161.11223697662354 596.8740844726562
0 0.0242 250.67453384399414 71.77680015563965 278.9407539367676 118.22293281555176
0 0.0239 75.48515319824219 388.4187698364258 114.7089958190918 421.6726303100586
0 0.0237 514.6513748168945 604.8036193847656 626.5605545043945 638.75
0 0.0237 510.6533432006836 201.61861419677734 538.966178894043 248.34880828857422
0 0.0236 319.69608306884766 202.87290573120117 370.7126235961914 227.21097946166992
0 0.0236 585.5866241455078 388.1635284423828 624.6190643310547 421.9062805175781
0 0.0235 65.40833711624146 428.59386444091797 104.7786021232605 461.51256561279297
0 0.0234 49.40175771713257 613.0929565429688 100.97454309463501 636.9925689697266
0 0.0231 505.6723403930664 87.93292999267578 544.5441818237305 122.11761474609375
0 0.0231 109.66474056243896 542.8987884521484 160.74011325836182 567.1855926513672
0 0.0231 190.64409255981445 381.5526580810547 218.97733688354492 428.40187072753906
0 0.0229 445.4044723510742 268.6069869995117 484.7816848754883 301.5005874633789
0 0.0225 475.6612014770508 357.95738220214844 514.5544815063477 392.0951843261719
0 0.0219 350.6516647338867 121.9696044921875 399.89253997802734 148.09049606323242
0 0.0219 465.704345703125 87.83689498901367 504.5170593261719 122.20573425292969
0 0.0216 310.2087879180908 462.43946075439453 360.2642345428467 487.6369857788086
0 0.0211 490.6776809692383 251.80828094482422 518.9370346069336 298.1991195678711
0 0.0208 240.25318145751953 462.39612579345703 290.2263641357422 487.6790237426758
0 0.0208 599.6590995788574 202.91070938110352 638.7500190734863 227.17470169067383
0 0.0207 220.66509246826172 381.70482635498047 248.9521026611328 428.27999114990234
0 0.0206 225.56570053100586 428.2195281982422 264.6373176574707 461.8549346923828
0 0.0205 430.67737579345703 61.79828405380249 458.93733978271484 108.20589303970337
0 0.0202 100.68891525268555 341.89464569091797 128.9235496520996 388.1309127807617
0 0.0202 455.4513168334961 318.4994888305664 494.73934173583984 351.5988540649414
0 0.0199 220.65719604492188 91.6466236114502 248.96156311035156 138.32640647888184
0 0.0197 574.3924140930176 424.83680725097656 638.7499809265137 474.74700927734375
0 0.0195 220.6332015991211 141.4793586730957 248.990478515625 188.46155166625977
0 0.0193 520.643310546875 331.5491485595703 548.978271484375 378.4049987792969
0 0.0192 599.9726867675781 142.65370845794678 638.75 167.42777347564697
0 0.0191 48.659114837646484 573.6045074462891 101.64045333862305 596.4826202392578
0 0.0190 75.13186454772949 509.18121337890625 115.0318431854248 540.9768676757812
0 0.0188 520.6655883789062 251.71016693115234 548.9514923095703 298.2759475708008
0 0.0188 540.6741714477539 201.77471160888672 568.9411544799805 248.22463989257812
0 0.0187 280.53521156311035 52.105984687805176 329.9880886077881 77.95979022979736
0 0.0184 275.5000305175781 178.37799072265625 314.69615936279297 211.7099380493164
0 0.0183 70.7242488861084 342.20237731933594 98.88136863708496 387.8937530517578
0 0.0179 250.6708526611328 351.7484664916992 278.9451599121094 398.24535369873047
0 0.0179 130.67987442016602 341.8185043334961 158.93434524536133 388.1900405883789
0 0.0179 400.6882858276367 41.88502311706543 428.9242935180664 88.13777923583984
0 0.0174 280.6846237182617 331.85791015625 308.9286804199219 378.1593322753906
0 0.0173 495.5725860595703 298.19987297058105 534.6314239501953 331.8729877471924
0 0.0172 35.170369148254395 389.1036605834961 74.9962854385376 421.0475540161133
0 0.0167 545.7351684570312 127.74291515350342 584.4911193847656 162.2920274734497
0 0.0164 34.988932609558105 459.4559860229492 75.16478061676025 490.72696685791016
0 0.0163 110.6712818145752 151.75337314605713 138.944673538208 198.24170589447021
0 0.0162 550.6290054321289 331.4504623413086 578.9955520629883 378.48499298095703
0 0.0161 205.5095672607422 58.36320877075195 244.6868133544922 91.72345161437988
0 0.0159 335.60314178466797 38.124003410339355 374.6041488647461 71.942458152771
0 0.0157 190.65048217773438 111.59857749938965 218.9696502685547 158.36501121520996
0 0.0157 140.6659698486328 151.71367645263672 168.95105361938477 198.27327728271484
0 0.0156 49.01820182800293 543.3673858642578 101.31697654724121 566.7198181152344
0 0.0153 505.52295684814453 48.33209037780762 544.6747207641602 81.75191879272461
0 0.0152 589.5443534851074 92.99971580505371 638.7500190734863 117.08674430847168
0 0.0151 65.39664268493652 168.61831665039062 104.78941917419434 201.49024963378906
0 0.0150 545.5667114257812 88.2222843170166 584.6359252929688 121.85242652893066
0 0.0148 465.55484771728516 48.25020790100098 504.64664459228516 81.82686805725098
0 0.0144 19.622998237609863 362.93212890625 70.7768201828003 387.1527099609375
0 0.0144 65.33995628356934 128.74574661254883 104.8408031463623 161.37388229370117
0 0.0143 580.6552505493164 341.6332244873047 608.9638900756836 388.33717346191406
0 0.0141 609.4551277160645 362.6165771484375 638.7499809265137 387.4095916748047
0 0.0140 220.67602157592773 331.78741455078125 248.93896102905273 378.21441650390625
0 0.0140 170.66009521484375 161.66996002197266 198.95809173583984 208.30806732177734
0 0.0140 105.61064720153809 118.10042381286621 144.5979404449463 151.96406364440918
0 0.0138 309.993371963501 432.6289367675781 360.4515743255615 457.4512481689453
0 0.0136 160.66232681274414 101.68495178222656 188.95540237426758 148.2958984375
0 0.0135 280.7631301879883 212.5746726989746 308.83514404296875 257.61255264282227
0 0.0133 589.0367126464844 13.3603835105896 638.75 36.7275595664978
0 0.0132 608.8944816589355 583.0312347412109 638.7500190734863 606.9976043701172
0 0.0132 609.2284393310547 232.79314041137695 638.75 257.23493576049805
0 0.0129 535.6986618041992 297.8537845611572 574.5219039916992 332.1902370452881
0 0.0129 589.2352485656738 63.22496175765991 638.7499809265137 86.86290979385376
0 0.0128 0.0 602.684440612793 50.50036430358887 627.3974990844727
0 0.0125 570.6992721557617 201.97507858276367 598.9110946655273 248.06753158569336
0 0.0125 270.76379776000977 262.57728576660156 298.83432388305664 307.6101303100586
0 0.0125 160.68784713745117 331.8830108642578 188.92480850219727 378.1395721435547
0 0.0123 190.67264556884766 331.7630386352539 218.94302368164062 378.2339096069336
0 0.0123 609.1741752624512 262.83252716064453 638.7500190734863 287.1957015991211
0 0.0123 95.45663833618164 78.48832130432129 134.7344207763672 111.60902976989746
0 0.0122 240.68960189819336 191.90141677856445 268.9227485656738 238.12578201293945
0 0.0122 165.5293083190918 68.31426620483398 204.66924667358398 101.76822662353516
0 0.0121 105.61274528503418 198.09125900268555 144.5964527130127 231.97248458862305
0 0.0119 550.6790924072266 251.81249618530273 578.9353179931641 298.19482803344727
0 0.0119 90.72628021240234 262.21710205078125 118.87893676757812 307.88204193115234
0 0.0118 25.032176971435547 149.38114166259766 65.1237678527832 180.79498291015625
0 0.0117 609.2053031921387 292.8105354309082 638.7500190734863 317.2176933288574
0 0.0116 9.724884033203125 432.8569793701172 60.685834884643555 457.22755432128906
0 0.0116 19.11078453063965 493.30955505371094 71.2326717376709 516.7782592773438
0 0.0115 609.3694877624512 332.6849365234375 638.7500190734863 357.34214782714844
0 0.0114 65.2779483795166 208.88141632080078 104.89727973937988 241.2500762939453
0 0.0114 55.11832237243652 79.20821189880371 95.04435539245605 110.95231056213379
0 0.0113 85.4293155670166 308.5507297515869 124.7591495513916 341.5519618988037
0 0.0108 280.606689453125 382.0158386230469 329.93072509765625 408.0455780029297
0 0.0107 19.50510025024414 333.02581787109375 70.88058471679688 357.0603942871094
0 0.0107 120.71432113647461 262.106990814209 148.8931655883789 307.9659843444824
0 0.0107 9.437355995178223 123.0766487121582 60.94076633453369 147.01004028320312
0 0.0106 545.3644561767578 48.70532035827637 584.8171234130859 81.41075134277344
0 0.0106 295.410737991333 18.5969877243042 334.7755718231201 51.50970935821533
0 0.0105 210.67554473876953 191.7896270751953 238.93959045410156 238.21353912353516
0 0.0101 519.7838973999023 12.811415195465088 570.6335067749023 37.27270841598511
0 0.0100 250.7387924194336 22.331767082214355 278.86402130126953 67.79467105865479
0 0.0100 0.0 88.90287399291992 34.90462779998779 121.23050689697266
