0 0.1811 409.5350646972656 142.50777435302734 460.85304260253906 166.57889556884766
0 0.1268 359.18643951416016 152.7503890991211 411.16626739501953 176.33635711669922
0 0.1091 409.66026306152344 172.40533065795898 460.743408203125 196.67947006225583
0 0.0803 358.95790100097656 122.91312408447267 411.3700866699219 146.1748046875
0 0.0746 418.5584259033203 113.1773490905762 471.7295837402344 135.91088485717773
0 0.0676 268.3729648590088 343.28623962402344 321.89887046813965 365.8005828857422
0 0.0613 359.18495178222656 182.75416564941403 411.1669921875 206.33296203613278
0 0.0537 258.3763313293457 313.28536224365234 311.8956184387207 335.8016891479492
0 0.0460 318.4530735015869 323.23359680175776 371.8270015716553 345.8529968261718
0 0.0383 328.3810806274414 353.2799453735351 381.8918228149414 375.80672454833984
0 0.0380 314.49840545654297 139.80336380004883 355.6270217895508 169.45893478393555
0 0.0357 258.62850189208984 373.13231658935547 311.6663360595703 395.95595550537104
0 0.0346 18.4877872467041 223.21705055236816 71.79448127746582 245.87038230895993
0 0.0331 224.89850997924805 339.13020324707026 265.2485466003418 370.0686950683594
0 0.0322 368.20178985595703 93.39194488525392 422.05387115478516 115.69461059570312
0 0.0310 308.5275363922119 293.18679046630854 361.75971031188965 315.89995574951166
0 0.0292 468.14414978027344 143.42601013183594 522.1063232421875 165.66027832031253
0 0.0291 18.394737243652344 193.2731742858887 71.87911987304688 215.81376266479492
0 0.0288 409.2521667480469 202.70781707763672 461.1066436767578 226.37927246093747
0 0.0282 314.57871437072754 169.6777458190918 355.5503749847412 199.5724983215332
0 0.0275 308.555908203125 103.1747169494629 361.7327880859375 125.91290664672852
0 0.0259 199.76295471191406 312.3293228149414 250.65170288085938 336.7552108764648
0 0.0254 0.0 219.3858642578125 638.75 558.2499999999999
0 0.0242 379.08485412597656 322.823745727539 431.2567138671875 346.26361083984375
0 0.0230 368.8982391357422 292.9538650512695 421.42364501953125 316.13417816162104
0 0.0229 0.0 -80.49999999999994 510.9122848510742 201.0149688720703
0 0.0228 247.90802001953125 283.5605163574219 302.32200622558594 305.52416992187494
0 0.0215 317.9347610473633 73.54638290405275 372.29732513427734 95.53864669799805
0 0.0208 8.80563735961914 163.01633071899414 61.50676727294922 186.07190322875974
0 0.0207 28.547708988189697 253.175651550293 81.74108266830444 275.9113235473633
0 0.0191 427.5345230102539 83.76645278930664 482.6638412475586 105.31556320190431
0 0.0182 28.597962856292725 313.14273071289057 81.69588327407837 335.94416809082026
0 0.0170 298.292236328125 263.3271331787109 351.9740295410156 285.7582397460937
0 0.0166 358.4388732910156 263.24755859375 411.83876037597656 285.8397216796875
0 0.0165 468.77124786376953 173.0380744934082 521.537971496582 196.0500450134277
0 0.0162 429.6282196044922 312.43128967285156 480.7715606689453 336.65393066406244
0 0.0158 28.5262393951416 283.18907928466797 81.76053047180176 305.8978958129882
0 0.0157 185.28461456298828 338.3713455200195 224.8907470703125 370.7592697143554
0 0.0156 364.84031677246094 209.22778320312497 405.3038787841797 239.9801559448242
0 0.0154 418.9033508300781 272.9519958496094 471.41868591308594 296.1362762451172
0 0.0144 309.3749141693115 202.6241226196289 360.99602699279785 226.46311950683594
0 0.0142 28.791608810424805 343.01684570312494 81.52127265930176 366.07012939453125
0 0.0139 377.2076416015625 63.93528652191165 432.96478271484375 85.14348697662355
0 0.0137 318.8158416748047 383.0079193115234 371.4979553222656 406.0800476074219
0 0.0135 429.4850158691406 342.5324935913086 480.9001922607422 366.5527267456054
0 0.0132 258.1908988952637 143.3943099975586 312.06464767456055 165.69159698486325
0 0.0132 75.04772186279297 218.84768676757812 115.10967254638672 250.3254241943359
0 0.0128 512.6921272277832 -80.49999999999996 638.7499809265137 -10.650761604309048
0 0.0127 0.0 132.6850051879883 51.06740951538086 156.40296173095703
0 0.0124 150.27271270751953 311.8763275146484 200.20984649658203 337.1982116699219
0 0.0120 85.25942802429199 308.42200469970703 124.91412162780762 340.71303558349604
0 0.0120 384.80091094970703 349.2998046875 425.34061431884766 379.914810180664
0 0.0118 258.416748046875 173.26178741455075 311.8586730957031 195.82553100585938
0 0.0114 199.70264434814453 372.37696838378906 250.7049560546875 396.7080993652343
0 0.0112 609.0231132507324 542.11323928833 638.7500190734863 558.2499809265136
0 0.0111 408.5398864746094 243.18301391601562 461.74766540527344 265.90434265136713
0 0.0110 189.1959571838379 282.7551574707031 241.15530014038086 306.33319091796875
0 0.0109 248.64154815673828 103.11822128295898 301.6558074951172 125.96924972534181
0 0.0109 0.7828617095947266 252.28392791748044 28.81183624267578 296.9576187133789
0 0.0107 208.65062713623047 193.1140441894531 261.64722442626953 215.97365570068357
0 0.0102 608.7003898620605 242.6576538085937 638.7500190734863 266.37042236328125
0 0.0101 258.75911712646484 73.04614257812501 311.54884338378906 96.04197692871095
0 0.0100 608.7339973449707 42.63624382019045 638.7499809265137 66.39200401306154
