0 0.0770 547.7325057983398 54.1538143157959 602.4835586547852 75.92898368835448
0 0.0539 558.007926940918 84.00238037109375 612.2311019897461 106.08276367187499
0 0.0521 557.6509857177734 24.20144081115723 612.5575256347656 45.88120460510254
0 0.0353 497.8855895996094 74.07372951507568 552.3423767089844 96.01091861724852
0 0.0313 608.2601928710938 43.43136787414551 638.75 66.59428596496582
0 0.0274 487.1331787109375 44.47548866271973 543.0327606201172 65.60292243957518
0 0.0254 0.0 219.8858642578125 638.75 558.75
0 0.0250 548.4721374511719 113.7272262573242 601.8085479736328 136.36020660400388
0 0.0229 0.0 -79.99999999999999 510.9122848510742 201.51496887207028
0 0.0210 608.2744026184082 3.4228610992431645 638.7499809265137 26.6028881072998
0 0.0186 516.5042877197266 4.780864715576171 573.6138153076172 25.290584564208984
0 0.0180 608.482494354248 103.29797744750975 638.7500190734863 126.72937393188475
0 0.0169 614.5748710632324 69.75407123565674 638.7500190734863 100.45806407928465
0 0.0132 338.23829650878906 43.86882781982421 392.0209503173828 66.21768951416016
0 0.0125 488.51612091064453 103.69918823242188 541.7688369750977 126.38828277587892
0 0.0120 488.1092071533203 193.94248962402344 542.1389770507812 216.14303588867188
0 0.0119 327.8425598144531 14.095211029052734 382.3822784423828 35.98875045776367
0 0.0116 598.1928253173828 -26.112480163574215 638.75 -3.802423477172851
0 0.0113 278.33882331848145 43.80914688110351 331.9294261932373 66.27788543701172
0 0.0112 609.007568359375 542.6256561279297 638.75 558.7499999999999
0 0.0112 528.5299682617188 143.68579864501953 581.7573547363281 166.4010238647461
0 0.0111 498.0483627319336 223.975715637207 552.194938659668 246.1091613769531
0 0.0104 338.4262466430664 73.7555456161499 391.8501663208008 96.33177280426024
0 0.0103 477.92015075683594 164.05017852783203 532.3117065429688 186.03408813476562
0 0.0102 438.22689056396484 63.876080513000495 492.03121185302734 86.21043682098389
0 0.0101 489.2015838623047 313.2493209838867 541.1506652832031 336.8387222290039
0 0.0100 608.886547088623 133.03773880004883 638.7500190734863 156.99125289916992
