0 0.1087 -56.740824222564676 92.81286239624023 -5.840970516204815 117.26903915405273
0 0.0995 -100.97231173515318 78.31440925598145 -61.828913927078226 111.76812171936035
0 0.0957 3.0069837570190594 73.02933692932129 54.37791919708253 97.05756187438965
0 0.0899 -57.04647445678709 63.052616119384766 -5.571111679077133 87.0323371887207
0 0.0865 -6.091674804687486 102.24540710449219 43.59372711181641 127.82560348510742
0 0.0775 -51.113120555877664 118.63259315490723 -11.700970172882068 151.47723197937012
0 0.0769 -106.49999999999997 118.05792808532715 -71.9068613052368 152.0030689239502
0 0.0765 -106.2262382507324 52.37253665924072 -56.29049682617185 77.70158290863037
0 0.0650 43.12351322174074 102.93874740600586 94.27493190765382 127.14704513549805
0 0.0640 2.8689346313476722 43.119120597839355 54.5033416748047 66.96686267852783
0 0.0625 62.08688354492188 73.65792989730835 115.20413970947266 96.43015146255493
0 0.0582 -10.793537139892562 127.83224105834961 28.01513290405275 162.2100067138672
0 0.0556 131.95552444458008 3.738875389099121 185.3233299255371 26.34871482849121
0 0.0513 13.233862876892102 2.8513193130493164 64.1776285171509 27.23331928253174
0 0.0508 -77.81942749023435 13.590338230133057 -24.878839492797834 36.49676561355591
0 0.0496 72.30350112915039 3.5202789306640625 125.00815963745117 26.568317413330078
0 0.0443 28.969727516174327 128.46220016479492 68.22215175628664 161.6329002380371
0 0.0419 61.9358596801758 43.74074459075928 115.34341430664062 66.34530544281006
0 0.0400 122.10681533813477 73.64300489425659 175.1866111755371 96.44479036331177
0 0.0383 102.83502197265626 103.15277099609375 154.5316848754883 126.93460464477539
0 0.0329 -105.76784515380858 2.274179458618164 -77.6280536651611 47.83892631530762
0 0.0315 121.75412750244142 43.84993076324463 175.5086669921875 66.2352705001831
0 0.0313 68.72397994995119 129.00445938110352 108.4458122253418 161.13786697387695
0 0.0304 -105.81618213653562 151.86981201171875 -77.57024908065793 198.15258026123047
0 0.0301 -66.6121163368225 152.70331859588623 -15.953198909759505 177.376446723938
0 0.0301 -25.74514770507811 2.495393753051758 2.345005035400405 47.67230987548828
0 0.0297 191.76774597167972 3.850400447845459 245.49440002441406 26.236119270324707
0 0.0262 158.62300491333008 99.20273780822754 198.53961563110352 130.95728874206543
0 0.0254 -106.49999999999997 299.8858642578125 532.25 638.75
0 0.0239 -11.007732391357406 508.40675354003906 28.202129364013683 541.6835784912109
0 0.0229 108.61512756347656 129.2214822769165 148.54661560058594 160.94022274017334
0 0.0229 -106.49999999999997 0.0 404.4122848510742 281.5149688720703
0 0.0227 -11.020645141601548 468.43860626220703 28.213611602783217 501.6544723510742
0 0.0226 -15.772661209106428 161.8730926513672 33.331781387329116 188.1824493408203
0 0.0201 183.2025203704834 72.86741256713867 234.2071018218994 97.21635818481445
0 0.0201 198.92298316955566 98.56310844421387 238.26508140563968 131.5406894683838
0 0.0194 -1.202568054199204 548.8434219360352 38.379074096679695 581.2847518920898
0 0.0194 -66.91384696960448 612.9495239257812 -15.688280105590804 637.1340942382812
0 0.0193 -106.49999999999997 508.3730697631836 -71.80292034149169 541.7144393920898
0 0.0193 -11.021064758300767 428.4396743774414 28.213973999023455 461.65348052978516
0 0.0185 33.61466503143312 162.5227165222168 83.84603595733643 187.55537033081055
0 0.0183 153.2218132019043 132.85400390625 204.18964004516602 157.2298240661621
0 0.0172 2.779327392578142 622.7010917663574 54.68307113647462 638.7500190734863
0 0.0167 28.74286270141603 508.96446228027344 68.42853164672852 541.17431640625
0 0.0167 -105.79576873779295 462.0316696166992 -77.59470844268796 508.02562713623047
0 0.0158 78.81677246093751 608.7759208679199 118.36400604248048 638.7500190734863
0 0.0157 -67.28666687011717 583.2363891601562 -15.35886192321776 606.8509674072266
0 0.0155 -51.3386764526367 489.1129684448242 -11.4944496154785 521.0390853881836
0 0.0152 28.682666778564464 469.08756256103516 68.48403549194336 501.06212615966797
0 0.0152 204.22628021240232 132.21832752227783 232.37889862060547 177.88119792938232
0 0.0152 83.11816787719727 162.93800354003906 134.28065872192383 187.14717864990234
0 0.0150 38.595806121826186 549.2575836181641 78.56471633911134 580.9073638916016
0 0.0148 18.777404785156264 588.889274597168 58.39709854125978 621.2428665161133
0 0.0148 -51.30992317199705 449.05540466308594 -11.521057128906232 481.09153747558594
0 0.0148 -106.49999999999997 548.8010406494141 -71.63704299926755 581.3233947753906
0 0.0147 -106.49999999999997 602.7714538574219 -65.889591217041 627.3101806640625
0 0.0146 178.3481273651123 39.71547603607178 218.79637336730957 70.49130916595459
0 0.0143 -106.49999999999997 428.3081817626953 -71.82673358917235 461.7738342285156
0 0.0138 -41.33434915542601 549.106330871582 -1.4986624717712238 581.0451126098633
0 0.0137 158.6447296142578 159.15772914886475 198.5197219848633 190.99825382232666
0 0.0135 406.19212722778315 0.0 532.2499809265136 69.84923839569092
0 0.0130 244.17920684814453 91.81636810302734 272.43520355224604 138.19217681884766
0 0.0129 -67.22194099426268 523.1814575195312 -15.414852142333967 546.9044494628906
0 0.0127 198.877721786499 178.6663818359375 238.30599403381348 211.44634246826172
0 0.0126 28.717094421386733 429.0167999267578 68.45235443115236 461.1266326904297
0 0.0122 502.5347290039062 622.6043701171875 532.25 638.75
0 0.0117 -61.41398096084593 179.2595672607422 -21.424447536468488 210.90560913085938
0 0.0112 68.7434539794922 508.96018981933594 108.42832183837892 541.1782073974609
0 0.0111 78.74944305419923 568.9480590820312 118.42275238037111 601.1892700195312
0 0.0111 118.8121376037598 608.7885284423828 158.3679542541504 638.75
0 0.0107 -11.085361480712876 388.59161376953125 28.271709442138686 421.51458740234375
0 0.0106 68.71690368652345 469.01222229003906 108.45304107666017 501.1308288574219
0 0.0105 204.23070526123047 212.2624397277832 232.37371063232422 257.84807205200195
0 0.0103 158.56528854370117 199.31453704833984 198.59328842163086 230.85556030273438
0 0.0101 163.12903022766113 612.9160690307617 214.27380180358884 637.1671676635742
0 0.0100 467.8924140930175 84.83681678771973 532.2499809265137 134.7470188140869
0 0.0100 244.20960998535153 172.06598281860352 272.3987731933594 217.99753189086914
