0 0.0582 336.73473358154297 304.6739196777343 393.4000778198242 325.40054321289057
0 0.0420 306.98421478271484 284.5503616333007 363.17005157470703 305.5265426635742
0 0.0392 366.72279357910156 324.67666625976557 423.4117889404297 345.3971862792969
0 0.0365 336.7951202392578 264.64054107666016 393.3452606201172 285.43392181396484
0 0.0357 366.51012420654297 284.77607727050776 423.60889434814453 305.2951049804687
0 0.0294 117.50528812408447 154.28182601928708 172.69071102142334 175.7999229431152
0 0.0269 278.68836402893066 313.5956573486328 331.611852645874 336.49291992187494
0 0.0267 327.81494140625 344.11487579345703 382.4066162109375 365.9695053100586
0 0.0254 0.0 219.8858642578125 638.75 558.75
0 0.0245 296.96099281311035 244.5583343505859 353.1923580169678 265.51780700683594
0 0.0243 396.9613265991211 304.5567321777343 453.1923294067383 325.51918029785156
0 0.0236 17.973332405090332 224.01939392089844 72.2632646560669 246.0651397705078
0 0.0229 0.0 -79.99999999999999 510.9122848510742 201.51496887207028
0 0.0221 574.3924140930176 84.83682632446289 638.7499809265137 134.74702835083008
0 0.0218 107.48443603515625 124.2863082885742 162.71137237548828 145.79425811767578
0 0.0202 366.9358825683594 244.56966400146482 423.21571350097656 265.50601959228516
0 0.0193 18.417816162109375 193.75726699829102 71.85856819152832 216.32951736450195
0 0.0192 257.4757385253906 264.2979049682617 312.7177429199219 285.78365325927734
0 0.0191 598.2223510742188 313.8739776611328 638.75 336.2118530273437
0 0.0185 511.90391540527344 -30.158195495605472 638.75 69.6270751953125
0 0.0181 118.36580276489258 183.7949752807617 171.90446853637695 206.29249572753906
0 0.0177 574.3924140930176 144.8368263244629 638.7499809265137 194.74702835083008
0 0.0174 17.86728858947754 254.08252716064453 72.35942840576172 276.0017776489257
0 0.0169 58.5675048828125 153.66804122924805 111.72212600708008 176.41969680786133
0 0.0168 327.0501708984375 214.51364517211914 383.11012268066406 235.56337356567383
0 0.0165 608.5472106933594 -66.743643283844 638.75 -43.2288146018982
0 0.0163 588.5071563720703 283.6985397338867 638.75 306.3879776000976
0 0.0155 588.2034111022949 343.88648986816406 638.7500190734863 366.19941711425776
0 0.0154 88.91870498657227 83.43395233154297 141.40655517578125 106.65321350097656
0 0.0148 499.02252197265625 -76.62710666656494 551.3112640380859 -53.28453063964844
0 0.0147 177.08595275878906 154.49617385864255 233.0770492553711 175.5812644958496
0 0.0145 538.359489440918 313.79264831542963 591.911506652832 336.2938690185547
0 0.0145 0.0 162.90462493896484 50.738582611083984 187.18055725097656
0 0.0141 608.8622856140137 243.0516052246094 638.7500190734863 266.9770050048828
0 0.0141 387.2842788696289 354.3936538696289 442.89478302001953 375.6855392456054
0 0.0140 257.1237373352051 224.4780445098877 313.0420112609863 245.59992790222165
0 0.0135 337.8437042236328 374.09797668457026 392.3804473876953 395.9864807128906
0 0.0133 48.62643241882324 123.62941741943358 101.66911125183105 146.45824432373047
0 0.0131 608.9649200439453 542.658519744873 638.75 558.7500190734862
0 0.0123 608.9566230773926 212.98725128173828 638.7499809265137 237.0414352416992
0 0.0123 439.2052459716797 -76.7530345916748 491.1473846435547 -53.15890073776245
0 0.0122 95.14434814453125 49.15752410888672 135.02016067504883 80.99845886230467
0 0.0118 528.3050537109375 343.82541656494135 581.9610595703125 366.260871887207
0 0.0117 284.9629211425781 339.51076507568354 325.1884078979492 370.67714691162104
0 0.0116 437.7881622314453 324.12559509277344 492.43202209472656 345.95802307128906
0 0.0115 588.5176849365234 373.6986541748047 638.75 396.38885498046875
0 0.0112 528.3460235595703 283.79825592041016 581.9243621826172 306.2878799438476
0 0.0111 74.66630935668945 180.02899169921875 115.4677963256836 210.2071380615234
0 0.0110 305.3166675567627 18.80403518676758 344.86132621765137 51.3206672668457
0 0.0107 177.24533081054688 184.41783905029297 232.9296112060547 205.66158294677734
0 0.0105 515.396614074707 148.61957550048825 554.7893142700195 181.48910522460938
0 0.0104 77.94187545776367 224.03327941894528 132.29290008544922 246.05045318603513
0 0.0104 0.0 -76.9087290763855 40.9532356262207 -53.003990650176995
0 0.0103 407.27176666259766 264.39693450927734 462.90699005126953 285.68164825439453
0 0.0103 237.30657577514648 184.38005447387695 292.874698638916 205.69898605346677
0 0.0103 379.9673843383789 -77.34256982803345 430.47298431396484 -52.57599592208862
0 0.0102 345.2579116821289 28.930540084838867 384.9149703979492 61.20526313781738
0 0.0100 0.0 129.00249481201172 34.94730472564697 161.13967895507812
0 0.0100 385.44994354248047 -41.49244785308837 424.74010467529297 -8.408560752868652
