0 0.0320 493.0625534057617 310.41416931152344 608.1914901733398 360.0640563964843
0 0.0263 590.5783462524414 206.6452102661133 619.0567398071289 254.2400817871094
0 0.0254 0.0 -14.49999999999999 638.75 324.9857025146485
0 0.0229 0.0 342.5248603820801 510.9126281738281 624.2499809265137
0 0.0223 560.6561660766602 187.1719436645508 588.9630508422852 233.81119537353518
0 0.0219 590.6504058837891 257.1057777404785 618.9698028564453 303.8604240417481
0 0.0215 590.6198501586914 156.89087677001956 619.0065383911133 204.03385925292972
0 0.0204 512.8874015808105 555.1266937255859 638.7500190734863 624.25
0 0.0197 560.6432342529297 137.05609607696533 588.9784240722656 183.90060710906982
0 0.0187 493.0625534057617 370.41416931152344 608.1914901733398 420.0640563964843
0 0.0186 511.90391540527344 435.3418426513672 638.75 535.1270751953125
0 0.0179 560.7219696044922 237.72021102905276 588.8843536376953 283.3848838806153
0 0.0166 439.6200180053711 458.42842864990234 490.78067779541016 482.6556472778321
0 0.0159 389.71229553222656 478.36010742187506 440.6983184814453 502.7236633300781
0 0.0157 456.58878326416016 170.2275161743164 513.5388565063477 190.8427886962891
0 0.0155 620.6349182128906 227.39807891845706 638.75 273.6890869140625
0 0.0154 466.2207794189453 190.40299224853518 523.8787078857422 210.663688659668
0 0.0153 530.7487106323242 147.96030807495117 558.852424621582 193.20154953002933
0 0.0150 590.6550216674805 107.13059234619142 618.9641952514648 153.83917617797854
0 0.0147 610.7263374328613 307.71817016601557 638.7499809265137 353.38124084472656
0 0.0135 478.7647247314453 139.02600097656253 531.5473175048828 162.05979156494143
0 0.0132 620.6488800048828 177.51093673706058 638.75 223.60087203979492
0 0.0130 450.62416076660156 526.918342590332 479.0013885498047 574.0112380981446
0 0.0125 560.655517578125 87.13634300231934 588.963623046875 133.8349132537842
0 0.0119 420.6254577636719 526.9291381835938 448.9997863769531 574.0027313232422
0 0.0118 480.65147399902344 527.1046905517578 508.9684295654297 573.8599090576172
0 0.0115 530.7089614868164 97.5728397369385 558.8996505737305 143.49389839172366
0 0.0114 445.55187225341797 483.75550079345703 484.6494674682617 517.3220138549805
0 0.0113 530.8134841918945 198.68572998046878 558.7761306762695 242.66960906982422
0 0.0112 620.6753730773926 127.74672317504884 638.7499809265137 173.42005538940433
0 0.0108 608.8311576843262 -1.4259548187255804 638.7500190734863 22.45472240447999
0 0.0108 605.4846954345703 353.91743469238287 638.75 387.17388916015625
0 0.0106 5.56640625 533.723762512207 44.63609218597412 567.3510818481445
0 0.0106 416.7409133911133 150.1528244018555 473.3986282348633 170.9188919067383
0 0.0105 460.7189178466797 587.7079658508301 488.8880157470703 624.2499809265138
0 0.0103 0.0 608.1553153991699 51.13828659057617 624.2500190734864
0 0.0103 390.6800842285156 507.32220458984375 418.93409729003906 553.6874084472656
0 0.0101 599.4182014465332 28.59608936309816 638.7499809265137 52.49144840240479
0 0.0101 58.91765832901001 278.93994140625006 111.40636205673218 302.14798736572266
