0 0.1065 374.4883728027344 205.64050674438477 435.4888916015625 224.40557479858398
0 0.1038 374.5623016357422 185.6109619140625 435.4200744628906 204.43599700927732
0 0.0991 374.66835021972656 225.57259559631348 435.32020568847656 244.47630882263186
0 0.0904 374.6685791015625 165.56900024414062 435.3208923339844 184.47933197021484
0 0.0749 375.2524948120117 245.33824920654294 434.7750473022461 264.7185897827148
0 0.0580 374.77123260498047 145.528564453125 435.2250289916992 164.52114105224607
0 0.0534 315.20259857177734 185.35938262939453 374.8214340209961 204.6969223022461
0 0.0527 315.4294204711914 205.26485443115234 374.6101760864258 224.7943878173828
0 0.0495 376.1627197265625 264.94407653808594 433.9289855957031 285.124282836914
0 0.0486 315.0297164916992 165.42938232421875 374.9827194213867 184.6245193481445
0 0.0465 315.6827449798584 225.15640258789062 374.3746280670166 244.90600585937503
0 0.0387 434.90699768066406 215.4747200012207 495.0982666015625 234.57685470581055
0 0.0362 315.90081214904785 245.059700012207 374.17235374450684 265.0052261352539
0 0.0355 435.1381301879883 195.3796577453613 494.8830795288086 214.67477798461914
0 0.0334 315.104284286499 145.39739608764648 374.9136447906494 164.65723037719727
0 0.0332 435.19325256347656 235.36087036132807 494.83070373535156 254.69490051269526
0 0.0332 435.4718780517578 175.24024963378903 494.57237243652344 194.81845855712888
0 0.0284 435.83457946777344 155.08306503295898 494.2353057861328 174.98006820678708
0 0.0259 374.9890899658203 125.4402732849121 435.0220489501953 144.6121788024902
0 0.0258 316.45142555236816 264.80953216552734 373.6618709564209 285.26195526123047
0 0.0254 0.0 219.8858642578125 638.75 558.75
0 0.0238 377.730712890625 294.1608047485351 432.48382568359375 315.9228897094726
0 0.0229 0.0 -79.99999999999999 510.9122848510742 201.51496887207028
0 0.0205 435.89038848876953 255.0642013549804 494.18209075927734 275.00057220458984
0 0.0184 436.1254119873047 134.9525260925293 493.9656066894531 155.1140022277832
0 0.0177 378.3888626098633 323.7770843505859 431.8843460083008 346.3098907470703
0 0.0164 315.54805755615234 125.21045684814455 374.50077056884766 144.84962463378906
0 0.0155 256.6843605041504 184.69774246215817 313.4467124938965 205.3761100769043
0 0.0151 512.6921272277832 -80.0 638.7499809265137 -10.150761604309086
0 0.0134 256.8199920654297 154.62848663330078 313.32225799560547 175.44628143310544
0 0.0131 375.4498291015625 105.24871826171875 434.5930480957031 124.80957031250001
0 0.0128 436.6651153564453 274.708137512207 493.4642028808594 295.36571502685547
0 0.0122 608.4225463867188 183.3328819274902 638.75 206.6938209533691
0 0.0121 256.78443908691406 214.64828491210938 313.35453033447266 235.42648315429685
0 0.0119 317.86025047302246 294.085578918457 372.3660373687744 315.99857330322266
0 0.0117 608.5302925109863 153.2662582397461 638.7499809265137 176.76109313964844
0 0.0117 608.3242797851562 213.39277267456055 638.75 236.63331985473633
0 0.0116 378.8102722167969 353.5123062133789 431.5027618408203 376.57581329345703
0 0.0110 317.82215118408203 324.1035461425781 372.40169525146484 345.97984313964844
0 0.0110 574.3924140930176 4.836816787719727 638.7499809265137 54.747018814086914
0 0.0109 609.001293182373 542.6304626464844 638.7500190734863 558.7499999999999
0 0.0100 608.2592582702637 243.4315490722656 638.7500190734863 266.59400939941406
0 0.0100 436.50997161865234 114.77170944213866 493.61011505126953 135.29878616333008
