0 0.0254 0.0 192.88586425781247 638.75 531.75
0 0.0254 587.0597839355469 217.5011520385742 638.75 238.5747604370117
0 0.0229 0.0 -107.00000000000001 510.9122848510742 174.5149688720703
0 0.0213 246.27248764038086 -102.11857509613036 303.8302421569824 -81.81379747390746
0 0.0212 516.4145278930664 217.82303619384766 573.6968612670898 238.2473831176758
0 0.0209 245.76173782348633 -41.8798370361328 304.301700592041 -22.057077407836907
0 0.0208 255.5184555053711 -61.776158332824686 314.52816009521484 -42.16399860382079
0 0.0205 587.5452423095703 187.2475128173828 638.75 208.83263397216797
0 0.0200 245.60592651367188 -81.81488227844237 304.44713592529297 -62.12438297271727
0 0.0190 526.5091323852539 197.77577209472656 583.6100387573242 218.29529571533206
0 0.0189 207.74023056030273 97.1533088684082 262.475643157959 118.930118560791
0 0.0178 198.79079818725586 126.52817535400392 251.51968002319336 149.56036376953125
0 0.0175 186.94828033447266 -102.43851852416991 243.20480346679688 -81.48596954345702
0 0.0175 197.28696823120117 57.392147064208984 252.89228439331055 78.68700790405273
0 0.0174 607.8897857666016 246.64471435546878 638.75 269.3776397705078
0 0.0167 226.3747215270996 -22.154914855957024 283.7329292297363 -1.774532318115228
0 0.0160 197.35475540161133 17.35968399047852 252.82934188842773 38.72052001953126
0 0.0149 157.54013061523438 77.26216125488283 212.65899658203125 98.81974029541016
0 0.0148 257.8285026550293 77.10110473632812 312.3956108093262 98.9824752807617
0 0.0145 536.8148422241211 237.63222503662112 593.3267593383789 258.4426956176758
0 0.0143 196.18736267089844 -62.06916999816893 253.9065933227539 -41.862537384033196
0 0.0143 258.44058990478516 116.74717712402345 311.83704376220703 139.3402557373047
0 0.0133 186.70965194702148 -42.31254768371581 243.42290878295898 -21.61302757263183
0 0.0133 237.30653762817383 37.383273124694824 292.8740119934082 58.69626331329346
0 0.0133 147.8696060180664 37.080328941345215 202.3575210571289 59.003861427307136
0 0.0133 512.6921272277832 -106.99999999999999 638.7499809265137 -37.15076160430907
0 0.0132 199.71750259399414 155.86376953125 250.69215774536133 180.22095489501953
0 0.0130 246.68498992919922 -2.3028869628906175 303.4461975097656 18.376701354980476
0 0.0126 148.41121673583984 106.76699447631836 201.8633270263672 129.3205909729004
0 0.0126 588.1829643249512 156.88999938964844 638.7500190734863 179.1945343017578
0 0.0124 98.09066772460938 56.95355224609376 152.1558380126953 79.13189697265625
0 0.0123 506.7145538330078 177.67809677124023 563.4200286865234 198.3952980041504
0 0.0121 286.0374069213867 -22.002288818359364 344.04590606689453 -1.9313545227050706
0 0.0116 511.90391540527344 22.841804504394542 638.75 122.62707519531251
0 0.0113 466.9418716430664 197.5691680908203 523.2096481323242 218.50697326660153
0 0.0113 149.6871566772461 145.88694381713867 200.71910858154297 170.19797134399414
0 0.0112 249.4776725769043 146.0502700805664 300.9041404724121 170.03666687011722
0 0.0111 608.0780029296875 276.53885650634766 638.75 299.48540496826166
0 0.0109 305.8467102050781 -41.91959571838378 364.22340393066406 -22.016689300537102
0 0.0109 575.4707145690918 497.7563171386718 638.7500190734863 531.75
0 0.0106 306.4708709716797 -102.21248579025269 363.6469268798828 -81.71786737442015
0 0.0102 608.2742500305176 306.42395782470703 638.7499809265137 329.6019058227539
0 0.0100 476.9322967529297 237.57618713378906 533.2179260253906 258.5001831054687
