0 0.0291 12.329135894775405 613.4969711303711 64.98641586303712 636.590690612793
0 0.0254 -106.49999999999997 299.8858642578125 532.25 638.75
0 0.0229 -106.49999999999997 0.0 404.4122848510742 281.5149688720703
0 0.0226 92.64245605468751 613.2830429077148 144.70525360107422 636.804084777832
0 0.0187 -77.59498739242552 593.4499740600586 -25.08261346817015 616.6381454467773
0 0.0175 -77.42696905136107 622.8645324707031 -25.13497018814085 638.75
0 0.0169 1.7213211059570435 583.8773727416992 55.53674316406251 606.2088394165039
0 0.0155 152.8227195739746 613.1536865234375 204.54436874389648 636.9326782226562
0 0.0150 -106.49999999999997 563.0265045166016 -65.62214279174803 587.0600891113281
0 0.0135 62.22081756591798 583.5712814331055 115.08332824707031 606.5168380737305
0 0.0127 -106.49999999999997 532.9578399658203 -65.70037269592284 557.1279144287109
0 0.0118 406.19212722778315 0.0 532.2499809265136 69.84923839569092
0 0.0114 -25.704387664794904 602.9323577880859 2.2968444824218888 638.75
0 0.0108 502.54022216796864 622.5999641418457 532.25 638.7499809265137
0 0.0103 -105.73533678054808 592.6008605957031 -77.6665916442871 637.5942230224609
0 0.0102 143.0644187927246 2.980799674987793 194.3279609680176 27.10500717163086
0 0.0101 64.21636199951173 612.7441596984863 92.39461517333984 638.7499809265137
