0 0.0935 599.2839241027832 154.192253112793 638.7499809265137 177.89571380615237
0 0.0812 599.3371772766113 124.15279006958008 638.7499809265137 147.9347953796387
0 0.0691 609.0497589111328 183.9231643676758 638.75 208.10556030273438
0 0.0644 599.1958427429199 94.25635910034181 638.7500190734863 117.83210372924808
0 0.0548 608.6174011230469 64.21250915527345 638.75 87.81545257568361
0 0.0487 599.2012214660645 -35.75000905990599 638.7499809265137 -12.161890506744369
0 0.0432 599.0983772277832 -85.67973995208739 638.7499809265137 -62.232107162475565
0 0.0356 598.6355781555176 34.62373352050783 638.7499809265137 57.46396636962892
0 0.0333 599.0031242370605 -5.6183567047119 638.7500190734863 17.70611381530763
0 0.0299 609.0149116516113 213.94673919677734 638.7499809265137 238.08187103271484
0 0.0299 549.7420883178711 103.82197952270508 600.6750106811523 128.25950241088867
0 0.0259 565.3203964233398 59.80342960357668 604.8571395874023 92.32119655609131
0 0.0254 0.0 200.88586425781253 638.75 539.75
0 0.0254 190.72525024414062 -48.90198135375975 411.5412902832031 50.29830551147462
0 0.0230 554.9344253540039 130.55123901367188 595.2163314819336 161.64044952392578
0 0.0229 538.6909103393555 -35.41507863998412 591.6115951538086 -12.497641086578355
0 0.0218 538.602409362793 -85.3578939437866 591.6913986206055 -62.55485916137693
0 0.0214 353.0625534057617 -94.08583068847655 468.19149017333984 -44.435953140258775
0 0.0195 19.108200073242188 144.31003189086914 71.23528480529785 167.77762985229492
0 0.0186 539.4749069213867 34.05102348327639 590.906867980957 58.03576087951661
0 0.0178 478.78562927246094 -95.47145748138426 531.5249633789062 -72.44043970108031
0 0.0171 549.3849563598633 174.11183929443362 600.9881210327148 197.97467803955078
0 0.0165 19.270591735839844 174.19494247436523 71.09010696411133 197.89210891723633
0 0.0165 28.809587955474854 224.5094451904297 81.50413274765015 247.57821655273438
0 0.0155 525.1754760742188 60.091439247131355 564.9917602539062 92.05866909027101
0 0.0154 609.0920257568359 343.89318084716797 638.75 368.1355056762696
0 0.0153 538.6671829223633 -5.398239135742172 591.6326522827148 17.48572921752931
0 0.0146 608.9362335205078 244.00174713134766 638.75 268.02701568603516
0 0.0145 497.7853775024414 125.12614822387697 552.4348068237305 146.95727920532227
0 0.0144 488.4564208984375 -55.26404285430907 541.8230438232422 -32.648705482482896
0 0.0142 18.972949981689453 114.40108871459962 71.35700225830078 137.68657302856445
0 0.0142 234.34864044189453 -98.99999999999999 346.86927795410156 -64.2557849884033
0 0.0139 150.72525024414062 71.09801864624025 371.5412902832031 170.2983055114746
0 0.0133 0.0 -95.71982765197752 51.185946464538574 -72.1916332244873
0 0.0130 28.822498321533203 254.50326538085935 81.49199485778809 277.58470153808594
0 0.0129 498.19934844970703 154.89263153076175 552.0562362670898 177.19380950927734
0 0.0128 608.9704704284668 523.6543426513672 638.7500190734863 539.75
0 0.0127 609.3649291992188 373.68978118896484 638.75 398.3374557495118
0 0.0127 608.9697265625 313.97908782958984 638.75 338.04967498779297
0 0.0122 478.7378692626953 -25.437377929687486 531.5674591064453 -2.474140167236314
0 0.0122 405.42301177978516 -40.429708003997796 444.76436614990234 -7.465902805328355
0 0.0121 489.2732238769531 24.198757171630874 541.0865783691406 47.88907623291017
0 0.0121 75.44116020202637 159.52388381958008 114.74841117858887 192.57651901245117
0 0.0118 609.5623970031738 493.5329208374023 638.7499809265137 518.4924850463867
0 0.0114 488.53702545166016 94.67919921875 541.7514419555664 117.40731811523438
0 0.0111 405.4286575317383 -0.44666671752928244 444.75963592529297 32.5496063232422
0 0.0110 565.0717544555664 200.30286407470703 605.0871658325195 231.86616516113284
0 0.0107 0.7761716842651367 213.7130889892578 28.81974220275879 258.50999450683594
0 0.0106 69.91544723510742 133.69842147827148 120.51898956298828 158.3834037780762
0 0.0105 58.36649179458618 -95.21379375457762 111.90566778182983 -72.69996070861814
0 0.0105 80.7588005065918 193.5449371337891 108.84037017822266 238.63633728027344
0 0.0101 279.34882164001465 234.1362152099609 331.0208225250244 257.9502258300781
0 0.0100 469.33189392089844 64.15137863159181 521.0352325439453 87.93552017211915
0 0.0100 0.0 65.91418838500978 108.19150924682617 115.56403732299806
0 0.0100 0.0 13.95233726501466 50.7875919342041 38.133874893188484
