0 0.0480 586.1316680908203 217.9472427368164 638.75 238.11898040771484
0 0.0400 586.2616157531738 197.88747596740723 638.7499809265137 218.18019676208496
0 0.0370 596.6189575195312 237.71492767333984 638.75 258.3560256958008
0 0.0289 597.1444511413574 167.45499420166016 638.7500190734863 188.62126159667972
0 0.0254 0.0 192.88586425781247 638.75 531.75
0 0.0230 607.2441101074219 266.98693084716797 638.75 289.0276412963867
0 0.0229 0.0 -107.00000000000001 510.9122848510742 174.5149688720703
0 0.0198 608.4543609619141 396.316650390625 638.75 419.71073913574213
0 0.0186 606.9607734680176 297.12952423095703 638.7499809265137 318.8814620971679
0 0.0177 526.2326812744141 207.9067211151123 583.8654327392578 228.1615619659424
0 0.0163 597.7870178222656 137.11584854125977 638.75 158.96616744995117
0 0.0151 526.3816452026367 187.83753204345703 583.7275314331055 208.23239135742188
0 0.0146 607.1729850769043 327.0262603759765 638.7500190734863 348.9879302978515
0 0.0126 512.6921272277832 -106.99999999999999 638.7499809265137 -37.15076160430907
0 0.0117 0.0 76.56388092041017 51.567726135253906 99.52473449707031
0 0.0115 526.1561965942383 227.94228363037107 583.9361953735352 248.12523651123047
0 0.0110 187.3969268798828 77.3355941772461 242.79102325439453 98.74470520019531
0 0.0108 598.4502410888672 76.73706817626953 638.75 99.34979248046875
0 0.0106 608.4486198425293 106.31722259521484 638.7500190734863 129.7097091674805
0 0.0102 607.8863525390625 366.6476898193359 638.75 389.37474060058594
