0 0.0877 355.9724426269531 -54.972796440124505 414.10606384277344 -34.96155261993408
0 0.0813 356.09222412109375 -75.03560543060303 413.9971160888672 -54.898762702941895
0 0.0647 356.71226501464844 -35.316224098205566 413.4210205078125 -14.609694480895996
0 0.0522 28.174095153808594 223.90583038330078 82.0796012878418 246.1802291870117
0 0.0445 296.22185707092285 -75.09378910064697 353.8767910003662 -54.83892440795899
0 0.0430 295.95648765563965 -54.96464848518371 354.1206455230713 -34.96972918510437
0 0.0410 416.4485549926758 -75.19947528839111 473.66703033447266 -54.730734825134284
0 0.0400 598.309326171875 -26.175556182861328 638.75 -3.737888336181641
0 0.0371 27.309513092041016 -75.6207537651062 82.87184715270996 -54.30005311965942
0 0.0361 598.6914253234863 3.591003417968749 638.7499809265137 26.497211456298828
0 0.0346 597.9740715026855 -65.9844398498535 638.7500190734863 -43.93153190612793
0 0.0335 416.6920471191406 -45.30641078948974 473.43971252441406 -24.619717597961422
0 0.0332 296.60555839538574 -35.26333808898926 353.5192584991455 -14.663476943969725
0 0.0331 28.42731475830078 193.75446319580078 81.84928894042969 216.33277893066406
0 0.0322 18.690452575683594 153.59075546264648 71.61076545715332 176.49732589721677
0 0.0257 0.0 -55.08583068847656 108.19150924682617 -5.435953140258787
0 0.0254 0.0 219.8858642578125 638.75 558.75
0 0.0251 598.9833831787109 33.40014457702636 638.75 56.688356399536126
0 0.0246 28.460943698883057 253.73645782470703 81.81819677352905 276.3512802124023
0 0.0244 0.7331514358520508 202.28630065917966 28.87078046798706 247.83004760742188
0 0.0231 357.4864959716797 -5.709478855133057 412.7082824707031 15.790884494781492
0 0.0213 138.17808151245117 -80.00000000000001 638.7500190734863 201.51493072509766
0 0.0197 537.8480529785156 -65.90802192687988 592.3773193359375 -44.008002281188965
0 0.0197 87.36818313598633 -75.6508731842041 142.81780242919922 -54.26933288574218
0 0.0190 538.3330535888672 -26.190075874328613 591.9352722167969 -3.7233018875122066
0 0.0183 88.16367149353027 223.9071559906006 142.0901584625244 246.17814064025876
0 0.0171 13.06253433227539 4.914178848266602 128.19150924682617 54.564046859741204
0 0.0168 236.99186325073242 -75.45966386795044 293.1644630432129 -54.464294910430915
0 0.0167 477.1743392944336 -75.55543422698975 532.9972457885742 -54.36729431152344
0 0.0163 18.618192672729492 123.63582611083983 71.67631149291992 146.45198822021482
0 0.0162 538.597526550293 3.646049499511718 591.6955947875977 26.441307067871094
0 0.0149 487.39234924316406 -45.66390872001647 542.7957153320312 -24.256144762039185
0 0.0147 417.4607467651367 -15.696344375610352 472.73204803466797 5.777444839477538
0 0.0146 358.04508209228516 23.98159980773926 412.1970748901367 46.10384941101074
0 0.0134 608.8534545898438 63.05814266204833 638.75 86.97054386138915
0 0.0134 608.8970947265625 103.02865982055664 638.75 127.00006484985352
0 0.0134 297.51830101013184 -5.728132724761963 352.67945289611816 15.809538364410399
0 0.0134 237.0207977294922 -45.46748161315917 293.1362533569336 -24.45516586303711
0 0.0133 108.08461666107178 -36.03917598724365 162.16051578521729 -13.87484073638916
0 0.0127 338.524169921875 53.692588806152344 391.7619323730469 76.39467239379881
0 0.0118 608.8433074951172 183.06493759155273 638.75 206.96371078491208
0 0.0115 487.9833221435547 24.01616096496582 542.2535705566406 46.06879234313965
0 0.0114 608.8868713378906 133.03508758544922 638.75 156.99356079101562
0 0.0112 555.0229263305664 29.40178871154785 595.1320266723633 60.776185989379876
0 0.0112 88.23748588562012 193.86409759521484 142.02284812927246 216.2216567993164
0 0.0111 477.46192932128906 -15.699510574340819 532.7315521240234 5.780229568481444
0 0.0105 88.57792854309082 253.658332824707 141.7133617401123 276.42894744873047
0 0.0105 608.935375213623 323.00315856933594 638.7500190734863 347.0256805419922
0 0.0104 0.7491207122802734 252.43709564208984 28.85178804397583 297.7158737182617
0 0.0104 128.68541717529297 13.594512939453125 181.6152000427246 36.49364471435547
0 0.0104 608.8400268554688 213.0670356750488 638.75 236.961612701416
