0 0.0578 607.8675651550293 174.1579132080078 638.7500190734863 196.86432647705078
0 0.0474 607.6225471496582 144.29133224487305 638.7499809265137 166.72819900512695
0 0.0361 608.1340217590332 204.00666046142578 638.7499809265137 227.01813507080075
0 0.0341 607.6118469238281 114.29558563232423 638.75 136.72360229492188
0 0.0254 0.0 170.38586425781244 638.75 509.24999999999994
0 0.0229 0.0 -129.49999999999997 510.9122848510742 152.0149688720703
0 0.0206 607.8747749328613 84.15137100219728 638.7499809265137 106.87056350708009
0 0.0177 18.6790132522583 34.09683990478516 71.62137508392334 56.99105072021486
0 0.0146 28.341505527496338 64.3024139404297 81.92813634872437 86.78387451171875
0 0.0126 608.57666015625 343.7403945922851 638.75 367.2876815795898
0 0.0126 78.98819923400879 33.89435577392579 131.3425350189209 57.19376373291016
0 0.0125 608.2026672363281 53.964164733886726 638.75 77.0608596801758
0 0.0125 18.466901779174805 4.230926513671882 71.81320190429688 26.856563568115238
0 0.0124 545.9141159057617 125.55270004272461 604.160270690918 145.5121879577637
0 0.0121 608.2562446594238 233.93326568603513 638.7499809265137 257.09229278564453
0 0.0117 512.6921272277832 -129.5 638.7499809265137 -59.65076160430907
0 0.0111 545.9357070922852 105.54083633422853 604.1408157348633 125.52393722534181
0 0.0108 546.2125396728516 145.41897583007812 603.8833618164062 165.6495361328125
0 0.0105 128.58665466308594 14.15592479705811 181.70480728149414 36.93185138702393
0 0.0103 608.8040161132812 493.27786254882807 638.75 509.24999999999994
0 0.0100 0.0 -66.75173950195311 40.573978424072266 -42.165872573852525
0 0.0100 609.0191650390625 443.44677734375 638.75 467.58229064941406
