0 0.1432 301.05140805244446 153.20187866687775 347.4127948284149 168.40586125850677
0 0.1226 301.4030456542969 168.6766004562378 347.08577394485474 184.18560981750488
0 0.1178 293.2485342025757 137.5714546442032 339.5916819572449 152.78619587421414
0 0.0814 285.59181094169617 121.88041269779204 331.6343128681183 137.2292047739029
0 0.0725 286.0791087150574 -18.95886413753031 331.1816453933716 -3.1754536181688158
0 0.0645 301.76687240600586 184.13694262504578 346.74859046936035 199.9793803691864
0 0.0638 285.8450710773468 -34.480992108583436 331.3992917537689 -18.90647724270819
0 0.0624 254.86138463020325 152.90208220481873 299.9015748500824 168.71409177780149
0 0.0595 294.30732131004333 -3.5296970605850078 338.60960602760315 12.649924159050002
0 0.0583 347.9057550430298 161.02325230836868 394.3069577217102 176.2092491984367
0 0.0544 240.3997778892517 -19.55227494239805 283.20378065109253 -2.569734454154953
0 0.0536 285.7336699962616 106.19388580322267 331.5024673938751 121.66743040084839
0 0.0536 254.7798454761505 168.56415629386902 299.9771535396576 184.30103421211243
0 0.0505 403.9134383201599 176.0417377948761 447.77190685272217 192.4555456638336
0 0.0501 247.27936834096909 137.16977894306183 291.8756976723671 153.19898784160614
0 0.0483 286.7036461830139 19.80426222085954 330.6046724319458 36.192976534366615
0 0.0475 278.7233889102936 51.1374032497406 322.94681668281555 67.35818147659302
0 0.0446 286.08477115631104 82.59911894798277 331.17687702178955 98.39130997657776
0 0.0431 348.4345078468323 176.42082333564758 393.815279006958 192.0684731006622
0 0.0424 347.75009751319885 145.46039760112762 394.4525420665741 160.51971971988678
0 0.0418 294.0896153450012 66.88486099243164 338.8112783432007 82.85774350166321
0 0.0411 254.9636960029602 184.10636544227597 299.8064160346985 200.01120924949643
0 0.0408 248.58681112527847 3.6708196997642655 290.674589574337 21.08430176973344
0 0.0405 240.01827836036682 -42.78948098421095 283.55446457862854 -26.211089789867383
0 0.0397 285.9417796134949 -50.14990303665397 331.3097357749939 -34.486538134515264
0 0.0339 332.2763741016388 121.9597166776657 378.6868155002594 137.14727818965912
0 0.0307 248.14018607139587 35.16743764281274 291.0839021205902 52.08392873406411
0 0.0306 395.2022194862366 153.02483797073364 440.79136848449707 168.58713388442993
0 0.0300 247.70954996347427 66.6449820995331 291.4791330695152 83.10295701026917
0 0.0287 286.4316999912262 199.62684869766235 330.8551609516144 215.742871761322
0 0.0271 239.44345116615295 113.74120473861694 284.08536314964294 129.75196599960327
0 0.0268 255.62718510627747 -74.03600342571733 299.19537901878357 -57.46544651687143
0 0.0258 404.6698212623596 199.0752375125885 447.0779299736023 216.3032448291778
0 0.0254 0.0 156.785831451416 499.0234375 421.52343749999994
0 0.0245 193.92064213752747 -27.59403117001055 235.96817255020142 -10.151055976748452
0 0.0236 318.01337003707886 35.39645358920098 361.80031299591064 51.8509490787983
0 0.0229 0.0 -77.49999999999999 399.15022253990173 142.43356943130493
0 0.0223 333.65464210510254 -27.11084984242914 377.4101138114929 -10.641464367508872
0 0.0214 332.4814736843109 106.24711275100707 378.4961402416229 121.61235570907591
0 0.0208 202.010378241539 -4.323161542415604 243.52847039699554 13.454430401325238
0 0.0203 239.77630585432053 90.1414906978607 283.77819806337357 106.48001790046692
0 0.0203 475.53837299346924 34.34946075081826 499.0234375 52.86018237471581
0 0.0203 467.6179885864258 -12.128419578075393 499.0234375 5.634122192859664
0 0.0202 302.02627182006836 -65.98954215645787 346.5096950531006 -49.89198535680769
0 0.0187 467.57370233535767 11.336051523685468 499.0234375 29.044442474842082
0 0.0182 171.16931080818176 -74.90547686815259 211.91009879112244 -56.58819839358327
0 0.0180 356.9282591342926 191.72541856765744 400.9976089000702 208.02132844924924
0 0.0167 332.74853229522705 90.50536215305328 378.24809551239014 106.10735476016997
0 0.0164 475.3871560096741 -35.86760848760603 499.0234375 -17.548500895500165
0 0.0163 194.0820962190628 -51.13019362092015 235.82176864147186 -33.48943158984182
0 0.0161 240.53269624710083 206.93434834480286 283.08260440826416 224.06925320625302
0 0.0161 475.6823927164078 57.69199192523957 499.0234225988388 76.39303863048553
0 0.0160 21.756185218691826 -74.30621922016141 64.35808725655079 -57.19114407896993
0 0.0152 476.2360006570816 385.40448307991016 499.0234225988388 404.92780566215504
0 0.0151 209.98504757881165 19.010231494903575 251.19450688362122 36.99626088142396
0 0.0148 475.7636785507202 408.94469678401936 499.0234375 421.5234524011611
0 0.0146 295.8217263221741 261.26061439514154 337.2235298156738 279.12043094635004
0 0.0142 334.08939838409424 11.724256575107587 377.0105242729187 28.652303516864787
0 0.0140 15.275433659553528 34.20607805252076 55.34355342388153 53.04788112640381
0 0.0134 333.70834589004517 -50.5761796236038 377.3607611656189 -34.050702452659586
0 0.0131 265.27684926986694 408.7940907478332 305.42582273483276 421.52343749999994
0 0.0129 287.18218207359314 222.68317699432373 330.1641643047333 239.56875562667844
0 0.0127 0.0 -51.771956831216784 31.85073658823967 -32.84871146082876
0 0.0127 475.3834158182144 -67.11678519845006 499.0234225988388 -48.79955515265463
0 0.0126 15.23955911397934 10.801114737987534 55.37427216768265 29.578827917575847
0 0.0126 7.387753576040268 65.51885664463045 47.596532851457596 84.23644363880157
0 0.0126 312.07361817359924 408.8672852516173 352.3678481578827 421.52343749999994
0 0.0123 443.70371103286743 160.02858489751816 486.16665601730347 177.22465902566907
0 0.0121 340.88781476020813 74.73179757595062 385.757714509964 90.63470423221588
0 0.0121 222.33017534017563 -77.36634030938146 254.33335453271866 -54.00115191936491
0 0.0120 209.49894189834595 50.557375550270095 251.63593888282776 67.94712007045746
0 0.0119 7.413268089294434 88.93688082695006 47.573938965797424 107.69321084022522
0 0.0117 475.7407307624817 81.0889607667923 499.0234375 99.87101018428802
0 0.0115 209.0544030070305 152.37233102321625 252.04170495271683 169.25457179546356
0 0.0113 395.57206630706787 137.22904086112973 440.4492378234863 153.13674569129944
0 0.0113 124.51386079192162 -75.06124615669249 164.8387648165226 -56.43315553665158
0 0.0109 69.28368657827377 -74.69420447945593 110.63928157091141 -56.799938306212404
0 0.0108 208.9434266090393 183.6802518367767 252.14380025863647 200.4455482959747
0 0.0107 0.0 -12.577771544456466 39.81475159525871 6.083623170852674
0 0.0105 312.1366798877716 284.2222309112548 352.2295653820038 303.03262233734125
0 0.0104 218.41835975646973 408.7774461507796 258.5368752479553 421.5234524011611
0 0.0104 201.26599073410034 128.92146468162537 244.20717358589172 145.83058714866635
0 0.0104 160.0477397441864 -46.48672357201575 191.6278898715973 -22.415581494569764
0 0.0101 256.5474212169647 245.76593995094296 298.3532249927521 263.36433053016657
0 0.0101 475.9780168533325 362.17047333717335 499.0234375 381.28913998603815
0 0.0100 55.25479279458523 25.796574205160155 77.2493127733469 61.46921649575234
