0 0.0254 0.0 192.3858642578125 638.75 531.25
0 0.0229 0.0 -107.5 510.9122848510742 174.01496887207034
0 0.0195 609.0692329406738 155.40943145751953 638.7499809265137 179.61925506591797
0 0.0184 589.173755645752 125.76995849609374 638.7499809265137 149.3183135986328
0 0.0177 609.0521240234375 185.42016983032227 638.75 209.6083641052246
0 0.0170 528.2610321044922 96.34977340698244 582.0014953613281 118.73605728149415
0 0.0153 512.6921272277832 -107.5 638.7499809265137 -37.65076160430909
0 0.0151 528.4911346435547 126.21068954467773 581.7923736572266 148.8761329650879
0 0.0142 17.986173629760742 126.514892578125 72.25090026855469 148.57013702392578
0 0.0142 588.7702941894531 96.03927612304686 638.75 119.04891967773438
0 0.0134 518.5976028442383 66.1442756652832 571.6958999633789 88.94285202026367
0 0.0127 247.6985740661621 116.67268753051758 302.514591217041 138.4099006652832
0 0.0125 608.9871978759766 515.1416015624999 638.75 531.25
0 0.0123 18.291802406311035 156.3371658325195 71.9722318649292 178.74961853027344
0 0.0113 8.340797424316406 96.30668640136719 61.92792892456055 118.78017425537111
0 0.0111 297.8687286376953 136.57485961914062 352.3596954345703 158.50841522216797
0 0.0111 578.3927536010742 66.27506256103514 631.8807601928711 88.8119888305664
0 0.0111 297.82395362854004 96.60556793212892 352.39935874938965 118.47824096679688
0 0.0109 247.63431549072266 76.70747756958006 302.5735092163086 98.37457656860352
0 0.0108 609.5594787597656 485.0360107421875 638.75 509.98954772949213
0 0.0107 609.0811920166016 215.40115356445315 638.75 239.62753295898438
0 0.0105 237.44619369506836 146.8094825744629 292.74580001831055 168.27119827270508
0 0.0104 69.16473388671875 215.7696533203125 121.1848258972168 239.31770324707034
0 0.0101 108.8071870803833 156.0172462463379 161.50493144989014 179.0712547302246
0 0.0100 565.2223205566406 151.5058135986328 604.9475860595703 183.63662719726562
