0 0.3005 146.56254386901855 44.91416931152344 261.691499710083 94.56404685974121
0 0.2706 146.56254386901855 104.9141788482666 261.691499710083 154.5640468597412
0 0.2133 156.51357269287112 6.553349494934082 221.11070251464844 43.31716537475586
0 0.1589 84.22525024414064 170.09801864624023 305.0412902832031 269.2983055114746
0 0.1474 224.38600158691403 11.629812717437744 273.21168518066406 38.4114146232605
0 0.1452 109.41257095336915 56.50240898132324 147.90362930297852 93.43585014343262
0 0.1321 104.28660964965822 11.767411231994629 153.2898292541504 38.28085899353027
0 0.1292 109.34714889526369 96.28405570983887 147.99697494506836 133.63852500915527
0 0.0887 109.30963134765625 136.22968673706055 148.04425811767575 173.68919372558594
0 0.0812 69.4015464782715 77.03521728515625 107.86822891235352 112.94332504272461
0 0.0805 199.3944606781006 266.3532066345215 237.93734169006345 303.57412338256836
0 0.0647 69.42758178710939 116.8021011352539 107.85981750488283 153.15853118896484
0 0.0635 69.2863998413086 37.55718111991882 107.95053100585938 72.46269345283508
0 0.0629 273.8402328491211 12.312030792236328 323.65186309814453 37.76082515716553
0 0.0626 239.40782165527344 266.4050102233887 277.9175720214844 303.5260581970215
0 0.0568 159.43523025512695 266.67572021484375 197.86250686645505 303.2753372192383
0 0.0555 259.3653259277344 37.23227024078369 297.89125061035156 72.76169300079346
0 0.0521 259.3777618408203 96.39609336853027 297.95243835449213 133.53453636169434
0 0.0460 189.41075897216797 306.4275360107422 227.91230773925778 343.5051727294922
0 0.0433 53.84870147705079 12.299811840057373 103.6454544067383 37.772300243377686
0 0.0415 29.222155570983894 77.77410507202148 68.00287342071535 112.26339340209961
0 0.0387 259.12919616699213 136.16774082183838 298.2538757324219 173.74791622161865
0 0.0361 34.13080310821534 111.46804809570312 62.49337291717529 158.47156524658203
0 0.0344 229.36692810058597 306.2883758544922 267.97418212890625 343.63441467285156
0 0.0339 149.41896057128906 306.9209957122803 187.8588638305664 343.04871559143066
0 0.0318 482.1527252197265 13.610475063323975 532.25 36.476919651031494
0 0.0308 119.37522506713869 267.17857360839844 157.8849754333496 302.81116485595703
0 0.0306 29.108458518981944 38.1056022644043 68.09993839263917 71.95932388305664
0 0.0264 304.9563751220703 38.73025417327881 372.514663696289 71.28172397613525
0 0.0263 49.34583759307861 157.31351852416992 87.90581798553468 192.68686294555664
0 0.0254 -106.49999999999997 299.8858642578125 532.25 638.75
0 0.0251 284.00300598144526 260.78908920288086 312.6484069824219 309.0569496154785
0 0.0240 434.0258178710938 59.700491428375244 503.40852355957026 90.37107229232788
0 0.0228 284.32340240478516 71.74191474914551 333.25612640380854 98.30691337585449
0 0.0221 4.156929016113297 111.6448974609375 32.46190643310548 158.32782745361328
0 0.0214 114.1371307373047 311.5157413482666 142.48578643798828 358.4335994720459
0 0.0207 -27.04260015487669 613.0526733398438 24.424832820892345 637.0326232910156
0 0.0207 3.378520965576186 2.7301979064941406 54.05112838745117 27.35225200653076
0 0.0195 -10.83679580688475 77.9573655128479 28.052192687988295 112.09520101547241
0 0.0190 433.6449966430664 2.498440742492676 483.81917572021473 27.579426765441895
0 0.0186 32.825866699218764 613.150749206543 84.54167938232423 636.9354629516602
0 0.0186 -77.10941696166991 603.1113052368164 -25.517629623413068 626.9756698608398
0 0.0179 169.3780288696289 347.1623229980469 207.8832778930664 382.82615661621094
0 0.0178 309.3147811889648 97.44632720947266 347.9286727905273 132.56464004516602
0 0.0175 54.17575454711915 191.7975616455078 82.43938064575197 238.20819854736328
0 0.0174 304.0722427368164 211.11488342285156 332.56421661376953 258.76670837402344
0 0.0168 323.43957519531244 12.654926776885986 374.00254821777344 37.4234414100647
0 0.0165 -67.53158950805663 3.4008121490478516 -15.138210296630842 26.686372756958008
0 0.0158 84.19690704345705 261.96624755859375 112.41403198242188 308.07586669921875
0 0.0153 -10.93008422851561 38.21185111999512 28.13327407836915 71.86199188232422
0 0.0152 502.2730598449707 53.112473487854004 532.2499809265136 76.91614627838135
0 0.0151 102.75310134887697 613.2064437866211 154.60593795776367 636.8805313110352
0 0.0149 9.198766708374036 157.84852981567383 48.02229499816895 192.19507217407227
0 0.0148 -68.13728713989256 573.7898254394531 -14.591182708740218 596.2966156005859
0 0.0145 209.429069519043 346.75785064697266 247.86214447021484 383.19942474365234
0 0.0143 314.0254364013672 260.88342666625977 342.6210174560547 308.97016525268555
0 0.0142 129.2427215576172 357.70816802978516 167.9858169555664 392.3239517211914
0 0.0141 432.6704177856446 93.27157020568848 484.67847442626953 116.81660652160645
0 0.0138 162.61803245544436 613.2997894287109 214.72719764709473 636.7873382568359
0 0.0138 273.9793930053711 310.7009220123291 302.67720794677734 359.1410732269287
0 0.0137 -105.79768800735472 52.0166015625 -77.59241008758544 98.0374526977539
0 0.0136 -106.49999999999997 12.42722749710083 -66.23711490631102 37.64795541763306
0 0.0133 -105.80136680603025 111.98678016662598 -77.5880088806152 158.06073188781738
0 0.0130 303.97290802001953 160.69524765014648 332.68521881103516 209.15197372436523
0 0.0126 84.20566177368165 312.04097747802734 112.40356063842775 358.01807403564453
0 0.0124 502.523208618164 622.6136779785156 532.25 638.75
0 0.0124 433.39166259765625 32.712422609329224 484.0410003662109 57.368935346603394
0 0.0123 -25.81524276733397 111.86589241027832 2.428546905517593 158.1540584564209
0 0.0122 502.38923645019526 83.03486824035645 532.25 106.99397087097168
0 0.0121 24.19969177246095 191.98516845703125 52.41067504882814 238.06060791015625
0 0.0114 -106.49999999999997 569.2068481445312 -71.46019840240477 600.9535217285156
0 0.0112 38.94096469879152 238.52483749389648 78.24854946136475 271.5756416320801
0 0.0112 383.18441009521484 62.88201332092285 434.2229995727539 87.20197677612305
0 0.0111 334.07239532470703 72.06568002700806 383.4570083618164 97.99867391586304
0 0.0108 -7.275461196899399 583.2304382324219 44.63068580627442 606.8571472167969
0 0.0105 -106.49999999999997 158.24092388153076 -71.84827709197995 191.8354082107544
0 0.0105 -106.49999999999997 542.817268371582 -65.85240745544432 567.2661972045898
0 0.0104 -106.49999999999997 622.7002143859863 -74.9118628501892 638.7499809265137
0 0.0102 222.8688201904297 613.1184387207031 274.5035705566406 636.9674682617188
