0 0.2079 213.06254386901855 78.41418838500978 328.191499710083 128.06403732299805
0 0.1316 260.3348731994629 45.811873435974135 310.157527923584 71.26041507720949
0 0.1205 180.9689712524414 55.00588989257814 229.6479034423828 82.02848052978517
0 0.0802 190.4901123046875 25.658651351928725 240.0251007080078 51.4093647003174
0 0.0723 310.7023334503174 55.40601348876953 359.8516368865967 81.6511688232422
0 0.0607 175.91894149780273 90.44452285766604 214.35674667358398 126.52698135375978
0 0.0592 145.74140548706055 21.220413208007827 184.48614120483398 55.8126792907715
0 0.0578 249.65309143066406 16.413017272949233 300.7493209838867 40.67214584350587
0 0.0531 430.7252502441406 -56.401981353759744 638.75 42.798305511474624
0 0.0415 135.83503246307373 60.87651824951174 174.41227436065674 96.12886047363281
0 0.0409 105.60712814331055 21.60743808746339 144.60124969482422 55.45764064788819
0 0.0385 309.91790771484375 26.198020935058608 360.5165100097656 50.88397598266603
0 0.0382 160.57661056518555 -4.437192916870103 209.9531364440918 21.501604080200206
0 0.0381 330.60863494873047 84.82310867309572 359.0201187133789 132.09045028686523
0 0.0352 110.47746658325195 -4.334157943725573 160.03692626953125 21.401830673217784
0 0.0295 80.52774429321289 55.605712890625014 129.9959945678711 81.45928955078125
0 0.0268 285.90824127197266 129.95605087280273 324.41261291503906 166.9787940979004
0 0.0263 65.284423828125 22.36882781982423 104.8912239074707 54.76155853271486
0 0.0254 0.0 193.38586425781247 638.75 532.25
0 0.0250 210.01678466796875 -13.885482788085922 260.42999267578125 10.96606826782228
0 0.0230 110.00123977661133 -33.87705469131468 160.4445457458496 -9.042779445648177
0 0.0225 59.60033655166626 -3.551172256469712 110.79705953598022 20.636087417602553
0 0.0224 365.489501953125 31.911540985107433 404.70481872558594 65.17922973632812
0 0.0220 511.90391540527344 63.34180450439453 638.75 163.1270751953125
0 0.0210 259.5169448852539 -13.482612609863265 310.86997985839844 10.568843841552749
0 0.0206 395.4108428955078 -7.908901214599593 434.7760772705078 25.01510238647462
0 0.0203 205.89656829833984 130.55188751220703 244.37236785888672 166.42797088623047
0 0.0191 449.1973876953125 -103.25128459930419 501.15516662597656 -79.66115379333495
0 0.0189 245.926513671875 130.17171478271484 284.3727493286133 166.77911376953125
0 0.0184 160.08495330810547 -33.945812225341776 210.3708267211914 -8.974899291992173
0 0.0182 599.3598937988281 -93.36344385147092 638.75 -69.54903745651244
0 0.0179 499.8558044433594 -93.74973201751706 550.5708312988281 -69.16735076904295
0 0.0177 75.65374374389648 81.4668426513672 114.56199645996094 115.58656311035156
0 0.0176 609.642162322998 35.95840072631837 638.7500190734863 61.06490707397462
0 0.0169 309.168062210083 -3.2273044586181507 361.18075370788574 20.315423965454116
0 0.0166 29.296693801879883 56.67255020141603 81.06756210327148 80.41389083862305
0 0.0165 360.70518493652344 65.52760696411134 388.90403747558594 111.5271339416504
0 0.0145 250.04730224609375 226.08716583251953 300.40355682373047 250.99279022216794
0 0.0143 200.5086898803711 215.63653564453125 250.00995635986328 241.43052673339844
0 0.0140 549.5234680175781 -103.48419570922849 600.8634948730469 -79.42916536331174
0 0.0133 395.25943756103516 -47.574123382568345 434.9137496948242 -15.290473937988265
0 0.0133 405.55816650390625 31.737576484680183 444.6440887451172 65.33845043182374
0 0.0131 9.27607536315918 16.69578170776369 61.08420372009277 40.39191818237306
0 0.0131 388.49822998046875 -102.79135608673093 441.7854309082031 -80.12147331237792
0 0.0130 59.08325433731079 -43.172875881195054 111.25768423080444 -19.739443302154527
0 0.0128 608.9938354492188 516.1363372802734 638.75 532.25
0 0.0125 165.88726043701172 130.63024139404297 204.37576293945312 166.35568237304688
0 0.0124 19.39936637878418 86.6028938293457 70.97496032714844 110.4837760925293
0 0.0124 0.0 -93.56718444824217 40.77014446258545 -69.34727573394774
0 0.0122 328.11859130859375 130.59827423095706 412.6026153564453 196.626220703125
0 0.0122 73.06253433227539 -101.58583068847655 188.19150924682617 -51.93595314025877
0 0.0120 409.3246078491211 -73.34237480163573 461.0415267944336 -49.57056427001951
0 0.0110 300.13450622558594 216.00362396240232 350.3291320800781 241.07389068603516
0 0.0107 0.0 -63.61852073669432 40.71497440338135 -39.29680252075193
0 0.0106 270.63989639282227 165.04125213623047 298.9824867248535 211.9139633178711
0 0.0103 9.191179275512695 -13.24355506896971 61.160030364990234 10.331598281860364
0 0.0102 120.59157371520996 94.72024536132812 149.04074668884277 142.17645263671875
0 0.0100 360.7927703857422 -13.600124359130845 388.8002014160156 30.873104095458995
