0 0.0254 0.0 155.38586425781247 638.75 494.24999999999994
0 0.0229 0.0 -144.5 510.9122848510742 137.0149688720703
0 0.0160 608.3983039855957 28.849227905273448 638.7499809265137 52.17755126953126
0 0.0146 257.2703742980957 59.90378189086915 312.90685653686523 81.1757164001465
0 0.0140 608.5243988037109 58.77106475830079 638.75 82.25640106201173
0 0.0136 267.0159912109375 30.030353546142585 323.1417465209961 51.046245574951186
0 0.0136 507.2817611694336 9.897449493408212 562.8964614868164 31.182086944580085
0 0.0134 207.32297897338867 39.87442779541016 262.858943939209 61.2052230834961
0 0.0130 247.57278442382812 89.7418670654297 302.6296615600586 111.33988189697266
0 0.0125 598.0034637451172 -0.4988784790038997 638.75 21.58343124389649
0 0.0120 512.6921272277832 -144.5 638.7499809265137 -74.65076160430908
0 0.0119 397.2107696533203 -0.06578159332274652 452.96173095703125 21.144669532775886
0 0.0117 317.6698398590088 49.68872833251954 372.540807723999 71.39370727539062
0 0.0116 197.4858856201172 69.78884506225586 252.7092742919922 91.29225540161134
0 0.0116 227.39246368408203 119.837215423584 282.79529571533203 141.2429313659668
0 0.0114 307.5182819366455 9.77070617675782 362.67977714538574 31.31050872802735
0 0.0110 27.42746114730835 -40.17874908447265 82.76258707046509 -18.74043655395507
0 0.0109 167.17901229858398 19.94871902465821 222.99139022827148 41.129596710205085
0 0.0108 227.28788375854492 9.893410682678232 282.89106369018555 31.186049461364757
0 0.0107 467.1920394897461 -10.056020736694329 522.9789352416992 11.134756088256843
0 0.0107 0.0 -81.66765403747559 40.66227436065674 -57.24847984313964
0 0.0106 397.5979232788086 29.73009872436524 452.60616302490234 51.35210800170899
0 0.0104 187.39133834838867 99.83643341064453 242.79664993286133 121.24348449707033
0 0.0104 267.2592067718506 -10.093719482421868 322.9178714752197 11.172607421875007
0 0.0104 67.31039047241211 -60.11904907226562 122.87054061889648 -38.80141448974609
0 0.0103 307.76737213134766 79.63581848144531 362.4513626098633 101.44741821289062
0 0.0101 608.470458984375 88.80373764038086 638.75 112.22330856323245
