0 0.0323 609.0102386474609 -54.04900741577148 638.75 -29.92222976684569
0 0.0254 0.0 92.88586425781251 638.75 431.75
0 0.0249 348.2115173339844 -143.11473083496094 402.0452117919922 -120.79879951477048
0 0.0248 607.7523803710938 136.7213134765625 638.75 159.29966735839847
0 0.0247 368.363037109375 56.79308700561525 421.90773010253906 79.29384994506836
0 0.0230 608.9319610595703 -23.996631622314446 638.75 0.025165557861334925
0 0.0229 0.0 -207.0 510.9122848510742 74.51496887207033
0 0.0210 608.4815216064453 166.29952239990234 638.75 189.72794342041016
0 0.0210 609.0313911437988 -84.06442832946776 638.7499809265137 -59.90690422058105
0 0.0205 418.48114013671875 -133.2749481201172 471.79962158203125 -110.63708496093749
0 0.0189 337.8807830810547 -172.9268844127655 392.3474884033203 -150.9889919757843
0 0.0185 329.02042388916016 -113.62824630737303 381.3137435913086 -90.28374862670896
0 0.0177 609.1658782958984 195.8417205810547 638.75 220.18696594238284
0 0.0169 308.4318447113037 56.74937057495118 361.84571266174316 79.33756637573244
0 0.0156 429.4999313354492 -103.96518898010254 480.8841323852539 -79.94783592224121
0 0.0156 512.6921272277832 -207.0 638.7499809265137 -137.15076160430908
0 0.0149 318.98258209228516 -83.60752296447752 371.34876251220703 -60.30513954162596
0 0.0147 329.2443084716797 -33.780891418457024 381.11244201660156 -10.131179809570304
0 0.0145 608.5185432434082 6.270874023437506 638.7499809265137 29.756019592285167
0 0.0143 397.88185119628906 -162.92810153961182 452.3466491699219 -140.98786067962646
0 0.0140 278.46766471862793 -183.2712848186493 331.81294441223145 -160.64147305488586
0 0.0135 288.4203815460205 -143.24156951904297 341.8556499481201 -120.67125511169432
0 0.0130 378.5028076171875 26.70246887207032 431.78199768066406 49.38423919677735
0 0.0127 369.11705017089844 -3.6960525512695246 421.2273406982422 19.783676147460945
0 0.0127 608.0632209777832 36.54497909545899 638.7499809265137 59.478824615478516
0 0.0126 428.8395309448242 56.49523544311524 481.47594451904297 79.59318923950197
0 0.0126 609.2555236816406 365.7774429321289 638.75 390.2510910034179
0 0.0125 609.2079925537109 -114.19138145446776 638.75 -89.7803897857666
0 0.0121 379.06673431396484 86.3388137817383 431.2723922729492 109.7489242553711
0 0.0119 608.952465057373 415.66876220703125 638.7500190734863 431.74999999999994
0 0.0116 219.09460067749023 -183.6775608062744 271.2468147277832 -160.23433876037595
0 0.0112 385.2724838256836 -108.10008239746092 424.90161895751953 -75.76680374145506
0 0.0111 319.04982566833496 26.33919525146485 371.2899875640869 49.74701690673829
0 0.0107 608.0679512023926 66.54461669921876 638.7499809265137 89.47956848144533
0 0.0106 328.3573913574219 -203.20680332183835 381.9136047363281 -180.7067747116089
0 0.0105 608.0240631103516 106.56616020202637 638.75 129.45710945129395
0 0.0101 278.87396812438965 -53.52840137481688 331.44516944885254 -30.38328838348388
0 0.0101 268.5841655731201 -113.34381294250488 321.70735359191895 -90.56860160827637
