0 0.2022 256.81453704833984 17.632272720336918 313.3270263671875 38.44260978698731
0 0.1552 196.98841094970703 17.548530578613285 253.16612243652344 38.52846908569336
0 0.1331 226.39259338378906 -2.166988372802727 283.71726989746094 18.237140655517585
0 0.1056 259.9468994140625 43.249271392822266 330.46974182128906 72.85658645629884
0 0.0845 246.74158096313477 -22.33716201782226 303.3955955505371 -1.5895004272460862
0 0.0820 198.02927017211914 46.99271488189698 252.21101760864258 69.09292507171631
0 0.0817 297.70214080810547 -2.8370494842529217 352.5130844116211 18.91849327087403
0 0.0760 187.06201553344727 -22.48794746398925 243.09820175170898 -1.4342517852783123
0 0.0666 599.7093963623047 -24.126874923706048 638.75 0.21209526062012335
0 0.0534 609.4290924072266 5.638263702392585 638.75 30.388286590576175
0 0.0481 508.11859130859375 -29.901744842529293 592.6026153564453 36.12622070312501
0 0.0396 207.0207405090332 -52.47593116760253 263.1382942199707 -31.448022842407216
0 0.0391 599.3194770812988 -53.83284759521484 638.7499809265137 -30.07927131652831
0 0.0342 519.7749328613281 -54.184095382690415 570.6419372558594 -29.732048034667958
0 0.0324 328.33702087402344 26.799810409545906 381.93336486816406 49.285696029663086
0 0.0318 539.7021484375 205.87063598632812 590.706787109375 230.21351623535153
0 0.0309 574.3924140930176 37.8368263244629 638.7499809265137 87.74702835083008
0 0.0306 138.32010746002197 -3.1802387237548757 191.94661617279053 19.26709938049317
0 0.0271 465.5224609375 -28.667823791503896 504.67529296875 4.751842498779303
0 0.0261 493.0625534057617 137.91418838500977 608.1914901733398 187.56403732299805
0 0.0254 0.0 192.88586425781247 638.75 531.75
0 0.0253 288.0061340332031 -43.00519180297851 342.2346496582031 -20.91094207763671
0 0.0247 213.06254386901855 -102.08583068847655 328.191499710083 -52.435953140258775
0 0.0243 393.0625534057617 -82.08583068847656 508.19149017333984 -32.43595314025878
0 0.0242 154.38092708587646 23.495719909667976 195.73801517486572 52.785175323486335
0 0.0233 589.472827911377 196.04568290710446 638.7499809265137 220.04022407531735
0 0.0231 589.8398590087891 105.76275634765625 638.75 130.3202896118164
0 0.0215 589.3188285827637 226.1632614135742 638.7500190734863 249.92401885986325
0 0.0211 199.40471649169922 76.10234069824219 250.9695053100586 99.98474884033203
0 0.0207 609.2165374755859 135.8020477294922 638.75 160.22610473632812
0 0.0201 425.5170440673828 -28.656913757324208 464.6803283691406 4.741867065429693
0 0.0192 148.0469512939453 -53.01852893829345 202.19512939453125 -30.895869255065907
0 0.0190 480.1285934448242 105.5139045715332 530.3332138061523 130.56437301635742
0 0.0183 609.2682647705078 165.76264190673828 638.75 190.26512908935547
0 0.0172 480.71460723876953 5.119226455688482 508.89286041259766 50.9577922821045
0 0.0172 530.0411605834961 105.58941650390625 580.4095840454102 130.490234375
0 0.0164 408.11859130859375 130.09827423095703 492.6026153564453 196.126220703125
0 0.0164 385.2876281738281 -28.136388778686513 424.8881530761719 4.266317367553718
0 0.0158 519.0261077880859 -93.63146018981932 571.3085174560547 -70.28045368194579
0 0.0157 229.99679565429688 165.62609481811523 280.44857025146484 190.45405197143555
0 0.0153 255.19800186157227 72.0556526184082 294.9699592590332 104.09121322631836
0 0.0153 520.3922271728516 35.24149703979493 570.1113128662109 60.82739639282227
0 0.0153 539.7484588623047 235.83939361572266 590.6648254394531 260.2450637817383
0 0.0148 575.2654266357422 -106.99999999999999 638.75 -72.12511253356932
0 0.0140 229.94634628295898 215.66185760498044 280.4940605163574 240.41809844970703
0 0.0140 154.66800212860107 53.0320053100586 195.4655885696411 83.20439147949219
0 0.0139 18.612794876098633 16.641834259033214 71.68062210083008 39.446342468261726
0 0.0136 608.964672088623 255.98179626464844 638.7500190734863 280.046890258789
0 0.0134 608.9972114562988 515.6338958740234 638.7499809265137 531.7499999999999
0 0.0134 280.6960678100586 174.95052146911618 308.9149856567383 221.08693885803223
0 0.0133 609.5706367492676 365.52334594726557 638.7499809265137 390.5016021728515
0 0.0133 450.7217788696289 5.18356132507325 478.88431549072266 50.908525466918945
0 0.0132 495.5420684814453 191.2745361328125 534.6586608886719 224.8046188354492
0 0.0131 344.8506164550781 -37.29193639755248 385.2943420410156 -6.501955509185784
0 0.0130 430.4660415649414 105.18301773071289 480.0455093383789 130.88572311401367
0 0.0126 158.4519910812378 -103.2635612487793 211.8275499343872 -80.649525642395
0 0.0125 308.1185817718506 150.09827423095703 392.6026248931885 216.126220703125
0 0.0122 27.794969081878662 -12.878820419311516 82.42595911026001 8.962362289428718
0 0.0121 535.3464508056641 71.73685836791992 574.8343658447266 104.38196945190431
0 0.0119 285.51918029785156 221.33892822265625 324.67830657958984 254.7456817626953
0 0.0118 329.2632293701172 56.20163726806641 381.09642028808594 79.8856430053711
0 0.0116 460.0682830810547 75.56769180297852 510.38551330566406 100.51173019409181
0 0.0115 380.0325012207031 105.59769439697266 430.4169464111328 130.48218536376953
0 0.0113 615.3227043151855 391.31672668457026 638.7500190734863 424.76750183105463
0 0.0111 9.391365051269531 46.11307907104492 60.98118305206299 69.97420120239258
0 0.0110 250.0823211669922 135.55199432373047 300.3739929199219 160.52674102783203
0 0.0109 405.29510498046875 11.845920562744148 444.8814392089844 44.282463073730476
0 0.0109 609.7375679016113 485.3806762695312 638.7499809265137 510.6416778564453
0 0.0107 0.0 -94.25888967514037 40.562920570373535 -69.65850782394409
