0 0.2576 511.0074996948242 122.55180358886719 599.5289993286133 167.19596862792966
0 0.1456 529.7768020629883 172.7873992919922 580.6457901000977 197.29278564453125
0 0.1159 410.39234161376953 123.5249900817871 500.10990142822266 166.29838943481442
0 0.1056 520.6733322143555 91.91877365112305 569.8795700073242 118.1370735168457
0 0.0838 358.4322738647461 123.74389648437501 411.84642791748047 146.34227752685547
0 0.0814 479.9081039428711 172.67848968505857 530.5306625366211 197.39994049072266
0 0.0698 399.5243835449219 93.00403594970703 450.8649444580078 117.08106994628905
0 0.0668 339.4988250732422 93.01185607910155 390.8900451660156 117.0718765258789
0 0.0646 358.98868560791016 153.39408874511716 411.34204864501953 176.6940689086914
0 0.0625 320.92288970947266 61.54247283935546 369.68936920166016 88.49170684814452
0 0.0593 430.1744079589844 172.46858596801758 480.2943420410156 197.60828018188477
0 0.0519 321.1141586303711 31.02040290832519 369.5847702026367 58.97000312805176
0 0.0509 548.7524032592773 203.5431861877441 601.556510925293 226.54390335083008
0 0.0501 450.80249786376953 91.7389678955078 499.77855682373047 118.30734252929686
0 0.0475 588.9695739746094 163.40829849243164 638.75 186.6800498962402
0 0.0453 298.7321472167969 143.5667610168457 351.57249450683594 166.52177810668945
0 0.0421 518.9608383178711 253.40946197509763 571.3678359985352 276.67819976806635
0 0.0407 369.5457077026367 62.994632720947266 420.84468841552734 87.09125518798828
0 0.0395 289.1334915161133 103.282413482666 341.2147521972656 126.80376052856444
0 0.0390 569.4577026367188 233.06415557861325 620.9220886230469 257.02281951904297
0 0.0366 299.8727321624756 172.7364921569824 350.55588722229004 197.34624862670898
0 0.0349 275.8164405822754 37.420921325683594 314.4291877746582 72.58806228637695
0 0.0342 488.6363220214844 203.62005233764646 541.6608428955078 226.46718978881836
0 0.0336 570.0555419921875 262.58049011230463 620.3962707519531 287.4993896484375
0 0.0336 321.07433319091797 1.2275886535644542 369.5888137817383 28.783626556396484
0 0.0326 269.7200012207031 202.84940719604492 320.6924819946289 227.23363876342773
0 0.0308 270.1936626434326 72.41914749145508 320.28409004211426 97.65310287475586
0 0.0302 519.5568084716797 282.9848098754882 570.8351135253906 307.10079193115234
0 0.0297 385.39894104003906 178.62268447875977 424.786376953125 211.48622512817383
0 0.0296 9.091606140136719 183.32496643066403 61.249423027038574 206.76319122314453
0 0.0289 598.6664009094238 133.60548019409177 638.7499809265137 156.48248672485352
0 0.0288 249.13824081420898 163.28542709350586 301.2091636657715 186.80162429809567
0 0.0272 429.5623779296875 244.76799011230466 520.9129333496094 285.157470703125
0 0.0266 275.85317611694336 -2.7061176300048833 314.39931869506836 32.70493507385254
0 0.0258 608.8396453857422 203.06758880615234 638.75 226.96109771728516
0 0.0249 219.11029815673828 193.3091354370117 271.23329162597656 216.77860260009766
0 0.0243 369.69970703125 32.871389389038086 420.7091522216797 57.212648391723626
0 0.0236 429.06044006347656 63.34254741668701 481.2782287597656 86.74515247344969
0 0.0236 445.1967239379883 199.05378341674802 484.9715805053711 231.0929298400879
0 0.0234 9.108414649963379 153.31432342529294 61.234145164489746 176.7739486694336
0 0.0232 325.0647735595703 199.29986953735352 365.0953674316406 230.86896896362305
0 0.0231 393.0625534057617 284.91416931152344 508.19149017333984 334.5640563964843
0 0.0224 569.4372940063477 93.08023452758789 620.940055847168 117.0069694519043
0 0.0210 9.177403450012207 213.26663970947266 61.17225646972656 236.8215179443359
0 0.0206 189.11983489990234 163.30671310424805 241.2238311767578 186.78155899047852
0 0.0203 254.85368728637695 129.7023582458496 295.29150009155273 160.50321578979492
0 0.0202 574.3924140930176 304.83680725097656 638.7499809265137 354.74700927734375
0 0.0200 389.48707580566406 223.02546501159668 440.8995056152344 247.05899238586423
0 0.0199 235.64350128173828 27.99514770507812 274.57088470458984 62.06060409545898
0 0.0193 0.0 214.3898010253906 406.95865631103516 558.75
0 0.0185 489.42455291748047 333.08238983154297 540.9529495239258 357.00389862060547
0 0.0173 369.8540496826172 2.749891281127929 420.57273864746094 27.332811355590817
0 0.0172 620.7187080383301 232.71015167236325 638.7499809265137 277.5762557983398
0 0.0170 379.77203369140625 252.8170013427734 430.64476013183594 277.2666931152344
0 0.0169 219.14300918579102 223.28613281249997 271.2040138244629 246.80149078369138
0 0.0165 308.7606143951416 233.54610443115232 361.54730796813965 256.5421676635742
0 0.0164 198.53593826293945 133.68968963623047 251.7502784729004 156.3982391357422
0 0.0164 509.2313003540039 63.22669982910157 561.1244583129883 86.86101913452148
0 0.0161 439.6006774902344 342.94918060302734 490.7966613769531 367.1358108520508
0 0.0152 235.6553840637207 -12.025575637817383 274.55942153930664 22.079572677612305
0 0.0151 228.81118774414062 103.50166320800781 281.50413513183594 126.5850067138672
0 0.0145 8.872003555297852 123.47434997558592 61.446590423583984 146.61415100097653
0 0.0144 315.52733421325684 -31.697149276733395 354.6726322174072 1.7787265777587873
0 0.0140 574.3924140930176 -75.16318321228027 638.7499809265137 -25.252971649169922
0 0.0139 438.7498474121094 387.27005004882807 638.75 558.75
0 0.0137 395.3582763671875 338.70841979980463 434.82383728027344 371.4079284667969
0 0.0135 0.0 238.81900787353516 34.8676061630249 271.3070297241211
0 0.0126 225.09233474731445 69.25058364868164 265.06933212280273 100.91379165649414
0 0.0118 540.7734298706055 312.689208984375 568.8230514526367 357.52822875976557
0 0.0117 360.6730651855469 301.76753997802734 388.94256591796875 348.23055267333984
0 0.0116 193.0625343322754 -75.08583068847656 308.1915092468262 -25.43595314025879
0 0.0108 174.97177124023438 189.4947052001953 215.18009185791016 220.69175720214844
0 0.0104 355.23033142089844 -31.00941658020019 394.9400329589844 1.150522232055663
0 0.0103 0.0 93.08469772338867 40.95168590545654 117.00193405151367
0 0.0100 0.0 -80.0 161.92270278930664 3.840036392211914
