0 0.1109 251.2555694580078 212.15423583984375 339.31079864501953 257.5641632080078
0 0.0663 271.0861587524414 181.15129470825195 319.5903778076172 208.85190963745117
0 0.0452 220.67920684814453 181.92846298217773 269.87159729003906 208.12921524047852
0 0.0399 275.55538177490234 258.2459259033203 314.6464157104492 291.83082580566406
0 0.0396 250.57785034179688 152.05059051513672 299.9542236328125 178.01239013671872
0 0.0358 340.5813217163086 201.17417335510254 369.05323028564453 248.71787071228025
0 0.0329 205.41582107543945 208.57523918151855 244.77201461791992 241.5296649932861
0 0.0311 235.5999755859375 258.12904357910156 274.6072769165039 291.9378662109375
0 0.0267 321.02783203125 171.3092994689941 369.62257385253906 198.7070655822754
0 0.0241 205.47992706298828 148.4328269958496 244.71351623535156 181.6597557067871
0 0.0229 0.0 277.02486038208013 510.9126281738281 558.7499809265137
0 0.0229 0.0 -79.99999999999999 510.9122848510742 201.51496887207028
0 0.0210 315.4478168487549 258.5009765625 354.7431468963623 291.59751892089844
0 0.0204 15.243535041809082 78.9596176147461 54.928269386291504 111.17874145507812
0 0.0174 9.92757797241211 52.69137382507324 60.50772666931152 77.39068031311034
0 0.0169 195.31871795654297 248.79325866699216 234.86003875732422 281.3304901123047
0 0.0168 55.390141010284424 78.63508224487303 94.79510068893433 111.47493362426756
0 0.0154 574.3924140930176 164.83682632446286 638.7499809265137 214.74702835083005
0 0.0151 169.91897583007812 182.6879119873047 220.51742553710938 207.3928451538086
0 0.0150 239.80890274047852 122.78930664062499 290.6118583679199 147.29427337646482
0 0.0147 29.33267593383789 113.14411163330075 81.03596687316895 136.94183349609372
0 0.0146 574.3924140930176 224.83680725097656 638.7499809265137 274.74700927734375
0 0.0144 574.3924140930176 104.83682632446288 638.7499809265137 154.74702835083005
0 0.0142 300.44727325439453 142.18963623046875 350.0638961791992 167.8780746459961
0 0.0142 574.3924140930176 44.836812019348145 638.7499809265137 94.74700450897215
0 0.0137 512.6921272277832 -80.0 638.7499809265137 -10.150761604309086
0 0.0133 574.3924140930176 284.83680725097656 638.7499809265137 334.74700927734375
0 0.0127 235.55381774902344 298.2415771484375 274.6485900878906 331.8347930908203
0 0.0123 9.545059204101562 22.99936294555664 60.84434509277344 47.08711624145508
0 0.0121 609.0705871582031 12.907600402832031 638.75 37.1209716796875
0 0.0118 574.3924140930176 404.83680725097656 638.7499809265137 454.74700927734375
0 0.0118 574.3924140930176 344.83680725097656 638.7499809265137 394.74700927734375
0 0.0117 512.8874015808105 489.6266937255859 638.7500190734863 558.7499999999999
0 0.0117 165.3036880493164 148.83001327514648 204.87335205078125 181.29697799682614
0 0.0116 275.5552101135254 298.24863433837885 314.64635848999023 331.82834625244135
0 0.0112 165.08668899536133 209.27169799804688 205.07352828979492 240.89454650878903
0 0.0111 60.13130187988281 52.5111198425293 110.33096313476562 77.56706237792969
0 0.0107 189.9677848815918 122.65628814697266 240.47277450561523 147.42504119873044
0 0.0102 179.44631576538086 283.0632781982422 230.93420028686523 307.02247619628906
0 0.0102 0.0 -76.9359254837036 40.92217445373535 -52.97715187072753
