0 0.0582 396.5999186038971 -37.65515416860579 439.5006000995636 -20.718002617359147
0 0.0518 272.1477746963501 87.03478991985321 313.9997720718384 104.59592759609222
0 0.0476 396.5548276901245 -61.06884211301802 439.5420551300049 -44.17976170778273
0 0.0342 272.5648283958435 110.20465016365051 313.623309135437 128.30142498016357
0 0.0341 263.5250389575958 64.05038952827454 306.9281280040741 80.69978475570679
0 0.0335 155.8064967393875 -15.092456638813006 196.05077803134918 3.5978463292122003
0 0.0323 404.80512380599976 -14.437952935695634 446.9539523124695 2.9425677657127496
0 0.0294 225.30440241098404 79.20265018939972 267.0961245894432 96.8031269311905
0 0.0280 349.8111069202423 -45.51366150379179 392.5463855266571 -28.483660817146287
0 0.0276 444.2867934703827 -38.13261345028876 485.6362044811249 -20.2363710105419
0 0.0260 310.3068768978119 71.90863609313965 353.8893759250641 88.46531629562378
0 0.0256 194.32781636714935 32.15768754482271 235.59828102588654 50.098983645439155
0 0.0254 0.0 154.28583145141604 499.0234375 419.0234375
0 0.0254 318.6226487159729 95.07897317409515 361.2396717071533 112.17441976070404
0 0.0247 194.25736367702484 0.9500068426132315 235.6625348329544 18.806142807006847
0 0.0247 108.59892889857292 -14.860989451408372 149.47407320141792 3.3669006824493533
0 0.0246 225.49203038215637 102.51965939998627 266.92697405815125 120.36108791828154
0 0.0239 349.69449043273926 -68.88968676328658 392.6537036895752 -51.98386490344999
0 0.0234 475.61492025852203 -15.07698923349379 499.0234225988388 3.53669196367265
0 0.0229 0.0 -79.99999999999999 399.15022253990173 139.93356943130493
0 0.0229 460.0260853767395 -69.4600249826908 499.0234375 -51.409298479557016
0 0.0225 217.43150800466537 55.80103218555452 259.3386545777321 73.32938730716705
0 0.0223 155.46901524066925 -38.29016715288161 196.35240733623505 -20.0782138109207
0 0.0221 357.9739034175873 -22.275417968630776 400.0389277935028 -4.844624474644649
0 0.0220 202.04803347587585 -22.472457885742173 243.49454045295715 -4.646258354187
0 0.0214 155.67176043987274 16.254155039787303 196.17120921611786 34.75168168544771
0 0.0208 240.14535546302795 32.76930198073388 283.43769907951355 49.481259733438506
0 0.0203 233.1368401646614 126.0595601797104 274.89184588193893 143.69541227817535
0 0.0193 240.3583824634552 181.09269261360166 283.24225544929504 198.03459763526914
0 0.0190 170.81770300865173 63.446400761604316 212.22808957099915 81.30904853343964
0 0.0187 397.0939517021179 47.99929082393646 439.0498995780945 65.50541341304779
0 0.0187 475.7341295480728 55.1553350687027 499.0234225988388 73.92954647541046
0 0.0184 475.56281089782715 8.395401835441602 499.0234375 26.93924129009248
0 0.0179 294.15714740753174 48.729179501533515 338.748574256897 64.76434886455536
0 0.0171 318.7497854232788 118.44266772270204 361.1239194869995 135.68626165390015
0 0.0166 280.12070059776306 133.8066589832306 321.66770100593567 151.5739393234253
0 0.0165 108.56515169143677 8.598743081092845 149.50457215309143 26.782108545303355
0 0.0165 108.34017395973206 -38.1267051398754 149.70695972442627 -20.24228677153586
0 0.0164 311.0954761505127 -30.086615979671464 353.16723585128784 -12.65855312347411
0 0.0164 131.56867027282715 47.935141324996955 173.33513498306274 65.56941390037538
0 0.0162 248.26378375291824 157.5968098640442 290.97139090299606 174.65506315231323
0 0.0161 240.3436228632927 1.409320235252393 283.2567170262337 18.342254757881175
0 0.0161 475.7288694381714 31.722845584154136 499.0234375 50.48721477389336
0 0.0157 388.96116614341736 71.62080526351929 431.5297305583954 88.75684261322021
0 0.0148 397.2778618335724 24.450941085815437 438.88261914253235 42.17962741851807
0 0.0142 271.2584137916565 17.209870815277114 314.81486558914185 33.78858983516694
0 0.0139 349.5054244995117 48.399103879928596 392.8270936012268 65.10086178779603
0 0.0137 123.57359752058983 71.48933231830597 165.68699851632118 88.89046132564546
0 0.0134 248.51951748132706 -22.232362926006303 290.73699563741684 -4.888603389263141
0 0.0134 475.7591485977173 406.44822835922236 499.0234375 419.0234375
0 0.0132 365.2164340019226 95.22992193698883 408.37281942367554 112.0209676027298
0 0.0131 178.5331666469574 86.94758832454681 220.12785077095032 104.68298017978668
0 0.0130 279.61602807044983 196.60861611366272 322.1264183521271 213.76992583274838
0 0.0129 436.70523166656494 71.09197795391083 477.6152968406677 89.28933560848236
0 0.0128 287.32481598854065 173.22613120079038 330.03440499305725 190.27627825737
0 0.0128 396.7374861240387 149.76939380168915 439.3745958805084 166.85852229595181
0 0.0125 441.3122534751892 44.73291158676149 472.86468744277954 68.86200428009033
0 0.0122 287.59345412254333 -6.614791154861437 329.78925108909607 10.743765234947217
0 0.0121 303.09927463531494 -53.417237401008585 345.52210569381714 -36.20391517877577
0 0.0118 388.7479305267334 126.4283788204193 431.7243695259094 143.32310676574707
0 0.0115 201.88607275485992 -45.809583663940415 243.64136159420013 -28.18465411663054
0 0.0114 303.14040184020996 -76.88077345490454 345.4851508140564 -59.615498334169374
0 0.0114 309.91074442863464 33.039657473564155 354.25540804862976 49.20477986335755
0 0.0111 194.06825304031372 172.94187664985654 235.83409190177917 190.56363224983215
0 0.0111 448.74407351017 95.65377056598663 499.0234225988388 134.646115899086
0 0.0111 61.28069758415222 -14.571854770183549 102.99861431121826 3.077646791934979
0 0.0111 404.78622913360596 -79.99999999999999 447.0391273498535 -67.11665254086255
0 0.0109 326.4872133731842 141.92057967185974 369.0055310726166 159.08254504203796
0 0.0105 0.0 -69.92896080017088 31.81462362408638 -50.94209119677542
0 0.0104 476.2604832649231 382.8838300704956 499.0234375 402.4481010437012
0 0.0104 366.2474453449249 0.8743610978126649 407.433956861496 18.881743848323833
0 0.0101 186.199352145195 118.28836619853973 228.0728667974472 135.8418744802475
0 0.0100 76.63340866565704 63.71362328529358 118.87168884277344 81.04063391685486
0 0.0100 396.93060517311096 173.0975043773651 439.19816613197327 190.40669322013852
