0 0.2101 389.0245854854584 -59.34754014015197 431.470662355423 -42.1486496925354
0 0.1766 319.0796375274658 -59.562016278505325 360.8230948448181 -41.932014748454094
0 0.1426 369.58011984825134 -43.035805225372314 459.52460169792175 -4.246838390827177
0 0.1280 435.8084797859192 -59.295736253261566 478.42884063720703 -42.20098629593849
0 0.1277 373.7858533859253 149.4656503200531 499.0234375 209.96034145355225
0 0.1021 374.9028146266937 3.3650919795036334 445.78590989112854 35.60896962881088
0 0.0944 328.17691564559937 -37.05844655632973 367.49058961868286 -17.56739243865013
0 0.0881 358.1608384847641 86.9656503200531 499.0234524011612 147.46034145355222
0 0.0825 460.0096791982651 -36.31848096847534 499.0234524011612 -18.30003410577774
0 0.0785 353.95511984825134 35.089198499917984 443.89960169792175 73.87816533446312
0 0.0672 448.74407351017 3.7787631154060364 499.0234225988388 42.7711084485054
0 0.0639 272.33341336250305 -59.642620384693146 313.83153796195984 -41.85112938284874
0 0.0540 289.0189588069916 -36.97839751839638 328.5118043422699 -17.646189779043198
0 0.0517 336.135596036911 72.17758893966675 375.17789006233215 91.94275736808777
0 0.0502 480.182945728302 -62.499999999999986 499.0234375 -38.63589651882648
0 0.0500 320.73140144348145 95.39411962032318 359.36516523361206 115.59469997882843
0 0.0488 448.74407351017 222.52875566482544 499.0234225988388 261.5211009979248
0 0.0482 327.98248529434204 17.793625593185425 367.6605820655823 36.958426237106316
0 0.0466 340.18003940582275 -16.759894788265225 370.9048628807068 9.02741402387619
0 0.0457 445.86993753910065 49.233224242925644 499.0234225988388 83.40999856591225
0 0.0445 324.80716705322266 115.37285149097443 355.0601005554199 142.46277511119843
0 0.0408 309.02767181396484 -17.005540430545807 339.56849575042725 9.2521533370018
0 0.0384 312.3619854450226 41.2311851978302 352.03084349632263 60.396313667297356
0 0.0377 285.7036292552948 92.06773340702057 316.0315454006195 118.90371143817902
0 0.0376 250.43359398841858 86.73630654811859 272.7227509021759 124.09864366054535
0 0.0360 303.21764945983887 153.98302674293518 369.2207932472229 205.5673599243164
0 0.0342 297.1527576446533 72.10816442966461 336.0457420349121 92.01107919216155
0 0.0317 402.95255184173584 209.02052521705625 433.1715703010559 236.30687594413757
0 0.0298 227.01245546340942 94.63702142238616 249.2654025554657 131.83532655239105
0 0.0294 293.01953315734863 15.092141926288605 324.2915868759155 39.728470146656036
0 0.0287 293.5398519039154 123.24507534503937 323.824018239975 150.22040903568268
0 0.0273 262.36143708229065 122.98491597175598 292.5173342227936 150.45955777168274
0 0.0264 225.70198774337769 -59.79950912296772 266.7365074157715 -41.69386252760887
0 0.0255 371.5529441833496 209.49286222457883 402.0460844039917 235.87334156036377
0 0.0252 273.9410102367401 55.90410530567169 296.0756719112396 92.4987643957138
0 0.0250 241.632878780365 -36.57398372888565 282.0873260498047 -18.0450901389122
0 0.0248 249.91198629140854 25.56493133306503 289.48698192834854 44.81191188097
0 0.0236 328.7145495414734 204.55783605575562 367.0395612716675 225.17138719558716
0 0.0232 277.52768993377686 -16.432292759418488 308.5442781448364 8.72841477394104
0 0.0231 448.74407351017 269.40375566482544 499.0234225988388 308.3961009979248
0 0.0229 0.0 216.4256721735001 399.1504907608032 436.5234225988388
0 0.0229 289.33921456336975 204.9083113670349 328.23678851127625 224.83420372009275
0 0.0221 203.5740464925766 79.00641858577728 225.82899034023285 116.21497571468352
0 0.0217 231.1417981982231 60.359355062246316 261.2445428967476 88.07513490319252
0 0.0199 231.03442043066025 131.06584548950195 261.32944971323013 158.025324344635
0 0.0194 187.9248321056366 39.81827199459075 210.23336052894592 77.2615522146225
0 0.0192 0.0 -62.499999999999986 317.93636083602905 208.68825912475586
0 0.0189 269.9122726917267 170.63158750534058 300.55245757102966 196.62663340568542
0 0.0183 211.00450307130814 25.43109655380249 250.28937309980392 44.943168759346
0 0.0183 448.74407351017 316.27875566482544 499.0234225988388 355.2711009979248
0 0.0177 254.16871905326843 202.16047763824463 285.03385186195374 227.62179374694824
0 0.0177 233.90648514032364 2.425961196422576 274.198018014431 21.079562604427338
0 0.0176 400.69328248500824 382.520854473114 499.0234524011612 436.52343749999994
0 0.0170 203.64147424697876 118.50422620773315 225.74761509895325 154.91953492164612
0 0.0169 164.53300416469574 24.442240595817566 186.74053251743317 61.42321228981018
0 0.0168 202.7636617422104 -28.904564678668976 242.85288155078888 -10.090649127960205
0 0.0164 324.6263563632965 225.2557873725891 355.21605610847473 251.37203931808472
0 0.0161 293.2206392288208 225.6166934967041 324.10645484924316 251.04224681854248
0 0.0156 178.7748485803604 -59.76703763008117 219.9089080095291 -41.726626455783844
0 0.0155 180.17269670963287 79.23327386379242 202.34782993793488 116.02698266506195
0 0.0154 266.14513993263245 149.953693151474 304.59633469581604 170.40401697158813
0 0.0149 238.57051134109497 170.84596306085587 269.38503980636597 196.43070548772812
0 0.0141 195.04843652248383 -5.540922284126282 234.95401442050934 13.420060276985167
0 0.0128 359.5196306705475 236.29376292228696 398.66068959236145 255.9533417224884
0 0.0126 406.5634310245514 236.11471056938169 445.3944265842438 256.1258375644684
0 0.0126 266.1745250225067 228.1324863433838 288.2079780101776 264.09435272216797
0 0.0126 141.14084839820862 24.748027324676514 163.24836015701294 61.17422878742218
0 0.0124 222.92673587799072 202.142596244812 253.77660989761353 227.6381254196167
0 0.0123 199.66082274913788 154.852956533432 230.1858514547348 181.14224076271057
0 0.0120 242.70713329315186 243.52502822875974 264.80633020401 279.9025774002075
0 0.0115 207.3650062084198 248.87284636497498 238.09444904327393 274.6453583240509
0 0.0110 105.67095503211021 30.406594276428223 136.65232434868813 55.63633143901824
0 0.0108 21.897397935390472 -59.384843334555626 64.22877311706543 -42.11139306426048
0 0.0107 163.5856330394745 -36.631106398999684 203.89312505722046 -17.98842195421457
0 0.0106 191.61607325077057 186.64389848709104 222.58247435092926 211.89790964126584
0 0.0106 320.5215632915497 251.86073780059814 359.54228043556213 271.63511514663696
0 0.0105 386.9912922382355 264.63836431503296 417.8371727466583 290.1419997215271
0 0.0104 168.2165563106537 116.23963713645935 199.11128282546997 141.6691541671753
0 0.0101 160.61317920684814 -1.4301463961601275 191.10974669456482 24.922557175159454
0 0.0101 156.78158402442932 71.75812125205994 178.8545846939087 107.94445872306824
0 0.0101 418.3129072189331 264.47397470474243 449.0225315093994 290.2921438217163
0 0.0100 289.60517048835754 251.51434540748593 311.65364384651184 287.57527470588684
