0 0.3106 298.4458541870117 150.81603240966797 484.04903411865234 228.24923706054685
0 0.2610 78.44585418701172 170.81603240966797 264.04903411865234 248.24923706054685
0 0.1053 160.6581687927246 139.05854415893555 229.78391647338867 170.00355911254883
0 0.1016 91.69628143310547 137.94812393188477 158.78938674926758 171.04607772827148
0 0.1006 238.78353118896484 153.02033615112305 291.52896881103516 176.06641006469727
0 0.0873 230.72525024414062 49.598018646240256 451.5412902832031 148.7983055114746
0 0.0785 264.9436378479004 209.02784538269043 305.20837783813477 240.16174507141113
0 0.0702 337.15362548828125 23.954441070556662 393.0164337158203 45.122520446777365
0 0.0700 38.58848333358765 153.14952087402344 91.70429468154907 175.93749237060547
0 0.0649 226.17355346679688 14.436876296997095 283.91944885253906 34.631216049194364
0 0.0607 216.68333053588867 34.200136184692404 273.447208404541 54.87400245666506
0 0.0604 28.51922035217285 183.19096755981442 81.76743507385254 205.89558792114255
0 0.0576 312.0911502838135 227.43445587158203 378.428258895874 261.52625274658203
0 0.0565 167.45805740356445 13.805524826049831 222.73439407348633 35.27561378479006
0 0.0529 285.6654644012451 4.654981613159207 344.39290046691895 24.405767440795923
0 0.0527 78.59256744384766 113.15076065063477 131.69977188110352 135.93682479858396
0 0.0522 176.31229400634766 114.3711967468262 233.79138946533203 134.69819259643555
0 0.0520 216.56723022460938 -5.748641967773408 273.5555648803711 14.820835113525417
0 0.0481 385.8707809448242 226.20023918151855 424.4333267211914 262.7531452178955
0 0.0429 157.64162063598633 43.70471191406252 212.56654739379883 65.37759017944337
0 0.0426 28.342530727386475 213.30004882812497 81.92758798599243 235.78601074218747
0 0.0413 18.276939392089844 123.34496688842775 71.98598861694336 145.7415885925293
0 0.0398 398.95172119140625 22.917148590087912 451.375732421875 46.17076110839846
0 0.0395 425.89683532714844 226.28821563720703 464.3959045410156 262.6715774536132
0 0.0391 347.7265167236328 -6.348474502563447 402.4903106689453 15.430395126342797
0 0.0382 93.06253433227539 64.41417407989505 208.19150924682617 114.06405162811281
0 0.0365 138.44585418701172 250.81607055664057 324.04903411865234 328.2492370605468
0 0.0359 157.61316776275635 -16.278493881225554 212.59229183197021 5.36076736450198
0 0.0357 28.042278289794922 93.4806365966797 82.20017433166504 115.60443115234375
0 0.0347 276.35250091552734 -15.653160095214812 333.7555694580078 4.722091674804714
0 0.0323 107.9395341873169 13.540689468383814 162.29365825653076 35.543920516967795
0 0.0321 49.01165008544922 242.8752059936523 101.32214546203613 266.21245574951166
0 0.0304 38.00895690917969 63.499195098876974 92.23071098327637 85.58556747436525
0 0.0282 98.08711051940918 43.45743370056154 152.15868949890137 65.62828254699708
0 0.0269 273.06254386901855 324.41416931152344 388.191499710083 374.0640563964843
0 0.0242 38.114871978759766 33.43699645996096 92.13433265686035 55.648242950439474
0 0.0230 408.8157653808594 -6.9942550659179386 461.4984893798828 16.081935882568388
0 0.0226 197.08515167236328 -36.00238609313961 253.07754516601562 -14.920013427734343
0 0.0222 0.0 148.89153671264646 35.12755870819092 180.28550338745117
0 0.0203 98.6065673828125 -16.85862112045285 151.6872215270996 5.946149349212673
0 0.0203 511.90391540527344 -30.658195495605433 638.75 69.12707519531251
0 0.0203 0.0 58.31602764129641 34.866623878479004 90.80974292755127
0 0.0202 379.8568344116211 262.1961898803711 430.5807113647461 286.8795700073242
0 0.0199 598.9449882507324 242.92403411865234 638.7500190734863 266.1642379760742
0 0.0197 482.00130462646484 88.70032501220705 596.6434097290039 271.8202896118164
0 0.0197 454.9790954589844 28.978693008422873 495.1734924316406 60.20630073547365
0 0.0197 256.862850189209 -35.89493560791012 313.2832908630371 -15.03022003173825
0 0.0188 324.97406005859375 389.4990081787109 638.75 558.2499999999999
0 0.0179 0.7831001281738281 182.28400421142578 28.811540603637695 226.95727539062497
0 0.0177 235.472412109375 327.95405578613276 274.71996307373047 361.1403198242187
0 0.0176 598.7194061279297 303.0700988769531 638.75 326.01771545410156
0 0.0175 389.97257232666016 332.1531982421875 440.4684066772461 356.92820739746094
0 0.0173 598.8475036621094 272.9872817993164 638.75 296.1007614135742
0 0.0168 0.0 389.49711990356445 320.47874450683594 558.2499809265136
0 0.0165 85.36100387573242 268.2123107910156 124.82034683227539 300.9043426513672
0 0.0160 5.047259330749512 238.85741424560547 45.1092004776001 270.31653594970703
0 0.0154 73.06253433227539 -75.5858306884765 188.19150924682617 -25.935953140258754
0 0.0153 319.35893058776855 262.6298065185547 371.01155281066895 286.45671081542963
0 0.0153 48.569793701171875 3.161537170410185 101.72115325927734 25.925476074218775
0 0.0149 195.47203063964844 327.95371246337885 234.72042083740234 361.1406631469726
0 0.0143 317.4197483062744 -36.18116664886471 372.77113914489746 -14.739068031311003
0 0.0143 389.34322357177734 302.6448364257812 441.02481842041016 326.4422149658203
0 0.0143 599.0994453430176 212.8182144165039 638.7499809265137 236.26975250244138
0 0.0137 0.0 18.401472091674833 34.90217685699463 50.7317752838135
0 0.0136 73.06253433227539 324.41416931152344 188.19150924682617 374.0640563964843
0 0.0135 430.11756896972656 261.99168395996094 480.3491973876953 287.0825500488281
0 0.0131 445.4681396484375 117.95409393310547 484.7248077392578 151.1403579711914
0 0.0131 0.0 -67.78677749633785 40.535807609558105 -43.13128757476803
0 0.0129 608.6062622070312 332.718994140625 638.75 356.308853149414
0 0.0124 29.330103397369385 272.6523513793945 81.0369086265564 296.43447113037104
0 0.0122 378.4836196899414 -36.78363132476803 431.7989730834961 -14.129431724548308
0 0.0114 518.350944519043 303.3010025024414 571.9186019897461 325.7859725952148
0 0.0113 608.9741516113281 542.1515007019043 638.75 558.2500190734862
0 0.0109 575.2654266357422 -80.49999999999996 638.75 -45.62511253356929
0 0.0109 439.3128204345703 322.67092895507807 491.051025390625 346.41680908203125
0 0.0108 0.0 -41.63730430603024 34.88690376281738 -9.232852935790985
0 0.0104 465.00064849853516 -11.06169271469113 505.1533889770508 20.24300527572634
0 0.0104 38.85272979736328 -27.020609855651823 91.46560668945312 -3.891985893249484
0 0.0104 449.2110061645508 62.74004650115969 501.1427688598633 86.34761524200441
0 0.0100 344.85382080078125 289.2110366821289 385.2904510498047 319.9953384399414
0 0.0100 187.52010345458984 -76.23263645172115 242.67860412597656 -54.686475276946986
