0 0.0540 193.0625343322754 58.91418838500979 308.1915092468262 108.56403732299806
0 0.0464 585.3849983215332 209.26873588562012 638.7499809265137 228.78749275207522
0 0.0380 585.7296943664551 189.12092590332034 638.7499809265137 208.93961334228518
0 0.0366 585.095043182373 229.39016723632812 638.7500190734863 248.6624755859375
0 0.0337 313.06254386901855 58.91418838500979 428.191499710083 108.56403732299806
0 0.0314 606.9128608703613 248.15287017822266 638.7499809265137 269.8574295043946
0 0.0291 596.8037414550781 168.62314605712893 638.75 189.44937133789065
0 0.0282 606.9290351867676 278.14642333984375 638.7499809265137 299.8642578125
0 0.0280 524.5697021484375 209.61077117919922 585.4124450683594 228.4367599487305
0 0.0276 169.2761993408203 37.19664001464846 221.0839080810547 60.8911933898926
0 0.0274 279.24983978271484 37.21341037750246 331.1078643798828 60.87421321868898
0 0.0264 155.23109436035156 62.986396789550795 194.93961334228516 95.15432739257815
0 0.0254 0.0 193.88586425781253 638.75 532.75
0 0.0254 607.2247314453125 307.99974822998047 638.75 330.01505279541016
0 0.0242 597.3507499694824 138.34930801391602 638.7500190734863 159.7289695739746
0 0.0214 524.747200012207 189.5393409729004 585.2471542358398 208.51025009155276
0 0.0193 179.78168487548828 106.80544281005861 230.63701629638672 131.27767944335938
0 0.0188 524.7040176391602 229.559196472168 585.286750793457 248.49031829833984
0 0.0187 307.6750946044922 218.18735504150388 362.53562927246094 239.89534759521487
0 0.0184 269.63473320007324 106.9218101501465 320.76672554016113 131.16276168823242
0 0.0183 608.2668304443359 397.4297943115235 638.75 420.5962219238282
0 0.0179 224.77825164794922 23.843387603759787 265.36155700683594 54.375270843505874
0 0.0176 324.9726104736328 -105.99999999999997 638.75 63.68856811523439
0 0.0153 587.5313568115234 108.25460815429689 638.75 129.82534790039062
0 0.0152 607.9055595397949 337.63788604736334 638.7500190734863 360.3849258422852
0 0.0147 367.8759002685547 218.07573699951172 422.35198974609375 240.00833892822268
0 0.0145 248.26021194458008 217.85429382324222 302.0013618469238 240.23207092285162
0 0.0140 535.1730728149414 169.36504745483398 594.8505783081055 188.68980789184573
0 0.0140 114.9858283996582 53.46609020233156 155.167236328125 84.71774005889894
0 0.0140 319.82383728027344 116.76641845703126 370.60096740722656 141.31555938720703
0 0.0137 129.44011688232422 97.06610107421878 180.9400749206543 121.01942443847658
0 0.0136 230.78535079956055 106.81528472900392 258.8089179992676 151.43492126464844
0 0.0135 0.0 -105.99999999999999 255.4166603088379 34.70427894592287
0 0.0134 466.0585403442383 218.98638153076175 524.0267562866211 239.07991790771484
0 0.0129 608.0786323547363 367.5364532470703 638.7499809265137 390.48750305175787
0 0.0121 327.7952194213867 188.11888122558597 382.42618560791016 209.96435546875003
0 0.0116 535.7925796508789 149.1016426086426 594.2742538452148 168.96099472045898
0 0.0114 608.8522338867188 467.0613708496094 638.75 490.9676208496094
0 0.0111 179.16675567626953 137.264217376709 231.18389129638672 160.82260513305667
0 0.0109 328.3121871948242 157.81500244140625 381.9559097290039 180.27044677734378
0 0.0107 258.9297676086426 137.42462539672854 311.39699935913086 160.66227340698245
0 0.0105 466.4509582519531 198.80568885803225 523.6632537841797 219.2651119232178
0 0.0105 608.7818145751953 516.7935600280763 638.75 532.7500190734863
0 0.0102 536.3392639160156 128.8550605773926 593.7673187255859 149.21406173706058
0 0.0100 608.6639213562012 427.18271636962896 638.7500190734863 450.8454360961915
0 0.0100 268.6796569824219 7.595685958862326 321.6209411621094 30.492090225219744
