0 0.0254 0.0 299.8858642578125 638.75 638.75
0 0.0235 8.475265502929688 373.7275695800781 61.805219650268555 396.36024475097656
0 0.0229 0.0 0.0 510.9122848510742 281.5149688720703
0 0.0226 18.06656837463379 403.97029876708984 72.17719078063965 426.1154556274414
0 0.0217 8.116521835327148 343.9427947998047 62.131309509277344 366.14341735839844
0 0.0206 27.85299301147461 434.09202575683594 82.3721694946289 455.992431640625
0 0.0192 511.90391540527344 169.84180450439453 638.75 269.6270751953125
0 0.0188 575.4707145690918 604.7563171386719 638.7500190734863 638.75
0 0.0185 86.92975044250488 354.5722198486328 143.22150230407715 375.50331115722656
0 0.0181 308.8670349121094 393.47240447998047 361.4521789550781 416.6153335571289
0 0.0174 511.90391540527344 49.84180450439453 638.75 149.6270751953125
0 0.0173 318.6787414550781 313.59439849853516 371.6221618652344 336.4931106567383
0 0.0172 116.7926025390625 234.64038848876953 173.3479118347168 255.43384552001953
0 0.0172 308.81089210510254 353.5118103027344 361.5022945404053 376.57630920410156
0 0.0172 7.898273468017578 314.0665531158447 62.33078956604004 336.01820945739746
0 0.0172 358.62335205078125 473.6305236816406 411.67205810546875 496.4569854736328
0 0.0166 348.53931427001953 203.6824607849121 401.7483901977539 226.40474319458008
0 0.0165 77.19032287597656 414.44313049316406 132.98091888427734 435.6352996826172
0 0.0165 308.54357719421387 453.6790466308594 361.74466133117676 476.4080810546875
0 0.0164 318.5887050628662 283.65089416503906 371.7037296295166 306.4363479614258
0 0.0164 77.70318031311035 454.17259216308594 132.50981330871582 475.91041564941406
0 0.0160 96.98473930358887 324.54444885253906 153.17091941833496 345.5316162109375
0 0.0160 338.7687683105469 243.53639602661133 391.54090881347656 266.5512275695801
0 0.0157 318.93284797668457 123.42994689941406 371.39262199401855 146.65800094604492
0 0.0157 318.87084007263184 423.46996307373047 371.4487552642822 446.6177749633789
0 0.0155 66.87375783920288 384.60269927978516 123.27249765396118 405.4727554321289
0 0.0155 359.0446090698242 373.3576202392578 411.29154205322266 396.73065185546875
0 0.0154 298.5126495361328 183.7017059326172 351.7719268798828 206.38580322265625
0 0.0154 308.926420211792 83.43450546264648 361.3983631134033 106.65348052978516
0 0.0153 398.8920211791992 183.45638275146484 451.42955780029297 206.6314697265625
0 0.0153 117.02919483184814 204.52091217041016 173.13022136688232 225.55538177490234
0 0.0152 147.4690818786621 354.3000793457031 202.72417068481445 375.78125
0 0.0151 18.413844108581543 463.7635803222656 71.86131954193115 486.3237762451172
0 0.0151 258.7336540222168 373.55987548828125 311.5723991394043 396.5278625488281
0 0.0149 258.61459732055664 333.63636016845703 311.67993545532227 356.4512252807617
0 0.0149 197.84488677978516 144.09236907958984 252.38052368164062 165.99138259887695
0 0.0148 248.3846092224121 163.77649307250977 301.88894271850586 186.3100242614746
0 0.0147 368.7586975097656 443.5433578491211 421.5498352050781 466.54430389404297
0 0.0147 398.45619201660156 533.7356948852539 451.82334899902344 556.3515090942383
0 0.0146 368.80992889404297 343.5118103027344 421.50325775146484 366.57615661621094
0 0.0146 418.44295501708984 473.74229431152344 471.8356704711914 496.3446044921875
0 0.0145 188.61108779907227 83.63693237304688 241.6834831237793 106.45038604736328
0 0.0145 117.18330383300781 264.44774627685547 172.98715591430664 285.63079833984375
0 0.0144 318.67627143859863 153.59407424926758 371.6248607635498 176.49316787719727
0 0.0144 588.970947265625 463.4018325805664 638.75 486.68575286865234
0 0.0144 298.28248023986816 483.83960723876953 351.9814205169678 506.2466812133789
0 0.0142 288.5711193084717 223.6646270751953 341.71910285949707 246.42295837402344
0 0.0142 379.27268981933594 273.1947326660156 431.08795166015625 296.8925094604492
0 0.0140 258.4601593017578 293.7326240539551 311.8198776245117 316.3545036315918
0 0.0140 388.43067169189453 503.7512969970703 441.8465042114258 526.3358306884766
0 0.0139 588.9138793945312 403.43963623046875 638.75 426.6478729248047
0 0.0138 177.95989990234375 184.02679443359375 232.27558135986328 206.05762481689453
0 0.0138 379.1045379638672 303.3119583129883 431.23870849609375 326.77562713623047
0 0.0138 268.4342670440674 263.7481498718262 321.8434429168701 286.3388252258301
0 0.0137 399.2555618286133 223.20940017700195 451.10279083251953 246.87822341918945
0 0.0136 369.1911315917969 403.25389862060547 421.16058349609375 426.8337631225586
0 0.0136 118.08210372924805 103.95418167114258 172.16463088989258 126.13059997558594
0 0.0136 589.0728569030762 493.33213806152344 638.7500190734863 516.7552947998047
0 0.0135 588.8970756530762 433.44966888427734 638.7500190734863 456.63768768310547
0 0.0135 207.89203643798828 354.0643310546875 262.33776092529297 376.01951599121094
0 0.0134 589.0318298339844 523.3597183227539 638.75 546.7276382446289
0 0.0133 608.7942695617676 373.09814453125 638.7499809265137 396.9304656982422
0 0.0133 238.35874557495117 193.7922477722168 291.91240310668945 216.2941551208496
0 0.0132 608.7583923339844 323.1210708618164 638.75 346.90738677978516
0 0.0131 248.61007690429688 403.6374282836914 301.6844177246094 426.4498519897461
0 0.0131 177.68373489379883 224.17800903320312 232.5288200378418 245.90404510498047
0 0.0131 188.21409225463867 113.8773250579834 242.0442771911621 136.20821952819824
0 0.0130 97.20771789550781 164.43147659301758 152.9655647277832 185.64672470092773
0 0.0129 107.36746311187744 294.34913635253906 162.81854152679443 315.7305908203125
0 0.0127 157.42297649383545 324.32117462158203 212.76726245880127 345.75923919677734
0 0.0127 328.34423065185547 513.802490234375 381.9253158569336 536.2841033935547
0 0.0127 177.4292755126953 254.31640625 232.76180267333984 275.7638168334961
0 0.0126 8.006296157836914 284.0039825439453 62.23240852355957 306.08123779296875
0 0.0126 588.8339424133301 553.4932708740234 638.7499809265137 576.5943145751953
0 0.0126 388.9495086669922 153.41665267944336 441.3780975341797 176.67097091674805
0 0.0126 588.5594367980957 13.665475845336914 638.7499809265137 36.421146392822266
0 0.0125 248.22622299194336 453.8715362548828 302.03290939331055 476.21429443359375
0 0.0125 248.45932006835938 123.72828483581543 301.82167053222656 146.35811805725098
0 0.0125 248.6385726928711 83.62071990966797 301.65836334228516 106.46682739257812
0 0.0125 67.93595314025879 484.0423583984375 122.29701042175293 506.04217529296875
0 0.0125 608.9157104492188 293.0149841308594 638.75 317.0136260986328
0 0.0123 127.94346332550049 384.03770446777344 182.2902250289917 406.0468292236328
0 0.0122 369.4103240966797 103.09370994567871 420.9654235839844 126.99273109436035
0 0.0122 107.6408576965332 134.20214653015137 162.56792068481445 155.87969779968262
0 0.0119 508.37646484375 473.7830352783203 561.8959808349609 496.3036346435547
0 0.0118 167.46923446655273 284.2976760864258 222.72459030151367 305.7832717895508
0 0.0118 198.0848503112793 383.95606994628906 252.16131210327148 406.1292266845703
0 0.0116 118.29254627227783 73.83150339126587 171.97268962860107 96.2545371055603
0 0.0114 288.75797271728516 53.54326248168945 341.5506362915039 76.54435157775879
0 0.0113 508.66641998291016 503.6048126220703 561.6328048706055 526.4830780029297
0 0.0113 56.871373653411865 224.60590362548828 113.27423334121704 245.46981811523438
0 0.0111 409.70794677734375 612.852783203125 460.7044219970703 637.2295379638672
0 0.0110 448.84124755859375 513.4909820556641 501.4750671386719 536.5969848632812
0 0.0109 398.92208099365234 563.43994140625 451.4017105102539 586.6484069824219
0 0.0107 369.34871673583984 73.14139366149902 421.01978302001953 96.94571495056152
0 0.0106 128.1078338623047 433.94142150878906 182.14067459106445 456.143798828125
0 0.0105 127.93840408325195 474.03751373291016 182.29555130004883 496.0465621948242
0 0.0105 338.8564682006836 543.4828948974609 391.4609909057617 566.6053771972656
0 0.0104 198.06631088256836 473.9668273925781 252.17824935913086 496.11839294433594
0 0.0104 37.195777893066406 184.43939208984375 92.97613143920898 205.6389617919922
0 0.0104 428.6451721191406 443.6161804199219 481.65245056152344 466.47132873535156
0 0.0104 49.37405586242676 613.115348815918 100.99878311157227 636.9706344604492
0 0.0101 57.265214920043945 254.40689086914062 112.91150093078613 275.672607421875
0 0.0101 198.80508422851562 53.51367473602295 251.5079116821289 76.57413005828857
0 0.0101 419.42821502685547 123.0811595916748 470.9493637084961 147.00528144836426
0 0.0101 508.38123321533203 443.7776565551758 561.892204284668 466.30870819091797
0 0.0100 469.64855194091797 612.9007720947266 520.7565689086914 637.1823120117188
0 0.0100 509.1094970703125 533.3123016357422 561.2334442138672 556.7758178710938
0 0.0100 198.1833839416504 433.89698028564453 252.07189559936523 456.1886215209961
