0 0.1970 499.52335357666016 36.51666259765626 550.8634567260742 60.57008361816408
0 0.1339 449.5650863647461 46.47467708587647 500.8285140991211 70.61035251617432
0 0.1240 241.41239166259766 92.28059387207031 309.0561294555664 124.73455047607422
0 0.1212 500.23868560791016 65.91180419921876 550.2384567260742 91.16395568847658
0 0.1162 488.91895294189453 6.94408988952638 541.4041519165039 30.14454460144044
0 0.1091 87.55021095275879 -92.24153900146482 142.64933586120605 -70.6762351989746
0 0.0852 0.0 -93.20071601867673 51.21260643005371 -69.7108688354492
0 0.0812 260.30900955200195 125.845027923584 310.17805099487305 151.22901535034183
0 0.0794 449.70542907714844 76.36119461059572 500.70526123046875 100.72200393676758
0 0.0771 190.27145385742188 95.8789405822754 240.2106475830078 121.19578933715822
0 0.0740 428.92879486083984 16.936326980590835 481.3955307006836 40.15213584899903
0 0.0705 210.35734176635742 125.78481292724611 260.1393699645996 151.28621673583982
0 0.0677 147.15572357177734 -92.0409216880798 203.01319122314453 -70.88121557235716
0 0.0669 229.2793083190918 66.69644927978517 281.08068466186523 90.39167022705078
0 0.0636 98.54379653930664 -62.813352584838846 151.7427635192871 -40.09843254089354
0 0.0519 309.16297912597656 96.77800750732423 361.18492126464844 120.31037902832031
0 0.0490 169.92481231689453 66.19451141357423 220.5099868774414 90.88769531250001
0 0.0464 0.0 -63.516644477844224 50.82515239715576 -39.396990776062
0 0.0446 399.46910858154297 56.55038452148438 450.91304779052734 80.53575134277345
0 0.0429 438.4784698486328 -12.777399063110336 491.802978515625 9.864755630493176
0 0.0423 289.0963840484619 66.82231521606445 341.2449550628662 90.26591873168947
0 0.0401 309.64893341064453 126.41997909545898 360.7522201538086 150.66573715209964
0 0.0398 498.5588836669922 -22.826665878295884 551.7299652099609 -0.0856342315673683
0 0.0390 157.95679092407227 -62.47069740295408 212.27827072143555 -40.44480705261229
0 0.0378 54.65791463851929 -66.45445251464842 95.47546625137329 -36.30786323547361
0 0.0378 253.06254386901855 158.41418838500977 368.191499710083 208.06403732299805
0 0.0340 548.2840728759766 17.339683532714858 601.9797515869141 39.74677658081056
0 0.0338 505.4610824584961 91.9693717956543 544.7312545776367 125.12637710571289
0 0.0333 215.28196334838867 152.37090682983398 254.89377975463867 184.75967025756836
0 0.0319 549.5638275146484 56.48292160034181 600.8281707763672 80.60309982299805
0 0.0283 179.07272338867188 36.839629173278816 231.26602172851562 60.24879550933838
0 0.0265 165.38270950317383 122.15390777587889 204.80161666870117 154.95774841308594
0 0.0254 0.0 193.38586425781247 638.75 532.25
0 0.0252 208.67788314819336 -102.90583992004392 261.6231346130371 -80.00676059722899
0 0.0251 399.04674530029297 86.8488655090332 451.2911605834961 110.2384147644043
0 0.0250 238.5585594177246 37.17162704467774 291.7306709289551 59.91578674316407
0 0.0243 465.0968933105469 102.74652099609375 505.0646209716797 134.41747283935547
0 0.0221 140.38124084472656 95.7692108154297 190.11741638183594 121.30216217041017
0 0.0215 0.0 -21.585821151733384 108.19150924682617 28.06404685974122
0 0.0204 50.88149070739746 -106.49999999999997 78.69671821594238 -69.94565153121947
0 0.0202 109.22238826751709 -33.26377058029173 161.13173007965088 -9.648033618926988
0 0.0201 385.0709533691406 22.798477172851577 425.0885009765625 54.370189666748054
0 0.0185 120.1186990737915 56.02283096313478 170.34181118011475 81.05563735961915
0 0.0168 199.74328994750977 186.33771514892578 250.6705665588379 210.7460174560547
0 0.0163 233.06254386901855 -81.58583068847655 348.191499710083 -31.93595314025877
0 0.0161 159.54776763916016 156.4900550842285 210.8434295654297 180.59539413452148
0 0.0160 168.51831436157227 -32.80397796630858 221.76729202270508 -10.108818054199205
0 0.0159 379.6458435058594 -3.584083557128891 430.7563018798828 20.66894149780275
0 0.0157 298.7436294555664 37.05659484863282 351.5626907348633 60.03158187866212
0 0.0152 368.52611541748047 117.19279861450195 421.7598342895508 139.89467239379886
0 0.0151 448.3070373535156 -42.67539405822752 501.9591522216797 -20.238241195678697
0 0.0150 0.0 38.414174079895034 108.19150924682617 88.0640516281128
0 0.0147 248.75308990478516 7.0448074340820455 301.55540466308594 30.042568206787124
0 0.0145 354.5461654663086 53.726364135742195 395.58170318603516 83.52853393554688
0 0.0142 220.1210594177246 216.02166748046878 270.3395652770996 241.0569152832031
0 0.0142 609.2188835144043 356.3019332885742 638.7500190734863 380.72644805908203
0 0.0142 259.3019485473633 -23.334468841552717 311.06353759765625 0.4204521179199356
0 0.0139 512.6921272277832 -106.49999999999997 638.7499809265137 -36.65076160430907
0 0.0138 555.688362121582 81.37300109863283 594.5317459106445 115.67262268066408
0 0.0137 369.0681838989258 176.84119796752933 421.2704086303711 200.2470359802246
0 0.0134 609.6383476257324 475.96982574462885 638.7500190734863 501.05458831787104
0 0.0134 608.9760589599609 516.1502990722656 638.75 532.25
0 0.0134 615.2256965637207 382.04442596435547 638.7499809265137 415.0592575073242
0 0.0129 188.69234085083008 7.08686447143556 241.6096305847168 30.000835418701183
0 0.0126 368.9591598510742 146.9147644042969 421.36844635009766 170.1735076904297
0 0.0124 359.3152618408203 206.6687927246094 411.04896545410156 230.41894531250003
0 0.0122 389.34696197509766 -33.35274839401244 441.02039337158203 -9.559494495391831
0 0.0121 424.91493225097656 113.09712982177737 465.23353576660156 144.09871673583984
0 0.0118 609.327564239502 236.21854400634766 638.7499809265137 260.80899810791016
0 0.0115 119.30912494659424 26.67289352416993 171.05449199676514 50.414787292480476
0 0.0114 170.20536422729492 215.94121551513675 220.26742935180664 241.13507843017575
0 0.0111 608.8735961914062 326.5446624755859 638.75 350.4840240478515
0 0.0110 110.70666313171387 85.54164505004883 138.90231132507324 131.5164909362793
0 0.0109 554.6445465087891 -16.43564605712889 595.4885101318359 13.675132751464858
0 0.0103 609.6160125732422 415.9806976318359 638.75 441.0430297851562
0 0.0101 109.21888828277588 -3.267063140869126 161.13606929779053 20.354476928710948
0 0.0101 0.0 98.41418838500978 108.19150924682617 148.06403732299805
0 0.0100 308.969202041626 6.90305328369142 361.36046409606934 30.184513092041026
