0 0.0254 0.0 189.88586425781247 638.75 528.75
0 0.0237 218.42979431152344 -46.254510879516594 271.8486785888672 -23.659315109252926
0 0.0229 0.0 -109.99999999999999 510.9122848510742 171.5149688720703
0 0.0215 198.36084365844727 53.793010711669915 251.91007614135742 76.29369735717773
0 0.0194 512.6921272277832 -109.99999999999999 638.7499809265137 -40.15076160430908
0 0.0181 147.90380001068115 34.05946731567383 202.32664585113525 56.02470397949219
0 0.0179 275.02492904663086 -50.61115264892578 315.13113021850586 -19.212017059326172
0 0.0178 198.13772201538086 13.924388885498045 252.11336135864258 36.16107940673828
0 0.0177 188.49937438964844 -106.29405498504639 241.78485870361328 -83.61906051635742
0 0.0177 198.0412483215332 -16.020545959472656 252.20151901245117 6.105327606201172
0 0.0160 218.79535675048828 -76.48571968078613 271.5179443359375 -53.42729568481445
0 0.0154 138.12326908111572 63.935127258300774 192.12602138519287 86.1505889892578
0 0.0154 157.95249462127686 -45.96585035324097 212.2816514968872 -23.94932985305786
0 0.0145 198.8795280456543 83.4664535522461 251.44044876098633 106.62162780761719
0 0.0142 87.67101287841797 34.18893814086914 142.53955841064453 55.89361190795898
0 0.0138 511.90391540527344 -20.15819549560547 638.75 79.62707519531249
0 0.0136 259.00455474853516 -16.62046432495117 311.32862091064453 6.70806884765625
0 0.0136 197.48380661010742 204.2879009246826 252.7116584777832 225.7928943634033
0 0.0134 249.27343368530273 -106.80469512939453 301.0870552062988 -83.10791969299315
0 0.0130 137.21784591674805 204.42916870117185 192.95557022094727 225.6495666503906
0 0.0129 608.9272880554199 512.6875495910645 638.7500190734863 528.7499809265136
0 0.0128 248.90840530395508 33.44726562499999 301.41443252563477 56.64081573486328
0 0.0128 138.12352657318115 -6.068172454833984 192.1264886856079 16.1534309387207
0 0.0127 77.83777236938477 64.09814834594727 132.38662719726562 85.98581314086913
0 0.0124 608.7997245788574 83.09309005737303 638.7500190734863 106.9353675842285
0 0.0123 147.5221824645996 174.2656326293945 202.6768684387207 195.81516265869138
0 0.0122 279.7661590576172 -77.17887997627258 330.6500244140625 -52.73741602897643
0 0.0115 259.19044494628906 63.25616836547851 311.16085052490234 86.83176040649414
0 0.0110 138.46617221832275 93.72793197631836 191.8146276473999 116.35904312133788
0 0.0110 157.98285007476807 -75.98620414733887 212.2546148300171 -53.9292335510254
0 0.0109 208.05574417114258 173.9691162109375 262.1887397766113 196.1154556274414
0 0.0107 77.98868179321289 94.01237487792969 132.24885940551758 116.07250213623045
0 0.0104 257.6966857910156 214.17568206787107 312.515869140625 235.90717315673825
0 0.0103 67.5485897064209 214.25201416015625 122.65250205993652 235.82908630371094
0 0.0103 609.4883918762207 482.5960540771485 638.7499809265137 507.4305725097656
0 0.0103 608.6598014831543 113.18418502807616 638.7500190734863 136.84377670288083
