0 0.0254 -106.99999999999999 299.8858642578125 531.75 638.75
0 0.0229 -106.99999999999996 0.0 403.91228485107416 281.5149688720703
0 0.0217 52.690971374511726 612.8651809692383 103.71956634521484 637.2171401977539
0 0.0210 -57.64841985702513 613.1309509277344 -5.98102045059203 636.9550323486328
0 0.0181 -68.66117668151855 583.8053512573242 -15.069715499877923 606.2811660766602
0 0.0178 8.127687454223638 609.1822624206543 48.03643989562988 638.7500190734863
0 0.0177 102.74796295166016 612.8192520141602 153.66944122314453 637.2624588012695
0 0.0175 -106.99999999999999 402.7811813354492 -66.39561843872069 427.30213165283203
0 0.0170 -106.99999999999999 372.80029296875 -66.37548637390135 397.2834014892578
0 0.0166 -106.99999999999999 432.76878356933594 -66.40841674804686 457.3143005371094
0 0.0156 -7.707874298095696 573.1787109375 44.07103347778321 596.9081878662109
0 0.0152 -106.99999999999999 342.81749725341797 -66.35715675354002 367.2664260864258
0 0.0146 52.47763442993165 573.0452346801758 103.90524673461915 597.0410537719727
0 0.0143 -106.99999999999999 602.9943084716797 -66.15080070495605 627.0911407470703
0 0.0142 -106.99999999999999 462.7678680419922 -66.4093894958496 487.3152160644531
0 0.0133 -106.99999999999999 563.1989288330078 -65.91218185424803 586.8888092041016
0 0.0131 -106.99999999999999 532.9805755615234 -66.1713809967041 557.1051788330078
0 0.0131 -106.99999999999999 312.8364562988281 -66.33674812316893 337.2477722167969
0 0.0128 -106.99999999999999 492.77130126953125 -66.40513610839844 517.3117828369141
0 0.0125 22.491062164306648 543.0366897583008 73.89298248291016 567.049674987793
0 0.0123 405.6921272277831 0.0 531.7499809265136 69.84923839569092
0 0.0123 -58.75885200500488 553.8558959960938 -4.979145050048819 576.2290191650391
0 0.0115 162.28176879882812 613.1842041015625 214.08070373535153 636.9024658203125
0 0.0110 -58.83790445327758 413.90369415283203 -4.907426357269276 436.18099212646484
0 0.0109 502.0045166015625 622.6284599304199 531.75 638.7500190734863
0 0.0106 -59.005453109741204 374.00184631347656 -4.754888534545894 396.0820007324219
0 0.0103 41.25317859649659 333.85509490966797 95.00850963592531 356.2308120727539
0 0.0102 2.2178392410278427 413.2371520996094 54.13627910614014 436.8507385253906
0 0.0100 -58.777632236480706 443.8674545288086 -4.962148189544674 466.2173843383789
