0 0.0685 314.6603775024414 108.57216644287111 375.3285598754883 127.47601318359376
0 0.0580 314.8461055755615 128.50010681152344 375.1548099517822 147.55081939697266
0 0.0491 314.8565196990967 88.49217224121094 375.14607429504395 107.55825805664061
0 0.0398 25.706045627593994 68.14701843261719 84.35279607772827 87.91580963134764
0 0.0363 294.86278533935547 148.4940414428711 355.13912200927734 167.5572280883789
0 0.0347 84.48831558227539 58.64037322998047 145.48898696899414 77.40570831298828
0 0.0335 25.72376251220703 48.13708591461182 84.33688163757324 67.9255895614624
0 0.0334 254.84508514404297 98.50291061401367 315.15514373779297 117.54839706420898
0 0.0329 254.80083465576172 118.52083969116212 315.1963806152344 137.52993392944336
0 0.0314 26.248722076416016 87.90730285644531 83.8486385345459 108.16242980957033
0 0.0313 84.5166015625 78.63131332397461 145.46205520629883 97.41545486450197
0 0.0286 254.92143630981445 78.47178268432617 315.08405685424805 97.58047866821289
0 0.0259 275.0471496582031 168.42110443115234 334.9667739868164 187.6328353881836
0 0.0258 84.77513313293457 38.527477264404304 145.22128105163574 57.522361755371094
0 0.0254 0.0 192.88586425781247 638.75 531.75
0 0.0248 315.2849578857422 68.31705856323242 374.7467803955078 87.73894119262697
0 0.0243 7.277946472167969 27.4018840789795 62.899417877197266 48.67797660827637
0 0.0233 377.3305892944336 97.36380386352538 432.85350799560547 118.71489334106444
0 0.0229 0.0 -107.00000000000001 510.9122848510742 174.5149688720703
0 0.0211 275.8120059967041 188.09979248046875 334.2545986175537 207.96417999267575
0 0.0206 356.20601654052734 147.91521835327148 413.89102935791016 168.15214920043945
0 0.0196 255.06580352783203 58.4121208190918 314.9497604370117 77.64181900024414
0 0.0184 235.3582763671875 138.2938270568848 294.67662811279297 157.76434707641602
0 0.0183 267.10914611816406 207.49034690856934 323.0542755126953 228.58823585510257
0 0.0181 85.08832931518555 98.40634155273439 144.92788314819336 117.64847564697266
0 0.0175 145.05010604858398 58.41831970214844 204.96442794799805 77.63539123535158
0 0.0167 336.06441497802734 167.98403549194336 394.0211868286133 188.08241653442383
0 0.0156 65.34249305725098 18.296392440795906 124.69235420227051 37.76092338562012
0 0.0154 145.0882339477539 38.401997566223145 204.92908477783203 57.652094841003425
0 0.0146 608.9737701416016 515.6521110534668 638.75 531.7500190734863
0 0.0143 0.0 -3.2137603759765545 51.89573287963867 19.300888061523445
0 0.0133 145.30090808868408 78.31583786010742 204.73052501678467 97.74126815795898
0 0.0131 307.69622802734375 227.17949676513672 362.51548767089844 248.90389251708982
0 0.0127 205.25976181030273 38.330996513366706 264.769344329834 57.72527027130128
0 0.0127 609.5710754394531 485.5269699096679 638.75 510.49851226806635
0 0.0126 315.66563606262207 48.15659809112549 374.39234733581543 67.90443706512451
0 0.0124 86.42278671264648 217.8195648193359 143.68915557861328 238.25100708007812
0 0.0120 377.0460510253906 67.51454162597658 433.11424255371094 88.56224822998047
0 0.0118 216.368408203125 167.85017776489258 273.7382507324219 188.22062301635742
0 0.0116 248.74197006225586 236.55724334716794 301.5643119812012 259.53087615966797
0 0.0111 336.57360076904297 187.74742889404297 393.54991912841797 208.32470703125
0 0.0108 66.76370620727539 237.65816497802734 123.37371826171875 258.41637420654297
0 0.0107 265.54553031921387 28.209255218505866 324.503755569458 47.850425720214844
0 0.0107 86.2175464630127 197.91372108459473 143.87944221496582 218.15440940856934
0 0.0105 207.88972854614258 207.07184600830078 262.33850479125977 229.0129165649414
0 0.0105 125.24724960327148 18.33555984497071 184.78116989135742 37.72043991088868
0 0.0104 512.6921272277832 -106.99999999999999 638.7499809265137 -37.15076160430907
