0 0.0254 -79.99999999999999 299.8858642578125 558.75 638.75
0 0.0229 -79.99999999999999 0.0 430.91228485107416 281.5149688720703
0 0.0186 168.9752960205078 613.4001159667969 221.35475158691406 636.6876220703125
0 0.0185 118.431339263916 243.74391555786133 171.84740066528317 266.3421821594238
0 0.0183 7.431669235229494 544.3155288696289 62.759523391723626 565.7648086547852
0 0.0169 7.290687561035153 574.3937301635742 62.888069152832024 595.6859970092773
0 0.0168 149.3213844299316 123.15484046936035 201.04551315307617 146.9315242767334
0 0.0167 -1.0456275939941417 613.4151840209961 51.37334823608398 636.6727066040039
0 0.0166 168.0058479309082 263.99635314941406 222.23459243774414 286.0877227783203
0 0.0165 -1.8361949920654286 513.9100646972656 52.089376449584954 536.1756896972656
0 0.0163 107.31369018554686 324.3802261352539 162.86727905273435 345.69950103759766
0 0.0162 187.89816856384277 344.06150817871094 242.332010269165 366.0224914550781
0 0.0162 117.55929946899413 284.2478561401367 172.6423072814941 305.8335876464844
0 0.0157 109.02507781982422 213.36288452148438 161.3107681274414 236.7243194580078
0 0.0156 169.0326881408691 223.35912704467773 221.30361557006836 246.72826766967773
0 0.0155 108.99011611938475 613.3905410766602 161.34134292602536 636.6972732543945
0 0.0153 209.7868728637695 122.80532836914062 260.6316375732422 147.27827072143555
0 0.0153 157.41260528564453 304.32604789733887 212.77694702148438 325.7542133331299
0 0.0153 159.46954727172852 153.04803371429443 210.91310501098633 177.03783512115479
0 0.0147 57.677688598632805 524.1836929321289 112.53379821777342 545.8987045288086
0 0.0147 169.34082031249997 183.14517974853516 221.02725982666013 206.94171905517578
0 0.0147 68.00605773925781 263.9994430541992 122.23365783691406 286.08509063720703
0 0.0147 67.43752956390381 304.3130874633789 122.75400638580322 325.7673645019531
0 0.0146 8.198642730712892 483.89102935791016 62.05732345581054 506.19510650634766
0 0.0146 -11.070916652679445 3.433198928833008 41.39589071273804 26.654846668243408
0 0.0144 187.3813152313232 554.3404388427734 242.80613899230954 575.7392120361328
0 0.0144 67.15560913085938 554.4604873657227 123.01296234130858 575.617561340332
0 0.0143 107.86195755004884 354.0861511230469 162.36417770385742 375.99822998046875
0 0.0142 218.86932373046872 243.46891403198242 271.4505767822265 266.61855697631836
0 0.0141 229.2647552490234 613.1957626342773 281.0960388183594 636.8908309936523
0 0.0141 139.0545654296875 93.34237098693848 191.28437042236328 116.74473762512207
0 0.0140 88.58285903930663 123.65647315979004 141.70862197875977 146.43101692199707
0 0.0139 117.38935470581053 534.3377685546875 172.7984046936035 555.7421875
0 0.0138 218.3678817749023 283.7855339050293 271.9044113159179 306.30075454711914
0 0.0136 87.88736343383789 494.0678024291992 142.3418617248535 516.0161209106445
0 0.0135 109.20303344726561 183.24403762817383 161.15028381347653 206.8433952331543
0 0.0135 218.35373878479 493.7984085083008 271.91626548767084 516.2884140014648
0 0.0135 98.98351669311523 153.39718341827393 151.34679794311523 176.69089794158936
0 0.0134 198.28487396240234 373.8380432128906 251.97925567626956 396.2482452392578
0 0.0134 219.59845542907715 92.95697212219238 270.7973575592041 117.12887763977051
0 0.0133 218.35037231445307 313.79700660705566 271.92008972167963 336.2893581390381
0 0.0133 215.13458251953122 149.18035507202148 255.02883911132812 180.9776496887207
0 0.0133 219.21802520751953 203.2367706298828 271.1361312866211 226.85108184814453
0 0.0132 127.16894149780272 564.45556640625 183.00024032592773 585.6229400634766
0 0.0131 177.9349327087402 524.036865234375 232.2992897033691 546.0467529296875
0 0.0131 58.31171512603759 233.8197135925293 111.95535182952881 256.26638412475586
0 0.0130 -60.799589157104485 613.2440567016602 -8.846988677978512 636.843147277832
0 0.0130 87.76988983154297 464.1347885131836 142.44895935058594 485.94852447509766
0 0.0126 58.21321487426757 593.8840866088867 112.04370498657225 616.2023544311523
0 0.0124 248.61202239990234 343.638916015625 301.6820907592773 366.44874572753906
0 0.0124 -52.177267074584954 494.10404205322266 2.400941848754883 515.9794235229492
0 0.0122 17.851352691650387 454.09183502197266 72.37390518188475 475.99239349365234
0 0.0122 47.653484344482415 334.2009735107422 102.55504608154295 355.8818054199219
0 0.0121 268.8385009765625 263.4913444519043 321.47789001464844 286.59643173217773
0 0.0120 207.87467002868652 454.0773391723633 262.35291481018066 476.0068893432617
0 0.0120 289.48795318603516 613.0275726318359 340.8981704711914 637.0572662353516
0 0.0120 -52.32550621032715 574.1896820068359 2.5357627868652353 595.8933258056641
0 0.0120 278.46004486083984 203.73212814331055 331.8201065063476 226.35488510131836
0 0.0120 87.694149017334 434.1726303100586 142.51920700073242 455.90953826904297
0 0.0119 138.96385192871094 63.404061794281006 191.36585235595703 86.68316125869751
0 0.0118 -52.31888771057128 534.1814422607422 2.5307464599609375 555.90087890625
0 0.0118 269.0207290649414 113.37557792663574 321.31259918212885 136.71298027038574
0 0.0117 17.61042594909668 424.2202377319336 72.5954532623291 445.8616256713867
0 0.0117 88.55751037597656 383.6733627319336 141.73137664794922 406.41422271728516
0 0.0116 167.70023345947266 584.1756057739258 222.51216888427734 605.9075546264648
0 0.0115 148.3856201171875 493.77506256103516 201.88819885253903 516.3113021850586
0 0.0115 278.8356399536132 233.49458694458008 331.48014068603516 256.59337997436523
0 0.0114 -42.08032846450806 464.0472412109375 12.312853336334229 486.0365295410156
0 0.0114 238.7172222137451 523.5704040527344 291.58726692199707 546.5172576904297
0 0.0112 369.57386016845703 612.9635238647461 420.82164764404297 637.1208572387695
0 0.0112 432.69212722778315 0.0 558.7499809265137 69.84923839569092
0 0.0111 28.523483276367188 123.69436264038086 81.76225662231445 146.3930892944336
0 0.0109 78.2975435256958 93.83010864257812 131.96780681610105 116.25617980957031
0 0.0108 278.5997772216797 303.64415168762207 331.69364929199213 326.44312858581543
0 0.0108 495.47071456909174 604.7563171386719 558.7500190734862 638.75
0 0.0106 48.484368324279785 3.7194013595581055 101.79753780364989 26.368041038513184
0 0.0106 48.596758842468255 203.64465713500977 101.69674396514891 226.44243240356445
0 0.0105 219.32468414306638 63.16112518310547 271.0407638549804 86.92642211914062
0 0.0104 -80.0 2.9576539993286133 -39.2011308670044 27.12813377380371
0 0.0104 259.23156738281244 143.2243537902832 311.12464904785156 166.86307907104492
0 0.0104 188.0667495727539 413.96488189697266 242.1782302856445 436.12010955810547
0 0.0103 190.76692581176758 72.61129379272461 218.8306617736816 117.58502960205078
0 0.0102 278.36830139160156 83.7917423248291 331.9025421142578 106.29548072814941
0 0.0101 17.951955795288086 284.0341567993164 72.28219032287598 306.0506057739258
0 0.0101 288.6344909667969 173.61570358276367 341.6636657714844 196.4707374572754
0 0.0101 38.76470565795898 153.53948593139648 91.5444564819336 176.54821395874023
0 0.0100 -79.23040390014647 502.6395797729492 -51.1725091934204 547.5640487670898
0 0.0100 258.580093383789 373.6581039428711 311.71119689941406 396.42940521240234
0 0.0100 28.19183349609375 393.8903045654297 82.06457138061523 416.195068359375
0 0.0100 38.188419342041016 363.8978576660156 92.06645965576172 386.1883544921875
