0 0.0314 607.5307464599609 217.33785247802737 638.75 239.68022918701172
0 0.0254 0.0 193.38586425781247 638.75 532.25
0 0.0230 607.9104804992676 187.13117218017578 638.7499809265137 209.89110565185547
0 0.0229 0.0 -106.49999999999999 510.9122848510742 175.01496887207034
0 0.0216 607.2110748291016 247.50421142578122 638.75 269.5100555419922
0 0.0181 609.1707038879395 476.3401565551758 638.7499809265137 500.68875885009766
0 0.0166 607.1145439147949 277.553955078125 638.7500190734863 299.4591674804687
0 0.0142 608.900318145752 516.207691192627 638.7499809265137 532.2499809265136
0 0.0137 512.6921272277832 -106.49999999999997 638.7499809265137 -36.65076160430907
0 0.0132 607.2875213623047 307.4674377441406 638.75 329.5481262207031
0 0.0107 608.3397674560547 156.88123321533203 638.75 180.1446304321289
