0 0.1635 251.80358886718747 344.75170135498047 318.5380554199219 404.86072540283203
0 0.1526 50.07269382476806 212.5539779663086 100.38365840911864 237.5240707397461
0 0.1421 255.92655181884768 306.49182319641113 294.3886947631836 343.4455394744873
0 0.1377 50.38087368011474 242.25812911987305 100.11995792388916 267.81179428100586
0 0.1270 105.87894439697266 227.1729278564453 144.38125610351562 262.8163528442383
0 0.1258 29.69692230224609 182.87830352783203 80.71067810058594 207.20638275146484
0 0.1251 -0.06621360778808372 212.68569946289062 50.50238609313965 237.39620208740234
0 0.1138 100.3201675415039 192.3137664794922 150.1725387573242 217.7573013305664
0 0.1123 235.9304141998291 266.7918014526367 274.3575191497803 303.16802978515625
0 0.1096 215.92816352844238 306.815767288208 254.35793876647946 343.1458568572998
0 0.1048 315.92918395996094 386.8082046508789 354.3574523925781 423.1528854370117
0 0.1021 295.93353271484375 306.68238639831543 334.3638610839843 343.26916694641113
0 0.1013 0.11845588684082142 242.52239227294922 50.34214973449706 267.5559997558594
0 0.1007 115.85216522216795 267.29557037353516 154.40032958984372 302.7033996582031
0 0.0962 195.9169769287109 266.95383071899414 234.3581390380859 303.0183982849121
0 0.0960 275.9187316894531 406.88011169433594 314.36279296874994 443.0864715576172
0 0.0950 155.89311599731445 247.1139144897461 194.3705940246582 282.87071228027344
0 0.0940 75.67477703094482 267.91101455688477 114.54349994659422 302.1377754211426
0 0.0923 220.53811073303223 350.94703674316406 249.10567283630374 398.91441345214844
0 0.0869 325.86124420166016 347.24517822265625 364.39464569091797 382.7497863769531
0 0.0858 275.91819763183594 266.90799713134766 314.36088562011713 303.0607223510742
0 0.0845 150.82082748413086 211.73032760620117 199.76099014282224 238.3167839050293
0 0.0804 79.12771701812744 163.30276489257812 131.21644496917722 186.78573608398438
0 0.0776 149.25432205200195 183.20940017700195 201.10403060913086 206.87810897827148
0 0.0754 35.37848472595214 268.66539001464844 74.80526924133301 301.44725799560547
0 0.0727 155.84774017333984 287.31621742248535 194.40341949462888 322.68439292907715
0 0.0710 325.84636688232416 427.3282241821289 364.4038772583008 462.67330169677734
0 0.0704 205.84026336669922 227.36364364624023 244.40750122070315 262.6407051086426
0 0.0696 19.518213272094723 153.02051544189453 70.86800575256346 177.06626892089844
0 0.0696 199.69837188720703 192.86447525024414 250.71197509765622 217.2184944152832
0 0.0685 -19.997816085815426 182.6244354248047 30.44325828552246 207.45601654052734
0 0.0667 235.8576965332031 407.2345733642578 274.39964294433594 442.75962829589844
0 0.0620 245.78639984130857 227.5701141357422 284.449348449707 262.45079040527344
0 0.0601 175.80774307250974 327.47650146484375 214.43387985229492 362.53684997558594
0 0.0598 355.88806152343744 387.14080810546875 394.37385559082026 422.8459167480469
0 0.0562 190.6234550476074 361.4242935180664 219.00228500366208 408.50818634033203
0 0.0553 138.23768615722656 153.87059688568115 192.02121734619138 176.2161111831665
0 0.0525 340.54199218749994 322.0932388305664 389.9835205078125 347.9716110229492
0 0.0506 -4.653320312499998 268.7393379211426 34.8338508605957 301.3797187805176
0 0.0502 365.7505798339844 427.6824188232422 404.4793701171875 462.3475646972656
0 0.0494 197.8943634033203 164.06543731689453 252.335090637207 186.0187530517578
0 0.0447 249.88292694091794 192.7220344543457 300.5482101440429 217.3597526550293
0 0.0436 78.55682373046875 133.67514610290527 131.73168182373047 156.41263008117676
0 0.0412 365.6365203857422 348.02486419677734 404.5759582519531 382.0333480834961
0 0.0396 90.63377380371094 301.97948455810547 139.90936279296872 328.08006286621094
0 0.0387 315.78731536865234 267.5529479980469 354.4498825073242 302.4665832519531
0 0.0369 -44.79458808898926 209.03610229492188 -5.0364208221435565 241.10904693603516
0 0.0355 285.71475982666016 447.7853012084961 324.51015472412104 482.2531509399414
0 0.0338 135.58103561401367 328.16944122314453 174.62480545043945 361.9009017944336
0 0.0328 40.06099700927735 302.562780380249 90.3941535949707 327.515344619751
0 0.0327 195.63610076904297 408.0031967163086 234.5784759521484 442.05326080322266
0 0.0323 285.6282424926758 228.05721282958984 324.5821762084961 262.00366973876953
0 0.0317 -80.0 188.13045501708984 -45.38397550582885 221.93660736083984
0 0.0310 138.0902862548828 123.95711898803711 192.15545654296872 146.12882614135742
0 0.0302 355.68855285644526 287.88360595703125 394.5305633544922 322.16285705566406
0 0.0302 -24.78701829910278 149.02324199676514 14.956333637237549 181.1207628250122
0 0.0298 160.70016860961914 361.9981002807617 188.91016006469724 408.05171966552734
0 0.0295 330.52520751953125 462.0941925048828 380.00091552734375 487.96905517578125
0 0.0294 245.70655822753903 447.81097412109375 284.5170593261718 482.2295379638672
0 0.0284 18.772811889648434 123.54069709777832 71.53573989868163 146.54793739318848
0 0.0274 -50.283987522125244 242.85655975341797 0.695192813873291 267.22705841064453
0 0.0265 -79.30471181869505 221.9606590270996 -51.08399629592895 268.0812644958496
0 0.0257 258.40904235839844 163.76630783081055 311.8656921386718 186.32097244262695
0 0.0254 -79.99999999999999 0.0 558.75 339.48570251464844
0 0.0253 197.79061317443845 134.12261962890625 252.43018150329587 155.96075057983398
0 0.0247 -79.99999999999999 148.21542263031006 -45.35768508911132 181.85877323150635
0 0.0223 117.24193572998048 94.42205429077148 172.93216705322266 115.65771102905273
0 0.0211 95.40958404541016 328.5916519165039 134.77741241455078 361.5146255493164
0 0.0206 176.80248260498044 104.64261054992676 233.3371353149414 125.4328441619873
0 0.0200 390.33634185791016 322.30308532714844 440.1577377319336 347.76824951171875
0 0.0193 -10.266313552856447 302.84488677978516 40.679121017456055 327.23888397216797
0 0.0180 205.27798652648923 448.87489318847656 244.89787101745605 481.2560272216797
0 0.0179 360.31166076660156 262.34039306640625 410.1762390136719 287.7333068847656
0 0.0174 175.67630767822266 85.15939712524414 234.38056945800778 104.90297317504883
0 0.0173 -44.865206480026245 269.1756057739258 -4.970895051956177 300.98201751708984
0 0.0171 110.04270553588866 362.5837707519531 160.4090690612793 387.4952697753906
0 0.0169 155.2370452880859 408.9571762084961 194.9358367919922 441.18106842041016
0 0.0168 309.11308288574213 498.5731315612793 558.75 638.7500190734863
0 0.0168 -80.00000000000001 469.99711990356445 240.4787445068359 638.7499809265137
0 0.0167 395.7862091064453 387.56927490234375 434.4496154785156 422.45155334472656
0 0.0164 236.97913169860837 104.55331802368164 293.1746768951416 125.52362442016602
0 0.0163 405.6166458129882 428.08101654052734 444.59300994873047 461.98184967041016
0 0.0162 -80.0 268.3359718322754 -45.315861701965325 301.74840927124023
0 0.0158 55.1744270324707 329.08931732177734 94.99315261840819 361.0606002807617
0 0.0157 405.54859161376953 348.26534271240234 444.65221405029297 381.8130111694336
0 0.0153 257.85228729248047 134.09191131591797 312.37293243408203 155.992431640625
0 0.0152 380.32470703124994 462.3200988769531 430.1665496826172 487.7522277832031
0 0.0150 299.7676849365234 202.82562255859375 350.6475067138672 227.2588348388672
0 0.0149 -79.28500890731812 102.12159156799316 -51.107580661773675 147.95586585998535
0 0.0144 256.17576599121094 84.93682861328125 313.9171600341797 105.13143539428711
0 0.0143 325.26340484619135 228.92339706420898 364.9094772338867 261.2117576599121
0 0.0141 285.9666442871094 65.02535820007324 344.112548828125 85.03951072692871
0 0.0136 318.1358337402344 173.93299102783203 372.11341857910156 196.153564453125
0 0.0134 58.10098171234131 93.94889831542969 112.14613437652588 116.1368179321289
0 0.0133 115.14350891113281 389.15699005126953 155.02117156982422 420.9989547729492
0 0.0131 -40.79227685928344 123.24087142944336 11.146051883697508 146.8465805053711
0 0.0127 135.9346580505371 65.04499435424805 194.14087295532227 85.02036094665527
0 0.0125 269.2997360229492 613.1698226928711 321.0649490356445 636.9165420532227
0 0.0116 296.5009307861328 104.78457450866699 353.6164093017578 125.28717994689941
0 0.0115 279.9986267089843 482.61302947998047 330.4492950439453 507.4655532836914
0 0.0114 149.25495147705078 443.2012176513672 201.10511779785156 466.8852233886719
0 0.0112 -80.0 12.48889446258545 -39.68119621276856 37.58793354034424
0 0.0112 296.4671325683594 44.79203224182129 353.6497497558594 65.27800559997559
0 0.0109 14.931631088256834 329.56172943115234 55.21838188171387 360.6309127807617
0 0.0108 195.20217895507812 65.3557300567627 254.8227691650391 84.69993591308594
0 0.0107 317.11120605468744 144.48686599731445 373.052978515625 165.5913543701172
0 0.0106 445.4949951171875 328.3915710449219 484.70054626464844 361.6975402832031
0 0.0106 49.03026580810547 363.35693359375 101.30662918090819 386.7298889160156
0 0.0105 316.4838790893554 84.78826522827148 373.6332321166992 105.28261184692383
0 0.0103 395.5900573730469 288.1596279144287 434.6155548095703 321.90979957580566
0 0.0101 209.04273986816406 622.8876495361328 261.3919067382812 638.75
