0 0.1140 -100.10112857818602 517.0713806152344 -61.632033348083475 552.9099273681641
0 0.1063 -60.280118942260714 517.7824401855469 -21.49533843994138 552.2557067871094
0 0.0952 104.62793731689455 512.0013809204102 153.91127014160156 538.0603408813477
0 0.0924 -50.27534341812131 567.7668762207031 -11.499265193939186 602.2700500488281
0 0.0877 109.64228057861331 538.0112838745117 148.5706939697266 572.045783996582
0 0.0846 84.32207489013673 572.3262023925781 134.16811370849612 597.7466583251953
0 0.0826 -100.14478182792661 477.2886657714844 -61.602504014968844 512.7097320556641
0 0.0804 19.57266712188723 568.2011795043945 58.63119029998782 601.8717575073242
0 0.0800 -20.189233779907205 527.4822998046875 18.42990303039553 562.5315093994141
0 0.0713 69.56974411010745 538.2052612304688 108.63411331176759 571.8680572509766
0 0.0713 -100.21045303344724 557.5462341308594 -61.552020072937 592.4727630615234
0 0.0710 89.56442260742189 598.2202529907227 128.63867187500003 631.8542861938477
0 0.0677 -60.480619430541964 478.3333969116211 -21.321369171142553 511.7507553100586
0 0.0676 19.63310623168947 528.0436325073242 58.57799911499025 562.0161056518555
0 0.0645 104.34358978271486 482.3072052001953 154.14934539794925 507.7653503417969
0 0.0616 134.4792404174805 572.1609878540039 184.03601074218753 597.9062271118164
0 0.0601 129.5411720275879 598.2778930664062 168.65936660766602 631.8015289306641
0 0.0589 149.65643310546875 537.9758834838867 188.55806732177737 572.0782089233398
0 0.0589 -65.31330680847165 601.9102478027344 -16.13275146484373 628.1459045410156
0 0.0562 34.54605484008791 602.0877456665039 83.98029708862306 627.9767990112305
0 0.0531 54.52385330200197 502.1187210083008 103.99753952026369 527.9475784301758
0 0.0514 -20.30011749267576 487.8525161743164 18.520664215087912 522.1914291381836
0 0.0497 -15.348258972167947 601.9639587402344 33.893550872802756 628.0954742431641
0 0.0463 -95.30899143218991 591.92138671875 -67.07890129089353 638.1113433837891
0 0.0427 154.5954933166504 512.0380020141602 203.93818283081058 538.0251693725586
0 0.0424 -76.23300170898435 452.82196044921875 -25.351005554199194 477.261962890625
0 0.0382 53.97631072998048 472.64644622802734 104.46585083007814 497.4344253540039
0 0.0362 169.56402206420898 598.2208251953125 208.63907241821292 631.8537902832031
0 0.0353 -105.33194637298581 431.74835205078125 -77.0513353347778 478.24851989746094
0 0.0339 103.94646072387697 452.6710510253906 154.49207687377933 477.4101257324219
0 0.0278 3.94264125823977 462.67955780029297 54.494370460510275 487.40238189697266
0 0.0270 159.57392120361328 478.1977081298828 198.63012695312503 511.8749237060547
0 0.0254 -105.99999999999999 299.8858642578125 532.7500000000001 638.75
0 0.0229 -105.99999999999999 0.0 404.9122848510742 281.5149688720703
0 0.0204 53.666123390197775 442.89955139160156 104.73846340179446 467.18505859375
0 0.0201 209.29227256774902 608.8322639465332 248.8860263824463 638.7499809265137
0 0.0156 -25.265098571777322 432.2953414916992 2.868656158447287 477.82230377197266
0 0.0136 -76.90332031249997 423.32061767578125 -24.754949569702124 446.7674255371094
0 0.0135 189.5888366699219 548.1555557250977 228.6173095703125 581.9135665893555
0 0.0131 3.553508758544944 432.9920196533203 54.83703994750979 457.0942687988281
0 0.0128 153.32382583618167 3.1606101989746094 205.04173660278323 26.92678451538086
0 0.0124 406.6921272277832 0.0 532.7499809265137 69.84923839569092
0 0.0116 103.3626403808594 423.1324768066406 155.00711822509766 446.95472717285156
0 0.0115 249.25123596191412 608.922290802002 288.92332458496094 638.7499809265137
0 0.0109 -66.90276718139646 3.311798572540283 -14.753652572631816 26.775059700012207
0 0.0105 154.45576095581055 452.19024658203125 204.05487442016604 477.87841796875
0 0.0102 503.0190315246582 622.617015838623 532.7499809265137 638.7500190734863
0 0.0100 -105.28603410720822 382.11071014404297 -77.10636949539183 427.96398162841797
