0 0.1223 36.01629287004471 277.31817960739136 81.2402218580246 293.0465340614319
0 0.1075 35.90893931686878 261.74110174179077 81.3398789614439 277.3723006248474
0 0.1025 28.5935178399086 292.7645146846771 73.06632399559021 308.8550269603729
0 0.1004 29.933474957942963 331.10806345939636 71.83780521154404 348.64673018455505
0 0.0795 82.77127146720886 261.7492079734802 128.22604179382324 277.36443281173706
0 0.0757 35.78743152320385 246.17108702659607 81.45237155258656 261.69100403785706
0 0.0752 90.1726484298706 246.302030980587 136.42068207263947 261.5564242005348
0 0.0689 83.12228322029114 277.2134244441986 127.90089845657349 293.15415024757385
0 0.0683 145.8522081375122 261.47741079330444 190.18873572349548 277.6424288749695
0 0.0647 137.4289095401764 246.1351826786995 182.94179439544678 261.7276832461357
0 0.0585 82.16262236237526 230.75871169567108 128.79228219389915 245.84712088108063
0 0.0543 402.8480052947998 326.56538486480713 433.2561492919922 353.16622257232666
0 0.0534 30.36043792963028 354.27987575531006 71.45066559314728 372.35140800476074
0 0.0528 35.63665598630905 230.61124980449677 81.59256726503372 245.99893391132355
0 0.0513 304.78978157043457 228.5252958536148 344.0086841583252 248.09838831424713
0 0.0512 162.79591619968414 284.2029333114624 204.60490882396698 301.8020987510681
0 0.0508 145.20715177059174 230.52363097667694 190.78652560710907 246.08857929706573
0 0.0472 60.535646975040436 308.0415427684784 103.67854684591293 324.83479380607605
0 0.0467 41.45510494709015 425.7141947746277 131.39961659908295 464.5031690597534
0 0.0457 371.53542041778564 334.54692363739014 402.06068754196167 360.8238101005554
0 0.0454 304.803341627121 251.94880366325378 343.9972698688507 271.54937386512756
0 0.0451 265.57645201683044 228.653222322464 305.0781786441803 247.97257781028748
0 0.0425 99.03496503829956 292.6998734474182 143.26028525829315 308.92062187194824
0 0.0415 100.97703337669373 354.0734350681305 141.48981869220734 372.557669878006
0 0.0414 58.90298634767532 467.6806330680847 89.67895060777664 493.3425188064575
0 0.0412 82.26241171360016 215.0910645723343 128.6996603012085 230.26584088802338
0 0.0411 25.83010494709015 378.8391947746277 115.77461659908295 417.6281690597534
0 0.0405 256.8759322166443 205.87052404880524 298.05612564086914 223.88534247875214
0 0.0395 304.39436435699463 205.42024075984955 344.354510307312 224.33428466320038
0 0.0384 35.814180970191956 214.90667760372162 81.42819255590439 230.45532405376434
0 0.0375 265.8815085887909 251.8135905265808 304.8144280910492 271.6808319091797
0 0.0367 186.06343865394592 245.24056911468506 228.19730639457703 262.63850927352905
0 0.0362 4.36411052942276 428.2572865486145 34.858688712120056 454.61010932922363
0 0.0361 145.19014954566956 214.90636467933655 190.80227613449097 230.4556667804718
0 0.0360 155.85662424564362 369.558721780777 196.00598514080048 388.32148909568787
0 0.0359 359.73361134529114 314.21056389808655 398.47782254219055 334.28075909614563
0 0.0355 304.6588599681854 275.5144238471985 344.12267804145813 294.86149549484253
0 0.0352 93.64580735564232 470.89192271232605 133.25095549225807 490.1103079319
0 0.0336 434.0519905090332 326.6925811767578 464.54596519470215 353.049635887146
0 0.0334 82.56161212921143 199.33848083019257 128.42142581939697 214.77212011814117
0 0.0332 148.17878603935242 392.8907513618469 188.07461857795715 411.8630886077881
0 0.0332 399.00270104408264 306.1515688896179 437.3716413974762 326.70408487319946
0 0.0330 336.50410175323486 382.8890919685364 499.0234375 460.38925647735596
0 0.0327 340.31030535697937 334.4798982143402 370.7890212535858 360.88523268699646
0 0.0321 343.6042070388794 244.36333030462265 383.28754901885986 263.5143771767616
0 0.0319 36.18522733449936 199.1143524646759 81.08405768871307 215.00205993652344
0 0.0315 293.77391934394836 89.84243869781494 339.10372853279114 105.5215448141098
0 0.0314 153.1738042831421 199.205681681633 198.4557807445526 214.90849554538727
0 0.0310 320.40727138519287 298.84329438209534 359.6404194831848 318.4053599834442
0 0.0310 27.68103778362274 467.6154851913452 58.40368568897247 493.40206384658813
0 0.0308 269.9059247970581 272.2150385379791 300.55755376815796 298.16994071006775
0 0.0308 3.4580454230308533 265.95860719680786 35.69887951016426 288.9431118965149
0 0.0308 402.6976227760315 358.195424079895 433.3893656730652 384.06825065612793
0 0.0305 302.0254671573639 105.26493936777115 346.5094864368439 121.35417014360428
0 0.0303 76.89270377159119 331.0592770576477 118.63580346107483 348.696231842041
0 0.0301 202.4545520544052 268.1904733181 243.12950670719147 286.5651547908783
0 0.0296 147.5246697664261 346.48504853248596 188.65863978862762 364.5215928554535
0 0.0295 209.2527523636818 214.13449943065643 251.86093896627426 231.243297457695
0 0.0295 293.6403155326843 74.2764100432396 339.2278552055359 89.83587473630905
0 0.0294 131.95082545280457 448.01047444343567 172.98823595046997 466.1206901073456
0 0.0294 343.3222770690918 221.14643454551697 383.5366368293762 239.8589551448822
0 0.0289 147.98906445503235 416.4717197418213 188.2430613040924 435.1584315299988
0 0.0288 171.21075093746185 307.2487413883209 211.87390387058258 325.63188672065735
0 0.0283 194.79243457317352 361.8369996547699 235.18182337284088 380.4185688495636
0 0.0280 230.564646422863 241.56418442726135 261.7499902844429 266.37330651283264
0 0.0279 75.1943439245224 183.5145801305771 120.19586563110352 199.35132563114166
0 0.0279 309.07344818115234 334.4423174858093 339.5277261734009 360.91965436935425
0 0.0276 153.30643951892853 183.52021276950836 198.33289086818695 199.34548437595367
0 0.0270 343.68717670440674 267.73086190223694 383.2150101661682 287.02059388160706
0 0.0268 194.81225311756134 385.2583169937134 235.16450822353363 403.87189388275146
0 0.0265 398.38388562202454 244.2830726504326 437.8949701786041 263.5929062962532
0 0.0265 234.0899407863617 353.8459539413452 274.0360200405121 372.78276681900024
0 0.0265 448.74407351017 285.02875566482544 499.0234225988388 324.0211009979248
0 0.0265 359.35983061790466 361.43118143081665 398.8002836704254 380.81830739974976
0 0.0265 132.46101140975952 478.8912534713745 172.5335419178009 497.73722887039185
0 0.0264 0.0 314.8801624774933 31.953319907188416 333.6252272129059
0 0.0254 293.6224043369293 58.65905433893204 339.2445147037506 74.20297712087631
0 0.0254 0.0 0.0 499.0234375 265.2232050895691
0 0.0254 0.0 288.769394159317 27.533434331417084 312.948077917099
0 0.0253 0.0 335.3058695793152 27.368638664484024 360.13084650039673
0 0.0253 216.59738570451736 190.94902276992798 260.10238379240036 207.55010843276978
0 0.0251 115.7165877521038 315.5762851238251 157.9154022037983 332.92803168296814
0 0.0249 359.6005439758301 290.9068763256073 398.5908031463623 310.7134997844696
0 0.0249 281.50105476379395 298.6963987350464 320.44363021850586 318.5485005378723
0 0.0240 277.70012617111206 342.5615429878235 308.3873987197876 368.45141649246216
0 0.0237 0.0 397.20016717910767 27.122702449560165 423.1836199760437
0 0.0235 242.20263957977295 298.90739917755127 281.5858721733093 318.3419108390808
0 0.0235 398.53689074516296 220.71228921413422 437.7618134021759 240.28603732585907
0 0.0233 465.0343358516693 327.3125886917114 496.0372745990753 352.48303413391113
0 0.0228 449.58649575710297 472.4658727645874 499.0234524011612 499.0234375
0 0.0226 240.07493257522583 151.86205506324768 283.5039496421814 168.51186752319336
0 0.0226 246.31759524345398 327.2349536418915 277.2575318813324 352.5538742542267
0 0.0224 278.851717710495 120.76359987258911 322.8279650211334 137.10859417915344
0 0.0224 247.91976809501648 175.28484761714935 291.2862002849579 191.96470081806183
0 0.0223 295.8044111728668 182.5232058763504 337.2388184070587 200.358048081398
0 0.0222 234.0027168393135 377.35170125961304 274.1129919886589 396.15291357040405
0 0.0217 194.60009038448334 408.8451564311981 235.3544682264328 427.1606504917145
0 0.0217 0.0 366.2319481372833 27.228944003582 391.6761577129364
0 0.0217 194.82757151126862 338.37154507637024 235.15097796916962 357.00854659080505
0 0.0217 255.07405400276184 105.30459880828857 299.70434308052063 121.31419777870178
0 0.0216 153.52055430412292 167.7948385477066 198.13483953475952 183.82318317890167
0 0.0208 28.82523089647293 175.46091973781586 72.8532001376152 191.78549945354462
0 0.0208 320.2025890350342 361.51009798049927 359.8208427429199 380.7406425476074
0 0.0208 433.9079260826111 358.2925498485565 464.6746516227722 383.979469537735
0 0.0206 3.4042000770568848 242.60377138853073 35.75028479099274 265.4309943318367
0 0.0205 355.19638657569885 472.50282764434814 442.6254332065582 499.0234375
0 0.0203 246.9227984547615 89.8345336318016 292.20592230558395 105.53018003702164
0 0.0203 83.34043622016907 167.73158311843872 127.69997119903564 183.88786911964417
0 0.0202 287.32410073280334 143.85315775871277 330.0347030162811 160.89946031570435
0 0.0201 475.80891847610474 142.91733503341675 499.0234375 161.79272532463074
0 0.0201 0.0 459.7630798816681 27.14737504720688 485.62607169151306
0 0.0199 475.6750017404556 119.57183852791786 499.0234225988388 138.26316222548485
0 0.0194 178.71913313865662 440.2677118778229 219.95949745178223 458.2383334636688
0 0.0191 475.9174734354019 166.2769317626953 499.0234225988388 185.30786037445068
0 0.0191 273.16340804100037 369.4605827331543 313.08916211128235 388.4177803993225
0 0.0190 343.0994749069214 197.8650689125061 383.73643159866333 216.26561880111694
0 0.0189 125.5982518196106 377.0316541194916 147.52504229545593 412.18218207359314
0 0.0185 475.7981449365616 353.8605272769928 499.0234225988388 372.7242648601532
0 0.0184 410.4657769203186 264.553427696228 441.2413239479065 290.2195453643799
0 0.0183 179.19036746025085 479.0022373199463 219.53752636909485 497.6274371147156
0 0.0178 293.71926188468933 42.99058020114899 339.1547501087189 58.62253159284592
0 0.0176 200.9100317955017 167.54329204559326 244.53482031822205 184.08021330833435
0 0.0172 296.44089937210083 478.9542853832245 336.6692066192627 497.6748526096344
0 0.0171 246.7690333724022 74.27700608968735 292.34883934259415 89.83568102121353
0 0.0170 334.2435657978058 120.39154767990112 376.86887383461 137.48648762702942
0 0.0167 475.9804606437683 189.66735899448395 499.0234375 208.7920755147934
0 0.0166 232.40315169095993 128.35446000099182 275.56128054857254 145.14628052711487
0 0.0158 475.9335368871689 213.13907206058502 499.0234524011612 232.19551146030426
0 0.0157 226.15811228752136 478.93205285072327 266.3303315639496 497.6969063282013
0 0.0155 475.6321907043457 96.16225957870483 499.0234375 114.79757726192474
0 0.0152 211.54500544071198 291.1919057369232 233.45158994197845 326.17220282554626
0 0.0151 475.8857637643814 260.0500285625458 499.0234225988388 279.03488278388977
0 0.0149 475.8172631263733 236.66024953126907 499.0234375 255.5496022105217
0 0.0145 0.0 221.51979804039001 32.45658800005913 239.48678374290466
0 0.0143 241.6355386376381 400.9215235710144 282.08550065755844 419.4590449333191
0 0.0140 130.39471209049225 152.01880037784576 174.40952360630035 168.35249960422516
0 0.0138 193.2286024093628 144.0383940935135 236.60168051719666 160.7113629579544
0 0.0134 246.8171939253807 58.629900217056274 292.30431467294693 74.23324882984161
0 0.0130 52.67120152711868 151.8123298883438 95.9152951836586 168.56254637241364
0 0.0130 327.25587487220764 158.95089507102966 368.3079183101654 177.0549714565277
0 0.0127 341.4839208126068 89.44393694400787 385.2069675922394 105.92903196811676
0 0.0124 475.65555572509766 72.70941138267517 499.0234375 91.37549996376038
0 0.0124 225.79136490821838 432.3241114616394 266.65693521499634 450.5569338798523
0 0.0124 280.8094918727875 393.0302858352661 321.0481107234955 411.72510385513306
0 0.0122 208.50172638893127 105.156809091568 252.5501549243927 121.46495282649994
0 0.0119 441.65709614753723 256.8754553794861 472.54428267478943 282.2842001914978
0 0.0117 410.45406460762024 194.26994025707245 441.2517249584198 219.88053619861603
0 0.0117 0.0 486.43602430820465 24.625619873404503 499.0234225988388
0 0.0114 0.0 190.03117084503174 32.13958442211151 208.47508311271667
0 0.0113 218.01334619522095 455.74143528938293 258.8127553462982 474.0150272846222
0 0.0110 200.55654644966125 81.78380876779556 244.8602020740509 97.96150773763657
0 0.0108 341.3715064525604 66.06242060661316 385.31067967414856 82.43437111377716
0 0.0108 274.0524709224701 470.97229957580566 295.9428131580353 499.0234375
0 0.0103 278.24559807777405 27.297664433717728 323.38932156562805 43.06728020310402
0 0.0102 441.57546758651733 225.79539567232132 472.61935472488403 250.8792206645012
0 0.0101 247.00069427490234 42.92174056172371 292.13428497314453 58.69348719716072
