0 0.2956 526.8241119384766 78.12707519531251 583.3183288574219 98.94784545898438
0 0.2630 506.3193893432617 58.36967086791993 563.7843704223633 78.70006179809572
0 0.2625 527.2563171386719 107.90868377685545 582.9203033447266 129.17031860351562
0 0.1913 517.5921630859375 137.7318916320801 572.6117706298828 159.3500862121582
0 0.1854 466.9667434692383 78.05816268920898 523.1863784790039 99.01843643188478
0 0.1728 516.2336730957031 38.404808998107924 573.8648986816406 58.66324520111085
0 0.1315 507.62866973876953 167.71218872070312 562.5783157348633 189.37005615234375
0 0.1248 507.86197662353516 197.5849781036377 562.364387512207 219.499174118042
0 0.1168 446.12926483154297 58.45460510253906 503.96106719970703 78.61257171630861
0 0.1090 526.5714263916016 18.242546081542983 583.5533142089844 38.82863616943361
0 0.1078 467.82276153564453 107.6069793701172 522.4002456665039 129.4769439697266
0 0.0921 508.24893951416016 227.36253356933594 562.0112991333008 249.72406005859375
0 0.0832 526.8610382080078 -11.900505065917953 583.2865142822266 8.974319458007827
0 0.0817 407.0945358276367 77.99768066406251 463.06774139404297 99.08074951171876
0 0.0723 456.1940002441406 38.42376327514649 513.9014434814453 58.643966674804695
0 0.0583 506.25492095947266 -31.604780197143537 563.8451766967773 -11.326879501342757
0 0.0555 448.6460876464844 207.11774444580078 501.6511535644531 229.9700698852539
0 0.0538 258.83060455322266 116.99660873413086 311.4849853515625 140.09116744995117
0 0.0526 474.5615005493164 133.7081298828125 515.5664443969727 163.54501342773438
0 0.0520 408.0239486694336 107.49784088134767 462.2153854370117 129.58810424804688
0 0.0476 584.7545623779297 83.37144470214845 625.3852844238281 113.84988403320314
0 0.0460 448.6636734008789 177.10578536987305 501.6353988647461 199.98195266723633
0 0.0455 448.94683837890625 236.9229278564453 501.3795471191406 260.16534423828125
0 0.0453 578.7942504882812 57.0076141357422 631.5205383300781 80.07833099365236
0 0.0448 466.26964569091797 18.390956878662124 523.8309097290039 38.677936553955085
0 0.0421 498.77174377441406 257.03919982910156 551.5371704101562 280.0491485595703
0 0.0417 248.9002227783203 146.95308303833008 301.42173767089844 170.13507461547852
0 0.0397 397.5055694580078 37.77965164184572 452.6908874511719 59.3017921447754
0 0.0377 269.2747974395752 86.68927764892578 321.08691215515137 110.39739227294922
0 0.0373 18.80366325378418 187.01629257202148 71.50882720947266 210.0717506408691
0 0.0349 18.75497817993164 157.04749679565427 71.55285835266113 180.04043197631836
0 0.0347 466.26773834228516 -1.6084041595458838 523.8327407836914 18.677240371704116
0 0.0334 579.2421722412109 -33.28508996963499 631.1155700683594 -9.6277823448181
0 0.0332 526.9131469726562 -51.9249858856201 583.2381439208984 -31.000465393066385
0 0.0331 418.81885528564453 137.01102828979495 471.49410247802734 160.07770156860352
0 0.0327 314.9534225463867 113.02714920043945 355.1974105834961 144.16228866577148
0 0.0324 574.8388290405273 133.23115921020508 615.3052139282227 163.9770851135254
0 0.0320 585.0322341918945 -7.129682540893541 625.1247787475586 24.30485343933107
0 0.0308 18.841114044189453 126.99151611328125 71.4751148223877 150.09652709960938
0 0.0308 198.82564544677734 126.99952697753905 251.4895248413086 150.0882110595703
0 0.0302 18.91582489013672 216.94203948974607 71.4078140258789 240.14600372314453
0 0.0297 209.28621292114258 96.68275451660156 261.0763740539551 120.40410614013672
0 0.0285 564.9696350097656 172.9881820678711 605.1831817626953 204.19770812988284
0 0.0279 28.88967514038086 96.95573425292967 81.4321517944336 120.13177490234375
0 0.0275 259.7414779663086 56.33977508544923 310.6719970703125 80.74403381347658
0 0.0274 348.8895034790039 86.96246719360353 401.4308547973633 110.12599563598633
0 0.0271 446.52210235595703 -21.725219726562486 503.59683990478516 -1.2027587890624856
0 0.0270 188.93417358398438 156.93221664428714 241.39080047607422 180.15616989135742
0 0.0265 365.0094985961914 112.92657470703124 405.14461517333984 144.25366973876953
0 0.0254 0.0 193.38586425781247 638.75 532.25
0 0.0248 407.7165985107422 7.665039062500014 462.49755859375 29.418025970459002
0 0.0238 505.62450408935547 381.56419372558594 544.5857620239258 415.49729919433594
0 0.0238 29.225330352783203 66.72559356689453 81.13089561462402 90.36141967773439
0 0.0237 489.83734130859375 346.26397705078125 540.5873107910156 370.8189544677734
0 0.0236 209.79270935058594 66.29745101928711 260.62713623046875 90.7856330871582
0 0.0234 439.50965881347656 266.5253219604492 490.8759307861328 290.56127166748047
0 0.0234 564.971809387207 212.98348999023435 605.1812362670898 244.2019805908203
0 0.0229 0.0 -106.49999999999999 510.9122848510742 175.01496887207034
0 0.0225 18.917322158813477 246.94177246093747 71.40630722045898 270.14634704589844
0 0.0221 315.50721168518066 361.8676528930664 354.6890163421631 395.21939849853516
0 0.0221 309.6549606323242 146.40922164916992 360.74817657470703 170.67561721801758
0 0.0219 399.7831726074219 226.30963897705078 450.6346130371094 250.77420806884766
0 0.0218 239.65890884399414 176.4075813293457 290.74438095092773 200.67741012573242
0 0.0214 348.93367767333984 56.93191146850586 401.3913345336914 80.15639877319336
0 0.0206 589.4508361816406 26.557031631469734 638.75 50.528264999389656
0 0.0206 259.9599266052246 26.15879631042482 310.48051834106445 50.92209434509278
0 0.0203 405.205078125 192.54247283935547 444.9633026123047 224.6032485961914
0 0.0202 79.75380897521973 76.32667160034181 130.66180229187012 100.75656509399415
0 0.0200 165.21869659423828 72.5097999572754 204.9512481689453 104.63302230834961
0 0.0199 215.33737182617188 32.26052379608155 254.8422622680664 64.86036396026613
0 0.0193 465.6127166748047 381.59848785400385 504.5957946777344 415.46582794189453
0 0.0191 29.374876022338867 36.620026588439956 80.99695205688477 60.46664333343508
0 0.0190 489.2573547363281 316.7078552246094 541.1012268066406 340.3797302246094
0 0.0189 489.0806579589844 286.83160400390625 541.2594604492188 310.2564392089844
0 0.0184 115.3849983215332 42.15381240844728 154.7990608215332 74.95780563354494
0 0.0183 0.7570838928222656 66.01844406127931 28.84235382080078 111.15512466430665
0 0.0182 175.37473678588867 32.17767333984376 214.80829238891602 64.93600463867188
0 0.0181 355.5257797241211 361.8190155029297 394.67281341552734 395.263916015625
0 0.0180 149.41463470458984 106.59066772460939 200.9615707397461 130.4957733154297
0 0.0180 388.8713836669922 -23.024114608764634 441.44691467285156 0.11276817321778879
0 0.0178 370.09227752685547 146.04783630371094 420.36441802978516 171.03135681152344
0 0.0176 275.4026794433594 -7.886127471923811 314.78302001953125 24.994293212890636
0 0.0175 325.73951721191406 401.2265167236328 364.48768615722656 435.80705261230474
0 0.0175 75.14199256896973 172.66494369506836 115.02205848693848 204.4916877746582
0 0.0172 320.7907485961914 66.37277221679688 348.80252838134766 110.89250183105469
0 0.0171 315.2674865722656 12.41030311584474 354.9061584472656 44.723726272583015
0 0.0171 440.0411605834961 346.0932312011718 490.4087448120117 370.98695373535156
0 0.0169 139.21674728393555 136.7369041442871 191.1374855041504 160.35087203979492
0 0.0169 79.31768417358398 116.66057205200195 131.04816436767578 140.42621231079102
0 0.0169 608.6626434326172 -93.31678295135495 638.75 -69.65511703491208
0 0.0168 545.6711959838867 361.43018341064453 584.5457077026367 395.6201705932617
0 0.0166 595.6526947021484 361.4901123046875 634.5609283447266 395.56520080566406
0 0.0165 608.8076591491699 -63.409780502319315 638.7500190734863 -39.561428070068345
0 0.0162 319.54651832580566 515.9630546569824 370.9519100189209 532.2500190734863
0 0.0159 79.36372756958008 146.63026428222656 131.00645065307617 170.45674896240234
0 0.0159 275.52867889404297 361.81153869628906 314.6702575683594 395.27070617675776
0 0.0158 235.41881561279297 -7.923168182373032 274.76844787597656 25.028129577636733
0 0.0155 355.02742767333984 12.889553070068372 395.12821197509766 44.28731536865236
0 0.0153 85.31174659729004 12.31400108337404 124.86586570739746 44.811578750610366
0 0.0153 28.808670043945312 277.009521484375 81.50507926940918 300.07806396484375
0 0.0151 189.66392517089844 186.4055595397949 240.73955535888672 210.67962265014648
0 0.0151 439.83154296875 296.27164459228516 490.59181213378906 320.8117446899414
0 0.0148 466.177978515625 -51.567725181579576 523.916015625 -31.364544868469224
0 0.0148 425.6654739379883 381.45013427734375 464.55028533935547 415.60182189941406
0 0.0147 325.77098846435547 461.12275695800776 364.4618606567383 495.9024200439453
0 0.0147 455.44654846191406 422.0109710693359 494.7435760498047 455.0883636474609
0 0.0145 29.23145294189453 6.723714828491224 81.12490653991699 30.363603591918952
0 0.0145 69.79219198226929 206.2944087982178 120.62828302383423 230.7882175445557
0 0.0144 0.7480430603027344 15.928379058837907 28.85307788848877 61.22264480590822
0 0.0143 125.41561603546143 2.084957122802748 164.77126598358154 35.020709991455085
0 0.0143 319.95616912841797 -13.834308624267564 370.4830551147461 10.915733337402356
0 0.0143 575.4707145690918 498.2563171386719 638.7500190734863 532.25
0 0.0142 295.4375457763672 172.02903366088867 334.7520065307617 205.07182693481445
0 0.0141 365.7120132446289 401.31162261962885 404.5107650756836 435.72896575927734
0 0.0140 195.44549942016602 -7.98513793945311 234.7443962097168 25.084758758544936
0 0.0138 500.4072952270508 415.7347640991211 550.0968551635742 441.33473968505854
0 0.0135 309.92344856262207 336.18959045410156 360.51241874694824 360.8918151855469
0 0.0135 145.09499073028564 162.7639923095703 185.064959526062 194.40152740478516
0 0.0134 285.76488494873047 401.1436996459961 324.46678161621094 435.8831558227539
0 0.0133 379.49695587158203 516.0105476379395 430.99414825439453 532.2499809265136
0 0.0128 390.1814270019531 255.96646881103518 440.2874755859375 281.1108169555664
0 0.0127 240.71861267089844 205.64702606201172 268.88805389404297 251.4355239868164
0 0.0126 28.786332607269287 307.02569580078125 81.5248703956604 330.06204223632807
0 0.0125 235.85260391235352 400.8017883300781 274.39924240112305 436.19767761230463
0 0.0124 365.74180603027344 461.2213668823242 404.4856262207031 495.8118209838867
0 0.0123 75.10930061340332 232.72592163085938 115.0527286529541 264.4362030029297
0 0.0122 554.9894332885742 252.95587158203128 595.1642227172852 284.2270812988281
0 0.0122 259.5138931274414 515.9939155578613 310.9798049926758 532.2499809265137
0 0.0121 210.6947898864746 225.4379425048828 238.9164924621582 271.5964660644531
0 0.0121 609.4666290283203 336.10807037353516 638.75 360.91809844970703
0 0.0120 415.4862594604492 421.91796875 454.7078323364258 455.17335510253906
0 0.0120 395.43121337890625 342.05224609375 434.75685119628906 375.0505981445312
0 0.0119 540.2108001708984 335.93015289306635 590.2639770507812 361.14522552490234
0 0.0117 285.7406234741211 461.22262573242193 324.48680877685547 495.8106384277344
0 0.0115 270.02915382385254 -33.897060394287095 320.41937828063965 -9.022678375244128
0 0.0115 270.68885803222656 205.3942642211914 298.9236068725586 251.63121795654297
0 0.0114 609.7352600097656 395.8736572265625 638.75 421.1475524902344
0 0.0113 75.65834283828735 381.458984375 114.55753087997437 415.5937347412109
0 0.0113 439.43180084228516 516.0697135925293 491.05037689208984 532.2500190734863
0 0.0112 365.5775833129883 171.69332122802734 404.62642669677734 205.37896728515625
0 0.0111 225.7001495361328 441.3469467163086 264.5208740234375 475.69654083251953
0 0.0110 330.7982635498047 435.2833328247071 379.77455139160156 461.7680892944336
0 0.0109 547.8163528442383 -102.39554548263547 602.4074935913086 -80.52147769927977
0 0.0109 0.7568883895874023 276.01533508300776 28.842580318450928 321.1573181152344
0 0.0108 407.7932357788086 -52.37352752685545 462.4265670776367 -30.54229164123533
0 0.0105 0.0 -23.747362136840803 40.577545166015625 0.8299312591552874
0 0.0105 195.81438064575195 400.9515914916992 234.42865371704102 436.0597763061524
0 0.0105 160.6850814819336 205.36176300048828 188.92810821533203 251.65631866455078
0 0.0102 235.6838607788086 361.38162231445307 274.53601837158203 395.6647644042969
0 0.0102 245.5641746520996 251.72677612304685 284.63830947875977 285.3482971191406
0 0.0102 110.03897190093994 -23.907999038696275 160.41131496429443 0.9877643585205216
0 0.0101 405.6100082397461 461.6071472167968 444.5980453491211 495.4579315185547
0 0.0101 609.3579292297363 466.1976776123047 638.7499809265137 490.82994079589844
0 0.0100 49.631099700927734 336.42697906494135 100.76942443847656 360.6579360961914
