0 0.0750 586.6251945495605 -108.78664588928218 638.7500190734863 -88.14213848114011
0 0.0741 516.2113189697266 -108.5837206840515 573.8852691650391 -88.34828233718869
0 0.0587 586.3406372070312 -78.65074729919431 638.75 -58.280941009521456
0 0.0514 526.102294921875 -88.532844543457 583.9860534667969 -68.40023612976071
0 0.0465 586.1987495422363 -58.58481979370114 638.7499809265137 -38.34842300415036
0 0.0359 456.8102264404297 -108.86722421646114 513.3313751220703 -88.05818414688106
0 0.0339 586.0440826416016 31.48830795288088 638.75 51.577114105224624
0 0.0336 526.0031127929688 -68.48903751373288 584.0782165527344 -48.44534969329831
0 0.0297 586.533031463623 51.26308822631838 638.7500190734863 71.8080177307129
0 0.0292 0.0 -73.40198135375974 211.54129028320312 25.798305511474627
0 0.0292 515.6267547607422 41.677383422851584 574.427490234375 61.38380432128908
0 0.0283 586.1837005615234 -38.576589584350565 638.75 -18.356615066528303
0 0.0274 596.4901924133301 11.276163101196309 638.7499809265137 31.79334068298342
0 0.0262 397.3036193847656 -109.1156015396118 452.87681579589844 -87.80494308471678
0 0.0257 496.08642578125 61.47673034667971 554.0001678466797 81.59037017822267
0 0.0254 0.0 176.38586425781256 638.75 515.25
0 0.0225 525.9596252441406 -48.468225955963106 584.1182708740234 -28.466466426849337
0 0.0219 466.7091751098633 -78.81665325164794 523.4243392944336 -58.109599113464334
0 0.0216 516.1257934570312 21.45521545410158 573.9645385742188 41.61177062988283
0 0.0209 89.68997001647949 -110.61599588394161 140.71677207946777 -86.29920339584348
0 0.0206 456.7679214477539 41.15223312377932 513.3707046508789 61.9217338562012
0 0.0204 407.1398162841797 -79.02895069122313 463.0268859863281 -57.89274311065672
0 0.0197 270.0354862213135 29.09751796722414 320.41380882263184 53.982628822326674
0 0.0195 436.58702850341797 161.23882675170898 493.5380172729492 181.83311843872073
0 0.0191 586.1774444580078 -18.57280349731443 638.75 1.639675140380881
0 0.0188 566.4598846435547 71.30129241943361 623.6550140380859 91.76958465576175
0 0.0178 273.06254386901855 61.41418838500979 388.191499710083 111.06403732299806
0 0.0178 486.268310546875 81.39109039306642 543.8322448730469 101.67772674560547
0 0.0170 28.652098178863525 -109.88964414596553 81.64649724960327 -87.02303743362424
0 0.0166 278.83543968200684 -0.0002632141113066526 331.4792728424072 23.0889358520508
0 0.0157 337.7125930786133 -99.33377838134764 392.5014877319336 -77.58334732055663
0 0.0156 319.5545196533203 29.492815971374533 370.83580017089844 53.593663215637235
0 0.0153 456.5969467163086 181.23744392395022 513.5280227661133 201.835111618042
0 0.0150 407.11483001708984 140.98219299316406 463.0502700805664 162.0956268310547
0 0.0149 139.66474533081055 -100.59331035614011 190.73846817016602 -76.32125949859618
0 0.0148 240.74041366577148 18.8478698730469 268.8620948791504 64.28255462646486
0 0.0140 486.2522506713867 101.39868164062501 543.8470840454102 121.66998291015628
0 0.0138 287.7029800415039 -79.32771778106687 342.51007080078125 -57.589360237121554
0 0.0138 536.1497116088867 1.4460506439209202 593.9419937133789 21.621488571167014
0 0.0135 526.0951614379883 -28.528257369995096 583.9923477172852 -8.404680252075174
0 0.0135 466.7972183227539 -48.85680055618284 523.3424758911133 -28.068107128143282
0 0.0135 407.5830841064453 -49.25839757919309 462.6190185546875 -27.65899515151975
0 0.0134 378.72989654541016 40.06639862060549 431.5748977661133 63.02187347412111
0 0.0134 235.0175666809082 65.89800262451173 275.1384925842285 97.27968597412111
0 0.0133 575.4707145690918 481.25631713867193 638.7500190734863 515.25
0 0.0132 239.10572052001953 109.8135986328125 291.2371063232422 133.27433013916016
0 0.0131 457.62725830078125 10.713218688964863 512.5795745849609 32.3690643310547
0 0.0131 446.97643280029297 121.05335617065431 503.17745208740234 142.02335739135742
0 0.0129 516.5484237670898 171.25830078125003 573.5734176635742 191.8133773803711
0 0.0129 0.0 46.598018646240256 211.54129028320312 145.7983055114746
0 0.0127 278.0320739746094 -39.511600494384744 332.2090530395508 -17.403121948242166
0 0.0124 427.2572326660156 70.91184997558595 482.9186248779297 92.16772460937501
0 0.0123 338.72257232666016 0.06849670410158351 391.58206939697266 23.019412994384787
0 0.0119 347.9736328125 -69.47798347473142 402.26234436035156 -47.43707275390623
0 0.0118 546.3267135620117 91.36141204833984 603.7788009643555 111.70763397216797
0 0.0116 496.6630554199219 151.20642089843753 553.466796875 171.86697387695312
0 0.0114 546.0347747802734 111.49338150024414 604.0496826171875 131.572078704834
0 0.0112 229.3286895751953 -20.338855743408182 281.0365676879883 3.4267845153808794
0 0.0109 398.61682891845703 10.13430976867678 451.6780471801758 32.953161239624045
0 0.0106 228.44066619873047 -79.75163078308104 281.8367004394531 -57.16077423095701
0 0.0105 388.7351608276367 -19.93611907958982 441.5700149536133 3.0245437622070535
0 0.0105 293.06254386901855 121.41418838500978 408.191499710083 171.06403732299808
0 0.0103 397.4390411376953 180.8184757232666 452.75115966796875 202.26292991638184
0 0.0101 338.3856964111328 -39.722333908081026 391.88751220703125 -17.190900802612283
0 0.0100 210.74628829956055 8.90602493286135 238.85515213012695 54.23887634277346
0 0.0100 0.7658004760742188 -110.89892005920407 28.831989765167236 -65.90723133087155
