0 0.2247 504.7142791748047 -4.447677135467529 565.2778625488281 14.496829509735106
0 0.1994 504.33685302734375 -24.30263042449951 565.6308746337891 -5.653567314147949
0 0.1873 495.1820755004883 15.365924835205078 554.8410415649414 34.689788818359375
0 0.1726 413.9375305175781 -14.146211147308348 476.0027313232422 4.185674190521239
0 0.1523 434.55684661865234 5.619478225708006 495.42346954345703 24.428491592407223
0 0.1339 413.50902557373047 -33.99359703063965 476.4048385620117 -15.973339080810549
0 0.1213 496.0879135131836 34.97617721557617 553.9987564086914 55.09098052978515
0 0.1189 483.1934356689453 206.11425399780273 546.70166015625 223.91386032104492
0 0.1116 483.7609100341797 185.9115219116211 546.1699676513672 204.12429809570312
0 0.1092 504.34669494628906 -44.30735707283019 565.6219482421875 -25.64886927604675
0 0.1056 493.1018829345703 226.14761352539062 556.787109375 243.87950897216794
0 0.0999 435.59276580810547 25.195627212524414 494.4581985473633 44.865732192993164
0 0.0913 484.6286392211914 165.58277130126953 545.3586959838867 184.46468353271482
0 0.0779 413.55175018310547 -54.010233879089355 476.3651657104492 -35.956354141235344
0 0.0748 375.83248138427734 5.092802047729493 434.23511505126953 24.971742630004883
0 0.0735 495.6239700317383 145.17271041870114 554.4314956665039 164.8874855041504
0 0.0694 274.09549713134766 245.79109191894534 335.85594177246094 264.2498779296875
0 0.0688 493.5145950317383 246.00467681884763 556.3995742797852 264.0285110473633
0 0.0679 274.22332763671875 225.74284553527832 335.73638916015625 244.29980278015137
0 0.0658 413.31703186035156 206.07107162475586 476.5857696533203 223.95875930786133
0 0.0654 486.67903900146484 124.69289779663085 543.4534072875977 145.37973403930664
0 0.0640 424.11216735839844 175.78210830688477 485.841064453125 194.25859451293945
0 0.0628 497.25181579589844 64.41370010375977 552.9238128662109 85.66566467285156
0 0.0602 423.2280731201172 226.10420227050778 486.6686248779297 243.92475128173828
0 0.0598 274.21793937683105 265.7458114624023 335.74124336242676 284.2969131469726
0 0.0592 497.4850845336914 94.28787231445311 552.7103042602539 115.79299926757812
0 0.0572 274.5984649658203 205.59814453125 335.3859329223633 224.44950103759763
0 0.0557 435.25455474853516 145.3287696838379 494.77527618408203 164.7266960144043
0 0.0548 607.1241760253906 284.0491104125976 638.75 305.9641647338867
0 0.0535 436.2944793701172 44.87970352172852 493.8078308105469 65.18951416015625
0 0.0514 355.91224670410156 -14.942226409912108 414.16099548339844 5.007762908935547
0 0.0508 607.178955078125 254.0210723876953 638.75 275.99281311035156
0 0.0506 425.8293151855469 125.08340835571286 484.24072265625 144.97934341430664
0 0.0487 275.15514373779297 185.37553787231442 334.8664855957031 204.67958450317383
0 0.0484 353.5407257080078 225.99528312683105 416.3750457763672 244.03828620910647
0 0.0482 274.5908260345459 285.6036376953125 335.39246559143066 304.44435119628906
0 0.0463 355.5411911010742 -34.78157997131348 414.5059585571289 -15.157585144042969
0 0.0454 404.6730422973633 -74.43985223770142 465.31856536865234 -55.512974262237556
0 0.0452 545.1292037963867 165.38095474243164 604.8920059204102 184.67294692993164
0 0.0449 436.62452697753906 104.71714019775389 493.50425720214844 125.35461425781249
0 0.0446 494.4520568847656 -64.34969365596771 555.5239105224609 -45.60542166233063
0 0.0439 376.41674041748047 24.825878143310547 433.69388580322266 45.24520874023437
0 0.0436 607.4778747558594 313.8694763183594 638.75 336.1485290527344
0 0.0429 275.09345054626465 305.4035568237304 334.9233341217041 324.6512222290039
0 0.0427 544.1431427001953 195.76879501342773 605.8125305175781 214.27202224731442
0 0.0425 344.1250991821289 245.78258514404297 405.82752227783203 264.2592239379882
0 0.0414 343.6032485961914 205.97118377685544 406.3169479370117 224.0629196166992
0 0.0410 275.60826301574707 165.1865577697754 334.44430351257324 184.87459182739258
0 0.0402 585.1884460449219 225.35239219665527 638.75 244.70162391662595
0 0.0396 494.2808151245117 265.7249069213867 555.6816482543945 284.31919097900385
0 0.0390 363.8051986694336 185.8962059020996 426.1282730102539 204.14037704467773
0 0.0389 275.49736976623535 325.234375 334.5473384857178 344.825439453125
0 0.0377 413.78448486328125 245.90877532958982 476.1463165283203 264.1283798217773
0 0.0367 557.1628570556641 14.45442199707031 613.0068206787109 35.623359680175774
0 0.0367 426.43299102783203 64.8130464553833 483.6801528930664 85.25737285614014
0 0.0360 275.79161643981934 345.1067352294922 334.2740726470947 364.95666503906244
0 0.0341 374.57393646240234 155.60588836669922 435.4093551635742 174.44110870361325
0 0.0338 266.1069107055664 364.9654006958008 323.9816665649414 385.1016616821289
0 0.0335 334.68799591064453 265.56472778320307 395.3018569946289 284.4844055175781
0 0.0334 556.0901260375977 144.9652290344238 613.999137878418 165.10034561157227
0 0.0328 355.41393280029297 -54.72911357879638 414.62474822998047 -35.21192073822022
0 0.0312 566.9778060913086 -15.452823638916014 623.1774520874023 5.528697967529296
0 0.0292 547.2997283935547 114.377326965332 602.8824615478516 135.70072174072263
0 0.0290 275.9104919433594 145.05508422851562 334.1634750366211 165.00988006591797
0 0.0287 215.98289489746094 225.0240707397461 274.0959930419922 245.04196166992185
0 0.0281 406.4936065673828 84.7867202758789 463.6235046386719 105.28472900390624
0 0.0263 364.93675231933594 135.46195983886716 425.0707244873047 154.58988189697266
0 0.0262 216.0828971862793 244.980239868164 274.0029716491699 265.0871276855469
0 0.0257 216.16485595703125 204.93928909301758 273.92791748046875 225.1284599304199
0 0.0254 0.0 219.8858642578125 638.75 558.75
0 0.0252 335.0724792480469 285.4090499877929 394.94361877441406 304.6449661254882
0 0.0242 276.75899505615234 384.65972900390625 333.3782196044922 405.4146575927734
0 0.0237 607.3477363586426 183.93365859985352 638.7499809265137 206.08224868774414
0 0.0232 375.9690856933594 105.02073287963867 434.11109924316406 125.04358291625977
0 0.0229 0.0 -79.99999999999999 510.9122848510742 201.51496887207028
0 0.0225 217.1179962158203 174.4767951965332 273.0482482910156 195.60049057006833
0 0.0223 505.33935546875 285.30338287353516 564.6938323974609 304.7548294067382
0 0.0216 608.2087898254395 343.4640121459961 638.7499809265137 366.5615463256836
0 0.0209 394.91233825683594 265.4786682128906 455.0917053222656 284.57397460937494
0 0.0207 346.3258361816406 -75.13977050781249 403.7799835205078 -54.79143857955932
0 0.0206 335.2558135986328 305.3335571289062 394.7727966308594 324.72282409667963
0 0.0194 216.39022827148438 264.83997344970703 273.71803283691406 285.2310562133789
0 0.0186 295.55535316467285 125.2073287963867 354.49400901794434 144.85286712646484
0 0.0182 557.9339599609375 44.041481018066406 612.2992706298828 66.04274749755858
0 0.0182 335.35125732421875 325.2946472167969 394.6836853027344 344.7631072998047
0 0.0180 558.4403991699219 83.73809814453125 611.8392181396484 106.34799957275389
0 0.0166 317.5041198730469 4.281167984008788 372.6921081542969 25.80039024353027
0 0.0165 608.3927154541016 123.34882736206055 638.75 146.6773796081543
0 0.0163 218.30068588256836 143.8262176513672 271.965389251709 166.25980377197266
0 0.0160 335.60829162597656 345.18699645996094 394.44419860839844 364.874267578125
0 0.0157 268.36520195007324 63.79226684570312 321.90571784973145 86.29474639892578
0 0.0155 326.2482452392578 364.9032974243164 383.85009765625 385.1657485961914
0 0.0154 497.6992416381836 344.17491912841797 552.5133895874023 365.90808868408203
0 0.0153 278.1188106536865 33.93993377685546 332.129602432251 56.146087646484375
0 0.0151 298.02517890930176 -26.005849838256832 352.2149181365967 -3.9086532592773433
0 0.0146 566.551399230957 -45.245704650878906 623.5712814331055 -24.6829891204834
0 0.0140 217.38101959228516 304.35024261474604 272.80418395996094 325.7308578491211
0 0.0138 608.9706611633301 542.6542854309081 638.7499809265137 558.7499809265137
0 0.0137 296.1076354980469 104.96265411376953 353.98155212402344 125.10398864746092
0 0.0136 614.3680000305176 150.0746726989746 638.7499809265137 180.16767501831052
0 0.0134 516.5721893310547 304.75151062011713 573.5503387451172 325.32112121582026
0 0.0131 366.66812896728516 54.70403671264648 423.4621047973633 75.36941528320311
0 0.0123 609.3312835693359 412.7175521850586 638.75 437.31021881103516
0 0.0123 608.8363456726074 373.07102203369135 638.7500190734863 396.95781707763666
0 0.0122 217.43175506591797 344.3206787109375 272.7582550048828 365.76042175292963
0 0.0121 609.560718536377 512.5349044799805 638.7499809265137 537.4905776977539
0 0.0120 225.20227432250977 59.0485954284668 264.9658393859863 91.09766006469727
0 0.0114 297.7873992919922 -55.871100425720215 352.4320983886719 -34.04488563537598
0 0.0114 405.95592498779297 335.0287628173828 464.12281036376953 355.03578186035156
0 0.0113 608.8791656494141 63.04147720336913 638.75 86.98732376098631
0 0.0113 395.8264923095703 285.09181976318354 454.24156188964844 304.9720382690429
0 0.0112 238.8608741760254 93.47591400146484 291.4578437805176 116.61174774169922
0 0.0110 258.5215759277344 3.6962032318115225 311.7638397216797 26.391324996948242
0 0.0104 614.7523498535156 9.458894729614256 638.75 40.72598457336426
0 0.0103 316.55567169189453 84.75225448608397 373.5673141479492 105.3190803527832
0 0.0102 556.2858963012695 -65.12290954589844 613.8174057006836 -44.80901718139648
