0 0.2386 294.2935562133789 158.71603775024414 355.67073822021484 177.32756423950195
0 0.1861 294.45064544677734 178.65853118896484 355.5232620239258 197.38762664794922
0 0.1552 284.70913887023926 138.55288314819336 345.28300285339355 157.49594497680664
0 0.1262 354.88895416259766 168.47924041748044 415.1157760620117 187.57164764404297
0 0.1249 235.89590072631836 158.06275177001953 294.17673110961914 178.00221252441406
0 0.0989 235.94148635864258 178.0434684753418 294.13415908813477 198.02222061157227
0 0.0975 325.1866912841797 198.36808967590332 384.8356628417969 217.68836784362796
0 0.0969 355.35255432128906 148.2896499633789 414.68360900878906 167.7673797607422
0 0.0806 265.7281494140625 198.13834953308105 324.3320083618164 217.924898147583
0 0.0786 265.87230682373047 118.0670623779297 324.20013427734375 137.99664306640625
0 0.0783 226.79290771484375 137.64309692382812 283.34693908691406 158.4315948486328
0 0.0757 536.0942459106445 207.96822357177732 593.9941024780273 228.09822845458984
0 0.0577 546.4147567749023 187.81756210327148 603.6980056762695 208.25205612182617
0 0.0510 345.81298828125 128.08996963500977 404.2559814453125 147.97247695922852
0 0.0496 546.6067504882812 227.73041534423828 603.5195159912109 248.341911315918
0 0.0495 256.95091247558594 97.56254959106444 313.2018280029297 118.51336288452147
0 0.0466 597.8592109680176 207.08000946044922 638.7499809265137 229.00322723388672
0 0.0353 208.93863677978516 76.43048095703125 261.38648986816406 99.65809631347658
0 0.0327 608.3601188659668 236.37276458740234 638.7500190734863 259.65378570556635
0 0.0314 326.29486083984375 107.8703956604004 383.8096618652344 128.19739151000977
0 0.0308 587.7928352355957 167.11340713500977 638.7499809265137 188.96879959106445
0 0.0307 159.25588607788086 56.21104049682617 211.1020851135254 79.87685012817383
0 0.0302 198.8924789428711 106.4562873840332 251.4291000366211 129.63156509399414
0 0.0295 326.82239532470703 217.6334457397461 383.31859588623047 238.44231414794925
0 0.0279 267.5680446624756 67.24348831176758 322.63421058654785 88.8380699157715
0 0.0279 526.500244140625 167.7765350341797 583.6190795898438 188.29388427734375
0 0.0266 266.6859817504883 217.69757080078122 323.4450912475586 238.37643432617185
0 0.0254 0.0 192.88586425781247 638.75 531.75
0 0.0246 149.61763381958008 85.94012069702148 200.7807731628418 110.14529037475586
0 0.0240 8.729476928710938 206.5685729980469 61.5748929977417 229.52000427246094
0 0.0233 178.39899063110352 156.77025604248047 231.87532424926758 179.31668090820312
0 0.0230 207.1479034423828 197.46949005126953 263.0188751220703 218.6092834472656
0 0.0229 0.0 -107.00000000000001 510.9122848510742 174.5149688720703
0 0.0221 218.5082244873047 46.70624542236329 271.77555084228516 69.38149261474611
0 0.0218 99.32234764099121 56.16101074218751 151.04321479797363 79.92630767822266
0 0.0204 17.950234413146973 177.0351676940918 72.28375911712646 199.0495948791504
0 0.0186 0.0 236.21563720703122 51.10579013824463 259.8724822998047
0 0.0179 588.5549926757812 136.6648941040039 638.75 159.42124176025388
0 0.0178 386.3988494873047 187.82097625732422 443.71368408203125 208.24780273437497
0 0.0172 138.6992645263672 26.58633995056153 191.60255432128906 49.501932144165046
0 0.0153 155.06431579589844 112.31835174560545 195.093994140625 143.85208892822266
0 0.0150 327.5566864013672 77.23913955688477 382.6470184326172 98.84074020385742
0 0.0148 28.043553829193115 146.97809982299805 82.19942331314087 169.1067008972168
0 0.0147 89.31517601013184 86.16276550292969 141.05032920837402 109.9240951538086
0 0.0145 608.9671325683594 515.6571464538574 638.75 531.7500190734863
0 0.0142 609.6017456054688 485.5012588500976 638.75 510.5237655639648
0 0.0141 487.11997985839844 187.482421875 543.0448913574219 208.59589385986328
0 0.0135 278.03165435791016 36.98581981658936 332.2100830078125 59.09905719757081
0 0.0132 608.9893341064453 105.96388626098633 638.75 130.0646858215332
0 0.0132 527.7444076538086 137.13909912109375 582.474479675293 158.9425735473633
0 0.0130 608.4959411621094 266.28880310058594 638.75 289.73851013183594
0 0.0127 88.75850677490234 156.53937149047852 141.55094146728516 179.5477180480957
0 0.0123 198.39061737060547 16.778524398803718 251.8822479248047 39.3088321685791
0 0.0123 79.0442681312561 26.357830047607425 131.2918257713318 49.73046112060547
0 0.0119 68.15903663635254 196.9126491546631 122.09376335144043 219.17302894592282
0 0.0119 512.6921272277832 -106.99999999999999 638.7499809265137 -37.15076160430907
0 0.0114 18.638415336608887 116.62060546874999 71.65853977203369 139.46690368652344
0 0.0109 609.0748596191406 75.90582656860352 638.75 100.1229362487793
0 0.0108 0.0 75.9074478149414 50.73887825012207 100.17803955078125
0 0.0105 118.4864616394043 -3.282024383544915 171.795654296875 19.369457244873054
0 0.0104 608.9991569519043 345.9602432250976 638.7500190734863 370.06874847412104
0 0.0103 148.69905471801758 186.5841178894043 201.6032600402832 209.50381088256833
0 0.0102 99.1739559173584 116.25977325439452 151.17730140686035 139.82708740234375
