0 0.0429 129.80827689170837 45.36208295822144 174.9511957168579 61.12819695472717
0 0.0408 0.0 160.96687102317813 39.64722529053688 179.91262459754944
0 0.0376 114.24916982650757 60.95751905441285 159.26501154899597 76.78359532356264
0 0.0361 145.26011049747467 29.815790891647346 190.73660671710968 45.42255187034607
0 0.0339 4.129217006266117 181.24896073341367 35.069636069238186 206.54105925559998
0 0.0334 83.05602893233299 45.30682945251465 127.96223536133766 61.185029983520515
0 0.0293 98.5848568379879 29.724431872367866 143.67670193314552 45.51605665683748
0 0.0291 0.0 137.6836576461792 39.8283414542675 156.32229828834534
0 0.0288 176.84204876422882 45.288083791732795 221.67934477329254 61.20386505126953
0 0.0266 60.38453429937363 60.559076905250556 103.81723195314407 77.191037774086
0 0.0263 161.32336854934692 60.86514675617219 205.95550537109375 76.87829220294954
0 0.0254 0.0 150.785831451416 499.0234375 415.52343749999994
0 0.0247 77.15080678462982 153.65049028396606 118.40139329433441 171.6061511039734
0 0.0242 98.91298040747643 76.44808077812195 143.3725394308567 92.54640126228333
0 0.0235 270.54253220558167 29.68824067711831 315.47465920448303 45.55346974730492
0 0.0233 38.46593014895916 169.01510739326477 79.00051958858967 187.49052071571353
0 0.0229 0.0 -83.49999999999999 399.15022253990173 136.43356943130496
0 0.0226 0.0 91.01913654804231 40.09635001420975 109.2376538515091
0 0.0226 145.19526064395905 14.218253731727607 190.7971054315567 29.76910555362702
0 0.0220 0.0 114.36158204078674 39.971839636564255 132.77002954483035
0 0.0216 0.0 67.66643905639648 40.20988196134567 85.71544075012207
0 0.0215 255.32624125480652 45.118985414505005 299.47176575660706 61.37722516059876
0 0.0203 192.6286220550537 29.586979836225513 237.15490102767944 45.65675714612008
0 0.0202 98.6424945294857 14.073690116405498 143.62314715981483 29.917573273181922
0 0.0200 52.437134087085724 29.37507042288781 96.12960368394852 45.87331572175027
0 0.0192 21.30657248198986 44.93866646289826 64.76974673569202 61.560792565345764
0 0.0161 270.2998220920563 14.172425210475929 315.69990515708923 29.816290080547336
0 0.0159 90.9387618303299 -1.601117014884939 135.7097625732422 14.343721508979806
0 0.0158 77.02365517616272 130.29329264163968 118.51650476455688 148.0879911184311
0 0.0157 45.517606660723686 83.57400977611542 87.49908395111561 101.05620110034941
0 0.0155 145.85047960281372 76.41626679897308 190.19022583961487 92.57863247394563
0 0.0150 42.88923926651478 142.76978158950806 74.41358081996441 166.94775009155273
0 0.0150 83.16175639629364 -17.241390705108632 127.86409258842468 -1.2653938531875522
0 0.0149 279.9433767795563 169.48237800598145 321.82762026786804 187.02325010299683
0 0.0148 0.03983825445175171 207.58154773712155 39.37520831823349 227.04341793060303
0 0.0147 302.73565649986267 44.84444642066956 345.8552658557892 61.65656232833862
0 0.0136 6.418243050575256 21.096346616745006 48.47002774477005 38.5337599515915
0 0.0135 137.53820955753326 -1.476371943950644 182.84045159816742 14.215534269809732
0 0.0134 223.7359657883644 14.031691193580633 268.5362324118614 29.960853695869453
0 0.0133 38.50603848695755 192.42217922210693 78.96505296230316 210.95803165435794
0 0.0131 475.76063871383667 402.94703626632685 499.0234375 415.52343749999994
0 0.0128 85.3104442358017 176.85508513450623 125.90155005455017 195.27643704414368
0 0.0128 0.0 402.96825551986694 39.96983543038368 415.52343749999994
0 0.0127 263.4323239326477 68.40640091896059 307.0144057273865 84.967253446579
0 0.0126 44.67214457690716 5.912406086921702 88.27358670532703 22.461278080940254
0 0.0125 208.45580101013184 60.73762261867524 252.59354710578918 77.00799190998079
0 0.0125 69.04046982526779 106.96255946159363 110.8584776520729 124.54336667060852
0 0.0124 82.95951411128044 -32.77324168384074 128.05147841572762 -16.985927060246457
0 0.0119 476.22913122177124 379.4103541374206 499.0234375 398.9220538139342
0 0.0117 400.5407243967056 -83.49999999999999 499.0234225988388 -28.93028250336646
0 0.0114 122.43383750319481 92.03196847438812 166.733268648386 108.21325862407686
0 0.0109 36.67747974395752 -17.432311832904805 80.62869310379028 -1.0706431269645604
0 0.0105 287.496417760849 146.1933978796005 329.8772871494293 163.43532288074493
0 0.0104 233.19927603006363 169.40155410766604 274.8340591788292 187.1044316291809
0 0.0101 129.75414097309113 -17.113397181034077 175.00139772891998 -1.3969785571098237
0 0.0101 0.0 -2.5947934985160734 40.28131812810898 15.351554095745096
