0 0.0455 152.7651697397232 175.9500429034233 198.83467257022858 191.28460437059402
0 0.0399 277.55242586135864 -3.6484375596046448 324.0327835083008 11.505238711833954
0 0.0383 293.66618394851685 175.8301630616188 339.2031788825989 191.40788167715073
0 0.0371 106.79113492369652 175.5422279238701 151.12421289086342 191.70308858156204
0 0.0368 122.19206988811493 160.02067923545835 166.9570952653885 175.97171664237976
0 0.0366 160.85459291934967 191.4558410644531 206.38956129550934 207.03238248825073
0 0.0336 380.5861473083496 183.17260593175888 424.2331385612488 199.70057159662247
0 0.0336 199.48238134384155 176.01480334997177 245.85697054862976 191.21751934289932
0 0.0329 285.7201099395752 11.826567351818085 331.5146565437317 27.284882962703705
0 0.0319 301.40548944473267 160.2354198694229 347.084105014801 175.75140297412872
0 0.0308 168.43895614147186 160.30098497867584 214.41508829593658 175.68372189998627
0 0.0304 278.1544327735901 191.4028525352478 323.4735131263733 207.08626508712769
0 0.0294 324.75367188453674 191.5251314640045 370.60442566871643 206.9607079029083
0 0.0277 246.62689119577408 175.8997216820717 292.4813851714134 191.33587926626203
0 0.0269 380.6040287017822 206.6008448600769 424.21668767929077 223.14751148223877
0 0.0268 348.51396083831787 167.94194281101227 393.74297857284546 183.67235362529752
0 0.0256 277.4789035320282 -19.244492053985596 324.10165667533875 -4.149913787841797
0 0.0255 137.8762423992157 144.36791837215424 182.5273334980011 160.3751331567764
0 0.0254 0.0 171.78583145141602 499.0234375 436.5234375
0 0.0253 207.3403000831604 191.62178039550778 253.62694263458252 206.8612575531006
0 0.0234 254.67509031295776 160.17037630081177 300.0751733779907 175.81802606582642
0 0.0229 0.0 -62.499999999999986 399.15022253990173 157.43356943130493
0 0.0224 332.7440023422241 207.0731520652771 378.25149297714233 222.66501188278198
0 0.0224 293.9464747905731 144.45000886917114 338.9441668987274 160.29074788093567
0 0.0223 92.10851788520813 143.79902184009552 134.63358581066132 160.9542816877365
0 0.0213 294.15392875671387 27.169875800609585 338.7511372566223 43.198876082897186
0 0.0202 262.5892162322998 207.0023715496063 307.7927231788635 222.73769974708557
0 0.0202 61.15789711475372 174.87769573926926 103.11010479927063 192.37763434648514
0 0.0202 115.02043902873993 198.77368211746213 158.55206549167633 215.35104513168335
0 0.0200 348.7115502357483 152.2253304719925 393.56011152267456 168.14111173152924
0 0.0199 161.40159964561462 206.8307399749756 205.88251948356628 222.9139804840088
0 0.0188 184.41589176654816 144.5213258266449 229.71324622631073 160.21770238876343
0 0.0185 153.51244807243347 128.7383735179901 198.14181327819824 144.75491642951965
0 0.0175 21.901369094848633 159.36382114887238 64.22493606805801 176.6401082277298
0 0.0172 348.9511013031006 222.430020570755 393.3372497558594 238.56493830680847
0 0.0169 341.06913208961487 136.52096688747406 385.5901062488556 152.59747207164764
0 0.0165 247.3965287208557 144.29613947868347 291.7686700820923 160.4481041431427
0 0.0164 396.566778421402 159.54671800136566 439.5317733287811 176.4543205499649
0 0.0163 239.49620127677917 11.533334851264954 284.03547406196594 27.58614718914032
0 0.0161 231.25913739204407 -3.897218033671379 276.61654353141785 11.76161877810955
0 0.0158 207.68025517463684 207.10250735282898 253.31038236618042 222.63512015342712
0 0.0154 29.810182750225067 135.86850464344022 71.95005565881729 153.26069295406342
0 0.0151 448.74407351017 3.7787631154060364 499.0234225988388 42.7711084485054
0 0.0150 286.91691160202026 120.63030898571013 330.4089903831482 137.24349439144135
0 0.0149 0.0 -52.38803103566169 31.861282885074615 -33.482570201158524
0 0.0148 200.4128098487854 128.72314453125 244.99410390853882 144.76990699768066
0 0.0146 325.2100944519043 -3.9941221475601196 370.1816201210022 11.859983205795288
0 0.0146 380.9579610824585 237.6660108566284 423.89124631881714 254.5856237411499
0 0.0144 107.46387019753456 120.51230669021606 150.5049131810665 137.36435770988464
0 0.0139 448.74407351017 50.653770565986626 499.0234225988388 89.646115899086
0 0.0136 475.6401926279068 -21.030273288488388 499.0234225988388 -2.384830266237259
0 0.0130 169.20804977416992 113.07799816131592 213.70196342468262 129.16576862335205
0 0.0128 14.459844678640366 182.5825572013855 56.074436753988266 200.2984881401062
0 0.0127 302.37582325935364 222.28360176086426 346.18547558784485 238.71457576751706
0 0.0126 475.6203889846802 -52.26786620914936 499.0234375 -33.64739008247852
0 0.0122 333.7162733078003 112.85801231861113 377.353310585022 129.39028441905975
0 0.0122 240.6378984451294 112.49254643917084 282.98813104629517 129.76069748401642
0 0.0122 0.0 -28.936419636011124 31.87745064496994 -10.059025138616562
0 0.0121 22.19684235751629 112.31254041194914 63.956307247281075 129.9426406621933
0 0.0119 22.07528054714203 -4.798360168933868 64.06603008508682 12.678511440753937
0 0.0113 247.57299572229385 222.34097123146057 291.60430282354355 238.65601420402527
0 0.0112 333.23606848716736 11.532768607139587 377.79614329338074 27.58575975894928
0 0.0110 256.3941776752472 268.67109537124634 298.49234223365784 286.0835790634155
0 0.0109 475.78275203704834 423.929676413536 499.0234375 436.52345240116114
0 0.0108 69.09967958927155 198.23822379112244 110.80488562583923 215.89282155036923
0 0.0108 231.05310648679733 -19.43231374025345 276.80809050798416 -3.955975174903869
0 0.0107 295.31341791152954 96.8772768974304 337.6859426498413 114.12632465362549
0 0.0104 303.4192621707916 268.5816287994385 345.2308475971222 286.1737608909607
0 0.0100 302.6615381240845 50.25885999202728 345.9232449531555 66.99153780937195
0 0.0100 448.74407351017 97.52877056598663 499.0234225988388 136.521115899086
