0 0.0869 450.2962529659271 158.65098404884338 495.1024353504181 174.59045815467834
0 0.0828 457.6975256204605 174.46034121513364 499.0234225988388 190.0259153842926
0 0.0779 133.22558999061584 15.899223268032088 171.87023162841797 36.08965593576432
0 0.0697 459.1115713119507 134.7067849636078 499.0234375 151.66913437843323
0 0.0657 121.70255184173584 35.799895405769355 151.91882848739624 63.02980053424835
0 0.0655 403.77452969551086 158.48344284296036 447.90056347846985 174.7620524764061
0 0.0638 465.50577878952026 190.0813775062561 499.0234375 205.6539254188538
0 0.0603 176.3472557067871 12.507473111152658 206.64113759994507 39.459024548530586
0 0.0588 140.72751998901367 -7.226328372955309 179.94624376296997 12.349818825721751
0 0.0588 93.88375282287598 16.17866474390031 133.04507732391357 35.81863361597062
0 0.0574 90.28314054012299 36.29838395118714 120.81311643123627 62.57249879837036
0 0.0560 410.90667247772217 174.42839312553403 456.34227991104126 190.059770822525
0 0.0537 473.965659737587 212.8964262008667 499.0234225988388 229.6715574264526
0 0.0519 180.02158403396606 -7.453287959098802 218.81136298179626 12.570192098617564
0 0.0492 156.7116379737854 38.636916309595115 178.93871665000916 75.71910414099693
0 0.0481 460.0602984428406 110.70313024520875 499.0234375 128.8023190498352
0 0.0477 412.7122461795807 134.4343023300171 454.6823799610138 151.94441843032837
0 0.0468 101.42846032977104 -7.023404359817492 141.09014347195625 12.150664806365977
0 0.0460 357.5246036052704 165.97544121742249 400.4501402378082 182.90107417106626
0 0.0430 109.82079803943634 61.98813486099244 132.08292424678802 99.23054742813112
0 0.0409 70.81728428602219 62.6560049057007 109.29705947637558 83.07703304290771
0 0.0397 223.04943203926086 -18.26688182353972 253.6659836769104 7.773091077804578
0 0.0393 133.25215876102448 69.76670491695404 155.52787482738495 107.07203018665314
0 0.0392 207.59068429470062 12.53326702117921 237.896129488945 39.43533170223237
0 0.0392 180.1706701517105 38.76699972152711 202.3501843214035 75.6104485988617
0 0.0363 58.84969048202038 28.924615114927303 89.72734399139881 54.35890796780586
0 0.0358 474.09552335739136 236.2728612422943 499.0234375 253.17214894294736
0 0.0349 475.7317900657654 86.90675067901611 499.0234375 105.67810106277467
0 0.0343 366.08976125717163 142.0939462184906 407.5778126716614 159.91096663475037
0 0.0336 0.0 115.88909196853638 165.26663303375244 193.38928627967834
0 0.0318 164.56037759780884 124.80290699005126 186.70746684074402 161.46766114234924
0 0.0318 191.65568053722382 -33.56235009431837 222.54590690135956 -8.15299433469771
0 0.0313 413.70508074760437 110.3360550403595 453.78825068473816 129.1678147315979
0 0.0305 188.00599873065948 117.04719531536101 210.13517677783966 153.60928046703336
0 0.0304 156.71536326408386 77.72122788429262 178.9342164993286 114.76324963569643
0 0.0301 54.47739362716675 8.66625177860261 94.28143501281738 27.71231997013093
0 0.0299 203.62308621406555 38.865675210952766 225.76969861984253 75.52974390983583
0 0.0296 67.01269745826721 82.66757893562317 97.23468124866486 109.91158056259155
0 0.0293 418.14613342285156 190.2998285293579 464.6875262260437 205.43118286132812
0 0.0287 219.24583613872528 101.35256218910216 241.397425532341 138.04077076911926
0 0.0286 448.74407351017 -60.09623688459394 499.0234225988388 -21.103884100913987
0 0.0282 148.24245870113373 -30.40892910957335 188.01827728748322 -11.3377450108528
0 0.0281 311.90025806427 165.20636248588562 352.4405360221863 183.67444443702698
0 0.0278 242.67546087503433 101.30018460750578 264.8444399237633 138.0835520029068
0 0.0272 160.61724722385406 169.0584393143654 191.10624492168427 195.43300288915634
0 0.0264 35.511210560798645 91.19192230701447 66.20098650455475 117.07148420810701
0 0.0259 180.17344176769257 77.8474258184433 202.34684646129608 114.65821135044096
0 0.0255 35.38575954735279 60.22894847393036 66.31426326930523 85.55934298038483
0 0.0253 266.1176919937134 101.32989752292632 288.27619552612305 138.05896508693695
0 0.0250 336.50410175323486 -9.110922932624801 499.0234375 68.38930118083954
0 0.0250 254.30700182914734 -18.289777457714063 284.9096357822418 7.794049561023723
0 0.0247 374.7345507144928 118.077565908432 414.6442711353302 137.0505588054657
0 0.0245 475.7712483406067 63.441579222679145 499.0234375 82.26821291446686
0 0.0244 62.00784258544445 -14.55732715129851 102.34423168003559 4.0628956556320315
0 0.0239 372.25082516670227 189.86852931976318 416.902631521225 205.87458181381228
0 0.0239 226.820170879364 -38.62649482488631 265.7512426376343 -18.754283905029286
0 0.0233 211.46368980407715 140.6341092586517 233.54843258857727 176.92764568328857
0 0.0232 227.07417607307434 38.96056580543519 249.19083714485168 75.45312213897705
0 0.0231 113.39053511619568 -33.2716507911682 144.54975724220276 -8.417966783046708
0 0.0231 223.2850193977356 74.79826080799103 253.4646987915039 102.15124952793121
0 0.0230 258.35222005844116 140.74505585432053 280.40724992752075 176.84098798036575
0 0.0229 0.0 199.4256721735 399.1504907608032 419.52342259883875
0 0.0227 238.6648878455162 13.007980763912213 269.29936558008194 39.000344455242164
0 0.0226 4.302728921175003 91.1031858921051 34.91273522377014 117.15259122848511
0 0.0226 234.90693420171738 140.68012404441833 256.9790855050087 176.89155507087705
0 0.0223 289.57635164260864 101.4777319431305 311.68824434280396 137.93956208229065
0 0.0221 258.3025395870209 62.24900949001313 280.46688437461853 99.0113364458084
0 0.0220 332.10811018943787 138.6595414876938 363.3306324481964 163.4058998823166
0 0.0213 281.822144985199 148.84175825119019 303.8060665130615 184.434850692749
0 0.0211 27.529951184988022 29.070095151662834 58.54150280356407 54.226213127374656
0 0.0209 474.54023361206055 259.48773789405817 499.0234375 276.83823275566095
0 0.0203 441.60234928131104 83.73935985565186 472.594678401947 108.93033909797668
0 0.0195 281.75079822540283 62.32111620903015 303.8914203643799 98.95258116722107
0 0.0189 313.03614377975464 101.64919960498811 335.0989818572998 137.80397641658783
0 0.0188 285.5517566204071 -18.27429515123366 316.1641061306 7.7798785567283755
0 0.0187 4.271447658538818 59.92837715148926 34.94074568152428 85.8338372707367
0 0.0187 242.19968914985657 180.35154509544367 281.5876305103302 199.7733609676361
0 0.0185 191.82626903057098 176.97780299186707 222.3922461271286 203.14763951301572
0 0.0183 475.3856658935547 305.8842616081237 499.0234375 324.1997556686401
0 0.0179 326.73120498657227 189.15774393081662 368.78228187561035 206.59722852706906
0 0.0173 474.98665750026703 282.6826767921447 499.0234524011612 300.52318143844593
0 0.0166 340.1760160923004 106.87809157371522 370.90811133384705 132.6405303478241
0 0.0165 305.2273392677307 23.55243730545045 327.2820711135864 59.65665447711945
0 0.0164 269.91504430770874 13.005969107151042 300.54938793182373 39.0021921992302
0 0.0163 305.20451068878174 62.437464475631714 327.30942964553833 98.85915088653564
0 0.0163 410.3676676750183 83.70574283599855 441.3307309150696 108.96097588539124
0 0.0162 379.16505336761475 91.41867327690125 410.03721952438354 116.86431336402892
0 0.0158 418.30119490623474 -33.74676127731798 449.0329325199127 -7.984601899981486
0 0.0157 296.3581085205078 406.9466786384582 336.82137727737427 419.5234374999999
0 0.0149 293.0739223957062 185.4883329868317 324.24089312553406 210.32290625572202
0 0.0145 121.52789905667305 192.56456661224365 152.06746384501457 218.80765724182126
0 0.0145 475.6278395652771 329.1648821830749 499.0234375 347.794909954071
0 0.0144 425.4670739173889 206.1236100196838 472.95820713043213 220.85108327865598
0 0.0144 15.102848410606384 1.0896669626236095 55.495940148830414 19.666065454483043
0 0.0143 250.49954652786255 39.24020099639893 288.9859080314636 59.620072126388564
0 0.0141 475.84472596645355 383.7055163383484 499.0234524011612 402.62963342666615
0 0.0141 336.4749252796173 70.40974962711336 358.53496193885803 106.54575097560883
0 0.0138 266.1750912666321 -54.48687356710432 288.2072925567627 -18.53494626283644
0 0.0136 475.6884425878525 407.00123178958887 499.0234524011612 419.52342259883875
0 0.0135 316.76334142684937 -25.99233110249041 347.44828939437866 -0.11902396380900182
0 0.0128 4.377983510494232 192.47206020355225 34.84639152884483 218.89235544204712
0 0.0126 0.0 28.899089425802238 27.220621705055237 54.38222828507424
0 0.0126 387.06862926483154 -33.787344589829424 417.76716709136963 -7.9475054591894025
0 0.0125 296.9905436038971 383.38779377937317 336.1848294734955 402.9855625629424
0 0.0125 69.64410841464996 -37.870208740234354 110.31445860862732 -19.49873846769331
0 0.0123 249.51282143592834 406.9205718040466 289.9206578731537 419.5234375
0 0.0119 90.32753854990005 192.43549275398252 120.77376991510391 218.92588305473325
0 0.0118 22.01204001903534 -76.45227108895777 64.1244426369667 -59.04344190657136
0 0.0118 22.39789068698883 -29.810662388801557 63.77367675304413 -11.933262467384326
0 0.0117 421.1720824241638 -76.90704894065854 461.9075655937195 -58.5865834802389
0 0.0116 150.83010494709015 -75.66080522537229 240.77461659908295 -36.87183839082716
0 0.0115 475.5901098251343 -79.49999999999997 499.0234375 -66.109885469079
0 0.0113 343.14945340156555 407.0162223577499 383.7696611881256 419.52345240116114
0 0.0113 35.614341497421265 192.50046181678772 66.10909104347229 218.8663976192474
0 0.0108 355.81204295158386 -33.77259244024752 386.52321696281433 -7.960991010069836
