0 0.0305 27.60091781616211 144.22849655151367 82.60345458984375 165.8537483215332
0 0.0254 0.0 219.8858642578125 638.75 558.75
0 0.0246 17.785940170288086 114.12700653076172 72.43404388427734 135.95661163330078
0 0.0229 0.0 -79.99999999999999 510.9122848510742 201.51496887207028
0 0.0220 589.4252777099609 93.08660507202148 638.75 117.00029373168945
0 0.0210 27.941513061523438 174.03955459594727 82.29186058044434 196.04509353637695
0 0.0201 87.89948463439941 154.06400680541992 142.33010292053223 176.02045059204102
0 0.0195 589.2830085754395 63.19156646728516 638.7499809265137 86.89620971679688
0 0.0195 8.41559886932373 83.76182556152342 61.85987949371338 106.3254165649414
0 0.0190 609.1021537780762 122.88621902465819 638.7500190734863 147.1424293518066
0 0.0166 77.66865015029907 124.18861389160158 132.54209280014038 145.89366912841797
0 0.0148 0.0 53.30279350280761 51.21857166290283 76.78549766540527
0 0.0146 608.7893676757812 33.1004524230957 638.75 56.928043365478516
0 0.0136 358.18363189697266 143.89415740966797 412.07225799560547 166.1910629272461
0 0.0129 512.6921272277832 -80.0 638.7499809265137 -10.150761604309086
0 0.0127 348.95179748535156 113.41199874877928 401.37672424316406 136.67520523071286
0 0.0127 349.44480895996094 83.06705474853514 400.9349822998047 107.01904296875
0 0.0126 539.5361709594727 83.00155639648438 590.853157043457 107.0843505859375
0 0.0125 609.1990661621094 152.8164291381836 638.75 177.21199035644528
0 0.0120 88.55976104736328 183.67414474487305 141.7288589477539 206.41374588012695
0 0.0117 545.1628494262695 109.12584304809569 585.0024795532227 141.02727890014646
0 0.0114 399.2778778076172 93.19021224975586 451.0835266113281 116.89687728881836
0 0.0112 519.1151809692383 53.306512832641594 571.2287521362305 76.78130149841307
0 0.0112 608.9753913879395 542.6507759094238 638.7499809265137 558.7499809265137
0 0.0111 399.6112060546875 62.944598197937005 450.7865905761719 87.14081287384033
0 0.0111 574.3924140930176 184.8368263244629 638.7499809265137 234.74702835083008
0 0.0110 608.834228515625 3.0704498291015607 638.75 26.958122253417965
0 0.0108 349.7355651855469 52.84607887268066 400.6768798828125 77.23801612854002
0 0.0108 408.72802734375 123.56327056884764 461.57752990722656 146.5243911743164
0 0.0104 608.7998962402344 243.09402465820312 638.75 266.93458557128906
0 0.0103 67.85953283309937 94.0835952758789 122.36726999282837 116.00017547607422
0 0.0101 0.0 23.23789596557617 51.13353252410889 46.85033798217773
