0 0.1069 255.48580169677734 -93.76119518280026 314.5582580566406 -74.1792001724243
0 0.0871 265.6593704223633 -73.83423948287962 324.3965530395508 -54.103771686553934
0 0.0858 196.0743522644043 -94.019474029541 254.01174545288086 -73.91381645202635
0 0.0815 205.99126815795898 -73.98165130615233 264.0886878967285 -53.95254516601561
0 0.0729 245.60823440551758 -113.81474757194518 304.4447135925293 -94.12431263923644
0 0.0670 315.0522518157959 -93.5820951461792 374.9623203277588 -74.36408901214598
0 0.0560 186.38042449951172 -114.1600122451782 243.72821807861328 -93.76976394653319
0 0.0495 325.2568817138672 -73.66433286666869 384.7711944580078 -54.278866291046135
0 0.0491 216.17841720581055 -54.066452026367166 273.91523361206055 -33.86557006835936
0 0.0485 305.1956558227539 -113.64261174201964 364.82913970947266 -94.30197978019712
0 0.0472 276.06884002685547 -54.01519203186034 334.01641845703125 -33.91787910461424
0 0.0430 525.2781295776367 -73.6775984764099 584.7524642944336 -54.266058444976785
0 0.0378 216.48784637451172 -134.2174615859985 273.6305236816406 -113.7122263908386
0 0.0374 525.4774856567383 -93.76395130157469 584.5676040649414 -74.17757892608641
0 0.0325 26.830854415893555 -74.37628173828122 83.3121109008789 -53.54874992370603
0 0.0296 276.0093307495117 -133.99948978424072 334.07432556152344 -113.93605852127074
0 0.0293 525.5605697631836 -53.79551315307616 584.4893264770508 -34.14432907104491
0 0.0280 17.402114868164062 -44.66322326660154 72.78536796569824 -23.255847930908192
0 0.0263 335.79036712646484 -53.89092826843261 394.2747116088867 -34.04540443420409
0 0.0260 216.4592170715332 -34.19652366638182 273.65522384643555 -13.732313156127914
0 0.0254 0.0 160.88586425781253 638.75 499.74999999999994
0 0.0244 375.1070785522461 -93.6056509017944 434.91153717041016 -74.34000873565672
0 0.0238 26.95413589477539 -104.43757438659667 83.1984806060791 -83.48625564575194
0 0.0229 526.0627365112305 -114.02181053161621 584.0243911743164 -93.91282939910887
0 0.0229 0.0 -139.0 510.9122848510742 142.5149688720703
0 0.0222 276.505708694458 -34.21816253662108 333.6120891571045 -13.71010208129881
0 0.0217 157.11333751678467 -54.51420211791991 213.05099964141846 -33.40753936767577
0 0.0199 365.3445053100586 -113.7057807445526 424.6908187866211 -94.23710370063779
0 0.0195 385.2163314819336 -73.64855194091795 444.8091506958008 -54.29534339904784
0 0.0187 147.5370216369629 -134.74049472808835 202.6628303527832 -113.17829513549803
0 0.0180 17.902660369873047 -14.936069488525376 72.32681274414062 7.020793914794936
0 0.0177 27.408971786499023 -134.67500114440915 82.78095245361328 -113.24525737762448
0 0.0174 137.4391746520996 -94.68415641784665 192.75163650512695 -73.23480987548827
0 0.0155 336.4915084838867 -34.20956993103026 393.62483978271484 -13.718561172485336
0 0.0153 287.816858291626 105.10980224609375 342.4057674407959 126.97400665283205
0 0.0152 227.6960563659668 65.17467117309572 282.51672744750977 86.9079933166504
0 0.0151 587.4018859863281 -74.67876815795897 638.75 -53.24268722534178
0 0.0148 236.7740249633789 -14.34691810607909 293.3641815185547 6.421533584594741
0 0.0145 336.06971740722656 -134.02802133560178 394.0186309814453 -113.90702629089354
0 0.0145 516.7980575561523 -134.36984443664548 573.3446884155273 -113.55702781677243
0 0.0144 588.3396148681641 -125.20738506317137 638.75 -102.7079095840454
0 0.0143 526.1126327514648 -34.03832817077635 583.9766311645508 -13.894762039184556
0 0.0133 87.56289482116699 -114.75402736663816 142.63901710510254 -93.1645002365112
0 0.0133 177.01187133789062 -14.463638305664047 233.1446075439453 6.5408096313476705
0 0.0127 395.6894302368164 -53.84730720520018 454.3686294555664 -34.09032249450682
0 0.0127 87.54013061523438 -74.74177026748656 142.65987396240234 -53.17693853378294
0 0.0125 227.96321868896484 95.02933120727539 282.2715759277344 117.05573654174805
0 0.0112 247.71984100341797 35.16427612304689 302.4943542480469 56.91896057128908
0 0.0111 187.49353408813477 35.285774230957045 242.70204544067383 56.795516967773445
0 0.0108 465.4602813720703 -93.75308418273924 524.5826721191406 -74.18807411193845
0 0.0108 0.0 14.463649749755872 51.430511474609375 37.62500381469727
0 0.0107 288.2328414916992 74.86497497558595 342.02747344970703 97.22047424316408
0 0.0104 77.55375862121582 -44.748805999755845 132.64731407165527 -23.169750213623033
0 0.0103 0.0 -80.00674390792844 25.204179286956787 -47.85024309158324
0 0.0102 348.1153869628906 104.93945693969727 402.1332550048828 127.14618301391603
0 0.0100 238.54007720947266 124.68652343750001 291.7466735839844 147.40132904052734
