0 0.0505 113.38140916824341 271.58695459365845 143.61264657974243 298.7457513809204
0 0.0462 144.56497979164124 271.797776222229 174.9179298877716 298.55215549468994
0 0.0426 113.3504147529602 302.9369115829468 143.63833618164062 329.90390062332153
0 0.0423 82.09460330009459 271.706759929657 112.3930151462555 298.63572120666504
0 0.0406 132.60334086418152 251.77988409996033 171.47266221046448 271.71358466148376
0 0.0394 144.57603645324707 303.0133545398712 174.90869116783142 329.8337757587433
0 0.0375 93.57615661621094 251.74260139465332 132.38050889968872 271.7496156692505
0 0.0366 175.64373564720157 280.05826473236084 206.31831240653995 305.95433712005615
0 0.0361 82.13768255710602 302.816778421402 112.35744607448578 330.01425862312317
0 0.0348 11.50203597545624 256.8023204803467 42.32739758491516 282.35095739364624
0 0.0346 50.70618641376495 272.0852494239807 81.26337182521821 298.2887625694275
0 0.0341 171.28407311439514 252.132385969162 210.8640010356903 271.3698446750641
0 0.0296 128.64760410785675 225.63917189836502 159.55362570285794 251.02173537015915
0 0.0291 97.44908761978151 225.52592307329178 128.25673174858093 251.12508982419968
0 0.0287 11.625968933105467 287.7623736858368 42.21584749221801 313.86598944664
0 0.0278 163.21843218803406 228.89328002929688 203.27537608146667 247.7361559867859
0 0.0277 50.846827298402786 302.9450476169586 81.14162561297417 329.896479845047
0 0.0272 179.47554689645767 306.47242069244385 218.34962171316147 326.3964653015137
0 0.0260 54.419887334108346 251.8365979194641 93.39765188097954 271.65842056274414
0 0.0254 -62.99999999999998 234.28583145141602 436.0234375 499.0234375
0 0.0252 140.60182225704193 329.70014214515686 179.1303540468216 350.035697221756
0 0.0243 7.244424045085905 236.48646473884583 46.7818985581398 255.76519966125488
0 0.0234 -19.859251484274864 257.03415274620056 11.17984865605831 282.13950991630554
0 0.0234 66.2065978050232 225.5115881562233 96.99966859817503 251.13817304372787
0 0.0229 -63.00000000000002 0.0 336.1502225399018 219.93356943130493
0 0.0209 183.51148915290833 326.7975151538849 214.08163857460022 352.9535233974457
0 0.0205 -19.761779263615608 288.0759835243225 11.090661481022835 313.57938051223755
0 0.0200 101.61905837059022 329.6053111553192 140.00257205963135 350.1265347003937
0 0.0198 206.70726251602173 272.65802025794983 237.7379174232483 297.7655231952667
0 0.0193 209.69500494003296 244.80748176574707 250.50558996200562 263.0739212036133
0 0.0185 3.8802410364150974 318.83716583251953 34.344785928726196 345.27647495269775
0 0.0180 159.7214202284813 483.4248423576355 191.0051713585854 499.0234375
0 0.0180 152.23630619049072 350.2945601940155 182.85428833961487 376.336544752121
0 0.0178 -8.595227181911469 478.83522510528564 31.348274171352383 497.79224395751953
0 0.0173 155.58184784650805 10.006358847022057 195.30722600221634 29.121583327651024
0 0.0167 45.642578125 2.6119928807020187 86.43426847457886 20.8942499011755
0 0.0166 116.16767299175261 2.4628639221191406 156.55640614032745 21.0428386926651
0 0.0157 155.618243932724 205.29069006443024 195.27494263648987 224.46201741695404
0 0.0155 -62.898217618465424 470.7103967666626 -23.677817463874817 490.2878999710083
0 0.0154 167.77615350484848 45.8077397197485 198.55582815408704 71.46562077105045
0 0.0152 191.15575504302979 475.60228407382965 222.04806756973267 499.0234225988388
0 0.0150 14.824607491493223 213.2360190153122 54.79890954494476 232.14326798915863
0 0.0149 77.81665873527527 205.00002801418304 116.87015843391418 224.745973944664
0 0.0149 34.69092500209808 483.489990234375 66.03304398059845 499.0234375
0 0.0149 121.04176831245421 350.15690326690674 151.55493569374084 376.46257877349854
0 0.0147 162.41791945695877 182.5704276561737 203.9931575655937 200.31073689460754
0 0.0145 116.09583449363708 486.5080267190933 156.69953179359436 499.0234225988388
0 0.0140 117.05587160587312 204.82595264911652 155.7819927930832 224.91510212421417
0 0.0137 225.53213787078857 486.45806312561035 266.0206789970398 499.0234375
0 0.0136 -1.0106348544359205 2.4581123143434525 39.36029513180256 21.047813817858696
0 0.0135 202.2137279510498 221.1255580186844 242.39876222610476 239.8785501718521
0 0.0133 84.94601500034334 182.12918937206268 125.28122317790987 200.75128972530365
0 0.0133 -62.43723529577256 282.9485535621643 -40.43275575339794 318.68451833724976
0 0.0132 183.41606211662292 358.2718074321747 214.16752886772156 383.99842381477356
0 0.0132 85.04765582084657 49.23476278781891 125.19215893745424 68.01923364400864
0 0.0131 -63.0 447.37306237220764 -23.58438718318939 466.7527973651886
0 0.0131 136.4933784008026 45.8797886967659 167.33568263053894 71.39982283115387
0 0.0129 78.15776121616364 329.56671714782715 100.22807967662813 365.75812101364136
0 0.0126 -24.330967023968693 455.49359917640686 15.81912775337696 474.26125407218933
0 0.0126 -32.332410022616386 229.06604409217834 8.175677701830862 247.56431579589844
0 0.0124 -63.0 256.7012310028076 -35.83381596207618 282.4433445930481
0 0.0124 -27.61710333824158 319.41574811935425 3.3175657391548157 344.74748373031616
0 0.0123 386.586495757103 472.4658727645874 436.02345240116114 499.0234375
0 0.0123 69.28020071983337 486.46050691604614 109.77219891548157 499.0234375
0 0.0123 54.714036256074905 329.51632142066956 76.79805633425713 365.79760909080505
0 0.0122 -48.158689320087426 2.6480965316295624 -7.269925355911256 20.85837721824646
0 0.0121 323.80577278137207 483.37747156620026 355.0477261543274 499.0234225988388
0 0.0119 -63.0 319.1515803337097 -35.851600497961044 344.98870372772217
0 0.0116 337.5407243967056 0.0 436.0234225988388 54.56971749663353
0 0.0116 128.69138371944427 459.920734167099 159.51348197460175 485.48200726509094
0 0.0113 198.96306943893433 45.94861716032028 229.86307096481323 71.33699953556061
0 0.0111 194.3672533035278 2.410437911748886 234.61451482772827 21.09518274664879
0 0.0108 37.793659687042236 49.511611461639404 78.65453612804413 67.74464249610901
0 0.0108 161.70074892044067 159.5468521118164 204.64744520187378 176.45502090454102
0 0.0107 183.2923601269722 428.8584589958191 214.27990597486496 454.06073331832886
0 0.0107 202.25425910949707 197.6662278175354 242.36097288131714 216.46377444267273
0 0.0106 218.82452917099 298.6701726913452 240.80314588546756 334.23447608947754
0 0.0105 -63.0 420.9138751029968 -35.77402132749558 446.3686943054199
0 0.0102 128.39948487281802 179.26600575447083 159.78249263763428 203.68972420692444
0 0.0101 280.25429797172546 486.4281266927719 320.67804884910583 499.0234524011612
0 0.0100 159.99420088529587 451.99117064476013 190.71540337800982 477.776437997818
0 0.0100 38.07978805899621 189.93522226810455 78.39843359589577 208.5702270269394
