0 0.0307 64.15309643745422 205.41201531887054 104.09708952903748 224.3422418832779
0 0.0288 56.0749534368515 182.17241764068604 96.52081763744353 200.70844888687134
0 0.0284 60.717201590538025 225.7574424147606 91.72928965091705 250.91389566659927
0 0.0256 17.155307143926628 197.69306480884552 57.33099094033242 216.43711626529694
0 0.0254 -83.99999999999997 234.28583145141602 415.0234375 499.0234375
0 0.0247 29.389104604721073 218.10683608055115 60.55100893974304 242.95386672019958
0 0.0241 16.809615105390556 166.6911393404007 57.63960888981819 184.94050204753876
0 0.0238 91.97121000289917 225.7533073425293 122.97519183158875 250.91761350631714
0 0.0235 -6.315999865531913 478.95967960357666 33.92531609535218 497.669517993927
0 0.0230 87.13935947418213 80.73664456605911 127.93772554397582 99.01923686265945
0 0.0229 -83.99999999999997 0.0 315.1502225399017 219.93356943130493
0 0.0220 -53.284541904926286 479.02968525886536 -12.866647183895102 497.6002275943756
0 0.0214 71.42908012866974 104.2347401380539 112.38876616954805 122.39661812782288
0 0.0214 64.14361929893494 252.28896737098694 104.10656666755675 271.21463418006897
0 0.0211 102.91489100456238 197.82227277755737 143.4271845817566 216.30868315696716
0 0.0208 63.84030616283416 158.7645560503006 104.3762925863266 177.24092304706573
0 0.0205 40.390166252851486 479.08589243888855 80.95012119412422 497.54461646080017
0 0.0204 146.81710934638977 76.95512473583221 177.51964068412778 102.80941426753998
0 0.0203 -1.7710264921188263 217.92416274547577 29.21809887886048 243.12029778957367
0 0.0200 17.30128264427186 244.45494264364243 57.201883554458625 263.4238973259926
0 0.0196 24.325138688087467 143.4439718723297 65.72086250782013 161.3118052482605
0 0.0194 -84.0 186.34803593158722 -56.8504829108715 212.16802299022675
0 0.0190 -21.720797955989827 181.92262947559357 18.10379213094712 200.95576345920563
0 0.0185 -61.82170772552489 456.0769200325012 -20.027534306049336 473.6786484718323
0 0.0183 87.2113618850708 479.1235327720642 127.87332272529602 497.50709533691406
0 0.0176 40.161884188652046 80.80987632274628 81.15399515628815 98.94664585590363
0 0.0174 -84.0 217.63327717781067 -56.83699735999107 243.38582158088684
0 0.0174 -84.0 155.12004494667053 -56.84238785505294 180.89792132377625
0 0.0172 103.25766241550446 260.06558537483215 143.12261974811554 279.0631353855133
0 0.0172 110.86433267593384 57.09519982337952 151.11812090873718 75.78475773334503
0 0.0167 102.99586391448975 174.32235181331635 143.35577821731567 192.93271005153656
0 0.0167 63.92950451374055 127.45401263237 104.2958859205246 146.0515856742859
0 0.0165 118.62655615806578 104.00552302598953 158.97571182250977 122.6244792342186
0 0.0163 24.840528875589374 104.03622686862946 65.25691112875938 122.59458005428314
0 0.0162 -83.99999999999997 416.3200855255127 -52.183390796184526 435.308575630188
0 0.0160 182.1653161048889 71.80681079626083 204.21897506713864 107.90329426527023
0 0.0158 -21.78902292251586 158.53942930698395 18.1639108657837 177.46470868587494
0 0.0158 -33.19911772012709 202.64488458633423 -1.866192758083335 227.18054056167603
0 0.0152 63.454693913459785 57.46404267847538 104.7226551771164 75.41692815721035
0 0.0147 -83.99999999999997 134.72630083560944 -52.52948516607283 154.3954759836197
0 0.0143 -84.0 392.78385043144226 -52.29164400696754 411.9684398174286
0 0.0142 162.29447609186172 108.53229835629463 193.27892249822617 133.7607018649578
0 0.0140 -9.688557326793662 132.19964504241943 21.502538383007057 156.98876976966858
0 0.0139 63.99933135509492 275.8365869522095 104.23446333408357 294.54314708709717
0 0.0137 107.55207276344298 280.52881360054016 138.64111042022705 305.52491545677185
0 0.0135 316.5407243967056 0.0 415.02342259883886 54.56971749663353
0 0.0135 123.08933472633362 233.8290512561798 154.34720253944397 258.4903836250305
0 0.0135 126.18785983324051 33.874109387397766 167.0121390223503 52.13220417499542
0 0.0134 -83.4220547378063 244.02040988206863 -61.4508662521839 279.51907366514206
0 0.0133 134.2503342628479 479.0026843547821 174.6025893688202 497.62681126594543
0 0.0133 118.2329568862915 2.7180202305316925 159.32812428474423 20.788129419088364
0 0.0133 110.76631283760072 127.48278677463531 151.20472645759583 146.02313935756683
0 0.0132 -45.7333561182022 229.2093187570572 -4.819453895092003 247.42083251476288
0 0.0130 142.1368855834007 189.89108502864838 182.34804159402844 208.61376821994781
0 0.0130 -56.88310527801512 179.65395748615265 -25.072866320610036 203.33771407604218
0 0.0130 -84.0 369.33672428131104 -52.30241754651069 388.54044675827026
0 0.0130 -83.99999999999997 108.28081145882607 -56.82858379185198 133.99022445082664
0 0.0129 -17.503925800323476 249.3855357170105 13.693428397178657 274.1777300834656
0 0.0129 16.988864898681648 268.12446117401123 57.47987961769104 286.63116693496704
0 0.0128 -13.912485182285298 111.61362752318382 25.919957816600807 130.63982501626015
0 0.0128 -14.66026270389556 448.08533787727356 26.587969422340397 466.0460650920868
0 0.0126 -54.39305418729781 432.86097049713135 -11.8646633028984 450.0170946121216
0 0.0124 103.2120201587677 150.72667598724365 143.16286778450012 169.65252161026
0 0.0123 5.982271194458014 77.42110639810562 37.08509242534638 102.38415747880936
0 0.0122 -75.63722246885298 478.6020368337631 -53.60255131125448 499.0234524011612
0 0.0121 143.16279327869415 267.6791548728943 165.08511340618134 302.7905821800232
0 0.0120 -84.0 345.88590264320374 -52.31581741571426 365.11602997779846
0 0.0119 189.99817109107968 181.3611537218094 212.0071861743927 217.1403020620346
0 0.0117 149.93564671277997 135.21426916122437 190.17261153459543 153.91573309898376
0 0.0117 -83.38084185123441 439.75675106048584 -61.49966010451316 474.51597452163696
0 0.0116 -83.99999999999997 322.4165737628937 -52.3483876287937 341.70976281166077
0 0.0116 142.25175863504407 166.36450588703156 182.24646037817 185.2642446756363
0 0.0115 17.012144237756736 57.17397481203079 57.45829901099205 75.7070705294609
0 0.0115 -83.99999999999997 298.9618480205536 -52.365773558616624 318.2891309261322
0 0.0112 166.58865547180176 251.93625688552856 188.53639698028564 287.25361824035645
0 0.0112 -56.912065684795365 156.26555681228638 -25.045515239238732 179.85573410987854
0 0.0111 170.2029321193695 45.83422094583511 201.00279784202573 71.4414194226265
0 0.0111 205.63106870651242 72.05256819725037 227.62273883819577 107.71389305591583
0 0.0110 190.02430772781372 142.53824949264526 211.97604274749753 177.89533734321594
0 0.0110 193.6309549808502 108.35174098610878 224.44929814338684 133.9254342019558
0 0.0110 197.79472684860227 243.72541904449463 219.83872985839844 279.74528074264526
0 0.0108 -83.99999999999997 87.85185217857361 -52.528531491756425 107.51989483833313
0 0.0108 -61.85181552171706 252.96637415885925 -19.999356210231767 270.5385386943817
0 0.0107 -7.264294862747183 424.9068796634674 34.77779662609101 442.3483908176422
0 0.0106 31.684691816568378 448.40922951698303 73.94404968619347 465.72020649909973
0 0.0104 118.66447961330414 307.10333585739136 158.94181168079376 325.7765769958496
0 0.0103 -41.161039113998406 132.60425627231598 -9.538644194602957 156.62111341953278
0 0.0101 391.72690248489386 486.47285997867584 415.0234375 499.0234225988388
0 0.0101 213.46294021606442 158.17415714263916 235.41223144531247 193.51211190223694
