0 0.6314 182.61093139648438 314.0479278564453 279.34810638427734 363.00125122070307
0 0.5134 289.04537200927734 139.77975845336914 400.1668167114258 183.01824569702148
0 0.4973 217.85598754882812 137.60690689086914 278.9324951171875 177.06182479858398
0 0.4929 298.32191467285156 321.5353012084961 415.64476013183594 364.7597885131836
0 0.4548 178.45252990722656 243.35311889648438 353.4926223754883 289.8658752441406
0 0.4026 333.86375427246094 30.877857208251953 552.38037109375 90.25365829467773
0 0.3494 186.3970947265625 180.66986083984375 384.5806884765625 227.08183288574222
0 0.2245 528.321647644043 38.85343551635742 562.656364440918 67.68892288208008
0 0.1837 435.45772552490234 407.13714599609375 479.4789505004883 426.80175781249994
0 0.1469 161.65403366088867 358.45497131347656 204.52627182006836 377.79495239257807
0 0.1292 274.8541259765625 91.61779403686522 310.90869903564453 122.77612686157225
0 0.1107 170.55965423583984 182.81054496765137 196.23409271240234 229.37153816223145
