0 0.0398 597.1749114990234 223.44347381591794 638.75 244.6336593627929
0 0.0276 587.4600410461426 253.29519653320307 638.7499809265137 274.7845306396484
0 0.0254 0.0 98.88586425781249 638.75 437.75
0 0.0235 575.7780456542969 204.108528137207 634.2876434326172 223.9540328979492
0 0.0229 0.0 -201.00000000000003 510.9122848510742 80.5149688720703
0 0.0224 606.650218963623 113.28043365478513 638.7500190734863 134.72628021240232
0 0.0223 416.42982482910156 273.81899261474604 473.68202209472656 294.25211334228516
0 0.0223 416.9881057739258 313.5473480224609 473.1666946411133 334.5294799804687
0 0.0211 446.5275573730469 293.77199554443354 503.5918426513672 314.30002593994135
0 0.0197 476.06082916259766 273.98752593994135 534.0240859985352 294.07915496826166
0 0.0195 495.7376480102539 254.12947082519528 554.3243789672852 273.93309020996094
0 0.0189 608.5306549072266 282.2683181762695 638.75 305.75937652587885
0 0.0187 505.5205535888672 234.22262573242185 564.5262908935547 253.8371887207031
0 0.0185 435.9579849243164 254.03269195556638 494.1196823120117 274.0326156616211
0 0.0180 512.6921272277832 -200.99999999999997 638.7499809265137 -131.15076160430908
0 0.0177 407.55706787109375 343.25273895263666 462.6435089111328 364.8292007446289
0 0.0177 477.0989227294922 313.4917297363281 533.0645751953125 334.5861663818359
0 0.0171 609.3700408935547 391.6889038085937 638.75 416.3387145996093
0 0.0170 607.039794921875 143.09290313720703 638.75 164.91945648193357
0 0.0166 596.6571807861328 183.69612121582028 638.75 204.37513732910153
0 0.0163 608.9530181884766 421.6679801940917 638.75 437.75001907348627
0 0.0162 608.7802314758301 312.10798645019526 638.7499809265137 335.9207000732421
0 0.0162 505.2765655517578 214.324478149414 564.7535705566406 233.73205566406247
0 0.0161 377.2332000732422 293.4226837158203 432.9411315917969 314.6564331054687
0 0.0161 606.8197441101074 83.19733047485349 638.7500190734863 104.8115196228027
0 0.0155 608.9743232727051 -48.02482223510743 638.7499809265137 -23.94649124145509
0 0.0154 516.7984771728516 293.63989257812494 573.3419036865234 314.4347991943359
0 0.0140 608.7008857727051 -17.844310760498058 638.7499809265137 5.872158050537093
0 0.0137 607.8909111022949 22.64063262939451 638.7500190734863 45.38122558593748
0 0.0136 357.39105224609375 323.33994293212885 412.7961730957031 344.7404708862304
0 0.0132 546.9127655029297 273.58312988281244 603.2366180419922 294.49263000488276
0 0.0130 609.0490531921387 -78.07646369934082 638.7500190734863 -53.89483070373536
0 0.0128 607.3223876953125 52.946075439453104 638.75 75.06941223144528
0 0.0127 377.2940444946289 253.39025878906244 432.8853988647461 274.68923950195307
0 0.0127 467.92247772216797 343.05117034912104 522.3090744018555 365.03343963623047
0 0.0126 608.8006782531738 342.0933761596679 638.7499809265137 365.93523406982416
0 0.0122 398.3436584472656 372.80603790283203 451.9251251220703 395.2810134887695
0 0.0119 445.96630096435547 234.02803802490232 504.1122055053711 254.03726959228513
0 0.0112 399.37278747558594 412.11546325683594 451.00006103515625 435.97036743164057
0 0.0111 347.8030014038086 353.11880493164057 402.41817474365234 374.96511840820307
0 0.0110 537.9191589355469 323.0514373779297 592.3124694824219 345.0329437255859
0 0.0106 495.63220977783203 194.17093658447263 554.4234085083008 213.8896408081054
0 0.0105 609.1570854187012 -108.15393066406251 638.7500190734863 -83.81763076782228
0 0.0102 529.1851425170898 421.77778625488276 581.265754699707 437.75
