0 0.1712 538.102912902832 92.4479446411133 592.1443557739258 114.637809753418
0 0.1104 527.3258972167969 62.871776580810554 582.8565216064453 84.20772171020509
0 0.1069 539.5178985595703 121.51794052124025 590.8688354492188 145.56846237182617
0 0.0584 282.855224609375 94.73067855834962 347.01904296875 112.292781829834
0 0.0508 587.9219818115234 72.5458106994629 638.75 94.5379981994629
0 0.0507 282.93456077575684 74.70288848876955 346.9448184967041 92.32152557373048
0 0.0464 273.01055908203125 114.67900848388675 336.87286376953125 132.34685516357425
0 0.0379 539.7279739379883 151.3470230102539 590.6846237182617 175.73648071289065
0 0.0340 273.4656524658203 54.51823806762696 336.4464569091797 72.51357650756837
0 0.0337 344.3859100341797 84.17647933959962 405.58555603027344 102.86761856079103
0 0.0331 253.53252410888672 134.49916458129886 316.3825225830078 152.53444290161136
0 0.0312 578.1250762939453 42.426510810852065 632.1260833740234 64.65809917449953
0 0.0300 478.45767974853516 82.23962402343751 531.8208694458008 104.84826660156251
0 0.0281 274.183349609375 -25.74155235290526 335.7736587524414 -7.216257095336899
0 0.0278 344.5014953613281 64.13261032104494 405.4773712158203 82.91316604614259
0 0.0269 344.36561584472656 104.18517684936526 405.604248046875 122.85880661010745
0 0.0266 517.579460144043 32.732487678527846 572.6248550415039 54.34842205047609
0 0.0265 214.23587799072266 74.23791503906251 275.72471618652344 92.80488586425783
0 0.0263 214.01952743530273 94.32170486450197 275.92641830444336 112.71857833862308
0 0.0259 264.1883850097656 -5.743040084838852 325.7688522338867 12.785383224487319
0 0.0256 244.48501586914062 154.14783096313477 305.4904556274414 172.89924240112305
0 0.0254 0.0 188.38586425781253 638.75 527.25
0 0.0246 274.35874938964844 -45.80834770202635 335.60970306396484 -27.14709663391112
0 0.0232 264.11444664001465 34.28413009643556 325.8381748199463 52.75708770751954
0 0.0229 0.0 -111.49999999999997 510.9122848510742 170.0149688720703
0 0.0220 264.18067932128906 14.260517120361342 325.77587127685547 32.781826019287124
0 0.0215 255.1451301574707 223.88059234619146 314.87558364868164 243.17456817626956
0 0.0214 467.73136138916016 52.658630371093764 522.4836349487305 74.42479705810548
0 0.0206 594.5052337646484 98.79710769653323 635.6200408935547 128.4645805358887
0 0.0193 334.27722930908203 124.22116851806643 395.6863021850586 142.82201385498047
0 0.0190 205.10894775390625 53.89262771606446 264.9100112915039 73.16157913208009
0 0.0184 334.2912292480469 -35.78454399108885 395.6733703613281 -17.17215919494627
0 0.0181 334.25453186035156 44.22912216186525 395.70770263671875 62.81364059448243
0 0.0180 245.33241271972656 173.8058624267578 304.7003936767578 193.25219726562503
0 0.0174 215.63165664672852 -26.322778701782216 274.42243576049805 -6.615652084350573
0 0.0172 489.34268951416016 111.64893722534183 541.0245132446289 135.43864822387695
0 0.0167 204.5138168334961 114.13564300537112 265.46382904052734 132.91165924072268
0 0.0165 334.19525146484375 -15.748571395874007 395.76316833496094 2.790494918823257
0 0.0165 215.69116592407227 -46.348701953887925 274.36716079711914 -26.58900403976439
0 0.0164 255.08235931396484 203.90221214294434 314.9351119995117 223.15142250061038
0 0.0164 608.814868927002 11.58122634887697 638.7499809265137 35.447002410888686
0 0.0160 274.73094940185547 -65.95470333099365 335.26241302490234 -46.99599170684814
0 0.0160 407.1950149536133 72.93767547607423 462.97733306884766 94.14037322998048
0 0.0158 609.1291999816895 -38.63343620300292 638.7499809265137 -14.337991714477525
0 0.0157 323.99707794189453 4.326673507690445 385.9482955932617 22.712732315063494
0 0.0150 314.1910171508789 144.25481414794925 375.76671600341797 162.78737640380862
0 0.0146 334.4803237915039 -55.857981681823716 395.49686431884766 -37.096308708190904
0 0.0142 324.07115936279297 24.29952239990236 385.87886810302734 42.74097061157228
0 0.0141 205.63669204711914 33.67366409301759 264.41808700561523 53.387752532959
0 0.0141 205.82000732421875 -6.405061721801744 264.2475128173828 13.468900680542008
0 0.0135 512.6921272277832 -111.49999999999997 638.7499809265137 -41.65076160430906
0 0.0133 609.4077301025391 341.15724182128906 638.75 365.86976623535156
0 0.0133 528.7307739257812 182.05150222778323 581.5772247314453 205.03474807739258
0 0.0132 195.19670486450195 213.85858154296878 254.82770919799805 233.19711303710943
0 0.0132 304.5399856567383 164.1228256225586 365.44010162353516 182.9243621826172
0 0.0127 205.73646545410156 13.631978988647475 264.32498931884766 33.43092536926271
0 0.0121 215.89902877807617 -66.44160652160643 274.17455673217773 -46.49385833740233
0 0.0121 594.7629928588867 128.3703193664551 635.375862121582 158.85085678100586
0 0.0118 146.53976440429688 53.26453781127932 203.5809326171875 73.80736923217775
0 0.0116 156.0434913635254 73.49624252319339 214.03993606567383 93.57040023803712
0 0.0113 195.68384170532227 193.64983177185061 254.3751335144043 213.411584854126
0 0.0111 315.9947204589844 213.51552581787115 374.0857696533203 233.55008697509766
0 0.0111 185.94430923461914 173.53828048706055 244.13251876831055 193.52679824829102
0 0.0109 608.9192962646484 511.1935005187989 638.75 527.2499809265137
0 0.0107 609.1172027587891 311.3763961791992 638.75 335.65236663818365
0 0.0106 305.0739574432373 183.91015625 364.9418354034424 203.14412689208987
0 0.0106 0.0 11.951347351074235 51.41324043273926 35.13734436035158
0 0.0103 185.72107315063477 153.63887405395508 244.33923721313477 173.42387771606448
0 0.0102 396.32240295410156 43.36301422119141 453.7828826904297 63.70591735839845
0 0.0101 549.0637588500977 1.832462310791031 601.2768936157227 25.25411224365236
0 0.0100 0.0 -98.87637519836424 40.44363975524902 -74.04329204559325
0 0.0100 157.85287857055664 -47.40678930282591 212.37199783325195 -25.50861978530882
