0 0.0318 29.338237762451193 252.76098251342773 80.08698654174808 277.3216438293457
0 0.0282 29.52620697021487 222.60391235351562 79.92226791381839 247.4761962890625
0 0.0254 -60.49999999999994 299.8858642578125 578.25 638.75
0 0.0240 19.387151718139677 192.72083282470703 70.04402351379397 217.36122131347656
0 0.0237 29.00894355773928 283.02215576171875 80.37733268737794 307.0639419555664
0 0.0229 -60.49999999999997 0.0 450.4122848510742 281.5149688720703
0 0.0225 458.42829895019537 622.9705047607422 510.99421691894526 638.75
0 0.0221 78.71421051025393 263.2401466369629 130.63945007324222 286.8478202819824
0 0.0218 168.05216979980472 253.6711883544922 221.23740386962893 276.4155960083008
0 0.0214 148.24963760375977 213.54854583740234 201.0582084655762 236.5390396118164
0 0.0207 78.80530548095706 233.17420959472656 130.55823516845706 256.9132995605469
0 0.0196 88.87847137451173 203.11901092529297 140.4934234619141 226.9678497314453
0 0.0193 338.4857482910156 613.3900451660156 390.8459777832031 636.6972351074219
0 0.0185 218.42047882080078 233.4389877319336 270.9036178588867 256.64905548095703
0 0.0172 138.7832183837891 183.18376541137695 190.5792922973633 206.9029426574707
0 0.0171 208.3425445556641 193.49328994750977 260.9732360839844 216.59513473510742
0 0.0168 217.6669616699219 273.9039421081543 271.58744049072266 296.18120193481445
0 0.0167 0.2547569274902618 242.49652862548828 28.345119476318384 287.6716613769531
0 0.0158 157.6082534790039 283.94309997558594 211.63985443115234 306.1424255371094
0 0.0157 19.058029174804716 162.98254013061523 70.33427429199222 187.1028709411621
0 0.0155 208.2567901611328 163.54795455932617 261.05086517333984 186.54020309448242
0 0.0147 452.1921272277832 0.0 578.2499809265137 69.84923839569092
0 0.0146 89.24689483642581 172.83681869506836 140.1669616699219 197.24714279174805
0 0.0145 398.60396575927734 613.3086776733398 450.73996734619135 636.7783737182617
0 0.0145 78.61777973175052 293.3068084716797 130.72596263885498 316.78131103515625
0 0.0140 218.5384006500244 133.35454940795898 270.7985897064209 156.73273086547852
0 0.0135 148.84667587280273 153.14579010009766 200.52098464965823 176.94175720214844
0 0.0130 514.9707145690918 604.7563171386719 578.2500190734863 638.75
0 0.0124 547.6624031066896 523.4900665283203 578.2499809265137 546.5349578857422
0 0.0122 138.87431335449222 123.12272071838379 190.4969711303711 146.9642734527588
0 0.0119 268.10214233398443 213.64568710327148 321.19090270996094 236.4420509338379
0 0.0118 208.99090003967285 613.0265045166016 260.395299911499 637.0584869384766
0 0.0116 -59.804366111755336 191.9634246826172 -31.584408760070765 238.07910919189453
0 0.0115 18.897714138031034 133.09901237487793 70.4774994850159 156.98695182800293
0 0.0114 -30.976465225219695 193.0130958557129 20.36398124694827 217.07319259643555
0 0.0114 238.97791099548343 103.04533004760742 290.4049320220948 127.04095840454102
0 0.0112 268.2079620361328 253.57559204101562 321.0958404541015 276.51195526123047
0 0.0110 547.5009651184082 493.5821533203125 578.2499809265137 516.4412689208984
0 0.0109 -12.152755737304657 3.7978458404541016 41.42316055297854 26.288323402404785
0 0.0107 207.23502349853516 304.1536331176758 261.98096466064453 325.9293746948242
0 0.0105 458.85657501220703 593.1362152099609 510.5126876831054 616.9509124755859
0 0.0105 89.36335754394534 142.7426290512085 140.06446075439456 167.33999729156494
0 0.0102 130.33356857299808 243.38600158691406 158.25230789184573 287.0214080810547
0 0.0101 278.95686340332037 613.0524444580078 330.4254455566406 637.0327758789062
0 0.0101 28.803083419799833 313.1723880767822 80.56093406677249 336.91466331481934
