0 0.3611 315.30155181884766 446.23119354248047 362.2311019897461 482.45899200439453
0 0.3154 39.023780822753906 224.9234390258789 239.13902282714844 527.4818801879883
0 0.2343 384.0911865234375 116.73873901367186 428.02101135253906 152.0756912231445
0 0.1877 185.2132797241211 353.9078140258789 285.33580780029297 468.88545989990234
0 0.1397 372.4932098388672 201.3673973083496 410.6010437011719 229.62373733520508
0 0.1378 111.88480377197266 348.7452316284179 182.72653579711914 416.63295745849604
0 0.1203 61.00081443786621 222.2410202026367 108.00492286682129 246.78497314453125
0 0.1073 441.1281204223633 21.7094898223877 491.49585723876953 48.72065544128418
0 0.1007 96.26124382019043 307.48573303222656 134.92472648620605 344.6565246582031
0 0.1006 425.4690933227539 207.72032737731934 509.9844741821289 251.67641639709475
