0 0.3836 34.94585418701173 451.3160705566406 220.54903411865232 528.7492370605469
0 0.2796 54.94585418701174 371.3160705566406 240.54903411865234 448.7492370605469
0 0.2471 64.61857223510744 537.0982360839844 149.10263442993164 603.126220703125
0 0.1730 169.56254386901855 524.9141693115234 284.691499710083 574.5640563964844
0 0.1488 224.61859130859372 457.0982360839844 309.1026153564453 523.126220703125
0 0.1132 137.7409210205078 322.1736145019531 225.81686401367188 367.5459289550781
0 0.0967 57.39458465576173 191.63715362548828 106.20127105712892 218.40587615966797
0 0.0954 26.953128814697283 400.62713623046875 55.70940399169923 449.21875
0 0.0916 54.24265289306642 259.2666530609131 200.48361206054688 320.6601047515869
0 0.0895 57.448276519775405 221.54775619506836 106.16176986694336 248.48966598510742
0 0.0863 -1.7101583480834746 524.8471450805664 65.04962825775148 584.7734451293945
0 0.0851 148.2395782470703 575.1723098754883 215.0932159423828 634.4787979125977
0 0.0850 6.9496479034424015 450.61588287353516 35.71366691589357 499.2300033569336
0 0.0788 92.43219757080078 336.7764663696289 130.85688018798828 373.1821823120117
0 0.0752 67.26818466186523 161.8263053894043 116.29791641235353 188.22748184204102
0 0.0726 91.86384582519531 618.0426216125488 131.3825454711914 638.7499809265137
0 0.0711 52.416004180908224 336.9412612915039 90.86037063598634 373.0299758911133
0 0.0633 107.15181732177736 201.9687271118164 156.39253997802734 228.09127807617188
0 0.0621 51.81680583953859 618.1967353820801 91.42084980010986 638.7499809265137
0 0.0613 107.18832397460938 231.92401885986328 156.3628997802734 258.1340026855469
0 0.0602 249.5625534057617 404.91416931152344 364.69149017333984 454.5640563964844
0 0.0592 27.100843429565447 251.27435684204102 55.52953147888186 298.63088607788086
0 0.0568 12.105554580688494 188.11750411987305 51.10206031799317 221.94841384887695
0 0.0535 76.79783248901369 132.35590934753418 126.68758773803712 157.71843910217285
0 0.0517 7.269472122192405 221.820068359375 56.297754287719734 248.23307037353516
0 0.0512 16.96661376953127 162.17527389526367 66.546443939209 187.89251327514648
0 0.0510 116.658634185791 172.48620986938477 166.80736923217773 197.59138107299805
0 0.0508 234.36460876464844 274.5871353149414 399.8403778076172 405.88314056396484
0 0.0504 -22.92592620849607 461.1478042602539 5.562099456787129 508.74317169189453
0 0.0496 309.5625534057617 464.91416931152344 424.69149017333984 514.5640563964844
0 0.0475 17.06526184082033 351.08333587646484 45.57268524169923 398.79505157470703
0 0.0471 17.11641693115236 591.3938903808594 45.51086807250978 638.5357666015625
0 0.0461 217.13617706298825 591.516227722168 245.48700714111325 638.4343338012695
0 0.0448 -2.9174385070800573 401.1826705932617 25.551742553710955 448.71097564697266
0 0.0445 32.10277938842775 128.1217622756958 71.10479736328126 161.9444990158081
0 0.0433 154.24265289306638 199.26664352416992 300.48357391357416 260.6601142883301
0 0.0413 125.85264587402345 143.14247131347656 177.51547241210938 166.94517135620117
0 0.0409 -27.950280666351297 188.2533836364746 11.15209722518923 221.82397842407227
0 0.0390 76.34041213989259 102.7650260925293 127.08389663696289 127.31836318969727
0 0.0386 287.5276794433594 521.3799667358398 336.10968017578125 548.6449813842773
0 0.0374 17.09908866882326 301.2665557861328 45.5316677093506 348.63792419433594
0 0.0351 -97.92839741706844 168.20772171020508 -58.86823153495786 201.86578750610352
0 0.0346 -2.8545150756835707 251.57072067260742 25.47571563720705 298.388614654541
0 0.0342 185.65854454040527 153.27267169952393 237.69065284729 176.81453227996826
0 0.0321 -32.85922384262083 511.5699768066406 -4.518431186676001 558.3943939208984
0 0.0318 247.17481994628903 591.7892456054688 275.4405059814453 638.2145690917969
0 0.0318 -38.06003189086912 148.5226058959961 1.2498893737793166 181.57772064208984
0 0.0317 309.5625534057617 224.91418838500977 424.69149017333984 274.56403732299805
0 0.0306 125.78096771240236 113.19161415100098 177.5799789428711 136.89597129821777
0 0.0298 -103.49999999999996 208.33120346069336 -68.81629800796506 241.7527961730957
0 0.0285 -68.35993862152097 209.16784286499023 -28.476048469543432 240.98905563354492
0 0.0280 -103.49999999999997 128.3573341369629 -68.80786514282224 161.72887802124023
0 0.0275 26.492909431457537 102.63402938842773 76.95100688934328 127.44680404663086
0 0.0264 86.17149734497072 72.8965950012207 137.23347091674805 97.1881103515625
0 0.0257 236.28755950927734 162.79651641845703 287.13274383544916 187.28595733642578
0 0.0255 -12.826457977294899 591.7877578735352 15.442070007324238 638.2169723510742
0 0.0250 284.61859130859375 557.0982360839844 369.1026153564453 623.126220703125
0 0.0245 197.45466613769534 261.5018081665039 246.16361999511722 288.5306167602539
0 0.0225 -53.63151168823239 242.72382736206055 -2.9370841979980233 267.3567771911621
0 0.0223 135.67564392089847 83.26432228088379 187.6745834350586 106.82333946228027
0 0.0222 -48.12342262268064 558.6468505859375 -8.690744400024393 591.4642333984375
0 0.0209 176.07921028137207 122.95669555664062 227.31751823425293 147.12724685668945
0 0.0209 -63.89277076721189 122.94178009033203 -12.708688735961893 147.14284896850586
0 0.0208 -52.77136421203611 462.264404296875 -24.623723983764624 507.84912109375
0 0.0205 -48.03005075454709 428.43177795410156 -8.775075435638408 461.6608428955078
0 0.0203 -103.49999999999996 248.46933364868164 -68.76754379272458 281.62641525268555
0 0.0202 241.91057586669922 128.59070301055908 281.2764205932617 161.51546001434326
0 0.0201 41.555332183837905 69.33382987976074 81.60251998901369 100.83800315856934
0 0.0200 -12.839818954467752 351.68346405029297 15.4580821990967 398.2992935180664
0 0.0198 336.87525177001953 182.26232528686523 386.62500762939453 207.80755996704102
0 0.0195 -2.760292053222635 102.3403263092041 25.362934112548846 147.7881908416748
0 0.0193 316.02388763427734 153.01576137542725 367.36307525634766 177.07090854644775
0 0.0185 -48.28213071823117 268.9971733093262 -8.546551227569557 301.14458084106445
0 0.0183 342.25023651123047 517.6856994628906 380.97940826416016 552.3445892333984
0 0.0179 384.61859130859375 397.0982360839844 469.10261535644526 463.126220703125
0 0.0179 -12.824426651000955 301.80198669433594 15.439619064331076 348.20556640625
0 0.0174 -103.49999999999997 102.33776092529297 -63.310848236083956 127.73441314697266
0 0.0172 275.9446945190429 622.5591278076172 327.5390090942382 638.75
0 0.0167 409.3874015808106 569.6266937255859 535.2500190734863 638.75
0 0.0166 135.78958892822266 53.18432331085205 187.57250213623047 76.90308094024658
0 0.0157 285.6139221191407 0.0 535.25 140.70279121398926
0 0.0154 287.2503890991211 142.44329929351807 315.35021209716797 187.71047115325928
0 0.0152 -42.772165298461886 592.2383499145508 -14.622884750366184 637.8667068481445
0 0.0146 1.6955699920654512 69.06259775161743 41.47200965881349 101.08489751815796
0 0.0145 155.34088516235352 13.4920334815979 207.97523880004883 36.59605264663696
0 0.0138 91.79548645019531 38.851590156555176 131.3804473876953 71.27727031707764
0 0.0133 -103.49999999999996 68.54043006896973 -68.7418756484985 101.56142234802246
0 0.0132 -64.13789606094358 93.12665939331055 -12.491105556488014 116.9597053527832
0 0.0131 -103.49999999999997 282.4267768859863 -63.23412513732907 307.64806747436523
0 0.0131 470.8924140930176 424.83680725097656 535.2499809265136 474.74700927734375
0 0.0129 185.98711395263672 63.03933143615723 237.39656829833982 87.04702377319336
0 0.0125 -103.49999999999996 0.0 25.967658996582053 69.87939357757568
0 0.0120 -103.49999999999997 622.6850891113281 -52.333699226379366 638.75
0 0.0119 -62.733665466308565 512.6217651367188 -34.668546676635714 557.5790405273438
0 0.0118 335.89697265625 622.601146697998 387.58039855957026 638.7500190734863
0 0.0115 392.0662155151367 188.2144546508789 431.13718414306635 221.85962677001953
0 0.0114 -103.49999999999996 548.5847473144531 -68.72364854812619 581.5209197998047
0 0.0111 -53.46527671813962 402.57598876953125 -3.081031799316383 427.501220703125
0 0.0110 246.10220336914062 62.95328140258789 297.2942199707031 87.13242530822754
0 0.0109 -64.16545486450192 303.1398010253906 -12.465082168579078 326.9457244873047
0 0.0108 -102.7864346504211 502.11559295654297 -74.60583782196042 547.961311340332
0 0.0102 -103.49999999999996 468.36456298828125 -68.80484199523923 501.7222595214844
0 0.0101 375.64581298828125 153.28609943389893 427.7010955810547 176.80179119110107
0 0.0100 408.4039154052735 289.8418426513672 535.25 389.6270751953125
