0 0.0364 95.21393775939941 113.85213470458986 154.8115062713623 133.2039031982422
0 0.0350 95.24694442749023 133.8404808044434 154.78023529052734 153.2163200378418
0 0.0342 588.4237670898438 132.24980926513675 638.75 154.83644104003906
0 0.0332 85.66465377807617 93.66141891479492 144.39212799072266 113.4003028869629
0 0.0287 588.1065368652344 162.4408111572266 638.75 184.64421844482422
0 0.0272 85.93059539794922 73.54499435424806 144.1451072692871 93.52000808715822
0 0.0254 0.0 208.38586425781253 638.75 547.25
0 0.0250 95.78885078430176 153.61180877685547 154.27563667297363 173.45216369628906
0 0.0241 588.8166999816895 102.00206375122072 638.7499809265137 125.08517837524415
0 0.0229 0.0 -91.49999999999999 510.9122848510742 190.0149688720703
0 0.0220 155.31622409820557 113.80664443969727 214.71700191497803 133.25019454956055
0 0.0218 588.2321166992188 192.36863708496094 638.75 214.71726989746094
0 0.0215 26.763248443603516 93.15671539306642 83.3745288848877 113.91755676269533
0 0.0215 145.30427932739258 93.81200408935548 204.72803115844727 113.24475860595705
0 0.0206 598.8304901123047 -77.99960041046141 638.75 -54.91209411621092
0 0.0206 155.38089752197266 133.78024673461914 214.65660095214844 153.27754592895508
0 0.0202 315.89768409729004 133.55929946899414 374.1757106781006 153.5052833557129
0 0.0193 589.0294075012207 71.86273193359376 638.7499809265137 95.22485351562501
0 0.0192 36.33159637451172 123.36261367797853 93.77344131469727 143.7070426940918
0 0.0187 574.3924140930176 -46.66318321228026 638.7499809265137 3.2470283508300946
0 0.0184 325.90023040771484 113.556266784668 384.1738510131836 133.50801086425784
0 0.0180 527.7911376953125 132.61827087402344 582.4306488037109 154.46450805664062
0 0.0180 256.1965560913086 133.4251937866211 313.89842987060547 153.64297485351565
0 0.0178 27.09226369857788 62.99337005615236 83.07113885879517 84.08418273925783
0 0.0174 266.0749816894531 113.47926712036133 324.0114212036133 133.58729934692383
0 0.0170 316.0999584197998 153.46978759765625 373.98777961730957 173.59735107421878
0 0.0166 36.421051025390625 143.32170104980472 93.6904525756836 163.7490997314453
0 0.0160 574.3924140930176 13.336816787719744 638.7499809265137 63.24701881408692
0 0.0159 86.17530822753906 53.43460178375245 143.9181900024414 73.63326168060304
0 0.0158 145.4332160949707 73.75842666625978 204.60786819458008 93.30009078979494
0 0.0158 377.1434020996094 92.95936203002931 433.02589416503906 114.11746597290039
0 0.0153 598.6035919189453 222.1447525024414 638.75 244.94298553466797
0 0.0153 377.8189468383789 252.6082000732422 432.4039077758789 274.47557067871094
0 0.0151 397.10662841796875 182.98543548583984 453.05809020996094 204.09215545654297
0 0.0149 527.8544616699219 162.58683776855472 582.371826171875 184.49693298339847
0 0.0148 317.59471893310547 252.7314910888672 372.60921478271484 274.35067749023443
0 0.0148 376.95812225341797 133.05766677856448 433.1954574584961 154.01809310913086
0 0.0148 316.06632232666016 93.48218536376955 374.01966094970703 113.58411407470705
0 0.0147 397.66895294189453 222.68993949890137 452.54146575927734 244.39261054992676
0 0.0147 155.76186656951904 153.61808395385742 214.30206775665283 173.4446678161621
0 0.0146 256.10265731811523 93.46620178222658 313.9858818054199 113.60059356689455
0 0.0146 106.40451431274414 173.33299255371097 163.7049102783203 193.73818969726562
0 0.0145 256.5025329589844 153.28349685668945 313.6150360107422 173.78821945190427
0 0.0142 598.758373260498 252.04595184326175 638.7500190734863 275.0420913696289
0 0.0135 326.4231491088867 173.3213768005371 383.68831634521484 193.74953842163086
0 0.0130 346.4691162109375 73.29404449462892 403.64723205566406 93.77648925781251
0 0.0129 86.21052742004395 243.41809844970706 143.8856601715088 263.6501083374024
0 0.0127 528.1383895874023 102.41979217529298 582.1136856079102 124.66504669189453
0 0.0124 357.2665786743164 202.9059944152832 412.91027069091797 224.17350387573245
0 0.0122 508.5594940185547 -87.82810592651366 561.7296600341797 -65.08434677124022
0 0.0121 487.3958969116211 232.83300018310547 542.7927017211914 254.2468032836914
0 0.0120 26.494290828704834 263.28893280029297 83.62228631973267 283.7829360961914
0 0.0119 286.2186813354492 73.41365432739258 343.87828826904297 93.6545524597168
0 0.0118 46.71516418457031 173.1794128417969 103.4190845489502 193.89424896240234
0 0.0118 609.0257453918457 531.1112365722656 638.7499809265137 547.25
0 0.0116 408.6810302734375 62.08560562133789 461.6217041015625 85.00087356567384
0 0.0116 437.89371490478516 252.56841278076172 492.33509063720703 274.5161972045899
0 0.0114 447.64427185058594 202.70339584350586 502.5640869140625 224.37892532348636
0 0.0114 608.8771820068359 331.5413055419922 638.75 355.4873046875
0 0.0113 417.88990020751953 112.56347274780275 472.34020233154297 134.5200309753418
0 0.0112 26.22626304626465 243.4130630493164 83.87054443359375 263.65567779541016
0 0.0111 398.6782455444336 282.09989166259766 451.6215133666992 304.98838043212885
0 0.0109 205.93137741088867 73.54306793212892 264.1447639465332 93.52170562744142
0 0.0108 528.3098220825195 72.32032394409181 581.9572067260742 94.7656593322754
0 0.0107 467.24300384521484 152.91694259643555 522.932243347168 174.16213607788086
0 0.0106 0.0 302.0672378540039 51.57088756561279 325.0214920043946
0 0.0106 7.504711151123047 192.78106307983398 62.69148826599121 214.30053329467773
0 0.0103 528.2420349121094 192.36425018310547 582.0180511474609 214.721923828125
0 0.0103 0.0 161.96717834472656 41.4353084564209 185.12147521972656
0 0.0103 338.6650085449219 282.10713958740234 391.6337585449219 304.98090362548834
0 0.0101 16.651716232299805 223.21351623535156 73.47686767578125 243.8600311279297
0 0.0100 87.18841552734375 272.94332122802734 142.9828643798828 294.1350326538086
