0 0.0575 337.38574981689453 60.34516906738282 392.8004837036133 81.73558807373047
0 0.0533 549.1004943847656 39.319773674011245 601.2412261962891 62.768536567688
0 0.0442 356.77051544189453 30.65266227722169 413.36795806884766 51.42159080505372
0 0.0360 328.0437469482422 89.98168563842775 382.1984100341797 112.10364913940431
0 0.0358 559.3041610717773 69.17737579345705 611.0587692260742 92.91047668457031
0 0.0327 538.8350296020508 9.494806289672866 591.4807510375977 32.59312248229981
0 0.0320 297.52159118652344 40.2715072631836 352.67608642578125 61.810146331787124
0 0.0296 397.60948181152344 50.22169208526613 452.59613037109375 71.86028575897218
0 0.0293 117.87509441375732 100.06881332397462 172.35439777374268 122.01415634155275
0 0.0281 277.71775245666504 70.16488647460939 332.49640464782715 91.91823577880861
0 0.0254 0.0 195.88586425781253 638.75 534.75
0 0.0253 108.46086502075195 69.72962951660158 161.81978225708008 92.35711669921876
0 0.0251 357.02919006347656 0.5234012603759912 413.12965393066406 21.5532741546631
0 0.0250 488.4245300292969 29.755035400390636 541.8520355224609 52.33203506469728
0 0.0245 528.3278274536133 -20.186800003051744 581.9400405883789 2.2734127044677868
0 0.0244 117.2409439086914 130.41465377807617 172.93493270874023 151.66389083862308
0 0.0243 168.65942001342773 79.61055374145509 221.63881301879883 102.47748947143555
0 0.0234 598.7951850891113 19.52116584777833 638.7499809265137 42.56678199768067
0 0.0230 588.7661933898926 -10.462945938110336 638.7499809265137 12.550436019897473
0 0.0229 0.0 -104.0 510.9122848510742 177.51496887207034
0 0.0227 578.4994888305664 99.70744705200197 631.7844009399414 122.37968063354492
0 0.0219 388.2217788696289 79.87733459472658 442.03624725341797 102.20891571044922
0 0.0218 417.60902404785156 20.219579696655284 472.5970458984375 41.86203575134279
0 0.0215 598.5774230957031 -40.33921623229978 638.75 -17.573169708251935
0 0.0214 498.7851333618164 59.52649688720704 551.525993347168 82.561279296875
0 0.0214 218.05025100708008 59.97945404052736 272.19213485717773 82.10614776611328
0 0.0194 587.7900695800781 130.12010192871094 638.75 151.96282958984375
0 0.0194 117.34199523925781 160.36647415161133 172.84103393554688 181.7136344909668
0 0.0189 608.6859130859375 49.168010711669936 638.75 72.8601417541504
0 0.0184 318.50659370422363 119.70504379272462 371.7775249481201 142.38238906860352
0 0.0181 297.5540065765381 10.252815246582045 352.6467227935791 31.82889556884767
0 0.0180 478.26568603515625 -0.14906311035154862 531.9963836669922 22.235466003417983
0 0.0177 527.6676559448242 -49.811815261840806 582.5432205200195 -28.106044769287088
0 0.0171 178.84809494018555 109.48245620727542 231.46978378295898 132.60493850708008
0 0.0167 268.2476043701172 99.86495590209961 322.01210021972656 122.22182846069336
0 0.0167 108.41983318328857 39.75909328460695 161.85608386993408 62.32814884185793
0 0.0166 237.5841522216797 30.23714637756349 292.61890411376953 51.8448886871338
0 0.0166 587.7292633056641 160.15666580200198 638.75 181.92626571655273
0 0.0163 588.1124687194824 199.93973350524902 638.7500190734863 222.14571571350098
0 0.0161 317.49969482421875 -19.716896057128892 372.69622802734375 1.7983398437500147
0 0.0153 598.5641288757324 -70.33275508880614 638.7500190734863 -47.57993602752684
0 0.0150 518.9223480224609 99.43152999877931 571.4032745361328 122.65563583374025
0 0.0146 529.2987060546875 149.1772232055664 581.064453125 172.91005706787112
0 0.0146 118.15463542938232 199.91609191894534 172.0975923538208 222.16970062255862
0 0.0144 168.03241729736328 39.98859024047853 222.20867156982422 62.09674453735353
0 0.0141 309.5241451263428 189.00977706909183 360.8640384674072 213.07609176635742
0 0.0130 309.32806968688965 149.1595802307129 361.03753089904785 172.9280815124512
0 0.0129 417.6076889038086 -9.777959823608384 472.5978469848633 11.859823226928725
0 0.0128 178.2183837890625 139.86861801147464 232.04174041748047 162.2160301208496
0 0.0123 5.243110656738281 284.96812438964844 44.92788791656494 317.17095947265625
0 0.0122 467.56011962890625 -29.748319625854478 522.6406097412109 -8.169588088989245
0 0.0121 608.9260864257812 518.6884460449219 638.75 534.75
0 0.0119 108.79247188568115 229.52455139160156 161.51873111724854 252.56364440917972
0 0.0117 359.36065673828125 199.13648223876953 411.0083770751953 222.95110321044922
0 0.0117 237.77137756347656 0.1328144073486463 292.44789123535156 21.950345993042006
0 0.0116 376.99817657470703 -29.45829772949217 433.1576156616211 -8.464912414550767
0 0.0115 598.7442016601562 -100.4447784423828 638.75 -77.46719264984128
0 0.0114 539.4105911254883 179.09629440307617 590.9646224975586 202.99052810668945
0 0.0111 58.514089584350586 89.69956970214844 111.77090644836426 112.38774871826172
0 0.0109 0.0 259.1649398803711 51.039743423461914 282.92317962646484
0 0.0108 309.5493698120117 218.9902648925781 360.84171295166016 243.0954132080078
0 0.0107 358.9091110229492 169.45005035400393 411.41307830810547 192.63848876953125
0 0.0104 378.9085006713867 109.44667434692383 431.4144515991211 132.64133071899417
0 0.0103 108.18416118621826 9.89828681945802 162.0708131790161 32.187582015991225
0 0.0103 5.420374870300293 344.5782241821289 44.766550064086914 377.5268325805664
0 0.0103 167.97378540039062 180.01983261108398 222.26268768310547 202.06481552124023
0 0.0102 527.6421356201172 -79.79939007759093 582.5669097900391 -58.11888003349303
0 0.0102 28.00166130065918 230.0037155151367 82.2372817993164 252.08104705810544
0 0.0100 257.6791191101074 -29.813694000244123 312.5317192077637 -8.103412628173812
