0 0.0904 347.7978515625 56.12021636962892 402.4231719970703 77.96343994140628
0 0.0544 346.6062927246094 26.734611511230497 403.51898193359375 47.33830642700198
0 0.0455 348.63380432128906 85.62373352050784 401.6626739501953 108.4638137817383
0 0.0439 287.7938938140869 56.122867584228544 342.4266719818115 77.96082687377931
0 0.0313 287.1976089477539 26.44227218627932 342.9735565185547 47.63669204711917
0 0.0288 336.1802291870117 6.933013916015654 393.91345977783203 27.13502120971682
0 0.0277 288.35094451904297 85.79978179931642 341.9188690185547 108.28700256347659
0 0.0254 0.0 191.88586425781253 638.75 530.75
0 0.0238 319.0749454498291 205.33297729492188 371.2650966644287 228.75476074218753
0 0.0229 0.0 -107.99999999999997 510.9122848510742 173.51496887207034
0 0.0173 308.4044647216797 175.75942230224612 361.8720245361328 198.32644653320312
0 0.0168 276.8912887573242 -3.4051685333251673 333.2561492919922 17.48089027404788
0 0.0167 336.1805725097656 -13.06847381591794 393.9134979248047 7.13629913330081
0 0.0165 408.6961364746094 55.5875701904297 461.60552978515625 78.50058746337893
0 0.0163 319.0418243408203 115.35668563842776 371.2946319580078 138.7312049865723
0 0.0153 608.984546661377 514.6437377929688 638.7499809265137 530.7500000000001
0 0.0147 330.10990142822266 234.52651214599607 380.35030364990234 259.5516128540039
0 0.0145 228.67084503173828 55.60628128051761 281.62784576416016 78.48218154907228
0 0.0141 88.87189865112305 115.468074798584 141.44805908203125 138.61951065063477
0 0.0141 609.6285820007324 484.47810363769526 638.7500190734863 509.5464630126953
0 0.0140 407.90531158447266 26.0604114532471 462.32486724853516 48.02402687072756
0 0.0135 512.6921272277832 -107.99999999999997 638.7499809265137 -38.150761604309054
0 0.0135 269.73114013671875 214.85476684570318 320.6797409057617 239.23007202148438
0 0.0131 227.78728485107422 26.128789901733423 282.43221282958984 47.955190658569364
0 0.0129 308.970947265625 145.39763641357425 361.35986328125 168.68933868408206
0 0.0128 18.85066032409668 55.48817825317385 71.46587371826172 78.60028457641604
0 0.0126 397.1350860595703 -3.5309581756591513 453.0323028564453 17.60854911804202
0 0.0124 78.64452362060547 145.61677169799805 131.65300369262695 168.47077560424808
0 0.0118 0.0 25.209877014160185 51.09731674194336 48.87831878662112
0 0.0118 379.8433303833008 214.7621841430664 430.5813980102539 239.32112884521487
0 0.0116 78.9712142944336 75.40745925903323 131.35744094848633 98.68092727661134
0 0.0116 229.32327270507812 85.16482543945315 281.0414505004883 108.92310333251956
0 0.0109 79.10422325134277 175.3140563964844 131.23858451843262 198.77379608154297
0 0.0108 296.72462463378906 -33.32339334487912 353.4099578857422 -12.602582454681366
0 0.0103 498.1990432739258 -4.108951568603487 552.0569229125977 18.19512557983401
0 0.0103 409.22367095947266 85.23114395141604 461.13147735595703 108.8564796447754
0 0.0103 19.075632095336914 85.3333206176758 71.26431465148926 108.75449371337892
0 0.0102 78.44161033630371 45.747768402099645 131.83587074279785 68.33981704711917
0 0.0102 369.35211181640625 185.14050674438477 421.01646423339844 208.94681167602542
0 0.0101 0.0 -4.6837787628173535 51.232948303222656 18.77239418029788
0 0.0100 517.924919128418 -33.952765941619845 572.3073959350586 -11.96296739578244
