0 0.0300 195.4888153076172 71.91444015502931 234.7052764892578 105.17657852172853
0 0.0263 200.13395309448242 46.00999927520753 250.32842636108398 71.06831645965576
0 0.0254 0.0 193.38586425781247 638.75 532.25
0 0.0253 239.93778228759766 76.18234252929689 290.49888610839844 100.89952087402344
0 0.0241 155.45412063598633 51.99550724029542 194.7365379333496 85.10245418548585
0 0.0234 379.84710693359375 76.25493621826173 430.57891845703125 100.82776641845705
0 0.0231 319.6642303466797 76.40338516235353 370.7396697998047 100.68152999877931
0 0.0229 0.0 -106.49999999999999 510.9122848510742 175.01496887207034
0 0.0218 609.3268013000488 476.2232360839843 638.7499809265137 500.8048400878906
0 0.0212 249.62255477905273 46.438227653503425 300.7760429382324 70.64741230010986
0 0.0197 390.04432678222656 106.08676528930665 440.40679931640625 130.99284744262695
0 0.0191 319.4383144378662 46.575885772705085 370.93995094299316 70.51078414916994
0 0.0186 429.9658966064453 76.15548706054689 480.4749298095703 100.92553710937501
0 0.0175 379.6881103515625 46.382709503173835 430.718994140625 70.70174789428712
0 0.0171 511.90391540527344 -56.65819549560546 638.75 43.127075195312514
0 0.0170 155.38494110107422 92.15188598632812 194.79930877685547 124.95957946777344
0 0.0168 150.21581649780273 25.932670593261733 200.25819778442383 51.143566131591804
0 0.0166 339.96551513671875 106.15632629394533 390.47515869140625 130.92477416992188
0 0.0163 199.88544464111328 16.22617340087892 250.5447006225586 40.85641479492188
0 0.0163 329.5273208618164 216.50727844238284 380.86124420166016 240.57855224609372
0 0.0158 608.9337158203125 516.1825714111328 638.75 532.25
0 0.0157 115.44957160949707 52.005291938781745 154.74074363708496 85.09350872039795
0 0.0152 199.22271728515625 216.73036193847656 251.13262176513672 240.35707092285153
0 0.0142 574.3924140930176 158.3368263244629 638.7499809265137 208.24702835083008
0 0.0136 200.35686492919922 105.7919273376465 250.13843536376953 131.27997970581058
0 0.0136 380.02784729003906 136.10032653808594 430.4212951660156 160.9794387817383
0 0.0135 430.00858306884766 46.116024017334006 480.43827056884766 70.96393203735353
0 0.0135 259.2174530029297 206.73687553405762 311.1367416381836 230.35093879699707
0 0.0134 259.434814453125 16.577974319458022 310.9431457519531 40.50865745544434
0 0.0133 290.7688903808594 76.13072967529297 318.8283157348633 121.07045745849611
0 0.0133 609.0059661865234 -93.54601287841794 638.75 -69.42520523071286
0 0.0127 574.3924140930176 58.33682632446291 638.7499809265137 108.24702835083008
0 0.0127 439.8784637451172 106.22987365722656 490.5512237548828 130.85252380371094
0 0.0122 609.0179634094238 366.44651031494135 638.7499809265137 390.58240509033203
0 0.0121 529.3387222290039 206.64431190490725 581.0296249389648 230.4422817230225
0 0.0120 609.0351676940918 216.43365478515628 638.7500190734863 240.59510803222656
0 0.0120 150.16956329345703 -4.024509429931626 200.29804229736328 21.101795196533214
0 0.0116 100.32259941101074 25.828453063964854 150.16711235046387 51.24478912353516
0 0.0116 379.8800277709961 216.23075103759766 430.54943084716797 240.8519515991211
0 0.0114 209.8213768005371 -13.722499847412095 260.6012535095215 10.805717468261733
0 0.0113 319.4011688232422 16.60036659240724 370.9735870361328 40.4861125946045
0 0.0111 209.35575485229492 186.63356399536133 261.0140800476074 210.45314407348633
0 0.0109 259.74788665771484 -23.66378211975096 310.6660461425781 0.7477436065673962
0 0.0109 329.95113372802734 136.16551971435547 380.48831939697266 160.91539001464844
0 0.0106 535.0603866577148 172.82331085205078 575.0979232788086 204.34758758544922
0 0.0105 79.36039924621582 516.1309204101562 131.11262321472168 532.25
0 0.0102 608.8786125183105 446.5416488647461 638.7500190734863 470.4871139526367
0 0.0100 379.7431945800781 16.33547401428224 430.67108154296875 40.74793434143067
