0 0.0392 95.48535728454591 447.905033826828 136.2193205356598 466.22636914253235
0 0.0352 88.18037593364717 470.964640378952 127.95562827587128 490.03854393959045
0 0.0315 41.19826266169549 385.1098418235779 81.17555239796638 404.0191173553467
0 0.0313 48.81377303600312 447.757750749588 89.16304790973663 466.3725197315216
0 0.0307 49.16208767890931 470.9297716617584 88.85404253005981 490.07299542427063
0 0.0295 87.89509320259094 424.30850863456726 128.20836687088013 442.9469406604767
0 0.0290 33.01600897312165 361.94372177124023 73.69239413738251 380.3122639656067
0 0.0282 41.37104535102845 416.2220060825348 81.02327370643616 435.4051649570465
0 0.0277 127.02238345146179 478.9413511753082 167.21460008621216 497.68784642219543
0 0.0254 -83.49999999999999 234.28583145141602 415.5234375 499.0234375
0 0.0249 80.16106271743774 400.81480145454407 120.32562279701233 419.56546902656555
0 0.0232 9.873361974954614 439.8527443408966 49.992317050695426 458.6515724658966
0 0.0230 79.80049932003021 369.8229491710663 120.64765179157257 388.0588114261627
0 0.0229 -83.49999999999997 0.0 315.6502225399017 219.93356943130493
0 0.0221 40.6963803768158 338.59702944755554 81.62343287467957 356.7841947078705
0 0.0220 173.62722539901733 479.1407287120819 214.3297472000122 497.490257024765
0 0.0218 10.00988268852235 478.8004457950592 49.87339460849763 497.8264272212982
0 0.0217 141.81097382307053 448.25929403305054 183.5906260609627 465.8712148666382
0 0.0200 94.92689156532288 346.7022776603699 136.72384405136108 364.30323123931885
0 0.0184 134.3056240081787 424.6268570423126 175.50039076805118 442.6291882991791
0 0.0184 220.20411276817322 479.3398082256317 261.4730575084686 497.29123711586
0 0.0179 2.1038928031921484 400.7633328437805 42.14046680927277 419.6164608001709
0 0.0177 126.23052829504014 370.1063096523285 167.92530351877213 387.774258852005
0 0.0172 126.51239866018295 401.17985010147095 167.66989761590958 419.20167207717896
0 0.0172 -52.69388324022291 478.9600670337677 -12.446763277053824 497.66889214515686
0 0.0156 102.85806441307068 323.19003343582153 144.42905569076538 340.94059467315674
0 0.0154 40.62207201123238 315.20968675613403 81.6902012526989 333.29659700393677
0 0.0148 392.2628440856933 486.4455461502075 415.52343749999994 499.0234375
0 0.0144 40.471521854400635 276.24306082725525 81.82647609710693 294.1378057003021
0 0.0143 267.2329225540161 479.2388081550598 308.2093873023986 497.39229679107666
0 0.0143 -6.369458794593802 346.53744101524353 34.91994524002076 364.4690215587616
0 0.0140 -53.15665370225905 455.85110783576965 -12.033382713794696 473.9048182964325
0 0.0139 -12.584159433841695 470.84975242614746 9.331604182720193 499.0234375
0 0.0137 317.0407243967056 0.0 415.5234225988388 54.56971749663353
0 0.0136 -5.834931790828694 377.4220645427704 34.439881980419166 396.0837423801422
0 0.0133 40.68219447135927 252.6668906211853 81.6366651058197 270.83903551101685
0 0.0125 103.05683100223541 299.6254563331604 144.24945199489596 317.6305294036865
0 0.0124 188.1999650001526 456.3564658164978 230.90806388854978 473.3967185020447
0 0.0122 87.75217616558075 275.97135305404663 128.33647215366364 294.4093942642212
0 0.0121 -83.49999999999999 471.03849053382874 -51.64237534999846 489.9649918079376
0 0.0121 142.16911578178406 346.46549820899963 183.26756143569946 364.5401895046234
0 0.0119 88.0158373117447 252.34216451644897 128.10127222537994 271.16239070892334
0 0.0118 -6.401146113872519 323.11826944351196 34.948995053768165 341.0128355026245
0 0.0117 40.72867119312287 229.20016944408417 81.59442031383514 247.43099510669708
0 0.0117 56.185571193695075 205.87500929832458 97.3706521987915 223.88124465942383
0 0.0115 392.7391448020935 462.90281414985657 415.52343749999994 482.42953419685364
0 0.0115 -82.92240118980406 329.952597618103 -60.950463920831666 365.4603362083435
0 0.0114 -61.098726749420145 2.8108544647693634 -19.729094862937917 20.6950344145298
0 0.0114 -82.92215345799922 392.45760440826416 -60.95074331760405 427.95687913894653
0 0.0111 -53.385664060711846 432.55624175071716 -11.825532004237166 450.3237307071686
0 0.0108 234.86664676666257 456.46825432777405 277.9742755889892 473.2830822467804
0 0.0107 -83.49999999999999 366.1152720451355 -56.32058000564573 391.78264141082764
0 0.0107 -83.49999999999999 275.522917509079 -51.86837008595465 294.8531210422516
0 0.0107 87.94393920898438 228.9600968360901 128.1648554801941 247.67011404037476
0 0.0104 -83.49999999999999 306.72526359558105 -51.915245413780205 326.14976167678833
0 0.0104 48.25037503242493 182.51411616802216 89.66949367523193 200.36663115024567
0 0.0102 119.23226499557494 80.4944783449173 159.3806722164154 99.26056861877441
0 0.0100 -83.49999999999999 252.11381912231445 -51.839495360851274 271.3877558708191
