0 0.2068 204.56066131591797 159.61382293701175 265.4209899902344 178.43347930908206
0 0.1808 194.75290298461914 139.53653717041018 255.24194717407227 158.51305389404297
0 0.1461 254.16454315185547 139.76457977294922 315.79151153564453 158.2771911621094
0 0.1399 215.1491928100586 179.3813934326172 274.87117767333984 198.67422485351565
0 0.1387 264.3614196777344 159.69168090820315 325.60691833496094 178.3531036376953
0 0.1299 195.1531219482422 119.37437438964847 254.86888885498047 138.68040466308597
0 0.1180 254.6015167236328 119.59328079223637 315.38402557373047 138.4537925720215
0 0.1115 146.4044952392578 158.83303070068362 203.7049102783203 179.23815155029297
0 0.1017 245.6265640258789 99.16908645629884 304.4297409057617 118.89072799682619
0 0.1001 136.7222023010254 128.68032836914065 193.41154098510742 149.3940582275391
0 0.0947 185.80394744873047 99.09527206420898 244.26406860351562 118.96728897094728
0 0.0868 246.9672393798828 78.5433807373047 303.1893539428711 99.53096771240236
0 0.0766 274.91870880126953 179.47391891479495 335.0863265991211 198.57845687866214
0 0.0757 156.5772819519043 178.752311706543 213.54490280151367 199.32089233398438
0 0.0713 186.88880920410156 78.58707809448244 243.2605743408203 99.48723220825197
0 0.0701 73.06253433227539 78.9141883850098 188.19150924682617 128.56403732299808
0 0.0624 248.60294342041016 47.63317966461184 301.6927719116211 70.45284175872804
0 0.0588 226.28934860229492 198.88670349121094 283.81147384643555 219.18318176269534
0 0.0543 57.742652893066406 13.266662597656268 203.98359298706055 74.66011428833009
0 0.0526 315.2853298187256 139.3167724609375 374.7464847564697 158.7392272949219
0 0.0516 306.6816806793213 98.6837615966797 363.45282554626465 119.38768768310548
0 0.0503 315.8558654785156 119.06877899169923 374.2167663574219 138.99382019042972
0 0.0401 88.19955825805664 147.89080047607422 142.05642700195312 170.19537353515625
0 0.0378 204.53126907348633 44.24674892425539 245.59621810913086 74.01013278961183
0 0.0361 97.50890731811523 178.27730560302737 152.68798828125 199.8041000366211
0 0.0330 325.5448532104492 159.20898818969727 384.50450897216797 178.8505973815918
0 0.0329 285.60089111328125 199.1914215087891 344.45079803466797 218.86991882324222
0 0.0327 308.4450054168701 67.73224258422853 361.8357563018799 90.35343551635744
0 0.0320 73.06253433227539 -41.08582115173337 188.19150924682617 8.564046859741234
0 0.0316 209.19353485107422 17.24732780456545 261.1595153808594 40.83966636657716
0 0.0297 19.12034034729004 67.30591201782228 71.2234878540039 90.78232192993165
0 0.0282 113.06253433227539 198.91417884826663 228.19150924682617 248.56404685974124
0 0.0256 9.435844421386719 37.07445049285891 60.94280242919922 61.011799812316916
0 0.0252 246.85571670532227 218.61406707763672 303.2885551452637 239.46154022216797
0 0.0239 269.33287620544434 17.152093887329126 321.0340976715088 40.93497657775881
0 0.0229 0.0 251.02486038208016 510.9126281738281 532.7499809265137
0 0.0208 19.2807674407959 97.19046020507814 71.0804271697998 120.89693450927736
0 0.0197 0.0 -67.27745628356931 34.82714653015137 -34.60495567321775
0 0.0197 0.0 -93.38086462020873 40.43924331665039 -68.53890275955199
0 0.0191 5.356922149658203 2.7169837951660396 44.82450008392334 35.400108337402365
0 0.0179 336.0197448730469 179.00118255615234 394.06333923339844 199.06423950195312
0 0.0178 237.49656677246094 -105.99999999999997 638.75 241.1208953857422
0 0.0176 189.92197036743164 -13.304868698120094 240.5128288269043 11.386884689331076
0 0.0168 38.233091831207275 -62.133737564086886 92.02693700790405 -39.78059387207029
0 0.0164 137.2122573852539 248.43504333496097 192.96001434326172 269.6440734863281
0 0.0163 18.884916305541992 -22.536054611206033 71.43535614013672 0.6242885589599833
0 0.0158 38.83841514587402 127.4884071350098 91.47859573364258 150.59894943237308
0 0.0152 227.0494842529297 248.51473236083984 283.11058044433594 269.5624008178711
0 0.0139 57.79594421386719 218.12036895751953 112.42511749267578 239.96317291259768
0 0.0138 574.3924140930176 358.8368072509766 638.7499809265137 408.7470092773438
0 0.0135 48.42313528060913 -92.25152587890624 101.85495615005493 -69.66248130798337
0 0.0134 306.2785243988037 218.8891067504883 363.8221073150635 239.18024444580078
0 0.0127 608.9384651184082 516.6790618896486 638.7499809265137 532.7500000000001
0 0.0126 367.98309326171875 98.00653839111328 422.2560119628906 120.07696533203126
0 0.0122 249.29798126220703 -12.820955276489236 301.0648727416992 10.90842628479006
0 0.0115 77.94132232666016 248.04209136962888 132.2914695739746 270.0429000854492
0 0.0112 319.0688705444336 37.33976745605471 371.27002716064453 60.748313903808615
0 0.0109 608.9692878723145 -93.02088356018064 638.7499809265137 -68.95036792755124
0 0.0108 28.5372257232666 157.68425369262698 81.75013542175293 180.40302658081058
0 0.0108 0.0 123.028377532959 34.961018562316895 155.11608505249026
0 0.0106 346.4488983154297 198.80469703674316 403.6656188964844 219.2657985687256
0 0.0101 609.5584297180176 486.53799438476557 638.7499809265137 511.48771667480474
0 0.0101 377.3178482055664 138.36923980712893 432.86548614501953 159.70915222167972
