0 0.0830 199.03261184692383 -0.1400718688964631 251.30353927612305 23.22756195068361
0 0.0662 198.15799713134766 30.403121948242205 252.09697723388672 52.68106842041017
0 0.0499 178.20941925048828 -29.612689971923803 232.04692840576172 -7.300735473632792
0 0.0414 514.1021347045898 52.28612804412843 575.8504104614258 70.75446033477785
0 0.0389 154.6101951599121 -3.3797225952148198 195.5211067199707 26.624511718750018
0 0.0376 187.23203659057617 60.92039489746095 242.94286727905273 82.15826416015625
0 0.0360 503.9192199707031 72.35617065429689 566.0210418701172 90.68228149414062
0 0.0318 514.4855117797852 32.13889503479006 575.4922866821289 50.906690597534194
0 0.0307 137.54947662353516 30.7496967315674 192.65213012695312 52.331136703491225
0 0.0284 257.87248611450195 20.57627105712892 312.35544204711914 42.507575988769545
0 0.0280 444.07726287841797 62.29849243164063 505.87284088134766 80.74228668212892
0 0.0265 585.6477546691895 41.65901565551759 638.7499809265137 61.40093231201173
0 0.0264 504.2478942871094 92.23549270629884 565.712890625 110.80784225463869
0 0.0263 248.29309463500977 -19.65903854370115 301.97004318237305 2.746509552001973
0 0.0260 454.1207504272461 42.28047275543215 515.832633972168 60.76061153411867
0 0.0254 0.0 196.38586425781253 638.75 535.25
0 0.0250 585.46142578125 61.740192413330085 638.75 81.31763839721681
0 0.0249 444.4297409057617 82.16684722900392 505.54271697998047 100.87908172607422
0 0.0240 247.26835250854492 50.90213680267335 302.9093360900879 72.17690372467041
0 0.0229 0.0 -103.49999999999997 510.9122848510742 178.01496887207034
0 0.0222 586.1384773254395 21.4389171600342 638.7499809265137 41.62654304504397
0 0.0204 186.93315505981445 161.06912994384766 243.21870803833008 182.0062484741211
0 0.0201 197.02259063720703 91.03020095825197 253.13491821289062 112.04697036743164
0 0.0197 596.1872863769531 81.41580963134766 638.75 101.6500701904297
0 0.0194 384.43065643310547 52.16455364227297 445.5423355102539 70.88107013702394
0 0.0191 384.59327697753906 72.10295104980469 445.3900909423828 90.9451141357422
0 0.0189 445.13683319091797 101.88681030273439 504.8826217651367 121.16869354248047
0 0.0187 597.856273651123 -29.41938972473142 638.7500190734863 -7.497583389282204
0 0.0179 127.2580337524414 60.90828323364259 182.91864395141602 82.17079544067384
0 0.0174 525.3352737426758 11.794408798217791 584.7003555297852 31.26199150085451
0 0.0170 207.2764015197754 120.90019607543944 262.9014015197754 142.17926406860352
0 0.0166 454.5742416381836 22.104887008667014 515.4092788696289 40.941976547241225
0 0.0165 118.41801166534424 -29.738660812377905 171.85744762420654 -7.173963546752909
0 0.0162 385.21602630615234 91.85465240478516 444.8086929321289 111.20195770263672
0 0.0160 596.4028167724609 101.31754302978517 638.75 121.7510452270508
0 0.0158 504.9666213989258 111.95564651489256 565.041389465332 131.09753036499023
0 0.0152 394.5199966430664 32.12839508056642 455.4593276977539 50.91814422607424
0 0.0152 156.68146133422852 181.1976089477539 213.44976425170898 201.8759765625
0 0.0152 325.1517868041992 41.87828445434572 384.86927032470703 61.17700958251954
0 0.0149 147.06052780151367 141.00504302978516 203.1014060974121 162.0715560913086
0 0.0144 167.12495803833008 -59.01998138427731 223.04025650024414 -37.9016361236572
0 0.0140 325.2083206176758 61.85583496093751 384.81639862060547 81.20035552978517
0 0.0138 556.5716934204102 -8.755432128906227 613.5525894165039 11.82693862915041
0 0.0137 227.3973846435547 180.8308448791504 282.7916717529297 202.2487678527832
0 0.0136 227.0649528503418 -48.988595962524386 283.0953025817871 -27.93345069885251
0 0.0136 445.98628997802734 121.52363204956055 504.0925979614258 141.5425910949707
0 0.0133 598.0164909362793 -59.51036071777341 638.7500190734863 -37.40559196472165
0 0.0131 187.0382308959961 201.02186584472653 243.12061309814453 222.05538177490232
0 0.0130 256.7724609375 81.1539878845215 313.36559295654297 101.92062759399414
0 0.0128 608.9567756652832 519.164966583252 638.7499809265137 535.2499809265136
0 0.0127 536.487922668457 -28.714326381683325 593.6297225952148 -8.2148537635803
0 0.0127 315.5775547027588 21.698154449462912 374.47333335876465 41.36236572265627
0 0.0126 608.4396553039551 239.82382202148438 638.7499809265137 263.2031860351562
0 0.0126 247.80200958251953 150.6167640686035 302.4196243286133 172.46673965454102
0 0.0125 407.19993591308594 180.93849563598633 462.97203063964844 202.14008712768552
0 0.0122 325.4975128173828 81.73555755615236 384.5469665527344 101.3244857788086
0 0.0118 386.2605667114258 111.40026473999023 443.8380813598633 131.6693534851074
0 0.0116 598.4723663330078 -89.77995491027829 638.75 -67.13361835479733
0 0.0116 607.5973510742188 130.3051414489746 638.75 152.7141227722168
0 0.0115 137.8986692428589 90.5624237060547 192.33131885528564 112.521728515625
0 0.0112 466.61460876464844 141.23270416259766 523.5108184814453 161.8406524658203
0 0.0111 347.17681884765625 180.9516944885254 402.9930114746094 202.12688827514646
0 0.0110 98.41538429260254 0.25754356384279553 151.86104774475098 22.829050064086932
0 0.0109 417.9618453979492 210.53175354003903 472.27245330810547 232.55354309082028
0 0.0108 608.2623100280762 209.93110084533689 638.7500190734863 233.09468650817868
0 0.0107 296.5464782714844 1.2624397277832253 353.57444763183594 21.80973434448244
0 0.0106 326.2055206298828 101.42443084716798 383.8893127441406 121.6443862915039
0 0.0104 407.31700897216797 150.87845230102542 462.86426544189453 172.20127487182617
0 0.0103 496.4107131958008 181.32494354248047 553.7003707885742 201.74547576904297
0 0.0102 267.21046447753906 110.93597793579104 322.96165466308594 132.14313888549805
0 0.0102 506.5363311767578 201.26699829101562 563.5839080810547 221.80502319335938
0 0.0101 609.5274353027344 489.06340026855463 638.75 513.9626922607422
0 0.0101 465.38394927978516 1.775831222534202 524.6545791625977 21.281484603881857
