0 0.2741 80.75704956054689 385.1042938232422 127.45752716064453 404.7638702392578
0 0.2492 380.4866256713867 14.34166669845581 441.0913314819336 32.13721036911011
0 0.2396 301.15084075927734 334.9010467529297 357.7614059448242 354.1303253173828
0 0.1928 78.57046508789064 326.2807846069336 121.19547271728516 346.9167709350586
0 0.1919 2.3787441253662354 35.22005558013916 65.93881034851076 54.974846839904785
0 0.1846 330.54895782470703 13.466339111328125 374.39737701416016 32.890262603759766
0 0.1627 -0.7267532348632597 4.349913597106934 44.461006164550795 24.657878875732422
0 0.1561 77.71870040893558 353.42254638671875 120.67596817016602 374.80308532714844
0 0.1498 166.25366592407227 14.224050045013428 212.25925827026367 33.66782903671265
0 0.1460 76.92318344116212 15.212557315826416 123.96572494506837 34.710657596588135
0 0.1453 78.30410385131837 233.30595016479492 122.53998184204102 253.80788803100586
0 0.1405 260.25362396240234 0.0 306.6613235473633 18.066564798355103
0 0.1365 232.43644142150876 13.502764701843262 272.1366634368896 34.79023456573486
0 0.1357 304.34767150878906 286.5024185180664 353.8289489746094 304.7244644165039
0 0.1286 303.38663482666016 304.19787406921387 357.6513137817383 322.85069465637207
0 0.1259 299.6054306030273 366.84974670410156 339.5829238891601 389.13482666015625
0 0.1217 77.44291687011719 294.3127250671387 121.58285522460938 315.0766181945801
0 0.1038 77.06188583374025 265.87575912475586 120.45914077758788 287.4266242980957
0 0.1022 303.51332092285156 251.44176483154297 339.228271484375 277.85633087158203
