0 0.1180 425.95558166503906 97.53362655639648 484.12200927734375 117.53164291381836
0 0.1016 365.7194137573242 97.63847351074219 424.3410873413086 117.4240493774414
0 0.0970 446.123046875 117.45906829833984 503.96644592285156 137.6082992553711
0 0.0877 395.3675842285156 77.78898239135742 454.66819763183594 97.2691535949707
0 0.0787 385.914306640625 117.55123138427734 444.16046142578125 137.513427734375
0 0.0774 335.4219436645508 77.76792526245117 394.6171188354492 97.29120254516602
0 0.0681 486.24908447265625 97.39870071411133 543.8503265380859 117.66969680786134
0 0.0635 455.9427261352539 77.53906250000001 514.1339492797852 97.52601623535156
0 0.0633 456.1391830444336 137.45054244995117 513.9518356323242 157.61682510375977
0 0.0574 306.34108543395996 97.36083984374999 363.76404762268066 117.70935058593749
0 0.0513 364.0313720703125 -41.68479919433594 425.91590881347656 -23.27510833740234
0 0.0484 326.50447845458984 117.28393554687499 383.6129379272461 137.7880096435547
0 0.0481 396.1592483520508 137.43951797485352 453.93367767333984 157.62777328491208
0 0.0469 275.8206558227539 77.59620666503906 334.24652099609375 97.46788024902345
0 0.0374 364.0439987182617 -61.691718101501465 425.90465545654297 -43.26839923858642
0 0.0369 506.75289154052734 117.15799331665038 563.3849716186523 137.91555404663086
0 0.0354 344.7548294067383 58.038787841796875 405.23937225341797 77.01133728027344
0 0.0352 364.38419342041016 -21.81747436523437 425.5857467651367 -3.1375122070312496
0 0.0344 456.1939239501953 157.4257469177246 513.9010620117188 177.64226913452148
0 0.0326 404.96341705322266 57.95408248901367 465.04512786865234 77.09859848022461
0 0.0311 246.59433364868164 97.24042892456053 303.53002548217773 117.83239364624023
0 0.0302 425.0455093383789 -42.08157300949097 484.9691390991211 -22.86507844924927
0 0.0298 516.7841339111328 77.142333984375 573.3562469482422 97.93148040771484
0 0.0282 285.2164840698242 57.8514289855957 344.8090362548828 77.20468521118164
0 0.0277 396.15161895751953 157.44329452514648 453.9406967163086 177.62395858764648
0 0.0271 216.23641967773438 77.4090576171875 273.86096954345703 97.659912109375
0 0.0264 304.58641052246094 -31.893720626831055 365.3962707519531 -13.058195114135742
0 0.0254 0.0 192.3858642578125 638.75 531.25
0 0.0248 304.3756866455078 -51.814045906066895 365.59364318847656 -33.14103603363037
0 0.0237 336.63604736328125 147.22101211547852 393.4913635253906 167.85234451293945
0 0.0236 225.61365127563477 57.68594741821288 284.43891525268555 77.37554550170898
0 0.0229 0.0 -107.5 510.9122848510742 174.01496887207034
0 0.0213 267.2547245025635 126.91186904907227 322.92120933532715 148.16747665405273
0 0.0210 425.2476119995117 -22.164592742919922 484.78084564208984 -2.779407501220704
0 0.0204 465.8251190185547 57.5899887084961 524.2433929443359 77.4734878540039
0 0.0196 344.46422576904297 -81.85121536254883 405.5117416381836 -63.10319900512695
0 0.0194 344.5471954345703 -1.8808746337890623 405.43357849121094 16.92800521850586
0 0.0193 425.07259368896484 -62.094502449035645 484.94441986083984 -42.85210132598878
0 0.0191 206.88743591308594 117.09648132324217 263.25977325439453 137.97916412353516
0 0.0167 396.32179260253906 177.36688613891602 453.78257751464844 197.70261764526367
0 0.0161 557.9621505737305 96.52639389038086 612.2732925415039 118.55813980102538
0 0.0160 217.2249984741211 146.92543029785156 272.94898986816406 168.15338134765625
0 0.0158 324.76070404052734 38.035807609558105 385.2341079711914 57.01427936553955
0 0.0158 466.47979736328125 177.2938346862793 523.6361694335938 197.77757644653323
0 0.0154 235.31587600708008 37.80927658081055 294.71670150756836 57.247982025146484
0 0.0147 285.2477264404297 -12.160005569458008 344.77954864501953 7.216768264770507
0 0.0146 277.6077175140381 156.7254638671875 332.59705543518066 178.35693359375
0 0.0145 335.55904388427734 -102.30361700057982 394.49291229248047 -82.63768196105957
0 0.0140 577.9610443115234 66.52599334716797 632.2745513916016 88.55838775634766
0 0.0140 336.8971252441406 177.09503173828125 393.2500457763672 197.98122406005857
0 0.0140 404.89612579345703 -2.0209217071533203 465.1083755493164 17.072362899780273
0 0.0138 516.9269943237305 147.07063674926758 573.2247543334961 168.00443649291992
0 0.0137 384.66373443603516 38.0729866027832 445.3248977661133 56.97561264038086
0 0.0137 334.6570587158203 18.076648712158203 395.330810546875 36.97204589843751
0 0.0136 376.9447326660156 237.0711898803711 433.2061767578125 258.00548553466797
0 0.0134 166.48963928222656 57.289924621582024 223.62689971923828 77.7817153930664
0 0.0121 167.09924697875977 96.99256896972655 223.06406021118164 118.08547973632811
0 0.0119 376.6880416870117 197.1957015991211 433.4434127807617 217.87815093994138
0 0.0117 284.8549747467041 -72.00312614440918 345.14647483825684 -52.9457664489746
0 0.0116 404.9971008300781 -82.06424713134766 465.01487731933594 -62.883419990539544
0 0.0115 406.7716598510742 217.14992523193354 463.36742401123047 237.92400360107422
0 0.0112 217.92293548583984 176.55126571655273 272.3085403442383 198.53342056274414
0 0.0112 337.6333999633789 216.71306610107422 392.57320404052734 238.36971282958982
0 0.0110 512.6921272277832 -107.5 638.7499809265137 -37.65076160430909
0 0.0109 235.61355590820312 17.681665420532227 294.44007873535156 37.379140853881836
0 0.0107 608.9715576171875 515.1538276672362 638.75 531.2499809265137
0 0.0106 394.7329330444336 18.044834136962887 455.26050567626953 37.004547119140625
0 0.0104 176.3734245300293 37.34272480010986 233.73483657836914 57.72731304168701
0 0.0102 8.085289001464844 116.45994186401366 62.16001510620117 138.6259651184082
0 0.0101 8.22537899017334 216.37725830078125 62.03254222869873 238.70933532714847
