0 0.0799 249.53283309936523 73.00620555877686 300.8556938171387 97.08000659942627
0 0.0677 199.63533401489258 62.926940917968736 250.76501846313477 87.15839385986328
0 0.0616 239.2586326599121 103.20526123046875 291.1004066467285 126.88209533691408
0 0.0531 316.34986877441406 224.85630989074707 373.7560272216797 245.21388053894046
0 0.0509 189.76600646972656 92.82444000244139 240.64952850341797 117.25971221923828
0 0.0509 376.490478515625 214.78908538818357 433.6261749267578 235.2824783325195
0 0.0505 249.0952491760254 43.32586288452148 301.2454414367676 66.76277160644531
0 0.0496 0.0 11.316027641296385 184.04903411865234 88.74924182891844
0 0.0464 296.0632610321045 204.98634338378903 354.02188301086426 225.08037567138672
0 0.0409 179.02347564697266 33.37397575378418 231.3100814819336 56.714620590209954
0 0.0403 257.1235466003418 224.48055267333982 313.04162979125977 245.59780120849607
0 0.0369 267.0089340209961 184.5372200012207 323.14746856689453 205.5398368835449
0 0.0350 347.0014190673828 244.53956604003903 403.1547546386719 265.53718566894526
0 0.0321 248.72814178466797 133.56592178344727 301.57684326171875 156.52212142944336
0 0.0301 418.19774627685547 233.88873100280756 472.05875396728516 256.1970233917236
0 0.0289 287.30712890625 254.38655853271482 342.87261962890625 275.6935501098632
0 0.0282 375.7371139526367 195.1310348510742 434.3245315551758 214.93175506591797
0 0.0269 50.27534484863281 -17.641067504882812 100.21053314208984 7.713565826416015
0 0.0254 0.0 219.8858642578125 638.75 558.75
0 0.0247 296.4209461212158 164.81966018676755 353.69105339050293 185.2507972717285
0 0.0229 304.72496032714844 69.93488311767577 345.4118347167969 100.2923583984375
0 0.0221 5.458855628967285 -21.5106201171875 44.73180294036865 11.6080379486084
0 0.0219 208.93978118896484 183.4277534484863 261.38587951660156 206.6605186462402
0 0.0217 195.33319473266602 118.7740707397461 234.84563827514648 151.3479995727539
0 0.0213 177.95429229736328 4.036474227905272 232.27924346923828 26.048860549926754
0 0.0207 437.4163055419922 204.3270492553711 492.7728271484375 225.7536697387695
0 0.0207 145.260272026062 88.92520904541014 184.91283893585205 121.2101364135742
0 0.0198 337.42366790771484 274.3236541748047 392.76599884033203 295.7572174072265
0 0.0181 298.1308364868164 103.92654418945311 352.1200180053711 126.15859985351561
0 0.0176 324.9726104736328 -80.0 638.75 89.68856811523438
0 0.0176 100.14259338378906 -17.49917984008789 150.32121658325195 7.5771236419677725
0 0.0172 237.9541778564453 14.03656005859375 292.27935791015625 36.04877471923828
0 0.0169 398.1029510498047 263.9432525634765 452.1453857421875 286.1418151855468
0 0.0160 0.0 -67.34251022338866 40.47727584838867 -42.57645130157471
0 0.0136 199.65633392333984 152.90750503540036 250.7470703125 177.1772193908691
0 0.0136 228.01738739013672 253.9985656738281 282.22206115722656 276.0868835449219
0 0.0133 198.8617706298828 213.47715377807617 251.4566421508789 236.61077499389646
0 0.0133 105.56407928466797 88.21542739868165 144.63953018188477 121.8587303161621
0 0.0128 39.00607109069824 -46.62240505218505 91.32745742797852 -23.29012393951416
0 0.0118 306.90760612487793 134.58499908447263 363.241548538208 155.490608215332
0 0.0110 149.2167854309082 183.2320785522461 201.1384391784668 206.85501098632812
0 0.0109 48.526716232299805 -76.30985260009766 101.75979614257812 -53.60300540924073
0 0.0100 609.0200996398926 542.6154899597168 638.7499809265137 558.7500190734862
0 0.0100 278.4593677520752 283.73775482177734 331.8195629119873 306.35005950927734
