0 0.1746 168.40423583984375 313.765640258789 221.87088012695312 336.32110595703125
0 0.1421 136.07742309570312 224.98187065124512 194.0082550048828 245.08534431457517
0 0.1243 146.69849395751953 244.69326019287112 203.43311309814453 265.3811264038086
0 0.1197 157.6371431350708 284.20558929443354 212.5709867477417 305.87642669677734
0 0.1133 126.25917911529541 204.89576339721677 183.84057521820068 225.17301559448242
0 0.1012 158.91273498535156 343.44322204589844 211.4107894897461 366.6446685791015
0 0.0842 587.6014709472656 234.2243576049804 638.75 255.85727691650385
0 0.0777 136.4573860168457 184.80165481567383 193.65755081176758 205.26906967163086
0 0.0755 107.44502544403076 304.3116760253906 162.74654865264893 325.7692718505859
0 0.0675 598.1329154968262 263.9276123046875 638.7500190734863 286.15791320800776
0 0.0670 108.16199779510498 263.91452789306635 162.0902681350708 286.17168426513666
0 0.0618 217.72829055786133 294.16137695312494 272.48620986938477 315.9221649169922
0 0.0572 97.58260726928711 164.23986434936523 152.6198959350586 185.84245681762695
0 0.0552 197.1310806274414 264.47784423828125 253.0344009399414 285.6007385253906
0 0.0532 186.06761932373047 204.97955322265625 244.01897430419922 225.08644104003906
0 0.0523 78.05733680725098 223.97716522216797 132.18525886535645 246.1087417602539
0 0.0516 218.49136352539062 333.715591430664 271.79107666015625 356.3719177246093
0 0.0483 195.8942413330078 225.0607204437256 254.17892456054688 245.00382423400876
0 0.0451 608.5238647460938 293.27186584472656 638.75 316.75567626953125
0 0.0430 597.5833129882812 204.2314910888672 638.75 225.849609375
0 0.0390 156.72809600830078 164.67197418212888 213.40744018554688 185.401611328125
0 0.0385 114.4469165802002 330.39058685302734 155.67538261413574 359.88010406494135
0 0.0355 68.4068512916565 193.7681007385254 121.86761617660522 216.31921768188474
0 0.0345 537.421875 264.3227767944336 592.7680206298828 285.7577896118164
0 0.0345 149.2922019958496 373.18077087402344 201.07053756713867 396.90635681152344
0 0.0287 608.7910652160645 323.10119628906244 638.7499809265137 346.92756652832026
0 0.0259 196.67068481445312 184.69709396362305 253.46107482910156 205.37549972534177
0 0.0259 97.54010200500488 134.2617416381836 152.65910148620605 155.82008361816403
0 0.0254 0.0 219.8858642578125 638.75 558.75
0 0.0243 208.8902473449707 363.46244812011713 261.4301109313965 386.6260528564453
0 0.0229 0.0 -79.99999999999999 510.9122848510742 201.51496887207028
0 0.0228 526.59912109375 234.73353385925293 583.5266876220703 255.33864021301272
0 0.0216 548.5151290893555 293.70147705078125 601.7693710327148 316.3862609863281
0 0.0200 609.1143608093262 352.87849426269526 638.7500190734863 377.15026855468744
0 0.0199 608.0899238586426 173.5303497314453 638.7499809265137 196.49379730224607
0 0.0184 104.61732864379883 360.11302947998047 145.51387786865234 390.13103485107416
0 0.0150 608.2260894775391 143.45060348510742 638.75 166.57464981079102
0 0.0149 226.49417877197266 244.78626251220703 283.623046875 265.28514862060547
0 0.0146 609.0067291259766 -67.04663038253783 638.75 -42.924602031707764
0 0.0132 64.67917442321777 250.0101852416992 105.45533180236816 280.2241897583007
0 0.0130 548.9286041259766 323.4330368041992 601.3964080810547 346.6549301147461
0 0.0127 574.3924140930176 -35.16318321228027 638.7499809265137 14.747028350830078
0 0.0126 139.46013927459717 403.05610656738276 190.92125415802002 427.0299530029297
0 0.0126 608.7204742431641 43.1443977355957 638.75 66.88371658325194
0 0.0124 54.71531867980957 159.95010375976562 95.42106628417969 190.2785873413086
0 0.0124 156.748046875 134.66348648071286 213.38871002197266 155.41051864624023
0 0.0120 609.0393257141113 542.6004219055176 638.7499809265137 558.7499809265137
0 0.0119 536.7407989501953 204.66426849365232 593.3960723876953 225.40924072265625
0 0.0116 608.6233520507812 73.2080602645874 638.75 96.81982517242432
0 0.0116 0.0 542.6136779785155 51.097373962402344 558.75
0 0.0112 58.307180404663086 283.8222122192382 111.95952415466309 306.26384735107416
0 0.0111 565.1023483276367 349.2466735839844 605.0584030151367 380.9172821044922
0 0.0111 488.21964263916016 283.88172149658203 542.0375442504883 306.20494842529297
0 0.0110 58.32623481750488 323.81893157958984 111.94039344787598 346.26834869384766
0 0.0109 477.14637756347656 254.46960449218753 533.0204010009766 275.6090545654297
0 0.0107 38.678226470947266 133.5991096496582 91.6217041015625 156.4890480041504
0 0.0105 268.7363815307617 313.5560226440429 321.57039642333984 336.5314102172851
0 0.0102 609.5412445068359 382.547492980957 638.75 407.4778366088867
0 0.0102 608.5020446777344 113.28317642211914 638.75 136.7439079284668
0 0.0100 0.0 468.31031799316406 34.68287467956543 501.7719268798828
