0 0.0674 187.21729278564453 -90.56903839111328 242.95574188232422 -69.35199737548828
0 0.0505 127.62165546417236 -90.78292846679689 182.584490776062 -69.13470268249512
0 0.0457 167.32357025146484 -120.62589168548585 222.85842895507812 -99.29445743560791
0 0.0386 137.799072265625 -60.879983901977546 192.4219512939453 -39.03628349304199
0 0.0346 108.0071210861206 -120.997953414917 162.23198413848877 -98.91702175140382
0 0.0341 197.5967025756836 -60.767478942871094 252.60692596435547 -39.15006637573242
0 0.0268 226.97803497314453 -110.44988632202148 283.1765365600586 -89.47376728057861
0 0.0254 0.0 164.8858642578125 638.75 503.75000000000006
0 0.0229 0.0 -135.00000000000003 510.9122848510742 146.5149688720703
0 0.0227 127.84954071044922 -30.911521911621094 182.37655639648438 -9.004898071289062
0 0.0224 176.71772003173828 69.6786117553711 233.41663360595703 90.39512634277344
0 0.0221 176.42091751098633 109.81910705566405 233.69123458862305 130.25127410888672
0 0.0212 137.08868026733398 49.4930648803711 193.07493209838867 70.58414459228516
0 0.0197 166.32186889648438 129.86581802368167 223.78276824951172 150.20353317260745
0 0.0192 146.65581226348877 89.70663070678712 203.4742307662964 110.36615371704103
0 0.0191 127.68531799316406 9.17877197265625 182.5269889831543 30.903549194335938
0 0.0179 177.3851776123047 29.33919906616211 232.80242919921875 50.740604400634766
0 0.0178 247.19928741455078 -80.56158542633058 302.97271728515625 -59.35988903045654
0 0.0171 188.0805206298828 -31.03997230529785 242.16495513916016 -8.874540328979492
0 0.0169 206.72258377075195 89.67432022094728 263.4126091003418 110.39918899536134
0 0.0144 216.97296142578125 49.55108642578126 273.1816101074219 70.52497863769531
0 0.0143 116.11886978149414 109.95765686035156 173.9711570739746 130.10913848876953
0 0.0143 176.5835952758789 149.74348068237305 233.54045867919922 170.32888412475586
0 0.0141 512.6921272277832 -135.00000000000003 638.7499809265137 -65.1507616043091
0 0.0138 78.71199607849121 -71.42144203186035 131.5909481048584 -48.49020957946777
0 0.0136 188.00579071044922 -0.9993743896484377 242.23369598388672 21.084060668945312
0 0.0135 608.6822319030762 178.1717586517334 638.7500190734863 201.85654640197754
0 0.0133 379.7102355957031 7.86303997039795 430.6999206542969 32.22088336944581
0 0.0122 429.5704650878906 -2.0203208923339853 480.82191467285156 22.106552124023438
0 0.0122 96.91951751708984 69.57893371582033 153.23057174682617 90.49678802490234
0 0.0119 106.2248945236206 129.91382598876953 163.871808052063 150.15491485595703
0 0.0118 609.5524406433105 327.5396728515625 638.7500190734863 352.48565673828125
0 0.0117 608.404369354248 148.34573745727542 638.7500190734863 171.68111801147464
0 0.0116 390.04398345947266 37.58430480957031 440.40760040283203 62.49492645263672
0 0.0116 227.27794647216797 129.3960952758789 282.90077209472656 150.68286895751953
0 0.0113 379.0936279296875 -21.678361892700195 431.2480163574219 1.766252517700195
0 0.0110 439.71153259277344 27.86884307861328 490.69732666015625 52.21599578857422
0 0.0109 146.99298858642578 169.54639434814453 203.1618881225586 190.5306625366211
0 0.0108 438.9029312133789 -31.546707153320312 491.4188766479492 -8.3648681640625
0 0.0107 116.59311294555664 149.7427749633789 173.53073120117188 170.33031463623047
0 0.0105 328.9795684814453 28.393821716308594 381.35162353515625 51.69342041015626
0 0.0103 388.4404754638672 -51.25312805175782 441.8372344970703 -28.659515380859375
0 0.0103 257.1922492980957 69.44038391113281 312.97956466674805 90.6378173828125
0 0.0101 608.9796447753906 207.97332763671878 638.75 232.05558776855472
