0 0.0396 18.59750747680664 -36.84863853454586 71.69448852539062 -14.063241958618129
0 0.0346 5.401124954223633 -11.877410888671845 44.783921241760254 20.986301422119165
0 0.0293 0.0 -67.35867309570308 51.01696014404297 -43.55396080017086
0 0.0279 13.06253433227539 24.41417407989504 128.19150924682617 74.06405162811281
0 0.0254 587.8289985656738 43.60312652587893 638.7499809265137 65.48079681396486
0 0.0254 0.0 179.38586425781247 638.75 518.2499999999999
0 0.0247 68.53959083557129 -56.815851211547816 121.74769401550293 -34.09667778015133
0 0.0239 49.282684326171875 -7.3133163452148136 101.07922554016113 16.40038681030276
0 0.0223 78.67347955703735 123.09724044799806 131.6270613670349 145.99019241333008
0 0.0217 574.3924140930176 84.3368263244629 638.7499809265137 134.24702835083008
0 0.0216 5.56060791015625 77.73560714721681 44.64150428771973 111.34022903442383
0 0.0210 78.38608741760254 153.27922058105466 131.88679695129395 175.80783081054688
0 0.0205 528.1686401367188 43.4064407348633 582.0851135253906 65.67919921875001
0 0.0195 119.15945053100586 -37.2208099365234 171.18833541870117 -13.690994262695279
0 0.0191 598.8261222839355 -106.99972677230832 638.7500190734863 -83.91240167617794
0 0.0189 597.8343963623047 13.594362258911158 638.75 35.48874092102053
0 0.0188 79.24179077148438 92.71388244628908 131.11618041992188 116.37305450439455
0 0.0183 209.05437469482422 -37.14947509765621 261.28284454345703 -13.76229095458981
0 0.0173 574.3924140930176 144.3368263244629 638.7499809265137 194.24702835083005
0 0.0172 0.0 -107.41714763641353 50.94662666320801 -83.49595832824703
0 0.0169 78.59716653823853 183.14910125732422 131.69532537460327 205.9386749267578
0 0.0163 19.194912910461426 182.75448036193848 71.15654468536377 206.3336391448975
0 0.0162 598.626537322998 -56.871204853057826 638.7500190734863 -34.04120969772335
0 0.0161 5.326189994812012 208.28993988037107 44.851951599121094 240.83350372314447
0 0.0155 99.80315208435059 2.294380187988311 150.61684608459473 26.789333343505884
0 0.0155 518.2956314086914 13.328878402709986 571.970100402832 35.75706672668459
0 0.0154 129.10633087158203 62.80966949462893 181.23729705810547 86.27776336669922
0 0.0151 5.381569862365723 118.16064071655273 44.80225086212158 150.95158767700195
0 0.0150 19.102754592895508 152.81501007080078 71.23990058898926 176.2728042602539
0 0.0147 518.3080291748047 -106.67583036422725 571.9582366943359 -84.23778104782099
0 0.0145 608.4739875793457 -27.199209213256804 638.7499809265137 -3.7738208770751656
0 0.0145 518.5435104370117 73.18223190307619 571.7440414428711 95.90531539916994
0 0.0137 269.1822814941406 -37.2375564575195 321.1680603027344 -13.674400329589814
0 0.0137 199.71506118774414 -7.638776779174775 250.69520950317383 16.722929000854517
0 0.0136 138.1711769104004 143.40642166137695 192.08250045776367 165.67944717407227
0 0.0135 128.32277297973633 -66.6804342269897 181.94385528564453 -44.232485771179164
0 0.0132 129.55883026123047 32.48280239105227 180.8333969116211 56.60272312164308
0 0.0128 47.76723623275757 -86.36633682250972 102.4519944190979 -64.55075073242183
0 0.0125 608.9992523193359 502.1321220397948 638.75 518.2500190734862
0 0.0124 138.47375869750977 103.22148513793948 191.80814743041992 125.86526107788086
0 0.0123 518.669548034668 -56.897445201873744 571.6299819946289 -34.0147404670715
0 0.0122 468.4144973754883 53.26293182373048 521.8607711791992 75.82434844970705
0 0.0120 155.0202178955078 -11.095932006835909 195.1348876953125 20.274116516113306
0 0.0120 250.0333023071289 -7.900379180908174 300.4157257080078 16.98060226440432
0 0.0119 188.1233024597168 -66.56365680694576 242.12568283081055 -44.35043621063228
0 0.0114 609.6607971191406 471.9492645263671 638.75 497.07461547851557
0 0.0114 49.24290657043457 212.72052001953125 101.1136245727539 236.36744689941406
0 0.0112 179.52856063842773 22.505352020263697 230.86034774780273 46.580345153808615
0 0.0111 50.79261302947998 72.39525985717775 78.80035877227783 116.87619400024414
0 0.0110 138.56029510498047 173.17181777954102 191.72882080078125 195.91580581665036
0 0.0108 188.4721565246582 123.22268676757811 241.80952072143555 145.86409759521484
0 0.0106 248.31974029541016 -66.68082046508785 301.9470977783203 -44.23244285583492
0 0.0105 518.7662887573242 -16.963098526000945 571.5433883666992 6.050569534301785
0 0.0105 0.0 242.22113800048828 50.541133880615234 266.8611831665039
0 0.0104 57.97480583190918 -116.48329544067379 112.2623348236084 -94.43244266510007
0 0.0103 458.4873962402344 23.21550083160403 511.7951965332031 45.87166500091555
0 0.0101 189.40448760986328 62.59814453125001 240.97061157226562 86.48833465576173
0 0.0101 128.86260509490967 202.97820281982425 181.4555788040161 226.109992980957
