0 0.0306 27.779505252838135 4.128155708312987 82.44046926498413 25.95504283905029
0 0.0287 27.32362985610962 -55.623722076416016 82.85785436630249 -34.29628372192383
0 0.0278 588.1309700012207 -76.07536315917969 638.7499809265137 -53.839750289916985
0 0.0277 27.754554748535156 -25.85612297058105 82.4628734588623 -4.060583114624023
0 0.0254 0.0 159.8858642578125 638.75 498.74999999999994
0 0.0239 107.54075527191162 114.261474609375 162.65848636627197 135.82035064697266
0 0.0229 0.0 -140.0 510.9122848510742 141.5149688720703
0 0.0228 37.512760162353516 34.27185058593749 92.68523216247559 55.809059143066406
0 0.0213 598.3199882507324 -46.18474960327148 638.7500190734863 -23.72905731201172
0 0.0210 87.54782676696777 -55.74130058288574 142.65177726745605 -34.176645278930664
0 0.0205 88.1019401550293 -16.052017211914062 142.14534759521484 6.1376953125
0 0.0202 588.207836151123 -126.12334728240965 638.7500190734863 -103.79178047180174
0 0.0198 27.025299072265625 -85.47317981719969 83.13289642333984 -64.44995403289795
0 0.0186 88.26204299926758 13.85158538818359 142.0000457763672 36.23458862304687
0 0.0179 97.5961971282959 84.23051834106444 152.60790824890137 105.85161209106444
0 0.0176 167.14801788330078 124.46769714355469 223.01918029785156 145.61080932617188
0 0.0171 107.82447814941406 144.10587310791016 162.39871978759766 165.9780502319336
0 0.0169 87.78637886047363 54.1249656677246 142.43403434753418 75.9583854675293
0 0.0163 47.45771408081055 104.30017471313475 102.73597717285156 125.78012466430663
0 0.0163 27.418272495269775 64.32506561279297 82.7712607383728 85.75550079345703
0 0.0162 527.5338363647461 -75.73876619338989 582.6657485961914 -54.180037975311286
0 0.0152 608.3157539367676 -16.602554321289062 638.7499809265137 6.628513336181641
0 0.0144 608.0154228210449 43.57366561889648 638.7500190734863 66.44987106323241
0 0.0142 87.18753814697266 -85.5548095703125 142.98334121704102 -64.36666488647461
0 0.0142 97.74134635925293 184.14764404296875 152.47576713562012 205.93505859375
0 0.0142 47.697927951812744 134.17335510253906 102.51508474349976 155.90927124023438
0 0.0142 527.1930694580078 -115.56042671203613 582.9788970947266 -94.36141967773436
0 0.0135 156.88830852508545 94.59604263305664 213.25897693634033 115.47960281372069
0 0.0134 608.976879119873 482.64986038208 638.7500190734863 498.7499809265136
0 0.0131 609.4596672058105 442.619400024414 638.7500190734863 467.40760803222656
0 0.0131 608.0982971191406 13.525314331054688 638.75 36.498870849609375
0 0.0129 0.789494514465332 -47.147436141967766 28.803985118865967 -2.593297958374022
0 0.0129 137.2581672668457 -35.58850288391113 192.91776657104492 -14.331903457641602
0 0.0126 607.9847526550293 73.59096527099608 638.7500190734863 96.43226623535156
0 0.0118 0.0 -116.86981678009033 41.000075340270996 -93.04258823394774
0 0.0114 609.0432548522949 312.92884826660156 638.7500190734863 337.1000671386718
0 0.0114 146.7639923095703 -65.34245491027832 203.37356567382812 -44.58310127258301
0 0.0113 607.9678153991699 103.60086441040039 638.7500190734863 126.4222526550293
0 0.0112 147.623028755188 -5.78047752380371 202.5825071334839 15.863332748413086
0 0.0111 0.0 29.50431823730469 35.183095932006836 60.6829833984375
0 0.0108 486.98448181152344 -95.45265197753906 543.1704711914062 -74.47087287902832
0 0.0107 207.17212677001953 144.4540977478027 262.9972839355469 165.62444686889648
0 0.0105 537.951774597168 -45.97097396850586 592.2835159301758 -23.945026397705075
0 0.0105 137.85955905914307 34.08395767211915 192.36714839935303 55.99985122680665
0 0.0101 97.35631942749023 214.35802459716797 152.82808303833008 235.72208404541013
