0 0.0926 -74.5621919631958 528.5370254516602 -35.24909019470215 561.5645217895508
0 0.0826 -64.64308738708496 568.7204360961914 -25.17582893371582 601.3969802856445
0 0.0756 -79.90074157714842 502.5398254394531 -29.64126586914062 527.5389862060547
0 0.0657 -24.54965591430664 588.5073089599609 14.73966598510742 621.5916442871094
0 0.0646 -80.0 472.7680206298828 -29.41010475158691 497.3151397705078
0 0.0532 -79.6534252166748 602.2980499267578 -29.85198974609375 627.7735900878906
0 0.0526 -80.0 73.13284873962402 -38.9972448348999 96.95481300354004
0 0.0524 -80.0 13.347711563110352 -28.721270561218258 36.740546226501465
0 0.0506 -80.0 103.05511474609375 -39.09047603607177 127.03191757202148
0 0.0494 19.348278045654293 573.142204284668 71.02008819580078 596.9449996948242
0 0.0488 -80.0 43.39426040649414 -28.66006851196289 66.6940975189209
0 0.0470 -34.8463249206543 539.1437911987305 5.0110340118408185 571.0109329223633
0 0.0464 79.37725067138672 573.1187438964844 130.99472045898438 596.9680023193359
0 0.0437 -80.0 132.97612190246582 -39.181838035583496 157.11005210876465
0 0.0430 15.347576141357418 598.7398147583008 54.83278274536132 631.379280090332
0 0.0423 -80.0 442.9304885864258 -29.23142910003662 467.1549606323242
0 0.0398 150.7252502441406 490.09803771972656 371.54129028320307 589.2982482910156
0 0.0394 -30.847740173339847 513.2822799682617 21.19518280029297 536.8056869506836
0 0.0391 99.87474441528319 512.7315521240234 150.55479049682617 537.3506927490234
0 0.0387 165.54555892944336 598.2657623291016 204.65559005737305 631.8126678466797
0 0.0376 -12.103490829467772 4.064178466796875 42.33315467834473 26.02003574371338
0 0.0369 205.62633514404297 598.046989440918 244.58534240722653 632.013053894043
0 0.0364 60.01567840576172 602.6125717163086 110.43151855468749 627.4676132202148
0 0.0357 109.4873809814453 483.0375671386719 160.89664459228516 507.04856872558594
0 0.0354 125.45318603515624 598.4958267211914 164.73758697509766 631.6021347045898
0 0.0353 245.642204284668 598.0019378662109 284.5717239379883 632.0543670654297
0 0.0333 -80.0 162.89268493652344 -39.27524089813232 187.1923828125
0 0.0332 99.79047775268555 542.7975463867188 150.62944412231442 567.2853851318359
0 0.0331 39.31041717529297 513.1687164306641 91.05403900146483 536.9184875488281
0 0.0320 285.64830780029297 597.9848861694336 324.5664596557617 632.0700454711914
0 0.0311 160.05300521850586 462.57251739501953 210.40056228637692 487.50606536865234
0 0.0304 9.497842788696287 543.0314254760742 60.88700294494629 567.0548629760742
0 0.0284 108.77418518066405 453.533935546875 161.53575897216794 476.5538787841797
0 0.0279 215.57453155517578 458.1962203979492 254.62955474853516 491.87633514404297
0 0.0270 325.6320571899414 598.0335998535156 364.58011627197266 632.0253753662109
0 0.0266 46.73654556274413 4.666695594787598 103.39988708496092 25.406813621520996
0 0.0264 48.62035751342773 483.6332702636719 101.67459487915039 506.4543914794922
0 0.0258 -21.467742919921875 483.69068145751953 31.75390243530273 506.39705657958984
0 0.0257 -80.0 412.8528594970703 -39.319229125976555 437.23167419433594
0 0.0254 -79.99999999999999 0.0 558.75 339.48570251464844
0 0.0247 -80.0 192.84530639648438 -39.32652473449706 217.2390365600586
0 0.0244 365.59967041015625 598.1247711181641 404.6080017089844 631.9417572021484
0 0.0223 -80.0 222.83432006835938 -39.338159561157234 247.2498321533203
0 0.0223 -21.56069040298462 453.74454498291016 31.838972568511963 476.3423538208008
0 0.0215 -3.248643875122068 44.66179370880127 53.38566780090332 65.41223049163818
0 0.0208 16.37348175048828 64.84496116638184 73.73422622680664 85.2254581451416
0 0.0204 175.33075332641602 428.7664031982422 214.84914779663086 461.3550567626953
0 0.0198 118.71574401855469 423.56719970703125 171.58950805664062 446.5198516845703
0 0.0198 48.19407939910888 453.89244079589844 102.06177234649657 476.19346618652344
0 0.0181 255.62294006347653 458.0661392211914 294.58732604980463 491.9955062866211
0 0.0178 -11.738281250000002 423.85501861572266 41.99962615966797 446.23165130615234
0 0.0168 -32.42910146713257 84.24406051635742 22.63112783432007 105.83784103393555
0 0.0166 118.85984420776366 393.47694396972656 171.45872116088864 416.6107940673828
0 0.0165 -80.0 252.86706924438477 -39.302206039428704 277.2175407409668
0 0.0164 215.5630588531494 418.2284164428711 254.63942527770996 451.84680938720703
0 0.0163 -80.0 382.92957305908203 -39.23412322998047 407.1559524536133
0 0.0161 7.50668525695801 394.28035736083984 62.68959999084472 415.80127716064453
0 0.0161 106.92634582519531 4.571475982666016 163.22525024414062 25.503673553466797
0 0.0160 58.17176818847656 423.9039611816406 112.08244323730467 446.181640625
0 0.0158 215.3432750701904 298.74454498291016 254.8371601104736 331.3749694824219
0 0.0158 129.05038833618164 363.3487319946289 181.28736495971677 386.73885345458984
0 0.0148 405.3619384765625 608.6715888977051 444.8233795166015 638.7499809265137
0 0.0146 205.34519195556638 338.7403869628906 244.8354339599609 371.3787841796875
0 0.0144 129.04441833496094 333.35426330566406 181.29241943359375 356.7335510253906
0 0.0144 47.137112617492676 84.47225570678711 103.0294370651245 105.60600280761719
0 0.0141 219.11895751953122 123.3040714263916 271.22528076171875 146.7837619781494
0 0.0139 365.6732940673828 557.9254913330078 404.54383850097656 592.1244812011719
0 0.0138 179.73060607910156 392.8461456298828 230.68206787109372 417.2374725341797
0 0.0137 -80.0 282.9054260253906 -39.26045417785645 307.1797561645508
0 0.0136 -80.0 352.9502868652344 -39.21043872833251 377.1354675292969
0 0.0134 169.08084869384766 173.3251190185547 221.2606048583984 196.76204681396484
0 0.0132 175.0663948059082 299.3104553222656 215.09244918823242 330.85926055908203
0 0.0132 -32.109785079956055 114.06474113464355 22.339582443237305 136.0189914703369
0 0.0132 169.19843673706055 143.24804782867432 221.15423202514646 166.83949947357178
0 0.0131 215.38040161132812 258.66199493408203 254.80342864990237 291.4503479003906
0 0.0130 260.68386077880854 411.85131072998047 288.92955780029297 458.1644058227539
0 0.0130 -80.0 322.9397964477539 -39.22198295593261 347.1458053588867
0 0.0130 255.47077178955075 298.4529113769531 294.7219467163086 331.6414260864258
0 0.0129 235.39142608642572 378.6381149291992 274.79335784912104 411.47212982177734
0 0.0128 219.53394889831543 153.0061912536621 270.8545398712158 177.08013534545898
0 0.0126 219.1422653198242 93.28476905822754 271.20510101318354 116.80258750915527
0 0.0126 529.0112304687499 622.6229667663574 558.75 638.7500190734863
0 0.0123 219.78468894958496 182.8072166442871 270.63355445861816 207.2764015197754
0 0.0120 260.7057571411133 252.03109741210938 288.9033889770508 298.0242919921875
0 0.0119 158.68183135986328 103.59371185302734 211.61911010742188 126.49398803710938
0 0.0117 365.6298828125 518.0528259277344 404.5807647705078 552.0076751708984
0 0.0117 58.06188106536866 113.97148132324219 112.18180179595947 136.11400604248047
0 0.0115 169.12410736083984 203.2963752746582 221.22158050537107 226.79086685180664
0 0.0115 250.72322845458984 332.18772888183594 278.88256072998047 377.9042053222656
0 0.0114 87.06068038940428 64.5089054107666 143.10033798217773 85.56829452514648
0 0.0114 56.50745868682862 44.77945327758789 113.61091136932373 65.29205322265625
0 0.0113 66.40396118164064 24.828486442565918 123.70655059814452 45.241923332214355
0 0.0113 175.13429641723633 259.1791534423828 215.02931594848633 290.97877502441406
0 0.0113 269.41661834716797 143.0902910232544 320.95958709716797 166.99626445770264
0 0.0113 359.373779296875 173.12347412109375 410.9973907470703 196.9635772705078
0 0.0112 275.25093078613276 78.94437074661255 314.92149353027344 111.1926531791687
0 0.0111 -32.1561336517334 144.09233570098877 22.381591796874996 165.9913206100464
0 0.0110 7.541980743408201 364.25838470458984 62.65792846679687 385.8230972290039
0 0.0109 405.5162811279297 568.3441925048828 444.68109130859375 601.7408752441406
0 0.0108 345.29872894287104 78.84549379348755 384.8774337768554 111.28283262252808
0 0.0107 17.574825286865234 324.2414093017578 72.62763977050781 345.8404541015625
0 0.0105 58.37217330932617 143.7869691848755 111.89958572387695 166.2998914718628
0 0.0105 225.40985107421872 208.5944366455078 264.7768402099609 241.51206970214844
0 0.0103 355.1245880126953 139.19995784759521 395.03814697265625 170.95983982086182
0 0.0103 269.74246978759766 112.83673286437988 320.6715774536132 137.24677085876465
0 0.0102 169.2574119567871 233.20173263549805 221.10242843627927 256.88501358032227
0 0.0100 68.29292297363281 373.8282775878906 121.97303771972655 396.25732421875
0 0.0100 118.68408203124999 303.58856201171875 171.61788940429685 326.4986038208008
