0 0.0860 179.49705123901367 53.03428649902344 230.8872413635254 77.0523452758789
0 0.0754 169.06047821044922 23.34806442260742 221.27700805664062 46.74039840698242
0 0.0736 169.55772399902344 82.97847747802734 220.83545684814453 107.10636138916016
0 0.0562 118.62199783325195 103.62720489501953 171.67421340942383 126.45973205566406
0 0.0547 119.37620162963867 73.11607360839844 170.99639892578125 96.97017669677734
0 0.0541 119.31489944458008 3.169751167297363 171.04915618896484 26.918063163757328
0 0.0524 119.78036880493164 32.81312942504883 170.63682556152344 57.27087020874023
0 0.0453 178.56882095336914 -6.332812309265137 231.72094345092773 16.42055034637451
0 0.0428 171.20330810546875 109.00184631347656 239.2577362060547 141.02645874023438
0 0.0410 498.3991241455078 13.772754669189453 551.8746185302734 36.31452560424805
0 0.0358 128.72142791748047 -26.428365707397464 181.58262252807617 -3.483400344848633
0 0.0346 229.08199310302734 33.328094482421875 281.25877380371094 56.759605407714844
0 0.0338 118.36273193359375 133.7917709350586 171.9083595275879 156.29493713378906
0 0.0317 498.25767517089844 -16.14421844482422 552.0036315917969 6.230602264404297
0 0.0316 69.2979907989502 13.17546844482422 121.06558799743652 36.91150665283204
0 0.0314 588.1561279296875 3.913383483886719 638.75 26.172142028808594
0 0.0293 438.14380645751953 13.923606872558592 492.1072006225586 36.16230010986328
0 0.0290 188.27569961547852 -36.15494728088378 241.98724746704102 -13.758573532104492
0 0.0282 69.51083898544312 43.01456451416015 120.876944065094 67.07069396972656
0 0.0277 168.1076431274414 -66.05759620666502 222.14065551757812 -43.85703086853027
0 0.0277 69.0111255645752 -16.622133255004883 121.3221263885498 6.7101192474365225
0 0.0274 108.29457759857178 -86.16813898086548 161.97054386138916 -63.745572566986084
0 0.0267 229.6033477783203 62.94754028320312 280.79418182373047 87.13748931884764
0 0.0263 108.36492538452148 -56.20668411254882 161.90574645996094 -33.7061882019043
0 0.0261 47.97788619995117 -85.9849452972412 102.25949287414551 -63.93075942993164
0 0.0257 488.8888931274414 43.46118927001953 541.431770324707 66.62704467773438
0 0.0254 0.0 149.8858642578125 638.75 488.75
0 0.0249 178.41670989990234 -96.24321460723878 231.8598175048828 -73.67018222808838
0 0.0248 438.1290054321289 -16.070127487182617 492.1212387084961 6.155595779418946
0 0.0246 588.784008026123 33.53109359741211 638.7500190734863 56.5572166442871
0 0.0245 58.49781036376953 113.70323181152342 111.78707122802734 136.3831329345703
0 0.0232 74.9990177154541 69.43626403808594 115.15545845031738 100.7448959350586
0 0.0213 48.30653190612793 -56.174707412719734 101.95951461791992 -33.73887062072754
0 0.0199 598.47412109375 -26.27883911132812 638.75 -3.6344146728515634
0 0.0197 238.8837432861328 3.4617805480957045 291.4370346069336 26.626033782958984
0 0.0195 378.77918243408203 3.531913757324219 431.5309524536133 26.556053161621094
0 0.0191 228.55806350708008 -76.32882118225098 281.7312812805176 -53.58386039733887
0 0.0186 428.7191390991211 43.573322296142585 481.5846633911133 66.51494979858398
0 0.0186 0.0 -77.11783409118652 40.71464538574219 -52.797384262084954
0 0.0184 498.39046478271484 -46.22485160827637 551.8831253051758 -23.68830680847168
0 0.0183 109.04369354248047 163.3591079711914 161.29215240478516 186.72931671142578
0 0.0179 475.8808135986328 317.16907501220703 514.3795013427734 352.81986236572266
0 0.0179 609.120922088623 62.874088287353516 638.7500190734863 87.15471267700195
0 0.0178 358.492431640625 -86.28591537475586 411.7903137207031 -63.62666130065918
0 0.0173 58.51728677749634 143.69510650634766 111.76854848861694 166.3918685913086
0 0.0172 128.57816219329834 -116.34075045585631 181.7129373550415 -93.57178807258606
0 0.0171 512.6921272277832 -150.0 638.7499809265137 -80.15076160430908
0 0.0168 438.1344223022461 -46.07275962829589 492.11612701416016 -23.841657638549805
0 0.0167 0.0 -106.97611331939696 50.876779556274414 -82.93752193450928
0 0.0167 318.94176483154297 3.427658081054688 371.3838577270508 26.660804748535156
0 0.0165 515.8380126953125 317.3703384399414 554.4094085693359 352.63454437255854
0 0.0165 609.5182037353516 422.5710678100586 638.75 447.45510101318365
0 0.0164 9.189615249633789 -26.743116378784176 61.16156578063965 -3.1689167022705083
0 0.0164 68.42672109603882 -116.24916911125183 121.85070276260376 -93.66417050361632
0 0.0164 188.54955673217773 -126.32217288017273 241.7386817932129 -103.59034657478333
0 0.0163 179.67548370361328 142.88963317871094 230.73074340820312 167.19451904296875
0 0.0162 238.70439529418945 -106.42104148864746 291.5987968444824 -83.49125862121582
0 0.0161 615.2730560302734 278.43482971191406 638.75 311.65946960449213
0 0.0159 378.74786376953125 -26.44574165344238 431.558837890625 -3.4660243988037127
0 0.0158 298.7340545654297 -86.44031524658203 351.57203674316406 -63.47196578979492
0 0.0157 378.41320037841797 -56.235980987548835 431.8619155883789 -33.676700592041016
0 0.0155 368.8777542114258 33.46872329711913 421.44176483154297 56.619510650634766
0 0.0153 418.1089782714844 -86.05852127075195 472.13951110839844 -63.85612487792969
0 0.0151 318.70795249938965 -56.422367095947266 371.59539222717285 -33.48979949951171
0 0.0150 48.7998104095459 173.51867675781253 101.51232719421387 196.56936645507812
0 0.0147 318.76869201660156 -26.461353302001953 371.5404510498047 -3.450698852539063
0 0.0147 435.89427947998047 317.0840072631836 474.37198638916016 352.8982925415039
0 0.0145 498.47564697265625 -76.27862215042114 551.8061828613281 -53.634459972381585
0 0.0144 9.13248062133789 13.296375274658203 61.21283531188965 36.79166793823242
0 0.0144 99.47668075561523 193.04542541503906 150.90620040893555 217.04078674316406
0 0.0144 248.66975784301758 -46.3978385925293 301.62988662719727 -23.51436614990234
0 0.0143 328.7253189086914 -116.43192768096924 381.5793228149414 -93.47997188568114
0 0.0141 608.9954376220703 472.6353645324707 638.75 488.7499809265137
0 0.0140 615.3649711608887 318.206558227539 638.7500190734863 351.86836242675776
0 0.0139 448.93863677978516 73.42660903930664 501.38736724853516 96.66139602661133
0 0.0137 598.8215637207031 -56.49592399597167 638.75 -33.41609001159668
0 0.0137 544.78759765625 39.825572967529304 585.3529357910156 70.39144515991211
0 0.0131 309.515962600708 33.021793365478516 360.87008476257324 57.0649528503418
0 0.0128 9.02547836303711 43.37024688720704 61.30878448486328 66.71802520751953
0 0.0127 5.476722717285156 198.44573974609375 44.71588611602783 231.64794921875
0 0.0127 609.6258544921875 252.47692108154294 638.75 277.5472640991211
0 0.0126 5.626565217971802 238.06259155273435 44.583576917648315 271.9987487792969
0 0.0123 0.0 -137.06843376159665 40.7680082321167 -112.84597396850586
0 0.0122 429.43492889404297 153.07895660400388 480.9428024291992 177.00782775878906
0 0.0120 449.1649627685547 123.2731246948242 501.18385314941406 146.81476593017578
0 0.0120 388.3168411254883 -116.17942810058594 441.9498062133789 -93.7338924407959
0 0.0119 609.2755889892578 92.7591323852539 638.75 117.26886749267577
0 0.0118 554.4484710693359 -29.617633819580078 595.6745147705078 -0.11243820190429576
0 0.0116 395.89317321777344 307.0926284790039 434.3724822998047 342.8903579711914
0 0.0113 429.9085998535156 182.70767211914062 480.5242919921875 207.37472534179685
0 0.0112 165.2005958557129 169.04857635498044 204.96774673461914 201.09767913818357
0 0.0110 49.48999643325806 203.0406951904297 100.89326620101929 227.04612731933594
0 0.0110 0.0 317.5814437866211 34.48331832885742 352.4405288696289
0 0.0109 149.84420776367188 212.75432586669922 200.58208465576172 237.32799530029294
0 0.0106 379.33265686035156 173.15193176269534 431.03431701660156 196.93511962890625
0 0.0105 5.263218879699707 158.92399787902832 44.909629821777344 191.2111949920654
0 0.0104 504.9631118774414 69.51019287109375 545.1882553100586 100.67768096923828
0 0.0104 18.517436981201172 73.69697570800781 71.76797866821289 96.39030456542969
0 0.0103 479.46563720703125 173.05572509765625 530.9156036376953 197.0307922363281
0 0.0100 555.8085632324219 317.4833297729492 594.4322967529297 352.53055572509766
