0 0.0347 37.29880332946777 226.88697814941406 92.88119316101074 248.19244384765628
0 0.0339 176.7475128173828 227.16045379638675 233.3899688720703 247.9130172729492
0 0.0299 116.54781341552734 217.26127624511716 173.5733413696289 237.81082153320315
0 0.0297 597.8056526184082 -93.39189529418945 638.7499809265137 -71.52554512023926
0 0.0285 486.5215301513672 -102.73460865020752 543.5996246337891 -82.19489574432373
0 0.0260 486.0417175292969 -82.50644207000732 544.0424346923828 -62.4275016784668
0 0.0260 486.45606994628906 -52.694549560546875 543.6579895019531 -32.23423957824707
0 0.0254 0.0 192.3858642578125 638.75 531.25
0 0.0247 146.57631397247314 197.24361419677734 203.54796886444092 217.82814025878903
0 0.0245 508.21319580078125 76.38071060180663 562.0444488525391 98.70523452758789
0 0.0229 0.0 -107.5 510.9122848510742 174.01496887207034
0 0.0226 37.68369674682617 196.6816234588623 92.52802848815918 218.4010028839111
0 0.0223 426.78123474121094 -102.8575277328491 483.3592224121094 -82.06887722015381
0 0.0222 597.8863716125488 -63.43443870544433 638.7499809265137 -41.48205757141113
0 0.0220 598.2000923156738 86.38704299926758 638.7499809265137 108.69863510131837
0 0.0218 76.81787252426147 247.1300506591797 133.32409143447876 267.9447937011719
0 0.0217 467.56397247314453 216.74667358398438 522.6377487182617 238.33503723144534
0 0.0196 237.53660202026367 226.76090240478516 292.6629447937012 248.3205032348633
0 0.0193 426.3245391845703 -62.63246536254882 483.77960205078125 -42.29769706726074
0 0.0191 156.3321304321289 247.35958099365234 213.77361297607422 267.7096176147461
0 0.0190 588.1420707702637 116.41790390014647 638.7500190734863 138.66701126098633
0 0.0188 608.3253479003906 -34.10696029663086 638.75 -10.866813659667969
0 0.0184 457.03346252441406 -32.974252700805664 513.1246948242188 -11.948328018188478
0 0.0180 598.0731201171875 56.462116241455085 638.75 78.62302780151367
0 0.0180 477.5032043457031 186.77906036376953 532.6934814453125 208.3020782470703
0 0.0178 498.19549560546875 46.39451503753663 552.0598602294922 68.69184970855713
0 0.0175 588.044605255127 156.4723777770996 638.7499809265137 178.6116600036621
0 0.0170 17.819623947143555 256.60831451416016 72.40321159362793 278.4755325317383
0 0.0169 508.03138732910156 106.4864730834961 562.2102355957031 128.59844207763672
0 0.0167 517.3103332519531 -33.11722755432129 572.8701782226562 -11.802968978881836
0 0.0167 407.24430084228516 216.91493988037112 462.9313278198242 238.16394805908203
0 0.0167 608.0045318603516 16.07939720153809 638.75 38.94396781921387
0 0.0165 608.8810920715332 365.5406951904297 638.7499809265137 389.48822021484375
0 0.0163 367.82238006591797 -103.39630603790283 422.4013900756836 -81.52029037475586
0 0.0158 588.2833671569824 186.3369369506836 638.7500190734863 208.7490463256836
0 0.0157 0.0 221.5053558349609 34.947123527526855 253.6370849609375
0 0.0155 116.95445537567139 177.06043243408203 173.19862842559814 198.01544189453125
0 0.0153 608.9254570007324 515.1886749267577 638.7500190734863 531.25
0 0.0147 447.8367233276367 76.59460067749023 502.3884963989258 98.48875045776367
0 0.0146 207.65567779541016 196.69361114501953 262.55443572998047 218.3882904052734
0 0.0145 0.0 325.7052993774414 51.090803146362305 349.3829727172851
0 0.0143 397.18345642089844 -43.049163818359375 452.9862976074219 -21.871805191040043
0 0.0143 497.63484954833984 156.70747756958008 552.5729751586914 178.37461471557617
0 0.0143 417.2069549560547 186.9344139099121 472.9656982421875 208.14416885375977
0 0.0142 609.310302734375 485.23468017578125 638.75 509.7933959960937
0 0.0134 298.11676025390625 216.43680572509766 352.1324157714844 238.64856719970706
0 0.0133 608.7036895751953 335.65608978271484 638.75 359.37206268310547
0 0.0130 0.0 295.78304290771484 51.194095611572266 319.30507659912104
0 0.0124 177.6250457763672 166.70820236206055 232.58296966552734 188.37312698364258
0 0.0122 437.6526641845703 46.69773578643799 492.5566101074219 68.38450908660889
0 0.0121 59.09909248352051 515.3440856933594 111.34203910827637 531.25
0 0.0116 437.36438751220703 156.85075759887695 492.8213882446289 178.22893142700195
0 0.0116 528.3514785766602 206.29657745361325 581.919059753418 228.78978729248044
0 0.0115 608.7435722351074 215.63163757324213 638.7500190734863 239.3968963623047
0 0.0115 217.43242263793945 256.8156433105469 272.758731842041 278.26477050781244
0 0.0114 497.87647247314453 16.575822830200195 552.3514175415039 38.508310317993164
0 0.0114 0.0 515.3118896484374 51.30414962768555 531.25
0 0.0113 0.0 181.60438537597656 34.9919056892395 213.54682922363284
0 0.0111 47.942140102386475 166.53654098510742 102.29189157485962 188.54768753051755
0 0.0110 467.7785873413086 246.6311264038086 522.4407577514648 268.45241546630854
0 0.0110 367.41405487060547 -73.17078471183777 422.77469635009766 -51.74838185310364
0 0.0106 5.233783721923828 351.48746490478516 44.9364709854126 383.6533737182617
0 0.0106 57.084293365478516 276.99913024902344 113.07806015014648 298.07861328125
0 0.0106 609.2373466491699 395.28785705566406 638.7500190734863 419.74037170410156
0 0.0104 447.7991485595703 106.61695480346681 502.4225616455078 128.4663200378418
0 0.0102 107.87115097045898 146.5709686279297 162.35801696777344 168.511962890625
0 0.0102 377.50682830810547 56.77909851074219 432.68970489501953 78.30238342285155
0 0.0101 543.8136672973633 -96.18705749511717 586.2820816040039 -68.45020771026611
