0 0.0283 607.2719573974609 332.9725494384766 638.75 355.04240417480474
0 0.0279 606.9335174560547 373.1434478759766 638.75 394.86723327636724
0 0.0263 588.5906219482422 482.65074157714844 638.75 505.4366912841797
0 0.0254 0.0 228.88586425781256 638.75 567.7500000000001
0 0.0235 565.2145004272461 354.3497695922852 624.8115158081055 373.705924987793
0 0.0230 607.3203277587891 402.9517211914063 638.75 425.06437683105474
0 0.0229 0.0 -70.99999999999997 510.9122848510742 210.5149688720703
0 0.0222 607.6766204833984 302.75980377197266 638.75 325.25995635986334
0 0.0211 609.5369720458984 511.5545883178711 638.75 536.4711990356445
0 0.0188 27.584733963012695 -66.76697349548337 82.6192569732666 -45.151554107665994
0 0.0181 588.6138153076172 -57.36568069458006 638.75 -34.54712486267087
0 0.0170 545.9652709960938 334.025863647461 604.1138458251953 354.03898620605474
0 0.0168 545.3200912475586 374.3091049194336 604.7123336791992 393.7484970092774
0 0.0166 608.0087471008301 272.5762023925781 638.7499809265137 295.44706726074224
0 0.0166 87.6993179321289 -66.82871437072751 142.5141143798828 -45.08883571624754
0 0.0163 609.0115356445312 551.6225090026855 638.75 567.7500190734863
0 0.0153 505.84129333496094 354.08247375488287 564.228515625 373.9811553955078
0 0.0146 27.739973068237305 -36.84772229194639 82.47613906860352 -15.069031476974468
0 0.0145 608.4525299072266 452.315544128418 638.75 475.711540222168
0 0.0138 485.82714080810547 374.09006500244146 544.2412948608398 393.97356414794933
0 0.0136 486.7120361328125 333.67964172363287 543.4222412109375 354.39375305175787
0 0.0136 409.53502655029297 482.0069732666016 460.85323333740234 506.0795440673828
0 0.0136 608.1720733642578 242.48294258117676 638.75 265.5419292449951
0 0.0136 247.60709762573242 -66.77753543853757 302.5984001159668 -45.14058685302733
0 0.0128 386.4972686767578 393.78515625000006 443.6201477050781 414.2864074707031
0 0.0127 545.9822082519531 394.02616882324224 604.0961456298828 414.04013061523443
0 0.0127 518.1398391723633 -67.07848167419432 572.1117782592773 -44.83627891540525
0 0.0127 187.74799346923828 -66.85482597351073 242.4694061279297 -45.062266349792466
0 0.0126 307.499475479126 -66.72124958038327 362.6974391937256 -45.19797658920287
0 0.0126 446.6202163696289 353.7238159179688 503.50711822509766 374.34858703613287
0 0.0120 406.52374267578125 373.7705459594727 463.5961151123047 394.3009414672852
0 0.0118 546.5756988525391 313.7444152832031 603.5484313964844 334.3274536132813
0 0.0118 456.15039825439453 393.94724273681646 513.9410018920898 414.12058258056646
0 0.0117 367.5395965576172 -66.74262857437131 422.6605987548828 -45.176251888275125
0 0.0116 398.4147262573242 42.758640289306655 451.86145782470703 65.3280487060547
0 0.0115 527.9277038574219 473.0442276000977 582.3051452636719 495.0398483276368
0 0.0114 38.07854652404785 42.96107673645021 92.16678619384766 65.12439155578615
0 0.0113 276.8936252593994 393.59445953369146 333.25377464294434 414.4813766479493
0 0.0113 87.94960021972656 -36.96385002136228 142.2842025756836 -14.951292037963846
0 0.0112 427.54261016845703 -66.7440900802612 482.6578140258789 -45.174747467040994
0 0.0111 348.021240234375 22.99230003356935 402.21946716308594 45.09255790710451
0 0.0107 398.1458282470703 72.91767501831058 452.1063995361328 95.16754531860353
0 0.0106 27.897672653198242 13.061660766601582 82.33251571655273 35.02228164672854
0 0.0105 398.1219482421875 -27.062998771667463 452.1269989013672 -4.851122856140116
0 0.0105 407.32166290283203 333.3731307983399 462.86060333251953 354.7062149047852
0 0.0103 408.3952331542969 12.77326011657717 461.8785858154297 35.31375312805178
0 0.0102 608.2272338867188 212.45035552978518 638.75 235.57497406005862
0 0.0101 365.25569915771484 477.93825531005865 404.9166488647461 510.1982345581055
0 0.0101 198.4407615661621 42.739213943481474 251.83862686157227 65.34705543518069
0 0.0100 346.51477813720703 373.7755432128906 403.60424041748047 394.29594421386724
0 0.0100 267.9681396484375 -36.97248077392576 322.266845703125 -14.942260742187479
0 0.0100 258.66615295410156 42.60198020935061 311.63368225097656 65.48545265197755
0 0.0100 0.0 412.56525421142584 51.56878471374512 435.5234756469727
