0 0.5303 303.4787368774414 182.5297622680664 411.27635955810547 228.92864990234372
0 0.5237 237.60573387145996 39.83946609497071 469.9342441558838 106.06840896606445
0 0.4958 223.28405380249023 361.0214309692382 281.4550971984863 379.3603591918945
0 0.4761 177.23073959350586 380.3836135864257 231.1240577697754 399.88014984130854
0 0.4371 264.51683044433594 300.0795440673828 318.6925506591797 319.1620330810547
0 0.3690 252.44735717773438 281.00113677978516 321.95682525634766 299.2772750854492
0 0.3421 275.1271438598633 317.8811340332031 320.2464294433594 339.11221313476557
0 0.3197 281.3233184814453 338.2194213867187 323.48766326904297 359.19743347167963
0 0.3104 194.4569969177246 338.775032043457 265.2218437194824 357.48558807373047
0 0.2746 209.1940689086914 299.2154388427734 267.5313186645508 317.4331359863281
0 0.2430 198.2851791381836 318.9273147583008 262.71678924560547 337.8669815063476
0 0.1862 282.51277923583984 357.62802886962885 323.82286071777344 381.18706512451166
0 0.1329 171.31797790527344 283.84632873535156 205.1673126220703 314.3282012939453
0 0.1061 223.67502212524414 403.90976715087885 265.3607368469238 428.4218673706054
