0 0.0953 68.92599868774414 366.51561737060547 107.38722610473633 403.42350006103516
0 0.0821 68.93215942382812 326.5931701660156 107.3733596801758 363.35174560546875
0 0.0679 108.93189239501956 366.59473419189453 147.3735122680664 403.35025787353516
0 0.0639 28.85058212280274 367.2938537597656 67.40227508544922 402.7050018310547
0 0.0591 68.88390350341798 407.08335876464844 107.38385009765625 442.8990173339844
0 0.0582 28.8614730834961 327.2535705566406 67.39365386962892 362.74208068847656
0 0.0554 108.93383789062499 326.64371490478516 147.36695098876953 363.30493927001953
0 0.0477 68.89159011840822 287.09686279296875 107.37387466430664 322.88646697998047
0 0.0438 108.87093353271486 407.16602325439453 147.39098358154297 442.82276153564453
0 0.0403 28.64701080322266 407.97088623046875 67.5692253112793 442.08290100097656
0 0.0374 28.735526084899906 287.7312183380127 67.49179172515869 322.30273246765137
0 0.0333 148.90448379516602 367.0440673828125 187.36410903930664 402.9351043701172
0 0.0317 108.88249206542969 287.1545124053955 147.3789291381836 322.8332805633545
0 0.0302 -6.333057403564444 351.7311096191406 21.94994735717774 398.2609558105469
0 0.0270 32.285736083984375 613.181266784668 84.07715606689455 636.9053268432617
0 0.0267 -11.340667724609366 317.959623336792 27.556350708007816 352.09317207336426
0 0.0266 148.84854125976562 327.3259735107422 187.40162658691406 362.67539978027344
0 0.0265 131.5755157470703 623.2150268554688 184.81102752685547 638.75
0 0.0254 -106.99999999999999 299.8858642578125 531.75 638.75
0 0.0239 -11.500236511230462 398.3729553222656 27.696960449218757 431.7145538330078
0 0.0235 43.631451606750495 261.98780059814453 92.9101972579956 288.0725860595703
0 0.0229 -27.439126491546624 612.972526550293 23.833375453948978 637.1117782592773
0 0.0229 -106.99999999999996 0.0 403.91228485107416 281.5149688720703
0 0.0209 73.47061920166014 442.1480178833008 123.04756927490234 467.9166793823242
0 0.0208 -6.300117492675773 271.9854736328125 21.910427093505863 318.06018829345703
0 0.0206 271.8249969482422 613.4968185424805 324.49078369140625 636.590461730957
0 0.0202 148.73226928710938 407.72254943847656 187.49626922607422 442.310791015625
0 0.0201 93.65662384033203 241.64268493652344 121.96224975585938 288.32958221435547
0 0.0198 201.73448371887207 613.5574722290039 254.57206535339355 636.5299606323242
0 0.0193 31.672084808349613 573.6011505126953 84.6276741027832 596.4867401123047
0 0.0191 -77.37587881088255 602.9343032836914 -26.2247986793518 627.1509170532227
0 0.0186 148.6446838378906 288.0105209350586 187.56806182861328 322.04647064208984
0 0.0179 48.4334020614624 228.54110717773438 87.75550174713135 261.56078338623047
0 0.0177 22.965362548828132 442.6414489746094 73.47830581665039 467.4376678466797
0 0.0174 203.61614990234375 312.0141124725342 252.92118835449216 338.0480670928955
0 0.0163 -1.63706970214843 238.7067985534668 37.81872558593751 271.40939712524414
0 0.0155 -27.763387680053707 583.2243728637695 24.119375228881843 606.8635177612305
0 0.0150 123.69265365600587 241.92026138305664 151.91904830932617 288.1102180480957
0 0.0150 81.76651763916014 593.5437774658203 134.54163360595703 616.5447235107422
0 0.0149 188.8238983154297 337.42889404296875 227.42001342773435 372.5806427001953
0 0.0145 123.74291229248045 442.3851776123047 151.85921478271484 487.75596618652344
0 0.0145 188.50819396972656 278.3679389953613 227.6879196166992 311.71911239624023
0 0.0143 253.64186096191403 301.5450668334961 281.9801025390625 348.40930938720703
0 0.0140 88.44902801513672 208.5100555419922 127.7408676147461 241.58916473388672
0 0.0138 332.17663574218744 613.2544326782227 384.17561340332026 636.8319320678711
0 0.0137 32.756855964660645 202.82831192016602 83.65829753875734 227.2554588317871
0 0.0134 188.8975505828857 377.0800018310547 227.36871528625485 412.90199279785156
0 0.0134 132.32849884033203 183.1589698791504 184.03721618652344 206.92865371704102
0 0.0133 -88.16287708282469 573.4958267211914 -35.521656990051255 596.5924453735352
0 0.0132 68.16996383666992 469.1061782836914 107.9964714050293 501.0451889038086
0 0.0132 152.95040893554688 252.67148971557617 203.48786163330078 277.4101448059082
0 0.0129 283.57830810546875 311.14588737487793 312.0568542480469 358.73974800109863
0 0.0127 243.69915771484372 251.9814109802246 271.9112854003906 298.06360244750977
0 0.0127 72.70136642456055 172.87504196166992 123.70669174194336 197.20964431762695
0 0.0126 122.26603317260741 153.20300579071045 174.09315872192383 176.88473224639893
0 0.0125 31.980693817138672 543.3981704711914 84.34954452514648 566.6897964477539
0 0.0124 -17.136146545410146 212.74232864379883 33.56400299072266 237.3402976989746
0 0.0124 -36.22887802124022 352.6927185058594 -8.174068450927725 397.5286102294922
0 0.0123 132.65600967407227 212.91337966918945 183.74621200561523 237.1721076965332
0 0.0122 91.50151062011719 563.7051010131836 144.78279876708984 586.3818740844727
0 0.0119 273.68820953369135 251.8931770324707 301.92444610595703 298.1326103210449
0 0.0117 405.6921272277831 0.0 531.7499809265136 69.84923839569092
0 0.0116 28.128192901611328 169.19551849365234 68.0345230102539 200.96385955810547
0 0.0116 -6.245643615722649 432.48729705810547 21.84555816650391 477.6780319213867
0 0.0115 72.5005989074707 143.02966594696045 123.88449478149414 167.05666065216064
0 0.0114 502.00011062622065 622.6318550109863 531.7499809265136 638.7499809265137
0 0.0114 122.1584587097168 123.27957153320312 174.18928909301758 146.80858612060547
0 0.0113 213.73158264160156 232.27293014526367 241.87268066406253 277.8403663635254
0 0.0111 -11.745502471923821 178.9377784729004 27.918098449707035 211.19867324829102
0 0.0111 72.04289245605469 503.3538055419922 124.29409790039064 526.7337799072266
0 0.0110 161.3764362335205 83.78504753112793 214.89555168151855 106.30194664001465
0 0.0109 182.40357208251953 163.09865951538086 233.97145080566403 186.98781967163086
0 0.0109 28.087666511535648 469.2720031738281 68.07239818572998 500.8942413330078
0 0.0107 -106.99999999999999 142.54140853881836 -66.63310241699217 167.53681182861328
0 0.0107 313.5669784545898 311.0828399658203 342.0705490112304 358.7934875488281
0 0.0107 228.82000732421878 347.4443817138672 267.42298889160156 382.5663757324219
0 0.0107 -106.99999999999999 542.8194808959961 -66.34967041015624 567.2639846801758
0 0.0105 -11.993810653686516 549.4269561767578 28.14832496643067 580.7533264160156
0 0.0105 -36.22821998596191 272.68842697143555 -8.174936294555655 317.530574798584
0 0.0105 91.54791641235352 533.6792373657227 144.74009323120117 556.4082717895508
0 0.0103 -106.99999999999999 622.6992607116699 -75.41277599334715 638.7500190734863
0 0.0101 181.7869930267334 123.52866172790527 234.5235996246338 146.55957221984863
0 0.0101 -106.99999999999999 172.56790161132812 -66.60750102996825 197.5109100341797
0 0.0101 -106.99999999999999 112.55096435546875 -66.62421894073485 137.52750396728516
0 0.0101 303.6612777709961 261.67776107788086 331.9566421508789 308.3016777038574
0 0.0101 188.12283325195312 189.19889450073242 228.04020690917966 220.96078872680664
0 0.0100 -1.7425937652587835 138.93444061279297 37.91515159606934 171.2017059326172
