0 0.2568 480.01171112060547 152.6202583312988 530.4341506958008 177.46057510375974
0 0.1775 480.2987289428711 182.35410690307614 530.1870346069336 207.72008895874023
0 0.1758 479.12513732910156 123.3038520812988 531.2189483642578 146.7845344543457
0 0.1740 430.1075744628906 152.53248214721677 480.3514862060547 177.54617691040036
0 0.1325 529.0153503417969 143.37574005126953 581.3182067871094 166.71234130859375
0 0.1032 430.20050048828125 182.43507385253906 480.27374267578125 207.63996124267575
0 0.0984 419.5423889160156 123.00113677978514 470.84678649902344 147.08530426025388
0 0.0928 529.4596099853516 173.05931091308594 580.9211730957031 197.02713012695312
0 0.0787 179.96578216552734 222.65277862548825 230.47557830810547 247.427864074707
0 0.0676 480.04432678222656 212.58378982543942 530.4073333740234 237.49544143676758
0 0.0581 169.20265197753906 193.24344635009766 221.15081787109375 216.84387207031247
0 0.0530 169.99038696289062 252.62630462646487 220.45520782470703 277.4532699584961
0 0.0516 468.28731536865234 93.84006500244139 521.9762802124023 116.24675750732422
0 0.0497 379.3028259277344 153.16980361938474 431.06170654296875 176.9168663024902
0 0.0443 529.5209503173828 203.01002502441403 580.8673095703125 227.07557678222653
0 0.0426 119.02683734893799 223.36825370788574 171.30778789520264 246.71986579895017
0 0.0401 528.4400939941406 103.7445831298828 581.8381500244141 126.34239196777342
0 0.0388 409.01607513427734 93.37930679321288 461.31664276123047 116.70934677124022
0 0.0382 148.4663963317871 163.72808456420898 201.8143653869629 186.35896682739255
0 0.0367 479.7079849243164 242.86979675292966 530.7008743286133 267.2148132324219
0 0.0340 230.10076522827148 222.54055023193357 280.3569984436035 247.53849029541013
0 0.0340 108.53696823120117 193.6885070800781 161.7494773864746 216.39934539794922
0 0.0321 374.9713134765625 119.49176788330078 415.18096923828125 150.69442749023438
0 0.0321 180.06874084472656 282.5613784790039 230.38631439208984 307.5172805786133
0 0.0308 429.58850860595703 212.94319152832028 480.81058502197266 237.1398162841797
0 0.0298 220.31654357910156 252.33383178710935 270.1723861694336 277.73948669433594
0 0.0285 479.8582458496094 272.7473068237304 530.56884765625 297.3354721069336
0 0.0276 149.4196367263794 323.0826950073242 200.95801830291748 347.00313568115234
0 0.0262 529.4560623168945 233.0582523345947 580.9250259399414 257.0277309417724
0 0.0259 379.2143249511719 183.2312774658203 431.1412048339844 206.85546875
0 0.0254 0.0 219.8858642578125 638.75 558.75
0 0.0250 124.85448360443115 249.70195770263666 165.29062747955322 280.50357818603516
0 0.0248 225.0967788696289 189.25920486450192 265.06343841552734 220.90589523315427
0 0.0244 200.04314422607422 312.58575439453125 250.40821075439453 337.49359130859375
0 0.0236 408.15650939941406 63.91979217529296 462.0948028564453 86.16670608520508
0 0.0231 208.7514877319336 163.55167388916016 261.5555953979492 186.53652191162107
0 0.0229 0.0 -79.99999999999999 510.9122848510742 201.51496887207028
0 0.0221 138.48682403564453 133.71524810791013 191.79588317871094 156.37180328369138
0 0.0210 88.31378936767578 163.82307052612305 141.9524383544922 186.26367568969727
0 0.0206 349.50469970703125 93.02917480468749 400.88035583496094 117.0574951171875
0 0.0206 429.15477752685547 263.27587127685547 481.19388580322266 286.81140899658203
0 0.0200 129.00222778320312 293.37989807128906 181.33098602294922 316.70753479003906
0 0.0195 459.6241760253906 302.92949676513666 510.77613830566406 327.15511322021484
0 0.0191 199.9117088317871 342.7000427246094 250.52255630493164 367.381591796875
0 0.0183 448.93638610839844 333.42235565185547 501.39060974121094 356.6648483276367
0 0.0178 230.15167236328125 282.4903869628906 280.3137969970703 307.58705139160156
0 0.0178 98.69834899902344 343.58573913574213 151.60362243652344 366.50238037109375
0 0.0176 529.6353530883789 262.92480468749994 580.7654190063477 287.16026306152344
0 0.0176 349.0545654296875 63.35359573364257 401.28196716308594 86.73507690429688
0 0.0172 467.46002197265625 64.30392742156982 522.7326965332031 85.77717304229735
0 0.0171 198.32490921020508 133.81357192993164 251.9429588317871 156.27283096313477
0 0.0169 335.0325012207031 119.37568664550781 375.1239776611328 150.79994201660156
0 0.0153 409.13021087646484 293.29196929931635 461.2161636352539 316.7952346801758
0 0.0152 397.80323028564453 34.11849021911621 452.4179458618164 55.96539497375488
0 0.0143 598.6543273925781 -66.38822555541992 638.75 -43.52404594421386
0 0.0143 155.07823944091797 349.2896270751953 195.08121490478516 380.8782196044922
0 0.0141 509.3595886230469 323.1303024291992 561.0107421875 346.95629119873047
0 0.0135 250.10412216186523 312.53334045410156 300.3549385070801 337.5450897216797
0 0.0134 528.0323791503906 73.98523330688477 582.20947265625 96.09960556030273
0 0.0134 305.41358947753906 78.58987331390381 344.7731018066406 111.51621341705322
0 0.0128 78.5537338256836 133.6747169494629 131.7350196838379 156.4127159118652
0 0.0126 608.8557243347168 -36.94185256958008 638.7500190734863 -13.029260635375977
0 0.0125 608.8823127746582 153.03884506225586 638.7499809265137 176.9898796081543
0 0.0124 178.66371154785156 103.60200881958008 231.63619995117188 126.48519515991211
0 0.0124 339.00089263916016 33.38845252990723 391.33052825927734 56.700048446655266
0 0.0121 0.0 -67.0672607421875 40.76904773712158 -42.84710407257081
0 0.0121 388.68408203125 323.5903167724609 441.6175079345703 346.4971160888672
0 0.0118 74.77275848388672 219.85068321228027 115.36697387695312 250.36866188049316
0 0.0118 78.7972640991211 313.5224151611328 131.51418685913086 336.565933227539
0 0.0117 609.1000556945801 242.88707733154294 638.7499809265137 267.1415328979492
0 0.0116 295.15270233154297 119.1404914855957 335.0124740600586 151.01396560668942
0 0.0113 398.11824798583984 3.9363384246826154 452.1309280395508 26.14911079406738
0 0.0112 318.8607883453369 153.47618103027344 371.4578914642334 176.61151885986325
0 0.0112 609.0372467041016 212.93197631835938 638.75 237.09674835205078
0 0.0111 609.0600776672363 282.91568756103516 638.7499809265137 307.1129989624023
0 0.0110 118.95619869232178 103.4108543395996 171.37239933013916 126.6765785217285
0 0.0109 608.9701652526855 542.6545715332031 638.7500190734863 558.75
0 0.0108 529.7025299072266 292.86983489990234 580.7065582275391 317.21424102783203
0 0.0108 189.15603637695312 73.27562808990477 241.19266510009766 96.81176662445068
0 0.0106 295.38795471191406 38.651037216186516 334.7959899902344 71.4603328704834
0 0.0106 99.18431282043457 53.25925827026367 151.16660118103027 76.82853698730469
0 0.0106 250.03477096557617 342.59517669677734 300.4150581359863 367.48462677001953
0 0.0106 48.580617904663086 193.6591339111328 101.71039581298828 216.42852783203125
0 0.0105 608.9438056945801 182.996711730957 638.7499809265137 207.03205108642575
0 0.0101 48.094844818115234 -76.0522985458374 102.15280532836914 -53.862714767456055
0 0.0100 457.1501159667969 34.46328163146973 513.0180358886719 55.6147289276123
0 0.0100 398.6585998535156 353.6099624633789 451.63978576660156 376.47792816162104
