0 0.1439 192.54618138074875 -60.955124318599694 253.04389744997025 -41.88493859767914
0 0.1347 152.39639580249786 -43.39693707227707 199.17823374271393 -28.373340487480164
0 0.1320 119.58010494709015 -28.160797774791718 209.52461659908295 10.628161609172821
0 0.1135 336.50410175323486 -24.11092293262482 499.0234375 53.38930118083953
0 0.1110 144.6310579776764 -59.04223990440368 191.32205843925476 -43.977590620517724
0 0.1056 254.99802827835083 -59.474533766508095 299.77524280548096 -43.53288409113884
0 0.0994 130.5815875530243 10.55395382642746 174.23638701438904 27.069804847240444
0 0.0991 364.82271552085876 -51.8771208524704 408.73441100120544 -35.50020825862885
0 0.0891 106.05055093765259 -43.618951335549355 151.81052684783936 -28.144404634833336
0 0.0850 246.72431498765945 -74.89211332798004 292.39069670438766 -59.37094834446907
0 0.0834 348.5449552536011 -67.19333899021149 393.7132954597473 -51.4413885474205
0 0.0795 208.18504691123962 -36.06683050096035 252.84302234649658 -20.064998760819435
0 0.0756 152.6855230331421 -74.76879876852036 198.9094316959381 -59.4980403482914
0 0.0728 83.36320519447327 10.723625898361204 127.67821550369263 26.896556496620178
0 0.0718 340.70420265197754 -82.80925300717354 385.9279155731201 -67.07640212774275
0 0.0699 293.81611943244934 -74.98748448491095 339.06421065330505 -59.2727869451046
0 0.0689 139.09102976322174 28.048490762710564 212.85279095172882 56.477700948715196
0 0.0682 301.99262499809265 -59.52932161092758 346.5392291545868 -43.47652417421341
0 0.0678 199.60248470306396 -82.60006119310854 245.74562907218933 -67.29140539467335
0 0.0610 98.64354133605957 -59.427185326814644 143.6222493648529 -43.58159598708152
0 0.0591 117.75410175323486 69.63907706737518 290.26663303375244 147.13930118083954
0 0.0582 177.68259346485138 10.436301708221436 220.903679728508 27.18943881988525
0 0.0581 295.6608235836029 54.96565032005309 440.66330790519714 115.46034145355225
0 0.0576 75.70454478263855 -12.788998305797577 119.72369253635406 3.535790026187896
0 0.0549 475.68994760513306 -37.43750822544098 499.0234375 -18.727356910705566
0 0.0531 412.4983549118042 -44.494295835494995 454.87529039382935 -27.25182694196701
0 0.0527 294.1094636917114 -90.75419452786444 338.7940526008606 -74.75373369455336
0 0.0519 247.0461204648018 -90.66767466068268 292.0936867594719 -74.842548340559
0 0.0506 106.65420070290565 -75.14560815691948 151.25155076384544 -59.11108326911926
0 0.0486 448.74407351017 65.52877056598663 499.0234225988388 104.521115899086
0 0.0476 388.02212476730347 -83.01863294839859 432.39355087280273 -66.8624363541603
0 0.0476 153.36179733276367 -90.69778245687483 198.28280806541443 -74.81166195869446
0 0.0471 256.1706006526947 -36.637373611330986 298.69624972343445 -19.484203651547432
0 0.0445 335.1335823535919 120.82042324542999 407.4251353740692 151.11600387096405
0 0.0401 91.82046353816986 33.83359837532043 134.89703834056854 50.66776800155639
0 0.0367 467.651903629303 -60.40035408735275 499.0234375 -42.593950748443596
0 0.0355 459.8667621612549 -83.86344124376774 499.0234375 -66.00699235498905
0 0.0349 60.28798222541809 -36.3307188898325 103.90651226043701 -19.79535852372646
0 0.0339 210.04652976989746 48.84611594676971 251.138836145401 66.91058504581451
0 0.0338 208.92581343650818 -13.000952422618866 252.1606981754303 3.751126706600188
0 0.0310 411.7138385772705 -67.515695810318 455.59579133987427 -51.11231875419616
0 0.0279 217.06315129995346 25.88744986057281 259.67494398355484 42.990615248680115
0 0.0274 303.30556631088257 -36.78576868772507 345.3337550163269 -19.334035336971283
0 0.0261 287.792831659317 33.453052520751946 329.60811257362366 51.051711320877075
0 0.0254 0.0 139.785831451416 499.0234375 404.52343749999994
0 0.0226 448.74407351017 112.40377056598662 499.0234225988388 151.396115899086
0 0.0190 256.34264945983887 -18.641988158226013 322.3457932472229 32.942359924316406
0 0.0188 76.56517624855042 -91.3738928437233 118.93434822559357 -74.12251491844654
0 0.0185 253.5971701145172 46.23297381401062 285.56695580482483 69.64707899093628
0 0.0184 52.7416467666626 -59.91019156575203 95.85008025169373 -43.088971048593514
0 0.0169 475.427508354187 236.16990971565244 499.0234375 254.53922677040097
0 0.0146 77.25487649440765 56.64353597164153 118.30782890319824 74.73798620700835
0 0.0139 382.1590840816498 150.24680423736572 422.8005111217499 168.63453912734983
0 0.0137 45.27053236961365 25.844012975692745 87.7240002155304 43.035035610198975
0 0.0134 475.43369233608246 212.72659826278684 499.0234524011612 231.10729980468747
0 0.0130 475.7215976715088 189.10030055046082 499.0234375 207.8594319820404
0 0.0125 141.31203293800354 148.9886321425438 179.46240305900574 169.85903459787366
0 0.0123 475.8118987083435 259.3529276847839 499.0234375 278.2321624755859
0 0.0121 476.01956129074097 165.44908809661862 499.0234375 184.63492918014524
0 0.0119 37.24244982004166 2.5241874456405635 80.10921627283096 19.477998495101925
0 0.0117 297.4867522716522 117.84750747680663 335.7706367969513 138.506089925766
0 0.0114 29.42800521850586 -20.91206830739975 72.29845970869064 -3.9607308506965633
0 0.0104 0.0 -45.37338425219058 31.810034066438675 -26.373043999075886
0 0.0104 102.16424986720085 141.29112440347672 140.46748355031013 161.93720477819443
0 0.0100 90.2838185429573 115.04981446266174 120.81220000982285 141.3211576938629
