0 0.0388 597.7334785461426 -43.851707458496065 638.7499809265137 -22.06621932983396
0 0.0312 597.9055786132812 -73.94889760017391 638.75 -51.96800875663754
0 0.0259 598.1670951843262 -104.09645843505855 638.7500190734863 -81.8184595108032
0 0.0254 0.0 191.88586425781253 638.75 530.75
0 0.0229 0.0 -107.99999999999997 510.9122848510742 173.51496887207034
0 0.0214 347.77400970458984 -43.86781740188595 402.4452590942383 -22.04886960983273
0 0.0197 608.1976509094238 -14.531419754028292 638.7499809265137 8.5566158294678
0 0.0165 526.6012573242188 -103.2730846405029 583.5260772705078 -82.65563297271726
0 0.0161 526.2556076049805 -63.10172843933102 583.8436508178711 -42.82939720153806
0 0.0155 526.0954284667969 -83.03128886222837 583.9927673339844 -62.90212559700009
0 0.0146 337.8055953979492 -13.885248184204071 392.41634368896484 7.9687900543213175
0 0.0140 608.9652824401855 514.6587104797363 638.7500190734863 530.7499809265137
0 0.0139 106.7988634109497 -43.360040664672816 163.34147930145264 -22.565229415893523
0 0.0138 0.0 -94.98053836822506 40.869383811950684 -70.93293476104733
0 0.0130 506.9693374633789 -43.440559387207 563.1834030151367 -22.482412338256808
0 0.0126 609.5880317687988 484.5130844116211 638.7499809265137 509.51216888427734
0 0.0123 318.2811737060547 95.84267807006839 371.98211669921875 118.243953704834
0 0.0117 608.8394927978516 95.06718826293948 638.75 118.96142196655275
0 0.0115 287.4363040924072 -43.68504333496091 342.7548122406006 -22.234313964843718
0 0.0111 608.184986114502 15.475570678710962 638.7499809265137 38.549453735351584
0 0.0109 27.23165273666382 56.419288635253935 82.94351816177368 77.65914154052737
0 0.0107 609.3228340148926 364.72308349609375 638.7499809265137 389.3046112060547
0 0.0106 368.2423400878906 75.86728286743167 422.0170593261719 98.21938705444339
0 0.0106 97.26475715637207 -13.592508316040009 152.9118251800537 7.672063827514677
0 0.0104 508.3763885498047 65.78530502319339 561.8955993652344 88.30170822143556
0 0.0103 357.5270080566406 -73.73245525360105 412.6714324951172 -52.18601512908933
0 0.0103 258.2670211791992 105.85101318359376 311.9949722290039 128.23554229736328
0 0.0103 0.0 -64.99868202209468 40.847296714782715 -40.91488647460934
0 0.0102 27.306861877441406 86.38219070434572 82.87392616271973 107.69723129272462
0 0.0101 547.4373245239258 -23.681600570678683 602.7530288696289 -2.2371463775634473
0 0.0100 397.69298553466797 -23.8230113983154 452.51941680908203 -2.0942478179931348
