0 0.1223 67.04604625701904 216.75798296928406 97.20596671104431 244.1883087158203
0 0.0882 70.90488076210022 196.74921035766602 109.22336578369139 217.35578775405884
0 0.0824 67.05398857593536 247.97466397285461 97.20008075237274 275.46897530555725
0 0.0812 98.16038608551025 225.00622272491455 128.56844067573547 251.60062313079834
0 0.0680 35.70142388343811 217.07238256931305 66.03357195854186 243.89944970607758
0 0.0565 31.629100441932678 196.99791073799133 70.33628225326538 217.11722016334534
0 0.0532 62.79146671295166 173.65646362304688 101.65920853614807 193.5873031616211
0 0.0504 98.1273502111435 256.3445568084717 128.59733402729034 282.76968002319336
0 0.0497 109.35664176940918 205.19547164440155 148.80070090293884 224.5555967092514
0 0.0450 35.72119772434234 248.25798720121384 66.017284989357 275.2085402607918
0 0.0409 129.16089594364166 225.61556845903397 160.0409597158432 251.04325264692307
0 0.0354 163.98214548826218 213.0570262670517 203.54313403367996 232.31951892375946
0 0.0347 4.399545490741731 217.21938252449036 34.82825309038162 243.76460909843445
0 0.0331 129.20227646827698 256.77233934402466 160.00348329544067 282.3783755302429
0 0.0315 66.91874563694 279.66105937957764 97.31210768222809 306.31810426712036
0 0.0305 160.4808270931244 233.269102871418 191.2277340888977 259.00088995695114
0 0.0294 203.1247913837433 212.99096941947937 242.53514409065247 232.38462209701538
0 0.0272 191.78700447082517 233.13765972852707 222.42712974548337 259.1210678219795
0 0.0267 164.1274392604828 259.80448722839355 203.41688394546506 279.3193459510803
0 0.0267 109.12655293941498 181.94736540317535 149.00259673595428 200.93168318271637
0 0.0266 23.50810170173645 173.86604845523834 62.78616189956664 193.38323175907135
0 0.0254 -62.499999999999986 234.28583145141602 436.5234375 499.0234375
0 0.0254 54.769277572631836 150.41647851467133 94.02689337730408 169.95732486248016
0 0.0250 155.42874485254288 190.17280638217926 196.38898223638532 208.3335965871811
0 0.0242 101.74560546875 283.13443064689636 140.81475138664246 302.8619587421417
0 0.0236 203.2152712345123 259.7823739051819 242.4573004245758 279.34104204177856
0 0.0229 223.02037477493286 233.1763580441475 253.6921501159668 259.08564776182175
0 0.0229 -62.499999999999986 0.0 336.6502225399017 219.93356943130493
0 0.0219 147.75710552930832 486.5790456533432 188.52771073579788 499.0234524011612
0 0.0219 140.61786234378815 283.30719470977783 180.04165589809418 302.6931881904602
0 0.0217 -7.573239505290985 197.13853299617767 31.392551958560944 216.98080003261566
0 0.0213 69.59712505340576 486.6061061620712 110.43363809585571 499.0234524011612
0 0.0210 202.3580968379974 190.13835489749908 243.21463704109192 208.36831629276276
0 0.0210 4.379510879516602 248.51924180984497 34.846141934394836 274.9689221382141
0 0.0201 194.65896487236023 486.5580201148987 235.37895083427426 499.0234375
0 0.0187 242.2383427619934 212.9446417093277 281.55356645584106 232.42981731891632
0 0.0183 183.84141474962234 280.316561460495 214.7350236773491 305.71845173835754
0 0.0179 22.712811827659603 486.61333322525024 63.56686353683471 499.0234375
0 0.0176 254.27863001823422 248.77998232841492 284.9349081516266 274.73023533821106
0 0.0171 241.57744646072388 486.52292788028717 282.2157144546509 499.0234225988388
0 0.0169 109.00014638900755 471.10578417778015 149.11484718322754 489.8991286754608
0 0.0168 -62.5 486.5450859069824 -22.448398172855377 499.0234375
0 0.0168 101.39986872673035 158.43923389911652 141.11489057540894 177.5636225938797
0 0.0164 35.52824258804321 280.0237536430359 66.18596613407134 305.9859275817871
0 0.0160 215.11489152908325 280.26512265205383 245.96363306045532 305.7653605937958
0 0.0154 240.21455645561215 97.1050038933754 283.37475657463074 113.8957217335701
0 0.0154 -62.5 463.13682198524475 -22.94132485985756 482.24160075187683
0 0.0150 147.78923988342285 166.61345958709717 188.42190504074097 185.01722812652588
0 0.0146 199.51796531677246 428.63357067108154 230.31377792358396 454.2659521102905
0 0.0143 217.3710763454437 167.08633303642273 259.3937814235687 184.5436990261078
0 0.0142 69.78708505630493 463.4057879447937 110.18610000610352 481.97513818740845
0 0.0141 148.0836346745491 463.27754855155945 188.15868347883224 482.10224509239197
0 0.0139 168.205164372921 428.7715554237366 199.12097603082657 454.1400074958801
0 0.0139 232.5901985168457 120.43991312384605 275.38996934890747 137.43716850876808
0 0.0138 -23.684501647949215 471.00695967674255 16.189180314540863 489.9968206882477
0 0.0138 249.36407804489136 190.04546105861664 289.972722530365 208.46064388751984
0 0.0133 -62.5 439.784973859787 -30.65204992890358 458.7189853191376
0 0.0132 108.6156815290451 447.9399621486664 149.45904910564423 466.190904378891
0 0.0131 195.09777426719666 463.16877007484436 234.9107563495636 482.209712266922
0 0.0129 0.5814731121063237 158.1166684627533 22.54493534564972 193.5560703277588
0 0.0126 285.19362211227417 483.48426818847656 316.53058528900146 499.0234375
0 0.0125 240.1330769062042 73.70982319116592 283.4497392177582 90.4150977730751
0 0.0124 61.77754700183869 440.10353088378906 102.55067050457001 458.40245485305786
0 0.0123 230.83567619323728 428.48050594329834 261.50232553482056 454.40584421157837
0 0.0122 224.85625743865967 143.83439719676971 267.5055265426636 160.91831028461456
0 0.0120 22.87082001566887 463.43567967414856 63.34789469838142 481.9454252719879
0 0.0118 160.35977005958557 303.8461208343506 191.33812189102173 329.07193899154663
0 0.0116 246.40142917633057 280.183345079422 277.18043327331543 305.84004521369934
0 0.0114 129.0588080883026 303.9504289627075 160.1351201534271 328.9768695831299
0 0.0112 97.85273671150208 303.85836958885193 128.84482741355893 329.060822725296
0 0.0109 413.26262056827545 486.44542694091797 436.5234225988388 499.0234375
0 0.0109 238.5086417198181 460.0476920604706 269.44100856781006 485.3661358356476
0 0.0109 136.89684867858887 421.08282446861267 167.92437434196472 446.2146461009979
0 0.0108 62.36138939857482 127.17106938362122 102.03099250793457 146.33169770240784
0 0.0108 -62.5 416.18984937667847 -30.82079440355301 435.43654680252075
0 0.0104 -24.202458560466763 447.9450583457947 16.651347279548645 466.185986995697
0 0.0104 262.06496357917786 428.53349447250366 292.77053475379944 454.357385635376
0 0.0101 199.50386881828308 397.42374420166016 230.32566905021667 422.9792356491089
