0 0.0539 162.7643257379532 13.721656620502479 204.6336978673935 31.283181726932533
0 0.0413 154.9748331308365 -9.726877689361562 196.79968059062958 7.8572375774383625
0 0.0371 154.70799803733826 37.30319496989251 197.04312086105347 54.57546618580818
0 0.0338 116.15772545337677 13.555970609188087 157.5152426958084 31.449821412563328
0 0.0327 326.4167308807373 -79.79016321897505 369.06999349594116 -62.70723360776899
0 0.0309 201.7502784729004 29.39716783165932 243.76478791236877 46.858013242483146
0 0.0288 326.67407393455505 -56.496697843074784 368.8344657421112 -39.123687326908104
0 0.0288 279.3627977371216 -79.69354408979413 322.35920429229736 -62.80542108416556
0 0.0287 201.393261551857 -1.649159371852865 244.09081041812897 15.402030766010292
0 0.0255 139.26288485527039 -33.11031627655028 181.2533140182495 -15.634435594081868
0 0.0254 0.0 151.28583145141604 499.0234375 416.02343749999994
0 0.0245 279.302179813385 -56.220526240766034 322.4141597747803 -39.40347991138695
0 0.0239 108.56450721621513 -10.021615207195271 149.50423315167427 8.153062880039224
0 0.0229 0.0 -82.99999999999997 399.15022253990173 136.93356943130493
0 0.0219 193.47518682479858 -25.02855229377745 236.37494444847107 -8.094336271286
0 0.0210 107.92921483516693 37.246335864067085 150.0806361436844 54.63271272182465
0 0.0191 319.30750608444214 -33.332134962081895 360.6172204017639 -15.411633431911456
0 0.0189 154.9750119447708 60.586382269859314 196.79932296276093 78.16909682750702
0 0.0186 232.8662872314453 -79.90352380275725 275.1377820968628 -62.59261760115622
0 0.0157 271.78695797920227 -32.94635879993437 314.32947516441345 -15.800479233264912
0 0.0157 201.99306309223175 52.685205459594734 243.54471266269684 70.44566106796265
0 0.0154 248.01086634397507 29.740248441696174 291.20177775621414 46.51059639453888
0 0.0152 232.35762119293213 -48.37143364548681 275.6030559539795 -31.628213256597505
0 0.0150 475.76189041137695 403.4460229873657 499.0234375 416.0234375
0 0.0147 476.2216955423355 379.91643381118774 499.0234225988388 399.416033744812
0 0.0145 400.5407243967056 -82.99999999999999 499.0234225988388 -28.430282503366456
0 0.0144 475.62140226364136 -25.89237074553965 499.0234375 -7.272717908024777
0 0.0143 69.22091543674469 13.594408154487615 110.69631576538086 31.4111454486847
0 0.0131 194.24693286418915 76.08096730709077 235.67213118076324 93.92507803440094
0 0.0129 399.9249339103699 18.438909769058235 499.0234375 96.39615249633788
0 0.0128 107.95970261096954 60.66650581359863 150.0527411699295 78.08781099319458
0 0.0127 92.91619062423706 -33.44293254613875 133.90009105205536 -15.300530374050131
0 0.0126 163.47511112689972 122.63620328903198 203.99175584316254 141.11975264549255
0 0.0125 288.0343198776245 44.80538201332093 329.38867807388306 62.70048451423645
0 0.0123 185.73255836963654 -48.50603955984114 228.49886119365692 -31.491588234901414
0 0.0122 155.08368611335754 169.88954377174375 196.70185446739197 187.6155478954315
0 0.0121 248.71087074279785 60.59503984451295 290.5621528625488 78.160409450531
0 0.0120 194.3644881248474 99.44297802448271 235.5659306049347 117.4382461309433
0 0.0119 475.7874011993408 -2.5682778954505827 499.0234375 16.278263747692115
0 0.0118 163.36336731910706 146.14619743824002 204.0930688381195 164.4842220544815
0 0.0116 210.14583855867386 122.77676594257352 251.05010718107224 140.97945821285248
0 0.0115 366.3365840911865 -33.43121278285979 407.3529243469238 -15.312205433845508
0 0.0113 53.58430743217468 -80.14706465601918 95.08156776428223 -62.34724017977713
0 0.0112 248.08889627456665 6.2557501792907795 291.1313772201538 23.11993074417115
0 0.0109 186.30075454711914 -80.08824045956133 227.981299161911 -62.40648347139357
0 0.0108 61.679907143116 -10.01837420463561 102.63856500387192 8.149374842643747
0 0.0108 139.44891095161438 -80.10178002715108 181.08513951301575 -62.39275763928889
0 0.0106 0.0 -80.65599519014357 31.911347061395645 -61.839017450809465
0 0.0104 147.747203707695 91.45872724056244 188.45884501934052 109.79755651950836
0 0.0104 249.0249201655388 83.8361574411392 290.27772694826126 101.79512631893157
