0 0.0342 271.2278664112091 53.79101216793061 314.8423135280609 70.33261239528656
0 0.0254 0.0 151.785831451416 499.0234375 416.52343749999994
0 0.0229 0.0 -82.49999999999999 399.15022253990173 137.43356943130493
0 0.0224 271.288126707077 30.321459770202644 314.7871196269989 46.92756712436676
0 0.0216 263.6634111404419 77.10095822811128 306.80137872695923 93.90016973018648
0 0.0166 225.18473863601685 61.14835619926453 267.2051787376404 78.60673546791077
0 0.0141 225.0158190727234 37.81009793281556 267.3589587211609 55.069159269332886
0 0.0140 310.70393323898315 69.19712901115417 353.5251021385193 86.18001222610474
0 0.0138 318.29869747161865 45.877765417099006 361.53703927993774 62.622796297073364
0 0.0132 278.9180874824524 171.04143977165222 322.7671980857849 187.45620131492615
0 0.0129 475.29150545597076 76.37793898582458 499.0234225988388 94.58027362823486
0 0.0123 420.2818274497986 61.27054572105409 462.7147316932678 78.48290681838989
0 0.0120 475.7335036993027 403.96783828735346 499.0234524011612 416.52343749999994
0 0.0115 467.39043295383453 53.32161068916321 499.0234225988388 70.80806374549866
0 0.0111 232.02695697546005 171.05005264282227 275.90689808130264 187.44746923446658
0 0.0111 475.3948450088501 99.75280940532684 499.0234375 118.08114826679231
0 0.0110 400.5407243967056 -82.49999999999997 499.0234225988388 -27.93028250336646
