0 0.0999 73.89634102582932 -71.3136347979307 121.40419334173203 -56.58727540075778
0 0.0806 0.0 -72.56429857015608 40.80052673816681 -55.30671244859695
0 0.0789 73.7152099609375 -55.61504355072974 121.57250940799713 -41.03770694136618
0 0.0564 27.06167846918106 -55.69831962138414 74.48994368314743 -40.9510110542178
0 0.0530 74.09051805734634 -40.13477852940559 121.22150510549545 -25.26260009407996
0 0.0483 121.40635028481483 -71.57066492736338 167.68699511885643 -56.321822389960275
0 0.0405 121.29102647304535 -55.8945753648877 167.7936464548111 -40.74892150610684
0 0.0333 59.78614091873169 -83.49999999999999 104.44372892379761 -71.28159357607363
0 0.0317 27.711689472198486 -40.336514174938195 73.88361543416977 -25.054032266139973
0 0.0285 74.85925406217575 -24.829911351203904 120.50545960664749 -9.307371735572804
0 0.0278 412.96854615211487 59.97581565380097 454.4474184513092 77.78043830394745
0 0.0273 0.0 -52.40888363122939 27.603676542639732 -28.48620927333831
0 0.0272 121.53417989611626 -40.37119662761687 167.56712272763252 -25.019059240818013
0 0.0254 0.0 150.785831451416 499.0234375 415.52343749999994
0 0.0229 0.0 -83.49999999999999 399.15022253990173 136.43356943130496
0 0.0226 421.05841636657715 83.23496365547182 462.0091915130615 101.39682674407959
0 0.0222 20.860090851783752 13.909158945083627 65.1819184422493 30.085442304611213
0 0.0218 83.63543823361397 29.401970744133003 127.42702290415764 45.84601306915284
0 0.0207 412.7344787120819 36.67881870269776 454.66044545173645 54.201153755187995
0 0.0195 83.83502066135406 52.736041784286506 127.24366784095764 69.38862586021423
0 0.0176 106.88997805118561 -83.49999999999999 151.1063128709793 -71.1686781644821
0 0.0163 75.66449791193008 -9.579042255878438 119.75999921560287 6.700848877429971
0 0.0162 122.01665341854095 -24.95822525024413 167.11892187595367 -9.175988197326651
0 0.0157 459.5488905906677 60.1489224433899 499.0234375 77.60524535179138
0 0.0155 75.65031200647354 76.35903143882753 119.77460235357285 92.63664269447328
0 0.0155 421.2498366832733 106.53887474536897 461.83785796165466 124.9673196077347
0 0.0152 28.590567409992218 -25.10710461437701 73.06858152151108 -9.023100420832623
0 0.0147 68.08523833751678 115.30342483520509 111.73272132873535 131.82055735588074
0 0.0145 28.94272655248642 37.21445211768151 72.74496555328369 53.658069759607315
0 0.0138 459.9344730377197 36.4728399515152 499.0234375 54.407490134239204
0 0.0136 475.8775234222412 -26.568772554397576 499.0234375 -7.59627139568328
0 0.0136 475.7549613714218 402.9513874053955 499.0234524011612 415.52343749999994
0 0.0135 61.01459264755249 138.3378633260727 103.24043035507202 155.66684091091156
0 0.0132 400.5407243967056 -83.49999999999999 499.0234225988388 -28.93028250336646
0 0.0129 0.0 99.1067566871643 40.481314063072205 116.77446746826172
0 0.0128 52.18448489904404 92.00179362297058 96.36233001947403 108.24417853355409
0 0.0123 413.4275019168854 129.98212659358978 454.0344178676605 148.3989485502243
0 0.0119 405.5154025554657 169.1136338710785 446.31120562553406 187.39264988899228
0 0.0119 53.643569350242615 161.50536918640137 95.02741694450378 179.37579536437988
0 0.0119 460.4160934686661 12.707886934280403 499.0234225988388 31.296981215476997
0 0.0118 98.98199141025543 92.03591728210449 143.30972731113434 108.20868396759032
0 0.0116 21.61768078804016 122.89896392822264 64.48403000831604 139.85320711135864
0 0.0116 0.0 75.69388830661775 40.51998257637024 93.31197822093964
0 0.0114 36.84087097644806 60.60644769668579 80.47908544540405 77.14158082008362
0 0.0111 476.27316415309906 379.3727436065674 499.0234524011612 398.95894908905024
0 0.0110 123.12592566013336 68.23755586147308 166.097030043602 85.13869130611421
0 0.0109 412.8408432006836 13.172445535659795 454.56480979919434 30.83230340480805
0 0.0109 475.32857954502106 106.60552763938902 499.0234225988388 124.8529531955719
0 0.0109 0.0 -21.517770648002614 27.421973645687103 3.0897387266159146
0 0.0109 467.38098561763763 83.57764565944673 499.0234524011612 101.05202877521515
0 0.0105 115.06043374538422 115.24949753284456 158.51612389087677 131.87505090236664
0 0.0103 107.0750318467617 5.961907744407662 150.86296573281288 22.410867452621467
0 0.0101 0.0 51.9917585849762 32.330550253391266 70.1400616168976
