0 0.0254 0.0 193.88586425781253 638.75 532.75
0 0.0246 357.6464080810547 138.2012977600098 412.5623321533203 159.88090896606448
0 0.0229 0.0 -105.99999999999996 510.9122848510742 175.5149688720703
0 0.0217 357.6673126220703 108.18989181518558 412.5431823730469 129.89246749877933
0 0.0203 357.55760192871094 168.2481803894043 412.64404296875 189.83314895629886
0 0.0187 367.70557403564453 78.16925430297853 422.50804901123047 99.91344833374025
0 0.0175 357.5043487548828 198.27940368652344 412.6922607421875 219.801887512207
0 0.0174 418.12313079833984 137.93550872802737 472.1260452270508 160.15024566650393
0 0.0157 297.5682067871094 118.24501419067383 352.6336669921875 139.8367729187012
0 0.0154 417.91587829589844 58.05221939086916 472.315673828125 80.03197097778322
0 0.0153 417.93880462646484 98.03911590576173 472.29480743408203 120.0451889038086
0 0.0138 297.55112648010254 148.25621032714844 352.64891624450684 169.82576751708984
0 0.0136 608.981761932373 516.6459503173828 638.7500190734863 532.75
0 0.0132 418.3765411376953 167.7846374511719 471.89552307128906 190.30229949951172
0 0.0131 348.2253646850586 227.87905120849615 402.0321273803711 250.20777130126956
0 0.0125 357.4535369873047 48.305672645568876 412.73902893066406 69.77508449554445
0 0.0120 307.69762992858887 88.17404174804689 362.515230178833 109.90866088867189
0 0.0120 297.92491912841797 178.05315399169925 352.3060989379883 200.03199005126953
0 0.0115 512.6921272277832 -105.99999999999997 638.7499809265137 -36.15076160430906
0 0.0115 468.1810760498047 77.9023780822754 522.0731353759766 100.18379592895509
0 0.0107 248.1727409362793 97.90642166137697 302.0808982849121 120.1795997619629
0 0.0102 418.28609466552734 197.83280754089358 471.9791793823242 220.2528705596924
0 0.0101 609.6127319335938 486.49137878417974 638.75 511.53341674804693
