0 0.1379 119.27859878540039 557.593994140625 157.95592880249023 592.4288177490234
0 0.1228 79.29891204833984 547.5177764892578 117.9400405883789 582.4989318847656
0 0.1071 79.27198028564455 587.6178741455078 117.96117401123047 622.4068450927734
0 0.1006 124.3636474609375 531.6897583007812 173.22377777099612 558.3566284179688
0 0.0999 119.24625015258789 597.6894760131836 157.98358535766604 632.3411178588867
0 0.0990 159.18960189819336 567.8796768188477 198.02970504760742 602.1664810180664
0 0.0889 39.10221195220948 558.1166076660156 78.10591793060303 591.9492340087891
0 0.0779 79.30482482910158 507.5043487548828 117.93458557128908 542.5112152099609
0 0.0763 39.100142478942885 598.1185913085938 78.10810184478761 631.9474792480469
0 0.0708 158.99091339111328 608.3484077453613 198.20935821533203 638.7499809265137
0 0.0653 39.220386505126974 517.7761840820312 78.00468063354494 552.2615051269531
0 0.0651 119.10941696166992 498.10813903808594 158.0985984802246 531.9570159912109
0 0.0597 199.1326961517334 598.0375671386719 238.0790195465088 632.0217132568359
0 0.0571 -5.941184997558579 141.04065418243408 22.58044815063478 188.8301420211792
0 0.0490 103.82602310180664 472.3279571533203 153.66363143920898 497.74559020996094
0 0.0489 24.076744079589854 161.1359405517578 52.55870437622071 208.74794006347656
0 0.0468 -35.877880096435526 141.42292022705078 -7.496074676513657 188.51055145263672
0 0.0463 -5.938562393188463 191.05453491210938 22.577272415161147 238.81813049316406
0 0.0440 -1.0825195312499876 568.5754776000977 38.27008819580079 601.5293502807617
0 0.0437 59.227081298828125 467.76782989501953 97.99787139892578 502.2690963745117
0 0.0404 174.07738304138184 542.0612716674805 223.4526309967041 568.003044128418
0 0.0398 239.02520751953125 598.3210372924805 278.17323303222656 631.7620468139648
0 0.0395 9.337631225585952 107.37637519836426 47.909313201904304 142.62896537780762
0 0.0395 -30.716299057006818 107.5632381439209 7.953020095825209 142.45713233947754
0 0.0380 203.76283264160156 572.3895263671875 253.71759033203125 597.6856994628906
0 0.0361 24.093528747558608 211.2303352355957 52.538391113281264 258.66769790649414
0 0.0348 -35.87254667282103 191.4607810974121 -7.5024952888488645 238.4800148010254
0 0.0333 158.9253387451172 498.5664749145508 198.26211547851562 531.5375900268555
0 0.0329 -0.9177246093749877 528.1745147705078 38.12291717529298 561.8962097167969
0 0.0326 99.02663803100587 438.3195114135742 138.17176437377933 471.76342010498047
0 0.0324 54.122978210449226 181.4114761352539 82.50279998779297 228.51703643798828
0 0.0322 -1.1960544586181499 608.8043403625488 38.37563133239747 638.7499809265137
0 0.0288 -41.20288991928099 588.8452529907227 -1.620737552642807 621.283073425293
0 0.0285 59.1966781616211 427.8557586669922 98.02396392822266 462.18841552734375
0 0.0280 279.02009582519537 598.3327102661133 318.1778869628906 631.7513656616211
0 0.0280 19.239974975585955 477.7233123779297 57.987495422363295 512.3100280761719
0 0.0266 54.128070831298835 131.44393920898438 82.496639251709 178.4902572631836
0 0.0266 104.12276840209961 241.40901565551758 132.50304794311523 288.51884841918945
0 0.0265 84.12458038330078 181.42072677612305 112.5008544921875 228.50923538208008
0 0.0257 119.1220817565918 208.0727767944336 158.08768844604495 241.9894027709961
0 0.0257 -105.85967683792113 151.5574836730957 -77.51793527603148 198.40295791625977
0 0.0256 153.16926574707034 472.90210723876953 204.23467254638672 497.18311309814453
0 0.0254 -106.49999999999997 299.8858642578125 532.25 638.75
0 0.0252 54.125820159912124 231.43022537231445 82.49934768676759 278.50168228149414
0 0.0244 -67.47631454467772 563.3615493774414 -15.18749618530272 586.7253494262695
0 0.0240 134.18008422851562 241.81976318359375 162.43409729003906 288.1890106201172
0 0.0239 -5.909799575805649 241.21221542358398 22.54242515563966 288.68322372436523
0 0.0238 -10.745510101318345 67.67833709716797 27.975288391113292 102.35132217407227
0 0.0235 -57.24176549911497 622.7174377441406 -5.298239231109601 638.75
0 0.0232 133.59939193725586 182.54135131835938 183.85829544067383 207.53768920898438
0 0.0229 -106.49999999999997 0.0 404.4122848510742 281.5149688720703
0 0.0227 114.14680099487305 291.5721130371094 142.47409439086914 338.38626861572266
0 0.0224 -65.77669048309323 142.19476699829102 -37.61751079559325 187.8996467590332
0 0.0223 253.61482238769528 572.5234603881836 303.84576416015625 597.5547409057617
0 0.0222 158.8428840637207 208.7507438659668 198.33701705932617 241.36930465698242
0 0.0216 84.12910079956056 331.45130157470703 112.495418548584 378.48438262939453
0 0.0212 64.13608169555665 381.50020599365234 92.48702621459961 428.44486236572266
0 0.0212 138.77923583984375 438.8861846923828 178.39532470703125 471.2457275390625
0 0.0208 -96.76216506958005 592.8482437133789 -45.825914382934556 617.2363662719727
0 0.0203 24.122329711914077 261.4079475402832 52.50358200073243 308.5200309753418
0 0.0203 54.14134597778321 331.53675079345703 82.48065567016603 378.4152603149414
0 0.0201 74.1389617919922 281.51904106140137 102.48353576660158 328.4293842315674
0 0.0199 -105.84857368469235 201.63246154785156 -77.53131771087646 248.3420181274414
0 0.0197 -105.84757471084592 101.63811683654785 -77.53252649307248 148.33725929260254
0 0.0195 104.16648483276367 391.71661376953125 132.45044326782227 438.2707977294922
0 0.0195 -105.81494474411008 421.8771743774414 -77.5717463493347 468.14647674560547
0 0.0195 163.6380157470703 242.50476837158203 213.82520294189453 267.5732421875
0 0.0195 -106.49999999999997 528.5149002075195 -71.75058746337889 561.5847396850586
0 0.0191 144.20960998535156 292.06624031066895 172.39881134033206 337.9973888397217
0 0.0191 114.16028594970705 341.6712188720703 142.4578628540039 388.3070373535156
0 0.0188 318.8268051147461 608.7555694580078 358.35469818115234 638.75
0 0.0187 19.119492530822768 438.0804443359375 58.08985805511476 471.9823455810547
0 0.0180 -71.17582702636717 108.78511428833008 -31.645292282104474 141.33794784545898
0 0.0179 123.44178771972658 152.67942428588867 173.99530029296875 177.40243911743164
0 0.0177 -51.06421852111815 68.52038383483887 -11.745161056518542 101.57977104187012
0 0.0176 -105.80429458618161 481.96155548095703 -77.584508895874 528.0802536010742
0 0.0170 223.38674163818362 542.7227401733398 274.0440902709961 567.359504699707
0 0.0167 -65.7691135406494 192.2675895690918 -37.62650871276854 237.84456253051758
0 0.0166 183.3284912109375 182.77339935302734 234.0946350097656 207.30995178222656
0 0.0166 34.187446594238295 381.8881607055664 62.42534255981447 428.13671112060547
0 0.0165 178.86136627197268 268.70750427246094 218.32044219970706 301.4087677001953
0 0.0165 84.15658569335939 131.64166927337646 112.46232604980469 178.3302927017212
0 0.0165 -35.836891174316385 241.71600341796875 -7.5453605651855336 288.2749557495117
0 0.0163 24.156032562255874 311.64329528808594 52.463012695312514 358.32984924316406
0 0.0161 198.66719818115234 509.12078857421875 238.49813079833984 541.0318756103516
0 0.0160 -41.288722991943345 529.0128707885742 -1.5406837463378762 561.130256652832
0 0.0160 -105.81340217590329 371.88899993896484 -77.57359409332274 418.13709259033203
0 0.0159 148.89566040039062 338.63304138183594 188.28904724121094 371.47674560546875
0 0.0156 49.234324455261245 97.74532318115234 87.99181079864503 132.28979110717773
0 0.0153 198.79579162597656 208.8521957397461 238.38006591796875 241.27670288085938
0 0.0152 -5.854839324951158 291.5644836425781 22.47607803344728 338.3930206298828
0 0.0151 279.0352783203125 538.2879638671875 318.16506958007807 571.7923736572266
0 0.0145 134.22620391845703 392.2126007080078 162.37901306152344 437.8849792480469
0 0.0143 122.75247192382814 113.21440696716309 174.60492706298828 136.87363624572754
0 0.0142 -105.82703018188475 251.78607940673828 -77.55723381042479 298.21868896484375
0 0.0139 173.09641456604004 152.9572296142578 224.2993984222412 177.12844848632812
0 0.0139 173.39673614501953 302.71374702453613 224.03543090820312 327.3682689666748
0 0.0139 -101.48552322387692 618.9307975769043 -61.3103618621826 638.7500190734863
0 0.0137 -105.81134223937985 321.9048309326172 -77.57606887817381 368.12461853027344
0 0.0131 4.193931579589856 391.93065643310547 32.41750335693361 438.1020736694336
0 0.0128 -5.806612014770493 341.92821502685547 22.418180465698253 388.10428619384766
0 0.0126 303.70896911621094 572.4367141723633 353.76458740234375 597.6393508911133
0 0.0124 406.19212722778315 0.0 532.2499809265136 69.84923839569092
0 0.0124 -15.8194007873535 441.83284759521484 12.43354415893556 488.18004608154297
0 0.0123 253.46997833251947 512.6451873779297 303.9727554321289 537.4348449707031
0 0.0119 218.8888702392578 248.64547729492188 258.29553222656256 281.46541595458984
0 0.0119 -20.93278312683104 488.20369720458984 18.137117385864272 521.8694686889648
0 0.0117 -105.83140277862546 51.753129959106445 -77.55198383331297 98.24485778808594
0 0.0113 112.48658752441406 83.3936882019043 164.8443374633789 106.6942024230957
0 0.0112 -25.800317764282212 391.99066162109375 2.410703659057631 438.0570983886719
0 0.0111 29.17523956298829 57.924654483795166 68.0416831970215 92.12520360946655
0 0.0110 502.5477752685547 622.593994140625 532.25 638.75
0 0.0110 162.0024642944336 3.709087371826172 215.28092956542972 26.378538608551025
0 0.0109 -67.22849273681639 3.1905317306518555 -15.409921646118146 26.89600706100464
0 0.0106 178.6815414428711 439.0873718261719 218.48531341552732 471.06231689453125
0 0.0105 202.8478012084961 483.1395721435547 254.52115631103516 506.9471740722656
0 0.0105 -10.970329284667955 8.314461708068848 28.168846130371108 41.76805019378662
0 0.0104 -35.78875207900999 292.1043014526367 -7.6030173301696635 337.97115325927734
0 0.0102 164.25002670288086 372.44091033935547 192.35068893432617 417.71244049072266
0 0.0102 188.6812744140625 329.0904998779297 228.48531341552734 361.0594940185547
