0 0.0254 0.0 286.7658576965332 610.8046875 610.8046875
0 0.0229 0.0 0.0 488.5598723888397 269.19868898391724
0 0.0162 490.2618466615677 0.0 610.8046692609787 66.79333421587944
0 0.0161 334.01167130470276 156.04383730888367 383.52215123176575 178.72741627693176
0 0.0155 334.264865398407 184.543803691864 383.29689931869507 207.6009542942047
0 0.0151 550.293870806694 578.298228263855 610.8047057390213 610.8046875
0 0.0150 267.43205738067627 146.20840859413147 316.2676570415497 169.43485379219055
0 0.0144 314.8918511867523 356.8523247241974 364.39262795448303 379.54385590553284
0 0.0140 314.86770272254944 127.36912286281586 364.41429591178894 150.02709424495697
0 0.0139 286.53363847732544 174.91387403011322 335.4134130477905 198.1045707464218
0 0.0134 324.92043113708496 213.05980217456818 373.54186820983887 236.4578400850296
0 0.0132 314.8667542934418 328.17890524864197 364.41582798957825 350.841837644577
0 0.0131 272.8155598640442 113.64488857984543 310.66565108299255 144.665232360363
0 0.0125 276.98356837034225 203.59506332874298 325.83928567171097 226.79874622821808
0 0.0124 489.5081191062927 85.91122555732727 610.8046875 181.33089065551758
0 0.0118 190.86019563674927 586.1292979717255 239.83328104019165 609.2632348537445
0 0.0108 489.5081191062927 200.66122555732727 610.8046875 296.0808906555176
0 0.0108 267.26247096061707 366.27806854248047 316.4174723625183 389.24187183380127
0 0.0108 286.81134581565857 88.62918627262115 335.1685359477997 112.26141321659088
0 0.0105 234.58967185020447 113.59114730358124 272.39380073547363 144.71426796913147
0 0.0105 315.06205773353577 385.4151427745819 364.2409522533417 408.35516238212585
0 0.0103 324.5391991138458 586.2818856239319 373.8812963962555 609.1126899719238
0 0.0102 282.2692823410034 228.62261188030243 320.3280279636383 259.2076267004013
0 0.0101 275.67660570144653 433.9774124622345 327.0144531726837 455.4172360897064
0 0.0100 66.60544949769974 586.0814023017883 115.47030454874039 609.3102550506592
