0 0.1102 588.4536933898926 191.238899230957 638.7499809265137 213.8485336303711
0 0.0932 538.0997848510742 171.44798278808594 592.1475601196289 193.63750457763672
0 0.0758 608.7904357910156 220.6011962890625 638.75 244.42749023437497
0 0.0701 605.6226921081543 -54.450318813323975 638.7500190734863 -20.489370822906494
0 0.0694 588.4997367858887 151.20515823364258 638.7500190734863 173.88166427612305
0 0.0615 178.89747619628906 -109.0464973449707 231.4244842529297 -85.8655595779419
0 0.0580 528.3272171020508 141.30584716796875 581.942253112793 163.77964019775388
0 0.0536 118.21258544921875 -108.61958503723145 172.0451545715332 -86.2945556640625
0 0.0485 529.1846084594727 200.756721496582 581.1668014526367 224.3307113647461
0 0.0465 600.2474212646484 -80.09731292724608 638.75 -54.82724189758301
0 0.0462 609.0345001220703 250.43350219726562 638.75 274.59518432617193
0 0.0382 578.9309692382812 120.92792510986328 631.3950347900391 144.1595458984375
0 0.0351 589.9435615539551 -109.82325553894043 638.7499809265137 -85.09506702423096
0 0.0341 238.7871551513672 -118.97035598754884 291.5231704711914 -95.9412431716919
0 0.0332 319.3150329589844 30.66581249237061 371.0498046875 54.42146778106689
0 0.0321 57.75303840637207 -108.36040496826172 112.46542930603027 -86.55706882476805
0 0.0307 229.32453155517578 -89.33762550354004 281.0406494140625 -65.57467460632324
0 0.0295 609.2453193664551 460.28476715087896 638.7499809265137 484.7438430786132
0 0.0290 138.46406936645508 -78.77330780029297 191.81707382202148 -56.140069961547844
0 0.0287 609.819164276123 -20.210065841674805 638.7500190734863 5.228567123413088
0 0.0276 508.11859130859375 -85.4017424583435 592.6026153564453 -19.37378168106079
0 0.0273 608.9343070983887 280.50167083740234 638.7500190734863 304.52686309814453
0 0.0256 77.92346715927124 -78.45365047454835 132.30911493301392 -56.462340354919434
0 0.0254 0.0 177.3858642578125 638.75 516.25
0 0.0253 257.54512786865234 41.75485610961913 312.6554489135742 63.326358795166016
0 0.0250 519.3698501586914 110.61525344848631 571.0032272338867 134.47027206420898
0 0.0249 478.5176086425781 181.19967460632324 531.7671966552734 203.88798713684085
0 0.0247 0.0 -109.42193984985352 50.94510078430176 -85.4915952682495
0 0.0239 267.9384994506836 11.535959243774412 322.2957992553711 33.547868728637695
0 0.0235 0.0 -79.31325435638426 51.077842712402344 -55.599541664123535
0 0.0234 609.3003845214844 380.23929595947266 638.75 404.7883987426758
0 0.0233 309.3458557128906 60.62944412231446 361.0253143310547 84.45573806762695
0 0.0231 328.88092041015625 0.9654998779296882 381.439208984375 24.122581481933594
0 0.0229 0.0 -122.5 510.9122848510742 159.0149688720703
0 0.0222 519.8476409912109 -109.7442102432251 570.5782318115234 -85.17292976379395
0 0.0201 579.6121597290039 90.43933868408203 630.7866287231445 114.64542388916014
0 0.0200 0.0 -49.24675941467285 51.155147552490234 -25.665140151977536
0 0.0198 608.9550971984863 500.16664505004877 638.7499809265137 516.2499809265137
0 0.0195 369.49806213378906 40.532417297363274 420.88661193847656 64.55406188964844
0 0.0189 239.1931915283203 -59.24692153930664 291.1586380004883 -35.66531181335449
0 0.0183 609.2174530029297 350.30418395996094 638.75 374.7243499755859
0 0.0177 608.8441276550293 310.5649948120117 638.7500190734863 334.46376800537104
0 0.0166 247.37770080566406 71.84537887573242 302.8087615966797 93.23469161987303
0 0.0163 268.5151195526123 -18.803091049194336 321.7704486846924 3.89012336730957
0 0.0155 57.757930755615234 -38.3573055267334 112.45962142944336 -16.559267044067383
0 0.0154 117.25865840911865 21.903939247131348 172.9189920425415 43.17452907562256
0 0.0153 208.14268112182617 21.424026489257812 262.10824966430664 43.661842346191406
0 0.0153 608.8783073425293 410.53810119628906 638.7500190734863 434.4901275634766
0 0.0151 535.3820419311523 76.15644454956055 574.802131652832 108.95540237426758
0 0.0150 574.3924140930176 22.336826324462887 638.7499809265137 72.24702835083008
0 0.0149 0.0 -19.454641342163082 50.896034240722656 4.54176902770996
0 0.0145 194.91643905639648 -62.9090428352356 235.23244857788086 -31.895663738250736
0 0.0139 68.15467834472656 1.4189338684082027 122.0969009399414 23.667278289794922
0 0.0138 198.08368682861328 51.45845413208008 252.16201782226562 73.62710952758788
0 0.0135 484.7837829589844 147.32736587524414 525.3570556640625 177.88984298706055
0 0.0134 77.79312133789062 41.624755859375 132.42708206176758 63.45916748046874
0 0.0134 137.62714385986328 51.711692810058594 192.57999420166016 73.370361328125
0 0.0131 288.3672332763672 -78.7087297439575 341.90380096435547 -56.20421886444092
0 0.0128 208.48690032958984 -8.787345886230469 261.79637908935547 13.874053955078123
0 0.0124 469.4822692871094 -119.45568561553955 520.9005737304688 -95.45773506164551
0 0.0122 328.6482238769531 -28.884572982788082 381.64939880371094 -6.0277462005615225
0 0.0120 389.3858337402344 500.1112556457519 441.0900115966797 516.2499809265137
0 0.0119 298.3006191253662 -118.67145061492921 351.9649600982666 -96.2422013282776
0 0.0116 365.3028869628906 66.33750915527345 404.8735046386719 98.79009246826172
0 0.0113 118.03914546966553 -48.5188603401184 172.2033166885376 -26.396300792694092
0 0.0113 509.2277145385742 500.2433967590332 561.2283706665039 516.2499809265137
0 0.0111 480.7186508178711 -70.3508186340332 508.88797760009766 -24.565973281860348
0 0.0109 298.853759765625 90.97301483154295 351.4659118652344 114.11357879638672
0 0.0104 117.81526565551758 -18.394184112548828 172.4083137512207 3.47726821899414
0 0.0104 449.2820739746094 500.19927978515625 501.1805725097656 516.25
0 0.0103 0.0 10.484380722045898 50.8292293548584 34.601736068725586
0 0.0102 495.52722930908203 75.81462860107422 534.6715927124023 109.2679214477539
0 0.0100 389.43809509277344 10.57013511657715 440.9413146972656 34.51573371887207
0 0.0100 87.97266006469727 71.52412414550781 142.26289749145508 93.5610580444336
