0 0.1223 358.47179412841797 153.7265396118164 411.80904388427734 176.36077880859375
0 0.0837 369.07318115234375 183.33560943603513 421.2664031982422 206.7523193359375
0 0.0829 299.0354537963867 143.36673736572263 351.2990951538086 166.72199249267578
0 0.0706 278.77315521240234 113.5396385192871 331.53560638427734 136.54886245727536
0 0.0602 348.0140686035156 123.9955711364746 402.22618103027344 146.08911514282227
0 0.0568 309.61788177490234 172.944278717041 360.7796859741211 197.14170455932617
0 0.0550 378.8399887084961 213.48915100097653 431.4767837524414 236.59843444824216
0 0.0456 419.1386413574219 163.29265594482422 471.2071990966797 186.7954635620117
0 0.0442 268.2186985015869 83.88099670410155 322.03864097595215 106.20552062988281
0 0.0437 378.3127212524414 243.81820678710938 431.9546127319336 266.26777648925776
0 0.0376 408.87706756591797 133.46628189086914 461.4430618286133 156.62153244018555
0 0.0369 255.23441314697266 138.984317779541 294.9360656738281 171.1562156677246
0 0.0352 218.3941650390625 103.77454757690428 271.8794250488281 126.31254196166991
0 0.0309 319.807653427124 202.78705596923828 370.6136417388916 227.29610443115234
0 0.0305 328.01849365234375 93.99492263793945 382.2217559814453 116.09006881713866
0 0.0271 428.95809173583984 193.41245651245117 481.3700485229492 216.67539596557614
0 0.0265 378.2007598876953 273.88858795166016 432.0556640625 296.197395324707
0 0.0254 0.0 219.8858642578125 638.75 558.75
0 0.0250 334.6531295776367 230.04173278808594 375.4812240600586 260.19561767578125
0 0.0229 0.0 -79.99999999999999 510.9122848510742 201.51496887207028
0 0.0229 260.14020919799805 172.50450134277344 310.32297134399414 197.57369995117188
0 0.0228 207.9970932006836 74.00562286376953 262.2416305541992 96.07902526855467
0 0.0211 438.7565231323242 223.54554176330566 491.5517044067383 246.54227256774902
0 0.0207 318.1252670288086 263.9356231689453 372.1238327026367 286.1503601074218
0 0.0203 329.1032409667969 343.31718444824213 381.2389373779297 366.77101135253906
0 0.0194 257.9719352722168 54.02251243591308 312.2640037536621 76.06234550476074
0 0.0180 215.0391960144043 129.366455078125 255.11735916137695 160.80833435058594
0 0.0173 275.41175842285156 198.59386444091794 314.77474212646484 231.51256561279294
0 0.0169 389.32315826416016 343.16036224365234 441.04251861572266 366.9269180297851
0 0.0167 438.70738983154297 253.5781860351562 491.5958786010742 276.50970458984375
0 0.0165 468.18199157714844 323.8978958129883 522.0731353759766 346.1877059936523
0 0.0161 388.7097930908203 303.5779190063476 441.59339904785156 326.51012420654297
0 0.0160 317.76305198669434 64.13766384124754 372.45545387268066 85.94549655914305
0 0.0146 512.6921272277832 -80.0 638.7499809265137 -10.150761604309086
0 0.0145 235.47714233398438 198.44013214111328 274.71595764160156 231.6530990600586
0 0.0145 608.9884185791016 152.9656982421875 638.75 177.06302642822266
0 0.0143 438.5987091064453 283.64776611328125 491.69403076171875 306.43997192382807
0 0.0140 609.078369140625 292.9022216796875 638.75 317.1263885498047
0 0.0134 609.0177154541016 242.94605255126953 638.75 267.0827865600586
0 0.0134 8.77842903137207 33.53659629821777 61.53076171875 56.55198097229004
0 0.0130 609.0011787414551 182.95804977416992 638.7499809265137 207.07082748413083
0 0.0128 328.8438415527344 293.49277496337885 381.4720153808594 316.5957260131836
0 0.0125 269.40013885498047 343.1082153320312 320.9730529785156 366.9792175292968
0 0.0125 398.7272644042969 103.5610008239746 451.5788269042969 126.52627944946289
0 0.0123 599.3168830871582 213.16677093505857 638.7499809265137 236.92081451416013
0 0.0122 198.17623138427734 43.90045166015625 252.0785903930664 66.18501663208008
0 0.0121 589.4416618347168 363.0723571777344 638.7500190734863 387.01416015625
0 0.0121 518.8944244384766 343.4502792358398 571.4283752441406 366.6369247436523
0 0.0119 609.100513458252 322.886848449707 638.7499809265137 347.14176177978516
0 0.0118 279.163122177124 233.2651138305664 331.1875247955322 256.8214797973633
0 0.0116 511.90391540527344 49.841804504394524 638.75 149.6270751953125
0 0.0114 9.081425666809082 63.33336353302002 61.25825881958008 86.7550230026245
0 0.0110 609.2628288269043 402.7694702148437 638.7500190734863 427.2586822509765
0 0.0106 225.55967330932617 238.23135375976562 264.6429634094238 271.84417724609375
0 0.0105 0.0 122.86762237548827 40.70340633392334 147.21652984619138
0 0.0103 0.0 3.48322868347168 51.456565856933594 26.605463027954098
0 0.0102 575.4707145690918 524.7563171386718 638.7500190734863 558.75
0 0.0101 0.0 92.96236038208008 40.80749034881592 117.12316513061522
0 0.0101 274.86427307128906 259.6921920776367 315.2806091308594 290.51242828369135
