0 0.0665 375.53707122802734 85.21592140197754 434.5108413696289 104.84416007995605
0 0.0659 455.95603942871094 235.03223419189453 514.1218566894531 255.03284454345703
0 0.0614 110.72525024414062 50.098018646240234 331.5412902832031 149.2983055114746
0 0.0604 375.7756042480469 105.11430740356445 434.2887878417969 124.94897842407227
0 0.0593 396.8631362915039 224.61345672607422 453.2809829711914 245.4627227783203
0 0.0589 608.4916877746582 143.2913589477539 638.7499809265137 166.73593521118164
0 0.0588 378.55743408203125 266.175594329834 471.92115783691406 303.87399673461914
0 0.0575 496.57054901123047 254.75202560424805 553.5519790649414 275.3205680847168
0 0.0552 435.17723083496094 85.36789894104004 494.8455047607422 104.68775749206543
0 0.0539 336.20384216308594 154.92125988006592 393.89183044433594 175.1469087600708
0 0.0539 386.3420867919922 194.85980987548828 443.76319885253906 215.2103042602539
0 0.0537 336.3796615600586 174.84121322631836 393.72875213623047 195.22912979125977
0 0.0530 375.728759765625 65.1318907737732 434.3329620361328 84.9303650856018
0 0.0530 435.48561096191406 105.23898124694824 494.55841064453125 124.82064247131348
0 0.0517 318.15650939941406 293.9128112792969 372.09632873535156 316.1726760864258
0 0.0515 346.2213897705078 124.913330078125 403.8755798339844 145.15504837036133
0 0.0498 456.0404968261719 214.9924087524414 514.0439605712891 235.07335662841797
0 0.0482 337.3793029785156 214.35047149658203 392.8059387207031 235.7305145263672
0 0.0479 395.9398651123047 175.0419044494629 454.1362762451172 195.02336502075195
0 0.0476 608.4092712402344 173.34089279174805 638.75 196.68573379516602
0 0.0463 208.18824768066406 293.89549255371094 262.06714630126953 316.1903381347656
0 0.0462 405.8943176269531 125.06109237670898 464.17877197265625 145.00349044799805
0 0.0458 435.0106430053711 65.43464660644531 495.00118255615234 84.61859703063965
0 0.0453 277.99156188964844 154.01464939117432 332.24536895751953 176.07083797454834
0 0.0449 318.54331970214844 323.6784362792969 371.7450714111328 346.4085388183594
0 0.0448 395.8610153198242 155.07530212402344 454.2097854614258 174.98878479003906
0 0.0439 257.9209327697754 314.0498733520508 312.31096267700195 336.03443145751953
0 0.0439 516.4341354370117 234.81159210205078 573.679313659668 255.2587127685547
0 0.0439 318.33861351013184 263.79486083984375 371.93284034729004 286.2900924682617
0 0.0426 188.43589782714844 323.74996185302734 241.84131622314453 346.33739471435547
0 0.0425 445.8876037597656 195.0631332397461 504.1852569580078 215.001220703125
0 0.0424 608.4800720214844 113.29845428466797 638.75 136.72874450683594
0 0.0414 257.9852104187012 274.01390075683594 312.252140045166 296.0708999633789
0 0.0413 379.3395233154297 303.14910888671875 431.0277557373047 326.9382095336914
0 0.0401 297.5831985473633 194.24102783203125 352.61905670166016 215.84152221679688
0 0.0400 455.6888961791992 175.15047073364258 514.3696975708008 194.91147994995117
0 0.0387 198.92684936523438 263.432559967041 251.39835357666016 286.65517807006836
0 0.0385 533.062572479248 284.9141788482666 638.7500190734863 334.5640468597412
0 0.0382 405.5204391479492 45.22311210632324 464.52625274658203 64.83677864074707
0 0.0377 379.13883209228516 333.28556060791016 431.20853424072266 356.8015670776367
0 0.0369 318.5684108734131 353.6663818359375 371.7215061187744 376.42120361328125
0 0.0365 455.6039047241211 155.18611907958984 514.4489669799805 174.8746109008789
0 0.0362 496.13494873046875 84.95046615600586 553.9562225341797 105.11653900146484
0 0.0358 149.23948287963867 293.21922302246094 201.11745834350586 316.86824798583984
0 0.0357 506.0980987548828 194.96883392333984 563.9899444580078 215.0979995727539
0 0.0355 438.9775085449219 343.39710235595703 491.3530731201172 366.6904067993164
0 0.0350 426.54258728027344 4.75438117980957 483.5803985595703 25.316181182861328
0 0.0346 516.3285827636719 214.86223220825195 573.7767028808594 235.2071189880371
0 0.0339 268.37459564208984 243.7831687927246 321.89788818359375 266.3033866882324
0 0.0338 258.022403717041 343.9914321899414 312.21845626831055 366.0934066772461
0 0.0333 415.7432174682617 25.12436866760254 474.3198776245117 44.93785381317139
0 0.0332 588.1242179870605 263.93104553222656 638.7500190734863 286.1541748046875
0 0.0330 465.7532501220703 125.12026786804199 524.3104553222656 144.9421215057373
0 0.0327 137.7426528930664 159.26664352416992 283.9836120605469 220.66011428833008
0 0.0324 346.42162322998047 44.818220138549805 403.69068145751953 65.2520751953125
0 0.0323 267.9701328277588 374.01893615722656 322.2666835784912 396.0652160644531
0 0.0323 496.4102554321289 104.82254028320312 553.7014389038086 125.2474594116211
0 0.0320 199.2772674560547 233.19326400756836 251.08348846435547 256.8942070007324
0 0.0318 608.2609558105469 203.43072891235352 638.75 226.59490585327148
0 0.0303 478.4592819213867 283.73809814453125 531.8195724487305 306.34971618652344
0 0.0302 128.90413284301758 323.4458923339844 181.41918182373047 346.64161682128906
0 0.0296 498.9839553833008 353.3993911743164 551.3458633422852 376.6890335083008
0 0.0296 198.24769973754883 353.86131286621094 252.01284408569336 376.2249755859375
0 0.0296 429.33990478515625 313.1419372558594 481.0289001464844 336.9444274902344
0 0.0294 495.92029571533203 65.04640579223633 554.1554641723633 85.0179672241211
0 0.0289 139.63253021240234 262.925968170166 190.76812744140625 287.1589469909668
0 0.0287 516.2400054931641 174.89994049072266 573.8594818115234 195.16788482666016
0 0.0286 608.3625602722168 83.3710765838623 638.7500190734863 106.65547370910645
0 0.0283 589.0326690673828 333.3625793457031 638.75 356.7253112792969
0 0.0277 378.66756439208984 363.6005401611328 431.6324996948242 386.48681640625
0 0.0274 323.7285614013672 91.43516540527344 366.36322021484375 118.9401626586914
0 0.0271 465.4729461669922 45.23961067199707 524.5713806152344 64.8190689086914
0 0.0268 328.50101470947266 383.70800018310547 381.78272247314453 406.37935638427734
0 0.0266 587.7642059326172 234.1338348388672 638.75 255.9488296508789
0 0.0265 367.1044921875 4.4837188720703125 423.06068420410156 25.593438148498535
0 0.0260 287.86964416503906 24.082775115966797 342.3569107055664 46.00177764892578
0 0.0241 574.3924140930176 364.83680725097656 638.7499809265137 414.74700927734375
0 0.0241 229.8198699951172 12.782635688781738 280.60176849365234 37.30112552642822
0 0.0240 138.3810043334961 353.7784957885742 191.89224243164062 376.30794525146484
0 0.0229 0.0 357.0248603820801 510.9126281738281 638.7499809265137
0 0.0228 208.08258056640625 383.9585494995117 262.16312408447266 406.1268997192383
0 0.0228 277.91099548339844 404.052734375 332.3206329345703 426.03111267089844
0 0.0225 155.20972728729248 229.03203964233398 194.95911121368408 261.1127281188965
0 0.0224 449.30919647216797 373.16654205322266 501.05579376220703 396.92028045654297
0 0.0218 516.5050888061523 154.77470874786377 573.6144638061523 175.2958631515503
0 0.0214 512.8874015808105 569.6266937255859 638.7500190734863 638.75
0 0.0195 476.0021209716797 25.00828742980957 534.0798950195312 45.05681037902832
0 0.0189 486.8197250366211 4.6212053298950195 543.3242416381836 25.45240879058838
0 0.0185 574.3924140930176 424.83680725097656 638.7499809265137 474.74700927734375
0 0.0180 509.11998748779297 383.3069610595703 561.2236404418945 406.78138732910156
0 0.0180 494.9208450317383 319.5888423919678 535.2276992797852 350.6062412261963
0 0.0179 527.2245025634766 124.4210433959961 582.9505157470703 145.65704345703125
0 0.0172 338.2087707519531 413.88187408447266 392.0487976074219 436.2038803100586
0 0.0170 69.77475881576538 612.7970504760742 120.6459641456604 637.2842788696289
0 0.0166 105.13131141662598 289.1844844818115 145.03212928771973 320.9739017486572
0 0.0166 115.40596961975098 228.60898971557617 154.77978706359863 261.4987373352051
0 0.0162 608.2278251647949 53.450965881347656 638.7500190734863 76.57448768615723
0 0.0158 574.3924140930176 484.83680725097656 638.7499809265137 534.7470092773438
0 0.0157 180.25579452514648 22.39062786102295 230.22470474243164 47.68407344818115
0 0.0152 388.57215881347656 393.6607360839844 441.7188262939453 416.4263916015625
0 0.0144 148.1300163269043 383.93077850341797 202.11992263793945 406.15489959716797
0 0.0144 367.82825469970703 454.10106658935547 422.3958969116211 475.9824752807617
0 0.0141 459.7069549560547 612.8521728515625 510.70556640625 637.2299957275391
0 0.0141 119.7477912902832 612.8213882446289 170.66917419433594 637.2605514526367
0 0.0135 90.21064758300781 262.4337959289551 140.26338577270508 287.6420783996582
0 0.0134 459.4892120361328 403.03234100341797 510.8958435058594 427.05326080322266
0 0.0131 19.714698791503906 612.8470993041992 70.69849967956543 637.2351455688477
0 0.0131 608.227367401123 13.450050354003906 638.7500190734863 36.57523155212402
0 0.0131 287.6546859741211 434.1946792602539 342.55523681640625 455.8872604370117
0 0.0129 218.3484649658203 413.80279541015625 271.92081451416016 436.2841796875
0 0.0125 458.83731842041016 453.4859848022461 511.4802932739258 476.60091400146484
0 0.0125 79.23297882080078 573.2244110107422 131.12316131591797 596.8631744384766
0 0.0123 526.5815734863281 44.74079608917236 583.5431671142578 65.33097743988037
0 0.0122 378.0406188964844 483.98284912109375 432.2013854980469 506.1023712158203
0 0.0119 179.56998825073242 612.9655075073242 230.82529067993164 637.1187210083008
0 0.0119 78.65250587463379 343.6113739013672 131.64586067199707 366.47613525390625
0 0.0116 398.3047866821289 423.82274627685547 451.9618606567383 446.2631607055664
0 0.0114 399.2219924926758 622.7482604980469 451.2333297729492 638.75
0 0.0114 307.5291919708252 464.2655944824219 362.66955375671387 485.81581115722656
0 0.0114 609.0090751647949 542.9516220092773 638.7500190734863 567.0771408081055
0 0.0114 475.13011932373047 569.1866683959961 515.0332260131836 600.9719467163086
0 0.0111 509.27799224853516 413.1930923461914 561.0828018188477 436.89441680908203
0 0.0110 28.118572235107422 197.09827423095703 112.60263442993164 263.126220703125
0 0.0110 564.2213821411133 90.73424339294434 605.8906936645508 119.57009315490723
0 0.0110 53.06253433227539 4.9141693115234375 168.19150924682617 54.56404685974121
0 0.0106 110.74066162109375 182.3464584350586 138.86178970336914 227.783203125
0 0.0104 58.57370615005493 63.658857345581055 111.7176604270935 86.42813682556152
0 0.0103 458.87744903564453 483.4628677368164 511.44336700439453 506.6244888305664
0 0.0100 339.1858673095703 622.7768135070801 391.2651824951172 638.7499809265137
