0 0.0660 16.836156845092773 -2.374298095703119 73.30613136291504 18.450038909912116
0 0.0521 346.905517578125 17.584655761718757 403.24378967285156 38.49072265625001
0 0.0435 357.0553970336914 -12.48789978027343 413.1050491333008 8.565128326416023
0 0.0427 316.4858150482178 37.78848934173585 373.6312198638916 58.28257846832276
0 0.0414 36.2479305267334 -22.100555419921864 93.85136604309082 -1.8310279846191344
0 0.0390 387.24971771240234 37.40563201904297 442.92789459228516 58.672321319580085
0 0.0385 608.3090400695801 196.40118408203125 638.7499809265137 219.6246795654297
0 0.0369 286.4659023284912 17.79972839355469 343.64922523498535 38.27141571044922
0 0.0365 17.799453735351562 27.12426948547364 72.42058753967285 48.96013069152832
0 0.0340 346.80328369140625 57.64000701904296 403.3368682861328 78.43510437011719
0 0.0326 247.55939483642578 37.25330638885498 302.6409912109375 58.82897663116456
0 0.0323 0.0 -43.12684965133666 52.02877998352051 -20.786785602569573
0 0.0321 339.48963165283203 146.03117752075195 390.8956527709961 170.0543098449707
0 0.0321 287.1182632446289 57.4853401184082 343.0459976196289 78.59328079223633
0 0.0307 408.1644058227539 6.9085865020752015 462.08911895751953 29.17699623107911
0 0.0298 77.01010704040527 -2.4640197753906175 133.14654350280762 18.540981292724616
0 0.0273 296.65629386901855 -12.292139053344718 353.473482131958 8.365171432495123
0 0.0265 598.4966850280762 166.7076187133789 638.7500190734863 189.37924194335938
0 0.0258 326.55540466308594 -32.241281986236565 383.56605529785156 -11.68637228012084
0 0.0254 0.0 192.88586425781247 638.75 531.75
0 0.0254 188.80199432373047 36.52027893066406 241.50970458984375 59.56818389892578
0 0.0251 608.1570434570312 226.4917449951172 638.75 249.53305053710935
0 0.0248 387.10933685302734 77.48368072509766 443.0556869506836 98.59391021728516
0 0.0229 0.0 -107.00000000000001 510.9122848510742 174.5149688720703
0 0.0226 228.3390998840332 66.80914688110352 281.92914962768555 89.27790451049806
0 0.0226 349.67281341552734 175.8860855102539 400.73429107666016 200.19734191894528
0 0.0224 338.5073471069336 116.70302200317384 391.7771530151367 139.38418197631836
0 0.0212 227.65220642089844 7.201116561889656 282.5563430786133 28.88158607482911
0 0.0203 427.5728225708008 57.24127578735351 482.6297378540039 78.84035873413086
0 0.0199 417.72125244140625 -22.835723876953118 472.49290466308594 -1.0809059143066335
0 0.0197 327.8351593017578 87.10223007202148 382.3883819580078 108.98211288452147
0 0.0179 77.4252986907959 27.32242393493653 132.7645778656006 48.75837135314942
0 0.0176 167.97916412353516 7.017944335937509 222.25749969482422 29.066894531250004
0 0.0175 168.2719612121582 66.83554458618164 221.9932746887207 89.2491798400879
0 0.0167 278.27378273010254 146.84620666503903 331.9889736175537 169.24027252197266
0 0.0163 56.23903036117554 -42.094556808471665 113.85915994644165 -21.836826324462884
0 0.0162 268.48557472229004 96.71824264526369 321.7964839935303 119.36915206909181
0 0.0161 598.3949279785156 -43.22891426086425 638.75 -20.68441581726074
0 0.0159 0.0 -73.80447101593018 41.0833215713501 -50.107771873474114
0 0.0148 598.5164642333984 16.700160980224616 638.75 39.38748168945313
0 0.0146 458.0637741088867 26.964109420776374 512.181510925293 49.12046241760254
0 0.0145 9.050750732421875 56.35552215576172 61.28554821014404 79.7330551147461
0 0.0145 608.494701385498 -13.710948944091788 638.7500190734863 9.738185882568366
0 0.0144 398.2879638671875 106.84178161621092 451.9752502441406 129.24534606933594
0 0.0140 389.71141815185547 135.86909103393555 440.6974411010742 160.21578598022464
0 0.0140 106.7304277420044 -22.325937271118153 163.40449810028076 -1.5999240875244067
0 0.0138 608.9438629150391 515.6750946044922 638.75 531.75
0 0.0138 178.02907943725586 96.98235321044922 232.2135353088379 119.10176086425783
0 0.0135 266.879301071167 -32.39727210998534 323.26672554016113 -11.526815414428702
0 0.0135 346.2023162841797 -52.07823944091796 403.8932800292969 -31.853649139404293
0 0.0135 598.6868286132812 -93.41073226928708 638.75 -70.50172996520995
0 0.0134 288.8015079498291 176.51251602172852 341.51190757751465 199.57480239868164
0 0.0127 468.3259582519531 -3.1852550506591717 521.9416046142578 19.271924972534183
0 0.0127 349.1477584838867 206.28205108642578 401.19991302490234 229.80545806884766
0 0.0125 447.4971389770508 87.28176879882812 502.6992416381836 108.79925537109375
0 0.0123 608.7178802490234 136.14685821533203 638.75 159.88137054443362
0 0.0119 608.7336730957031 46.13798904418946 638.75 69.89046859741211
0 0.0118 0.0 -103.93193912506102 40.92426300048828 -79.98086166381833
0 0.0116 238.4918975830078 196.71594429016113 291.7904281616211 219.37164115905762
0 0.0116 228.32441329956055 166.8175392150879 281.9426155090332 189.26939773559567
0 0.0115 547.9722213745117 207.02180671691895 602.2639083862305 229.06295585632324
0 0.0115 487.91038513183594 57.052257537841804 542.3213958740234 79.03143692016602
0 0.0113 207.55828857421875 -22.74913024902343 262.6426696777344 -1.169063568115228
0 0.0109 609.5333099365234 485.55931854248036 638.75 510.4667739868163
0 0.0103 608.1047821044922 256.5222625732422 638.75 279.5020751953125
0 0.0102 518.3586120605469 -23.205606460571282 571.9120788574219 -0.7076854705810467
