0 0.1526 515.2865982055664 225.32050132751465 574.7442245483398 244.73626136779782
0 0.1289 515.7329177856445 245.130615234375 574.3290328979492 264.93179321289057
0 0.1017 515.2304077148438 205.34158706665036 574.7970581054688 224.7140312194824
0 0.0782 516.2757110595703 264.88765716552734 573.8253784179688 285.18123626708984
0 0.0625 577.9964828491211 234.002456665039 632.2430038452148 256.08169555664057
0 0.0537 578.4601974487305 263.7301254272461 631.8203353881836 286.35662078857416
0 0.0495 515.5076599121094 185.22573471069336 574.5388793945312 204.83354568481445
0 0.0437 455.5134582519531 225.2261734008789 514.5327758789062 244.8336410522461
0 0.0397 455.72662353515625 245.13545989990232 514.3343353271484 264.9271774291992
0 0.0396 568.6973190307617 293.5833740234375 621.6051864624023 316.50428771972656
0 0.0381 455.7045364379883 205.14057159423828 514.3559646606445 224.92107391357422
0 0.0377 496.8461608886719 284.6191787719726 553.2972717285156 305.45642852783203
0 0.0323 577.7360534667969 204.1464614868164 632.4815368652344 225.93555450439453
0 0.0322 456.2508773803711 264.9026107788086 513.847541809082 285.16658782958984
0 0.0260 456.31561279296875 184.86474990844727 513.7895202636719 205.20387649536133
0 0.0254 0.0 219.8858642578125 638.75 558.75
0 0.0252 515.5887603759766 165.19231796264646 574.4631195068359 184.86818313598633
0 0.0239 578.9299392700195 323.43212127685547 631.3952255249023 346.65584564208984
0 0.0229 0.0 -79.99999999999999 510.9122848510742 201.51496887207028
0 0.0200 396.6717529296875 204.70352172851562 453.4584045410156 225.3701400756836
0 0.0198 518.1300354003906 313.9296340942383 572.1202087402344 336.15589141845703
0 0.0196 598.412914276123 143.75892639160153 638.7500190734863 166.32762908935547
0 0.0195 488.47259521484375 343.7268447875976 541.8081665039062 366.36058807373047
0 0.0164 396.6000747680664 234.73750114440918 453.52474212646484 255.33535957336423
0 0.0161 577.6433181762695 174.1970062255859 632.5665664672852 195.88428497314453
0 0.0157 549.0966033935547 353.3205032348633 601.2451934814453 376.7675399780273
0 0.0154 598.6942863464355 113.58444213867186 638.7500190734863 136.50310516357422
0 0.0150 536.1821746826172 144.92336273193357 593.9138031005859 165.14328002929688
0 0.0149 139.37535762786865 153.12501907348633 190.99539279937744 176.96237564086914
0 0.0146 499.12109375 373.30505371093744 551.2229156494141 396.78314208984375
0 0.0145 436.76002502441406 164.65541839599607 493.3782196044922 185.4183578491211
0 0.0132 512.6921272277832 -80.0 638.7499809265137 -10.150761604309086
0 0.0128 427.32391357421875 284.37847137451166 482.8570556640625 305.70186614990234
0 0.0125 608.9541435241699 542.6669311523438 638.7500190734863 558.75
0 0.0124 608.8783073425293 83.04037094116211 638.7500190734863 106.98820114135742
0 0.0118 427.8691864013672 344.0798187255859 482.35809326171875 366.00425720214844
0 0.0114 608.946704864502 352.9962921142578 638.7499809265137 377.0326995849609
0 0.0109 608.9364624023438 53.00180435180663 638.75 77.02695846557616
0 0.0108 129.08159255981445 123.33221435546874 181.2583351135254 146.75601959228516
0 0.0107 377.60486602783203 174.22313690185547 432.60059356689453 195.85865020751953
0 0.0104 608.9199638366699 23.012733459472653 638.7500190734863 47.01597213745117
0 0.0100 458.07289123535156 313.96423339843744 512.1719360351562 336.1212158203125
