0 0.0315 497.3846435546875 254.34465408325195 552.8017425537109 275.73591232299805
0 0.0294 586.4400482177734 104.80338096618652 638.75 125.26614189147949
0 0.0283 496.7709732055664 224.65551376342773 553.366813659668 245.41921615600586
0 0.0282 588.8847541809082 233.45626831054688 638.7499809265137 256.630859375
0 0.0279 588.0466461181641 193.97247314453125 638.75 216.1117935180664
0 0.0272 589.2357063293457 263.21489334106445 638.7499809265137 286.8716239929199
0 0.0265 406.52992248535156 214.77128982543945 463.5895538330078 235.30084609985352
0 0.0264 406.1455535888672 124.95208740234375 463.9447784423828 145.11606216430664
0 0.0254 0.0 299.8858642578125 638.75 638.75
0 0.0253 597.1043586730957 74.47480201721191 638.7499809265137 95.60097694396973
0 0.0249 587.5246429443359 164.26023483276367 638.75 185.81998825073242
0 0.0246 589.2765617370605 293.1865882873535 638.7500190734863 316.8998908996582
0 0.0243 506.1574172973633 204.94333267211914 563.9346694946289 225.12441635131836
0 0.0239 396.03206634521484 105.0014591217041 454.0504837036133 125.06505012512207
0 0.0238 597.5939750671387 134.22527313232422 638.7500190734863 155.85586547851562
0 0.0231 495.03055572509766 115.42769432067871 554.9822616577148 134.62599754333496
0 0.0229 0.0 0.0 510.9122848510742 281.5149688720703
0 0.0227 608.1521415710449 13.493869304656982 638.7500190734863 36.530749797821045
0 0.0227 396.4048767089844 194.82393264770508 453.7067413330078 215.2458381652832
0 0.0226 347.07324981689453 124.50403213500977 403.08841705322266 145.5735206604004
0 0.0224 437.73746490478516 244.15765762329102 492.47753143310547 265.92615127563477
0 0.0220 416.6849899291992 144.7001314163208 473.44547271728516 165.37414073944092
0 0.0211 495.89744567871094 185.05815505981445 554.1762542724609 205.00619888305664
0 0.0211 485.5213928222656 135.22466659545898 544.5249176025391 154.8355484008789
0 0.0206 508.39710235595703 283.77416610717773 561.8764114379883 306.3131523132324
0 0.0205 367.36358642578125 234.3568229675293 422.82081604003906 255.7237434387207
0 0.0204 575.4707145690918 604.7563171386719 638.7500190734863 638.75
0 0.0203 514.924201965332 95.46867370605469 575.0819778442383 114.58328247070312
0 0.0198 597.4050712585449 44.32053089141846 638.7500190734863 65.75818538665771
0 0.0197 337.0751953125 154.50088500976562 393.087158203125 175.57636260986328
0 0.0195 337.1631622314453 94.45880889892578 393.0055236816406 115.61965942382812
0 0.0192 609.057445526123 322.91786193847656 638.7500190734863 347.11090087890625
0 0.0184 448.5197448730469 273.6999320983887 501.76490783691406 296.3879585266113
0 0.0183 486.06189727783203 154.98733043670654 544.0230178833008 175.0794267654419
0 0.0182 336.70780181884766 184.68259811401367 393.42594146728516 205.39091110229492
0 0.0180 426.83895111083984 174.61898803710938 483.3047866821289 195.4559326171875
0 0.0179 388.50677490234375 263.7045669555664 441.7774200439453 286.3827896118164
0 0.0177 396.04503631591797 84.99439239501953 454.03881072998047 105.07207870483398
0 0.0176 27.911434173583984 14.056775569915771 82.31928825378418 36.02768659591675
0 0.0172 346.9911193847656 64.54563856124878 403.1639862060547 85.53115129470825
0 0.0170 327.0307922363281 214.5284652709961 383.1268310546875 235.54912567138672
0 0.0167 38.196563720703125 43.88957977294922 92.05981254577637 66.1961555480957
0 0.0163 609.0323066711426 352.93590545654297 638.7499809265137 377.09293365478516
0 0.0163 327.4223327636719 24.321374893188477 382.7678680419922 45.75900077819824
0 0.0160 47.903804779052734 84.05506134033203 102.32762336730957 106.02846145629883
0 0.0158 455.10425567626953 95.39603233337402 514.9139785766602 114.65836524963379
0 0.0158 317.9620361328125 254.029541015625 372.27272033691406 276.0554504394531
0 0.0152 57.73999214172363 114.15094375610352 112.47641563415527 135.93210220336914
0 0.0152 367.26280212402344 4.402809143066406 422.9149627685547 25.675857067108154
0 0.0151 515.0638580322266 75.41106462478638 574.9520111083984 94.64255094528198
0 0.0146 609.1269683837891 382.86895751953125 638.75 407.15972900390625
0 0.0146 358.37371826171875 293.78332138061523 411.8988037109375 316.3031578063965
0 0.0145 376.4366149902344 44.8146390914917 433.6759948730469 65.25636196136475
0 0.0145 609.1602897644043 462.84435272216797 638.7500190734863 487.1841812133789
0 0.0145 49.08353805541992 613.3246612548828 101.25790596008301 636.7626953125
0 0.0142 287.4800109863281 114.29119110107422 342.71484375 135.78973770141602
0 0.0140 519.2629623413086 622.7145385742188 571.197395324707 638.75
0 0.0140 609.1959953308105 432.81837463378906 638.7500190734863 457.2100067138672
0 0.0138 46.99223518371582 174.54229354858398 103.16362380981445 195.53407669067383
0 0.0137 277.87601470947266 194.0760040283203 332.3518371582031 216.00811004638672
0 0.0135 87.36640930175781 144.3509864807129 142.8192138671875 165.72893142700195
0 0.0135 609.167308807373 492.83935546875 638.7500190734863 517.1891784667969
0 0.0134 429.208984375 622.7584648132324 481.24481201171875 638.7500190734863
0 0.0133 408.9255905151367 553.4326553344727 461.39965057373047 576.6550064086914
0 0.0133 608.9301872253418 543.0045318603516 638.7500190734863 567.0240020751953
0 0.0133 405.9412384033203 65.04043817520142 464.1352081298828 85.02471685409546
0 0.0132 287.4346923828125 44.31520462036133 342.75646209716797 65.76533317565918
0 0.0129 109.31138515472412 613.1614303588867 161.05455875396729 636.9248580932617
0 0.0126 268.46893310546875 273.7287712097168 321.81156158447266 296.358585357666
0 0.0125 458.76983642578125 303.5364627838135 511.5397644042969 326.5512752532959
0 0.0123 268.0665111541748 223.9664077758789 322.1781635284424 246.11873626708984
0 0.0123 0.0 38.70620846748352 34.820663928985596 71.40995860099792
0 0.0122 396.2413787841797 24.903210401535034 453.8572692871094 45.165244340896606
0 0.0122 369.13978576660156 622.8130340576172 421.30592346191406 638.75
0 0.0121 287.3891067504883 74.33948516845703 342.7982711791992 95.7406997680664
0 0.0121 199.4679832458496 613.0424880981445 250.91588973999023 637.0424270629883
0 0.0119 588.9813423156738 573.3980941772461 638.7499809265137 596.6899490356445
0 0.0118 56.943044662475586 204.56836700439453 113.20860862731934 225.5077362060547
0 0.0117 519.0325546264648 313.36326599121094 571.3029098510742 336.7247009277344
0 0.0117 277.56468772888184 164.2467498779297 332.6369571685791 185.83499908447266
0 0.0116 546.7914962768555 4.636983871459961 603.3498764038086 25.4366397857666
0 0.0116 358.38428497314453 323.7800598144531 411.88846588134766 346.3069152832031
0 0.0115 515.3392791748047 55.296592712402344 574.6955871582031 74.76049423217773
0 0.0114 27.875022888183594 144.0756607055664 82.35293388366699 166.00831985473633
0 0.0114 117.68495559692383 114.17935371398926 172.52723693847656 135.9030055999756
0 0.0112 509.45899963378906 553.0584335327148 560.9219360351562 577.0278549194336
0 0.0112 259.5548439025879 612.9743957519531 310.8392906188965 637.1096038818359
0 0.0110 247.09636688232422 134.49090957641602 303.0674362182617 155.58664321899414
0 0.0110 348.3467102050781 553.8034057617188 401.9224548339844 576.2834930419922
0 0.0110 426.5237808227539 4.765119552612305 483.59737396240234 25.30552387237549
0 0.0108 47.91412115097046 574.051628112793 102.31765985488892 596.0322952270508
0 0.0108 98.39824676513672 63.76961708068848 151.87623977661133 86.31714820861816
0 0.0108 88.36915969848633 3.787860870361328 141.90252304077148 26.29887104034424
0 0.0107 459.2532730102539 573.2096481323242 511.1050796508789 596.8777847290039
0 0.0107 107.41623401641846 174.3250846862793 162.7733564376831 195.75532913208008
0 0.0106 486.5822982788086 4.736983776092529 543.5433578491211 25.334250926971436
0 0.0106 268.7361812591553 303.55963706970215 321.56983375549316 326.52825355529785
0 0.0103 247.10882186889648 94.48383331298828 303.0561637878418 115.59371948242188
0 0.0103 490.69690704345703 612.5339508056641 518.9175796508789 638.75
0 0.0102 0.0 78.77346277236938 34.84835386276245 111.34856939315796
0 0.0100 187.27497100830078 134.40070152282715 242.90279388427734 155.67872047424316
