0 0.2619 227.2379919886589 -11.5154024362564 296.609528362751 23.019379734992985
0 0.1858 396.03498578071594 36.76152861118317 440.020352602005 53.10997998714447
0 0.1759 296.8456745147705 -3.796466827392569 336.31056547164917 15.54753518104554
0 0.1666 334.469199180603 12.827670931816108 376.66237354278564 30.177107810974125
0 0.1459 186.3374412059784 -2.985754251480093 227.94800996780396 14.741173744201667
0 0.1361 396.52156829833984 59.949121236801155 439.5725727081299 76.80200672149658
0 0.1325 349.61453080177307 36.53374946117402 392.72579550743103 53.342885136604316
0 0.1316 379.922091960907 21.37072271108628 424.8461723327637 37.24560028314591
0 0.1234 202.06674933433533 22.297478079795845 274.87507462501526 51.92082262039185
0 0.1224 288.06373476982117 -26.52072274684905 329.3609917163849 -8.597620964050282
0 0.1132 289.23672437667847 19.44997793436051 328.3234238624573 39.170934617519386
0 0.1078 194.07214224338531 -26.37332046031951 235.830619931221 -8.746230244636525
0 0.1018 241.46372079849243 -34.51885582506655 282.23901987075806 -16.2249051183462
0 0.0923 341.7357802391052 -10.305867731571189 384.97406244277954 6.431965887546548
0 0.0690 349.15316104888916 153.95554786920547 393.1509256362915 170.2913779616356
0 0.0650 349.8375117778778 59.84825527668 392.5218880176544 76.90483963489532
0 0.0557 304.1043281555176 43.50829756259918 344.6129560470581 61.997658371925354
0 0.0526 154.6843945980072 20.692935943603523 197.06439971923828 37.93576991558076
0 0.0488 380.4905414581299 169.53741645812985 424.3202805519104 185.9604630470276
0 0.0468 318.3526396751404 138.09566831588745 361.4882826805115 154.90480399131772
0 0.0431 147.05994725227356 -18.477783739566792 189.08020853996277 -1.0172885060310277
0 0.0370 333.4372043609619 -33.498632922768586 377.60961055755615 -17.255216106772416
0 0.0369 225.53104907274246 51.617509484291084 266.8921872973442 69.51299941539764
0 0.0369 233.63837599754333 107.78833067417145 305.7936728000641 138.26469218730927
0 0.0364 404.13087606430054 5.364394545555123 447.5727081298828 22.009319424629215
0 0.0354 194.1457837820053 90.77041482925415 235.76350510120392 108.485511302948
0 0.0354 162.63891756534576 44.049314022064216 204.74712550640106 61.455390214920044
0 0.0341 201.57760381698608 -49.6289592385292 243.92256140708923 -32.36707413196562
0 0.0339 372.2243010997772 138.50697016716003 416.92695021629333 154.48599195480347
0 0.0335 303.96878719329834 67.04199945926668 344.7340726852417 85.33949291706085
0 0.0307 269.58853006362915 48.263869047164924 300.84842443466187 72.93032741546631
0 0.0295 342.16779470443726 83.2046035528183 384.579062461853 100.42432582378387
0 0.0286 311.29199266433716 114.23044538497925 352.9890775680542 131.8999145030975
0 0.0279 272.5900709629059 137.44104540348053 313.5998547077179 155.56547677516937
0 0.0268 396.7139720916748 83.27913916110992 439.39685821533203 100.34809148311615
0 0.0263 279.26161885261536 -49.38414061069488 322.4508464336395 -32.61485809087752
0 0.0258 154.74539995193481 75.34373438358307 197.00908660888672 92.66010558605194
0 0.0254 296.0810661315918 90.52719807624817 336.9898796081543 108.72887706756592
0 0.0254 0.0 150.28583145141602 499.0234375 415.0234375
0 0.0253 154.7928750514984 -41.869220525026314 196.96533679962158 -24.501365810632695
0 0.0239 233.73395204544067 74.79674255847931 274.3527889251709 93.20903456211089
0 0.0229 318.43438744544983 169.30772995948792 361.4119589328766 186.19432187080383
0 0.0192 357.22285509109497 114.76310229301451 400.7265567779541 131.3613269329071
0 0.0185 234.29739475250244 144.67660224437714 273.8538384437561 163.94946610927582
0 0.0176 183.0848753452301 -83.99999999999997 270.99162340164185 -56.85608202219008
0 0.0175 388.4042501449585 -18.01859700679778 432.0406913757324 -1.4832999706268222
0 0.0174 272.6386785507202 160.84586715698242 313.5561943054199 179.0355954170227
0 0.0166 195.02811133861542 113.60030508041382 234.97189581394196 132.52907133102414
0 0.0161 411.78202629089355 153.88771033287048 455.532968044281 170.35996055603027
0 0.0160 195.1102912425995 144.77834737300873 234.9008321762085 163.849240899086
0 0.0129 203.78173887729645 51.52449643611909 225.58127343654633 85.50003802776337
0 0.0127 234.21341180801392 168.19020247459412 273.9260792732239 187.31286263465884
0 0.0125 147.50683307647705 98.43378400802612 188.67480754852295 116.44776797294617
0 0.0122 475.75676441192627 402.4500164985656 499.0234375 415.0234375
0 0.0120 116.37556925415993 4.605321943759928 157.31781348586082 22.77625983953477
0 0.0120 128.65348160266876 41.01239776611328 160.51389276981354 64.60859513282776
0 0.0118 155.72106838226318 152.84176802635193 196.12756371498108 171.41359186172483
0 0.0112 375.63611567020416 -84.0 499.0234225988388 -18.54915285110473
0 0.0108 195.22196054458618 168.1296441555023 234.80167984962463 187.37222886085507
0 0.0102 155.98098933696747 129.2041752338409 195.8976835012436 148.17380046844482
0 0.0100 0.0 -83.99999999999997 119.37109380960464 91.89882016181946
