0 0.1217 585.2494049072266 295.3305053710937 638.75 314.72480773925776
0 0.1047 596.2540435791016 314.8872375488281 638.75 335.17974853515625
0 0.0890 585.293140411377 275.3108596801757 638.7499809265137 294.74483489990234
0 0.0621 596.0740661621094 254.96608734130857 638.75 275.09830474853516
0 0.0558 486.9512939453125 244.56520080566403 543.2007598876953 265.51116943359375
0 0.0537 586.4016723632812 334.8281478881836 638.75 355.24204254150385
0 0.0514 517.5408172607422 -75.74192523956299 572.6592254638672 -54.17674541473388
0 0.0476 505.9993362426758 265.01434326171875 564.0813064575195 285.0514984130859
0 0.0448 525.2468490600586 295.33878326416016 584.7807693481445 314.7177505493164
0 0.0446 585.6484222412109 235.1604175567627 638.75 254.89977836608887
0 0.0405 448.01246643066406 223.99678230285645 502.22755432128906 246.0879039764404
0 0.0401 535.4948425292969 315.2366256713867 594.5494079589844 334.82334136962885
0 0.0397 516.2187957763672 224.91458892822266 573.8779449462891 245.15377044677737
0 0.0383 588.2151031494141 -66.12571716308594 638.75 -43.78909111022949
0 0.0378 467.2915267944336 284.39540863037104 522.8867721557617 305.68470001220703
0 0.0310 586.2013244628906 214.91241455078125 638.75 235.15411376953122
0 0.0301 428.15860748291016 253.9167022705078 482.0933151245117 276.1695098876953
0 0.0292 477.14351654052734 314.47418212890625 533.022346496582 335.6049346923828
0 0.0270 458.5560607910156 -76.32323026657104 511.732177734375 -53.5888409614563
0 0.0254 0.0 219.8858642578125 638.75 558.75
0 0.0249 458.5971450805664 193.64315032958984 511.69666290283203 216.4437484741211
0 0.0239 538.112907409668 -46.05885505676269 592.1354293823242 -23.85547637939453
0 0.0229 0.0 -79.99999999999999 510.9122848510742 201.51496887207028
0 0.0228 526.5192031860352 204.770393371582 583.6008834838867 225.30067443847656
0 0.0212 398.8987350463867 203.44974517822263 451.42398834228516 226.63780212402344
0 0.0209 598.8895988464355 -36.53931617736816 638.7500190734863 -13.372459411621096
0 0.0192 439.6715545654297 162.89409637451172 490.73394775390625 187.1902847290039
0 0.0192 408.9132308959961 283.4477233886718 461.40926361083984 306.64085388183594
0 0.0187 608.1153869628906 363.5183334350586 638.75 386.50638580322266
0 0.0178 526.5240478515625 334.77607727050776 583.5945129394531 355.29632568359375
0 0.0173 587.5588989257812 184.2380332946777 638.75 205.8418846130371
0 0.0161 389.56783294677734 172.97109603881833 440.82637786865234 197.11370468139648
0 0.0156 378.93959045410156 233.42877388000488 431.38587951660156 256.6596508026123
0 0.0150 609.5334625244141 512.5575256347656 638.75 537.4683380126953
0 0.0143 498.4363555908203 163.74605178833008 551.8417358398438 186.3408088684082
0 0.0139 608.9795684814453 542.6474761962891 638.75 558.75
0 0.0138 599.0712738037109 -6.6599082946777335 638.75 16.748275756835938
0 0.0130 609.1879272460938 422.82543182373047 638.75 447.2031784057617
0 0.0129 598.6415863037109 153.6172866821289 638.75 176.47003173828125
0 0.0125 0.0 298.7089538574219 34.82767105102539 331.407470703125
0 0.0125 479.00524139404297 -46.612462997436516 531.3261795043945 -23.298749923706055
0 0.0119 398.5599136352539 -76.33028030395508 451.72969818115234 -53.582444190979
0 0.0116 419.1831970214844 313.2635498046875 471.1668395996094 336.82472229003906
0 0.0113 468.43658447265625 343.75305175781244 521.8399047851562 366.3348388671875
0 0.0110 0.0 258.64295959472656 34.80130910873413 291.4677429199218
0 0.0109 359.2041778564453 263.2453918457031 411.1488342285156 286.84234619140625
0 0.0106 345.2839660644531 158.87727737426758 384.8908996582031 191.25383377075192
0 0.0104 395.3070831298828 138.82497787475586 434.8699951171875 171.30155563354492
0 0.0104 0.0 178.84342193603516 34.88088607788086 211.28475189208984
0 0.0103 608.6432647705078 393.1972503662109 638.75 416.8309783935547
0 0.0102 39.76330757141113 172.82075881958008 90.65309524536133 197.26263046264648
0 0.0102 35.185813903808594 299.07627105712885 74.98163223266602 331.07242584228516
0 0.0101 355.0833511352539 199.2827796936035 395.07617950439453 230.88441848754883
