0 0.0382 596.2068176269531 37.404422760009766 638.75 57.66130447387695
0 0.0331 596.1161804199219 57.44695663452148 638.75 77.61789321899414
0 0.0290 455.2361297607422 37.84332275390625 514.7907257080078 57.213058471679695
0 0.0282 586.0416412353516 17.4825382232666 638.75 37.58173942565918
0 0.0262 396.16981506347656 37.438883781433105 453.9228820800781 57.629208564758294
0 0.0254 0.0 192.3858642578125 638.75 531.25
0 0.0250 608.1495666503906 -24.00464057922363 638.75 -0.9707546234130855
0 0.0242 455.4454803466797 17.752161026000977 514.5967102050781 37.306318283081055
0 0.0229 0.0 -107.5 510.9122848510742 174.01496887207034
0 0.0222 596.2966156005859 77.36665725708008 638.75 97.7006721496582
0 0.0220 396.1669158935547 17.437505722045895 453.92616271972656 37.63012886047363
0 0.0212 336.890869140625 37.09601879119873 393.2563018798828 57.979855537414544
0 0.0207 455.60394287109375 57.690162658691406 514.4479370117188 77.3712158203125
0 0.0204 396.4971160888672 57.287521362304695 453.61968994140625 77.78438568115234
0 0.0183 598.1058502197266 -53.5617446899414 638.75 -31.3536548614502
0 0.0175 514.8793792724609 37.98662185668945 575.1238250732422 57.06472396850586
0 0.0159 515.2158355712891 17.846536636352536 574.8109436035156 37.20871925354004
0 0.0154 456.07349395751953 -2.5234031677246085 514.0136337280273 17.589416503906246
0 0.0151 276.9790744781494 37.049384117126465 333.17564964294434 58.02694797515869
0 0.0148 0.0 15.805091857910158 51.22286796569824 39.283084869384766
0 0.0145 396.5172576904297 -2.726507186889648 453.6021423339844 17.79791831970215
0 0.0144 427.37194061279297 216.85253143310544 482.81314849853516 238.22811126708984
0 0.0143 216.7400360107422 37.16834545135498 273.39588165283203 57.905735969543464
0 0.0136 337.3011779785156 66.88850402832031 392.8783416748047 88.19137573242188
0 0.0136 387.15885162353516 196.96239471435547 443.00914764404297 218.1162643432617
0 0.0134 507.13687896728516 216.97017669677734 563.0302047729492 238.1077194213867
0 0.0130 177.17926025390625 56.95100784301757 232.99060821533203 78.12768936157227
0 0.0125 515.9260559082031 -2.4590682983398424 574.1507720947266 17.523040771484375
0 0.0123 426.7094039916992 77.18742370605467 483.4231948852539 97.886962890625
0 0.0123 515.0473785400391 57.92074203491211 574.9666595458984 77.13315963745116
0 0.0122 0.0 45.8119010925293 51.22658729553223 69.27675247192383
0 0.0119 336.9544219970703 7.062139511108399 393.1982421875 28.014001846313477
0 0.0117 506.39686584472656 -22.670602798461914 563.7136840820312 -2.259454727172851
0 0.0113 277.14383125305176 66.96670532226562 333.0237102508545 88.1113052368164
0 0.0112 608.7498474121094 -94.3749737739563 638.75 -70.5968451499939
0 0.0111 608.3823394775391 215.85865020751953 638.75 239.16797637939456
0 0.0107 607.48046875 106.36665344238281 638.75 128.65119934082034
0 0.0106 0.0 -14.262027740478516 51.13354682922363 9.350280761718752
0 0.0106 347.6715850830078 176.6872787475586 402.53936767578125 198.39508056640628
0 0.0106 217.26688385009766 76.90671920776367 272.9098129272461 98.17289352416992
0 0.0105 467.1798324584961 196.94939613342285 522.9903793334961 218.1291103363037
0 0.0100 338.56834411621094 216.1703109741211 391.7207336425781 238.9178085327148
0 0.0100 446.51817321777344 -22.7266788482666 503.6012268066406 -2.2018718719482426
