0 0.1142 329.9560546875 55.666926383972175 380.4828643798828 80.41466999053955
0 0.0811 279.7617816925049 45.82669067382813 330.65348625183105 70.2573471069336
0 0.0684 335.4664993286133 81.46736907958984 374.72530364990234 114.62818908691405
0 0.0628 328.95519256591797 26.418712615966804 381.3717269897461 49.66975021362305
0 0.0558 279.8152160644531 75.77399063110352 330.60840606689453 100.30813980102539
0 0.0477 269.1108703613281 16.313760757446296 321.231689453125 39.774663925170906
0 0.0332 229.8740005493164 45.735829353332534 280.5547332763672 70.3469114303589
0 0.0330 379.53113555908203 46.00681591033936 430.8573532104492 70.07935810089113
0 0.0321 258.73546600341797 -13.43608093261718 311.5696334838867 9.52452468872071
0 0.0289 574.3924140930176 67.83682632446289 638.7499809265137 117.74702835083008
0 0.0280 375.3470230102539 81.74183654785156 414.8331832885742 114.37741088867189
0 0.0272 430.7252502441406 -46.90198135375975 638.75 52.29830551147462
0 0.0265 318.5856628417969 -3.3449382781982355 371.7060089111328 19.432485580444343
0 0.0254 0.0 202.88586425781244 638.75 541.7499999999999
0 0.0244 19.435744285583496 126.07796478271484 70.94216823577881 150.0087432861328
0 0.0240 295.2311038970947 101.9822769165039 334.9400234222412 134.1581039428711
0 0.0229 0.0 -46.90198135375975 211.54129028320312 52.29830551147462
0 0.0215 229.8660659790039 75.73983001708984 280.5622100830078 100.34268188476562
0 0.0215 209.52674865722656 6.01176071166993 260.86090087890625 30.07464218139649
0 0.0203 13.06253433227539 67.91418838500977 128.19150924682617 117.56403732299805
0 0.0197 0.0 167.91418838500977 108.19150924682617 217.56403732299805
0 0.0194 574.3924140930176 127.8368263244629 638.7499809265137 177.74702835083008
0 0.0188 608.9593315124512 -84.01428413391112 638.7500190734863 -59.95700550079344
0 0.0177 75.17972230911255 122.0924072265625 114.9868655204773 154.0577392578125
0 0.0173 18.59686851501465 226.64646911621097 71.69621467590332 249.44088745117188
0 0.0162 379.0040969848633 6.379745483398443 431.3290786743164 29.70783996582032
0 0.0157 608.5749053955078 226.2394790649414 638.75 249.78829193115234
0 0.0145 255.2364730834961 101.97985458374022 294.93419647216797 134.1602973937988
0 0.0142 214.91596221923828 -27.400180816650384 255.23204803466797 3.596256256103522
0 0.0141 18.613014221191406 256.63906860351557 71.68099403381348 279.44874572753906
0 0.0139 608.781909942627 256.10646057128906 638.7499809265137 279.9221496582031
0 0.0138 608.5589599609375 196.2481575012207 638.75 219.77934646606445
0 0.0134 535.6293869018555 61.04668426513672 574.5819473266602 95.01332092285156
0 0.0122 289.6244430541992 225.928352355957 340.7761001586914 250.15610504150393
0 0.0121 308.4085178375244 -33.236884593963616 361.866979598999 -10.67635011672973
0 0.0117 340.16429901123047 115.47634887695311 390.30338287353516 140.60051727294922
0 0.0115 609.0256500244141 525.6113128662108 638.75 541.7499999999999
0 0.0112 549.2659378051758 -93.79555892944335 601.0929489135742 -70.11650276184082
0 0.0112 0.0 -84.13605642318726 40.69441795349121 -59.779400348663316
0 0.0111 135.37983417510986 61.665385246276855 174.803729057312 94.4472246170044
0 0.0111 125.2140474319458 102.01802062988281 164.95566844940186 134.12552642822266
0 0.0110 200.7434844970703 35.37486362457275 228.85845184326172 80.7618932723999
0 0.0108 535.5414581298828 101.2765007019043 574.6591949462891 134.80280685424805
0 0.0101 0.0 286.1319808959961 51.00115776062012 309.9557571411132
