0 0.2608 517.341423034668 116.35932159423828 572.8432846069336 137.71964263916018
0 0.1885 517.6401901245117 146.2050933837891 572.5679397583008 167.87711334228516
0 0.1626 517.9450607299805 86.0220069885254 572.2921371459961 108.06035232543948
0 0.1315 457.1672821044922 106.45755004882815 513.0015563964844 127.62110900878909
0 0.1022 233.06254386901855 156.9141883850098 348.191499710083 206.56403732299805
0 0.0768 417.67452239990234 126.1886901855469 472.53597259521484 147.89412689208987
0 0.0732 457.84027099609375 76.09034729003908 512.3857879638672 97.99269866943362
0 0.0719 518.126106262207 175.93339157104492 572.1234512329102 198.15232467651367
0 0.0682 219.12237167358398 205.2987213134766 271.22289657592773 228.7887115478516
0 0.0617 178.39061737060547 175.77595901489258 231.88278198242188 198.3110160827637
0 0.0609 398.0780792236328 95.9598083496094 452.16758728027344 118.1254119873047
0 0.0604 37.996225357055664 -93.99773883819577 92.24327087402344 -71.91819477081295
0 0.0468 474.1650390625 132.82273483276367 515.9440612792969 161.49037551879886
0 0.0467 209.60681915283203 134.94124603271484 260.79185485839844 159.14324951171878
0 0.0453 308.9404296875 135.42620849609378 361.3855743408203 158.6619110107422
0 0.0416 398.09444427490234 155.95318984985354 452.15198516845703 178.13256454467773
0 0.0416 574.9862670898438 91.45682525634767 615.1676940917969 122.72620391845705
0 0.0401 38.40622901916504 -64.23795032501216 91.86959266662598 -41.67564678192135
0 0.0398 93.06253433227539 -83.08583068847653 208.19150924682617 -33.43595314025876
0 0.0370 265.15851974487305 121.1329383850098 305.0066947937012 153.02083206176758
0 0.0368 159.63729858398438 204.9283046722412 210.7626724243164 229.15737342834473
0 0.0365 271.70642852783203 210.44203948974607 338.7782287597656 243.55208587646484
0 0.0348 513.0625534057617 36.91417407989504 628.1914901733398 86.56405162811282
0 0.0337 159.33534622192383 145.14462661743164 211.03307723999023 168.94166183471683
0 0.0337 0.0 -98.86414337158199 35.005555152893066 -66.98183822631833
0 0.0320 574.3924140930176 -63.16318321228024 638.7499809265137 -13.252971649169895
0 0.0318 398.6106872558594 65.63769531250003 451.68373107910156 88.4496994018555
0 0.0274 374.5808410644531 122.17414093017581 415.54832458496094 152.0757598876953
0 0.0253 574.8666000366211 131.67721939086917 615.2795791625977 162.5260276794434
0 0.0242 135.38654327392578 170.65621566772464 174.79705810546875 203.4555931091309
0 0.0231 589.4931793212891 -94.96835041046138 638.75 -70.9457569122314
0 0.0231 259.6041679382324 94.95167922973636 310.79248428344727 119.13399887084964
0 0.0229 0.0 249.02486038208005 510.9126281738281 530.7499809265137
0 0.0228 448.90743255615234 45.44308853149416 501.4163589477539 68.64430618286134
0 0.0223 535.1902389526367 -58.93526840209958 574.9778366088867 -26.91701698303219
0 0.0223 309.1859436035156 105.25513839721683 361.165771484375 128.83221817016604
0 0.0221 110.00912189483643 134.61365890502933 160.4381513595581 159.4660682678223
0 0.0216 165.41282653808594 110.58772277832033 204.77413177490234 143.51817321777347
0 0.0212 209.92366790771484 104.6944923400879 260.51116943359375 129.3875999450684
0 0.0199 458.3045959472656 165.83031845092776 511.96044921875 188.25665664672854
0 0.0197 0.0 -58.89077711105344 34.99532461166382 -26.957569599151576
0 0.0197 38.62619400024414 -34.37343406677243 91.66997909545898 -11.539342880248995
0 0.0192 354.8326873779297 161.74969863891602 395.3101348876953 192.46022415161133
0 0.0185 125.44492721557617 100.51125717163089 164.7454071044922 133.58807754516602
0 0.0174 609.4983100891113 -5.419605255126924 638.7499809265137 19.445125579834013
0 0.0170 339.2401885986328 75.22118759155276 391.1163330078125 98.86662673950197
0 0.0163 191.53289794921875 230.6394119262696 258.9432144165039 263.36669158935547
0 0.0163 209.54906463623047 74.99476623535158 260.84110260009766 99.09148406982423
0 0.0161 529.0240097045898 -94.63239955902095 581.3108444213867 -71.27984333038327
0 0.0160 95.24928092956543 160.94641876220703 134.92310523986816 193.1907958984375
0 0.0156 259.52619552612305 65.00588607788087 310.8627128601074 89.07963943481448
0 0.0151 398.80531311035156 185.5194778442383 451.5064239501953 208.56917572021484
0 0.0150 115.24982452392578 -29.059999465942347 154.92315292358398 3.196660995483426
0 0.0146 519.9215698242188 -25.3138618469238 570.5150604248047 -0.6053619384765336
0 0.0144 518.5121154785156 205.70109558105472 571.7726135253906 228.38626098632815
0 0.0140 109.86459732055664 204.73200035095218 160.5653190612793 229.349328994751
0 0.0139 165.34523010253906 70.74771118164065 204.83463287353516 103.37203216552737
0 0.0137 388.55804443359375 35.67228984832766 441.7310333251953 58.41518115997317
0 0.0136 574.3924140930176 176.83681678771975 638.7499809265137 226.7469997406006
0 0.0136 9.236221313476562 -4.773767471313447 61.119394302368164 18.86190605163577
0 0.0132 110.09954452514648 74.53679275512698 160.35903930664062 99.54163742065431
0 0.0127 85.18668174743652 101.07411575317386 124.98087882995605 133.07442855834964
0 0.0124 565.7756423950195 -0.3942661285400124 604.4581985473633 34.41803169250491
0 0.0123 494.9785614013672 -58.51669836044308 535.1736450195312 -27.297907352447478
0 0.0119 609.0078735351562 514.6257324218749 638.75 530.75
0 0.0116 574.3924140930176 356.83680725097656 638.7499809265137 406.74700927734375
0 0.0116 189.70396041870117 44.867298126220724 240.70558547973633 69.2165870666504
0 0.0114 59.53926086425781 134.99850463867188 110.85058212280273 159.08728790283206
0 0.0112 0.0 36.91417407989504 108.19150924682617 86.56405162811282
0 0.0111 89.00903701782227 -107.99999999999996 141.40893936157227 -90.94346570968624
0 0.0108 333.0625534057617 -103.08583068847653 448.19149017333984 -53.43595314025875
0 0.0105 129.62827682495117 44.93331146240237 180.77106475830078 69.152214050293
0 0.0103 339.9909210205078 204.63514518737793 390.452880859375 229.445650100708
0 0.0100 155.29565811157227 -29.157147884368865 194.88115310668945 3.2852644920349388
