0 0.1319 436.9572448730469 108.06298828125 493.1951141357422 129.01353454589844
0 0.0970 426.8570327758789 78.11042404174805 483.28807830810547 98.96476364135742
0 0.0741 377.4090576171875 97.83063507080078 432.779541015625 119.24996948242188
0 0.0615 438.0663299560547 137.46997451782227 492.17750549316406 159.61570358276367
0 0.0543 367.6123809814453 67.72286987304688 422.5927734375 89.35952758789064
0 0.0504 65.99799871444702 218.5102233886719 124.08371210098267 238.55485534667966
0 0.0474 125.73575973510742 208.62827873229978 184.32662963867188 228.43397712707517
0 0.0455 377.55584716796875 127.75243377685547 432.64488220214844 149.3293914794922
0 0.0439 417.1181869506836 47.979784965515144 473.04737091064453 69.09795856475831
0 0.0427 55.48830032348633 238.7338790893555 114.55690383911133 258.3250961303711
0 0.0383 7.47279167175293 217.797981262207 62.72080421447754 239.28334808349607
0 0.0373 487.64434814453125 87.69979095458984 542.5648498535156 109.38199615478517
0 0.0368 66.50598526000977 198.2763442993164 123.61316680908203 218.79453277587893
0 0.0364 125.49747943878174 228.73197174072266 184.5478391647339 248.32746124267575
0 0.0360 126.30441665649414 188.37043380737305 183.79976272583008 208.6981544494629
0 0.0342 318.4669780731201 87.23043060302736 371.8132495880127 109.8570022583008
0 0.0325 308.3961868286133 57.274261474609375 361.87740325927734 79.81298065185548
0 0.0311 477.5919723510742 57.72775268554688 532.6129531860352 79.35357666015625
0 0.0309 186.04129791259766 208.49224662780762 244.04319763183594 228.5735950469971
0 0.0300 498.26499938964844 117.34979248046876 551.9973754882812 139.73638153076172
0 0.0299 25.561602115631104 258.7059555053711 84.48789358139038 278.3545455932617
0 0.0282 357.7708435058594 37.6347885131836 412.4479675292969 59.448619842529304
0 0.0254 0.0 193.38586425781247 638.75 532.25
0 0.0250 186.53955459594727 188.25975036621094 243.5822868347168 208.81139373779297
0 0.0243 318.0247116088867 117.48786544799805 372.21683502197266 139.59666824340823
0 0.0229 0.0 -106.49999999999999 510.9122848510742 175.01496887207034
0 0.0226 7.887997627258301 187.56978607177734 62.3407506942749 209.51448059082028
0 0.0225 185.96515655517578 228.52811431884766 244.11338806152344 248.53704071044916
0 0.0222 0.0 277.5560531616211 52.311158180236816 299.5290145874023
0 0.0215 387.85003662109375 157.58906936645508 442.3759460449219 179.4946632385254
0 0.0204 219.3734359741211 56.62604904174806 270.99720001220703 80.46130752563478
0 0.0202 97.24449157714844 167.91219329833984 152.93180465698242 189.16631317138672
0 0.0200 157.08948135375977 167.9896697998047 213.07489395141602 189.0870819091797
0 0.0194 457.59021759033203 27.727199554443366 512.614860534668 49.353881835937514
0 0.0185 197.25841522216797 -102.09692382812497 252.91946411132812 -80.82475566864012
0 0.0182 85.15216827392578 258.8752899169922 144.86963272094727 278.1795654296875
0 0.0181 327.2864532470703 147.89077377319336 382.8931427001953 169.18815231323242
0 0.0178 159.0414810180664 56.857372283935554 211.2948226928711 80.23059463500978
0 0.0177 448.69884490966797 167.0818862915039 501.60396575927734 190.00569915771484
0 0.0172 387.93949127197266 227.54083251953125 442.29366302490234 249.54377746582028
0 0.0167 55.02545356750488 278.92884826660156 114.9872875213623 298.1246337890625
0 0.0166 219.69806671142578 86.3756332397461 270.7100296020508 110.70882415771486
0 0.0163 574.3924140930176 118.3368263244629 638.7499809265137 168.24702835083008
0 0.0158 25.56610107421875 298.70633697509766 84.48312759399414 318.3545455932617
0 0.0155 609.3649291992188 476.19405364990234 638.75 500.83379364013666
0 0.0152 608.9485359191895 516.1714897155762 638.7499809265137 532.2500190734862
0 0.0151 298.36090087890625 27.293144226074233 351.9099426269531 49.7936019897461
0 0.0150 608.888111114502 -33.46425676345824 638.7499809265137 -9.50688505172728
0 0.0147 274.96511459350586 83.00841903686525 315.1861763000488 114.17926406860352
0 0.0147 574.3924140930176 58.33682632446291 638.7499809265137 108.24702835083008
0 0.0143 108.5267448425293 37.19287490844728 161.7591667175293 59.894653320312514
0 0.0141 168.57833862304688 27.159515380859386 221.71268463134766 49.92799377441408
0 0.0140 512.6921272277832 -106.49999999999997 638.7499809265137 -36.65076160430907
0 0.0140 145.46159744262695 248.74555206298825 204.58166122436523 268.31319427490234
0 0.0138 147.8812026977539 137.56631469726562 202.34859466552734 159.516845703125
0 0.0137 574.3924140930176 -1.6631832122802588 638.7499809265137 48.24701881408693
0 0.0135 137.46099472045898 -102.20125102996823 192.73290634155273 -80.7183709144592
0 0.0134 499.2375183105469 146.71701049804685 551.1199951171875 170.36996459960938
0 0.0131 257.78419494628906 -102.37817192077635 312.43701934814453 -80.53915405273436
0 0.0130 159.3321657180786 86.64905166625977 211.03545665740967 110.43754196166992
0 0.0127 609.0857124328613 366.3987121582031 638.7499809265137 390.630126953125
0 0.0126 207.14147567749023 -72.03110003471373 263.02568435668945 -50.89077496528624
0 0.0125 0.0 437.09161376953125 51.607398986816406 459.9968872070312
0 0.0122 228.88343811035156 26.965414047241225 281.4365768432617 50.122896194458015
0 0.0120 26.06403350830078 318.48939514160156 84.02029037475586 338.57789611816406
0 0.0120 198.96923065185547 116.89643478393555 251.36188507080078 140.1901969909668
0 0.0119 246.64045333862305 218.21450805664062 303.48833084106445 238.85820007324222
0 0.0118 397.95372009277344 197.53016090393064 452.28126525878906 219.55414390563962
0 0.0117 327.42626190185547 227.81900024414065 382.76432037353516 249.2613372802734
0 0.0117 448.1680679321289 227.40525817871094 502.0859909057617 249.68019104003906
0 0.0117 27.416419982910156 -102.17925930023192 82.77419090270996 -80.740984916687
0 0.0117 0.0 407.35105133056635 51.98660373687744 429.7362289428711
0 0.0116 337.3637008666992 177.85300827026367 392.82154083251953 199.22698593139648
0 0.0116 518.618049621582 27.129159927368175 571.6778945922852 49.957681655883796
0 0.0114 37.57695198059082 157.73559188842773 92.62676239013672 179.34558486938477
0 0.0113 217.5412368774414 157.75521850585938 272.65941619873047 179.3257293701172
0 0.0113 88.1763744354248 137.3981819152832 142.07892417907715 159.68696212768555
0 0.0110 98.92041206359863 66.94125747680665 151.40320777893066 90.1471290588379
0 0.0109 59.03728485107422 516.390453338623 111.39701843261719 532.2500190734863
0 0.0109 407.9278564453125 7.542549133300796 462.3053741455078 29.54129791259767
0 0.0107 534.6611785888672 53.53480911254885 575.4729461669922 83.7018928527832
0 0.0106 36.06715202331543 388.47879028320307 94.01965141296387 408.58705139160156
0 0.0105 608.935546875 336.50300598144526 638.75 360.5258331298828
0 0.0104 207.7161407470703 -42.333148956298814 262.4976348876953 -20.5835666656494
0 0.0100 258.70487213134766 117.07170104980469 311.5998840332031 140.01500701904297
