0 0.0505 517.5209808349609 -103.23002099990845 572.6770782470703 -81.68861389160156
0 0.0478 597.3771476745605 -93.16301345825197 638.7500190734863 -71.75824642181396
0 0.0277 598.2590484619141 -63.64518165588378 638.75 -41.2684440612793
0 0.0254 0.0 192.3858642578125 638.75 531.25
0 0.0248 458.5862350463867 -103.84456157684326 511.70536041259766 -81.06777667999268
0 0.0235 368.6460876464844 226.11454010009763 421.65184020996094 248.97281646728516
0 0.0235 539.2174530029297 215.72925567626956 591.1383056640625 239.35749053955075
0 0.0229 0.0 -107.5 510.9122848510742 174.01496887207034
0 0.0214 308.3419704437256 226.3029861450195 361.92749977111816 248.78345489501953
0 0.0199 479.2876434326172 215.68737030029297 531.0739135742188 239.40029144287107
0 0.0194 527.7720260620117 -73.36108207702635 582.4457931518555 -51.55478477478027
0 0.0193 178.34861755371094 206.298942565918 231.92150115966797 228.78749847412112
0 0.0176 565.1596832275391 181.62720680236816 605.0059509277344 213.52606773376465
0 0.0169 399.0886688232422 -104.17196750640869 451.2518310546875 -80.73971271514893
0 0.0166 379.8256301879883 75.27578353881836 430.5971145629883 99.80760574340819
0 0.0160 424.95033264160156 212.02812194824222 465.2008056640625 243.16139221191406
0 0.0159 595.0027465820312 211.931734085083 635.1517486572266 243.2490062713623
0 0.0157 574.3924140930176 37.3368263244629 638.7499809265137 87.24702835083008
0 0.0156 339.7783660888672 -104.68468189239502 390.6385040283203 -80.23120403289795
0 0.0156 555.3078079223633 131.3093376159668 594.8707962036133 163.81586074829102
0 0.0153 509.002685546875 185.88361740112305 561.3297271728516 209.20438766479492
0 0.0153 609.2266845703125 -34.703426361083984 638.75 -10.268192291259766
0 0.0153 385.3407287597656 101.25444412231447 424.83909606933594 133.86590957641602
0 0.0149 439.3486785888672 75.64323425292967 491.0194396972656 99.44412231445312
0 0.0149 595.5344772338867 150.7985305786133 634.6649551391602 184.28264617919922
0 0.0148 238.25462341308594 216.35681152343747 292.00660705566406 238.72947692871094
0 0.0144 319.53612327575684 75.5034065246582 370.8528232574463 99.58276748657227
0 0.0144 369.00611877441406 195.87454795837402 421.3280487060547 219.21250343322757
0 0.0141 168.09904098510742 176.4438819885254 222.14929580688477 198.64091873168945
0 0.0140 489.22801971435547 55.72460174560546 541.1282730102539 79.3625259399414
0 0.0138 118.58413696289062 216.15680694580075 171.7072296142578 238.93085479736325
0 0.0133 429.7416305541992 105.34292221069335 480.6711959838867 129.74134445190427
0 0.0132 188.62371444702148 236.1322784423828 241.67131423950195 258.9555358886718
0 0.0132 289.9090099334717 -104.79545116424562 340.52449226379395 -80.122549533844
0 0.0131 308.7695026397705 196.0310649871826 361.5412425994873 219.05591011047363
0 0.0128 329.5387268066406 105.50025939941406 380.8507537841797 129.58572387695312
0 0.0125 379.2583465576172 45.70875644683838 431.1000061035156 69.37905788421631
0 0.0125 380.0021743774414 135.1211166381836 430.4439163208008 159.9589157104492
0 0.0124 609.0041351318359 515.1282501220703 638.75 531.25
0 0.0124 488.66580963134766 16.101655960083008 541.6341018676758 38.985700607299805
0 0.0124 489.4729995727539 85.54746627807617 540.9096145629883 109.53863143920897
0 0.0119 358.7330627441406 256.0608673095703 411.5727996826172 279.0269470214844
0 0.0116 468.5493850708008 -73.8200843334198 521.738395690918 -51.09214901924133
0 0.0116 608.9556694030762 365.4902648925781 638.7500190734863 389.5387268066406
0 0.0114 609.4394683837891 185.12699127197266 638.75 209.89906311035156
0 0.0114 455.2317428588867 181.48426055908203 494.93907928466797 213.65631103515625
0 0.0112 329.54044342041016 135.4970932006836 380.84964752197266 159.588623046875
0 0.0110 608.8465881347656 245.56221008300784 638.75 269.4664001464844
0 0.0110 418.92982482910156 245.93029022216797 471.3957214355469 269.1574478149414
0 0.0110 438.7554931640625 36.04985713958741 491.55181884765625 59.038453102111816
0 0.0109 479.54647064208984 115.49652099609376 530.8434677124023 139.58969116210938
0 0.0109 435.377197265625 131.17341995239258 474.805908203125 163.93987655639648
0 0.0109 379.6587371826172 165.40178298950195 430.7457733154297 189.6824073791504
0 0.0109 540.7326889038086 44.78200912475585 568.8713455200195 90.33330917358398
0 0.0107 545.4440689086914 91.01018905639648 584.7464370727539 124.08906936645508
0 0.0105 609.3409729003906 105.20845413208008 638.75 129.81901168823242
0 0.0104 609.676513671875 484.9348449707032 638.75 510.08872985839844
0 0.0103 319.2202854156494 45.733833312988274 371.1344051361084 69.35382843017577
0 0.0102 499.1497039794922 155.7838249206543 551.197509765625 179.30410385131836
0 0.0101 108.63382339477539 186.12667083740234 161.66200637817383 208.96129608154297
0 0.0100 228.93487930297852 185.92561721801755 281.3914680480957 209.16189193725586
0 0.0100 518.8431167602539 -44.01033401489258 571.4734268188477 -20.901699066162106
