0 0.1491 -74.10781383514403 187.1152114868164 -35.628461837768555 222.8695297241211
0 0.1274 -74.08039212226868 226.93113327026367 -35.64278483390808 263.0393409729004
0 0.1165 -34.20970916748047 187.552490234375 4.44655418395996 222.4669647216797
0 0.1157 -74.21642303466797 147.5785255432129 -35.5482816696167 182.4430274963379
0 0.0993 -34.13424491882324 227.2492218017578 4.389190673828123 262.7460479736328
0 0.0774 -34.466073513031006 148.30190181732178 4.665238857269288 181.77954196929932
0 0.0759 119.67706680297852 172.89459228515625 170.72805404663086 197.19039916992188
0 0.0743 128.2220458984375 113.87849807739258 182.03575134277344 136.20794296264648
0 0.0695 129.1010284423828 143.31738948822021 181.24118804931638 166.77061557769775
0 0.0675 127.48855590820312 84.28882598876953 182.70652770996094 105.7925033569336
0 0.0659 110.25835037231444 202.39309310913086 160.22153854370114 227.68217086791992
0 0.0617 70.05361080169678 172.5822639465332 120.3979730606079 197.49765396118164
0 0.0616 -74.13236618041992 267.23304748535156 -35.61144351959228 302.7609634399414
0 0.0591 5.711193084716796 187.81618118286133 44.511299133300774 222.22475051879883
0 0.0570 -34.2459487915039 267.6664161682129 4.476909637451173 302.36230850219727
0 0.0562 20.26613235473633 162.3857879638672 70.21486282348631 187.68932342529297
0 0.0560 -59.95551109313965 122.58631706237793 -9.593315124511717 147.49323844909668
0 0.0543 45.66396713256837 197.95747756958008 84.55131530761719 232.09508895874023
0 0.0542 69.49728488922119 143.0356216430664 120.88670253753662 167.05120086669922
0 0.0532 127.04210281372069 54.51907157897949 183.11723709106445 75.55807113647461
0 0.0530 100.03839492797852 262.5927543640137 150.4117774963379 287.4870491027832
0 0.0502 100.12622833251952 232.50961303710938 150.33657073974607 257.56786346435547
0 0.0497 68.80020141601562 113.52226257324219 121.5111541748047 136.56631469726562
0 0.0490 5.789737701416016 227.55619049072266 44.44683074951172 262.4635696411133
0 0.0490 169.86700057983398 172.74164199829102 220.5608558654785 197.34121322631836
0 0.0489 165.4331016540527 198.54673385620117 204.75526809692383 231.55561447143555
0 0.0455 68.1776237487793 83.90607833862305 122.07586288452147 106.18034362792969
0 0.0435 115.52616119384766 288.32130432128906 154.6721267700195 321.76177978515625
0 0.0421 155.5428695678711 258.2810592651367 194.65717315673828 291.7986297607422
0 0.0417 55.4977035522461 248.39096069335938 94.6975326538086 281.6980743408203
0 0.0417 188.88324737548828 133.46339225769043 241.43722534179685 156.62461280822754
0 0.0402 19.850063323974606 132.75712966918945 70.57540893554686 157.32614517211914
0 0.0377 155.5937385559082 298.1474018096924 194.61256027221677 331.92103385925293
0 0.0370 188.11753273010254 103.93692970275879 242.13156700134275 126.14853858947754
0 0.0370 75.43912887573244 288.5310745239258 114.75000381469725 321.56993865966797
0 0.0369 150.3834342956543 232.2675323486328 200.11545181274414 257.80384063720703
0 0.0363 5.699005126953124 267.8490447998047 44.52198028564453 302.19459533691406
0 0.0360 219.74815368652344 172.83842086791992 270.665283203125 197.2458839416504
0 0.0356 115.60361862182616 328.1173324584961 154.6042823791504 361.9485855102539
0 0.0336 9.240894317626951 103.22317123413086 61.115169525146484 126.86498641967773
0 0.0334 155.62744140625 338.05885314941406 194.58293914794922 372.00218200683594
0 0.0334 67.64865398406981 54.2033576965332 122.55951404571533 75.87936401367188
0 0.0321 205.3683757781982 198.69525909423828 244.81373786926267 231.4199447631836
0 0.0315 -74.47308421134947 88.32048416137695 -35.32863736152649 121.76254272460938
0 0.0312 187.83390045166013 74.09810066223145 242.3906707763672 95.98551750183105
0 0.0296 8.643932342529295 73.62210273742676 61.65245056152343 96.46613121032715
0 0.0292 249.36584472656244 143.1294584274292 301.00440979003906 166.95766925811768
0 0.0272 358.83384704589844 143.49725723266602 411.4814758300781 166.59090042114258
0 0.0265 116.71642303466797 24.682178497314453 173.41712951660156 45.39201259613037
0 0.0264 145.59215545654297 378.15128326416016 184.61395263671875 411.9174575805664
0 0.0261 269.87762451171875 172.73040771484375 320.55206298828125 197.35198974609375
0 0.0255 359.2794799804687 173.19297790527344 411.08123779296875 196.89464569091797
0 0.0254 -79.99999999999999 299.8858642578125 558.75 638.75
0 0.0253 245.2427291870117 198.9636993408203 284.9287796020508 231.17504119873047
0 0.0245 75.36691665649414 328.69266510009766 114.81561660766602 361.4223098754883
0 0.0243 195.63323974609375 338.0390930175781 234.57828521728516 372.020263671875
0 0.0234 248.73073577880857 113.56193542480469 301.5750503540039 136.52578353881836
0 0.0231 105.49039840698244 368.40354919433594 144.70457077026367 401.6865539550781
0 0.0229 -79.99999999999999 0.0 430.91228485107416 281.5149688720703
0 0.0229 -34.99300956726074 89.42867279052734 5.147247314453123 120.75176239013672
0 0.0225 185.62143325805664 378.07044982910156 224.5886421203613 411.9915771484375
0 0.0225 8.41184616088867 43.76456260681152 61.86319351196288 66.32271766662598
0 0.0220 18.25005531311035 13.861541748046875 72.01031684875488 36.224985122680664
0 0.0219 195.42613983154294 258.5624694824219 234.76158142089844 291.54125213623047
0 0.0212 195.60794830322266 298.1106948852539 234.60002899169922 331.95465087890625
0 0.0208 415.15701293945307 179.13911819458008 455.00770568847656 211.01518630981445
0 0.0200 358.641128540039 113.61928939819336 411.6559600830078 136.4682960510254
0 0.0200 77.37897396087646 4.344773292541504 132.80760288238523 25.735313892364502
0 0.0200 187.3391342163086 44.366326332092285 242.8440475463867 65.71351528167725
0 0.0187 285.3311538696289 198.7749481201172 324.8478317260742 231.34719848632812
0 0.0184 136.53724670410156 4.761385917663574 193.58428955078125 25.30982494354248
0 0.0184 235.66531181335444 347.9515838623047 274.5503711700439 382.10052490234375
0 0.0184 200.185546875 232.4587059020996 250.2846908569336 257.6179313659668
0 0.0177 426.63448333740234 14.715852737426758 483.49422454833984 35.356550216674805
0 0.0174 377.05070495605463 54.51704978942871 433.10874938964844 75.56053161621094
0 0.0170 -79.32435274124146 301.8138027191162 -51.060402393341064 348.1977939605713
0 0.0170 349.6171569824219 202.9412078857422 400.7810974121094 227.14431762695312
0 0.0166 419.19422149658203 153.25446605682373 471.15726470947266 176.8335771560669
0 0.0166 225.6826305389404 387.9018783569336 264.535493850708 422.14611053466797
0 0.0163 -80.0 48.515357971191406 -45.25232553482055 81.58432960510254
0 0.0162 406.60205841064453 34.735679626464844 463.5231399536133 55.3370475769043
0 0.0152 -39.62208032608032 302.25539207458496 10.123598575592041 327.8138828277588
0 0.0152 304.9663543701172 139.50830459594727 345.1847839355469 170.67937850952148
0 0.0152 -41.43869400024414 3.6684370040893555 11.728496551513672 26.41878604888916
0 0.0151 165.51998138427732 418.3324432373047 204.67803955078125 451.7516326904297
0 0.0151 235.5599594116211 308.23946952819824 274.64183807373047 341.83667182922363
0 0.0151 418.67778778076166 123.59928131103516 471.6221237182617 146.48883819580078
0 0.0149 35.52307128906251 308.32900047302246 74.67489242553711 341.75477027893066
0 0.0148 366.47422790527344 14.793882369995117 423.64196777343744 35.27705192565918
0 0.0147 248.58451843261716 83.6549186706543 301.70722961425776 106.43251419067383
0 0.0146 368.2074737548828 83.88867378234863 422.0486450195312 106.19791984558105
0 0.0139 99.58616256713866 612.9510498046875 150.81140518188474 637.1327972412109
0 0.0139 235.39447784423828 268.63513946533203 274.79015350341797 301.47483825683594
0 0.0138 125.48881530761719 418.40843200683594 164.7058868408203 451.68212890625
0 0.0138 265.6453323364257 388.0051040649414 304.5678329467773 422.05142974853516
0 0.0132 65.33870697021483 368.7565231323242 104.84115600585938 401.36402130126953
0 0.0132 275.6019210815429 348.1293487548828 314.60506439208984 381.93756103515625
0 0.0132 427.8456497192382 74.0939736366272 482.3793411254883 95.99008321762085
0 0.0131 250.07549285888672 232.5589942932129 300.3797531127929 257.5200080871582
0 0.0128 -10.50300359725952 613.021354675293 40.88998556137085 637.0634841918945
0 0.0128 179.5417785644531 612.9856491088867 230.85060119628906 637.0986557006836
0 0.0124 -80.0 22.565007209777832 -39.61207866668701 47.5139045715332
0 0.0122 359.6844482421875 612.8698348999023 410.72540283203125 637.2124862670898
0 0.0122 405.2751159667969 218.89545440673828 444.8990631103515 251.2372589111328
0 0.0122 336.9511032104492 34.567975997924805 393.20034027099604 55.508785247802734
0 0.0120 239.61811065673825 612.9248428344727 290.78342437744135 637.1585464477539
0 0.0118 196.95934295654297 14.557409286499023 253.1942367553711 35.518436431884766
0 0.0118 205.60139656066892 428.12206268310547 244.60627555847168 461.9442367553711
0 0.0117 495.47071456909174 604.7563171386719 558.7500190734862 638.75
0 0.0116 -35.18129348754883 49.76981163024902 5.323781967163087 80.44200897216797
0 0.0115 275.3670501708984 308.6980438232422 314.8149108886719 341.4173889160156
0 0.0114 308.67431640624994 93.60028266906738 361.6255187988281 116.4876651763916
0 0.0113 85.3466796875 408.73470306396484 124.83428955078124 441.3839340209961
0 0.0112 307.41748809814453 4.323124885559082 362.7725601196289 25.757083892822266
0 0.0111 318.0034637451172 64.0071702003479 372.23464965820307 86.0782790184021
0 0.0109 299.672737121582 612.8797912597656 350.7356643676758 637.2027587890625
0 0.0106 245.55522918701175 428.24623107910156 284.64656829833984 461.8305206298828
0 0.0104 508.11309814453125 13.933892250061035 558.75 36.15072727203369
0 0.0104 -80.0 622.7539825439453 -28.76039981842041 638.75
0 0.0103 305.56007385253906 388.23680877685547 344.6420288085937 421.83910369873047
0 0.0101 315.4118347167969 348.59752655029297 354.7743225097656 381.5092086791992
0 0.0100 55.127086639404304 609.1837882995605 95.0369644165039 638.7500190734863
