0 0.0477 588.0326652526855 53.98425102233886 638.7500190734863 76.10047340393065
0 0.0402 587.7137756347656 24.16079521179199 638.75 45.92137336730956
0 0.0289 589.098949432373 83.32101821899414 638.7500190734863 106.76729202270508
0 0.0264 527.6926040649414 34.177894592285156 582.5195693969727 55.90494155883788
0 0.0254 0.0 219.8858642578125 638.75 558.75
0 0.0235 517.9766845703125 4.019718170166014 572.2596740722656 26.065158843994137
0 0.0229 0.0 -79.99999999999999 510.9122848510742 201.51496887207028
0 0.0218 597.7714347839355 -5.870397090911864 638.7500190734863 15.953080654144285
0 0.0202 528.182487487793 63.89899730682374 582.0724105834961 86.18683338165283
0 0.0168 571.2830924987793 177.08528518676758 638.7500190734863 232.86623001098633
0 0.0157 508.52901458740234 -26.307482719421387 561.7568588256836 -3.6048173904418945
0 0.0146 574.3924140930176 124.83682632446288 638.7499809265137 174.74702835083008
0 0.0145 607.9455757141113 -66.38752937316893 638.7499809265137 -43.589701652526855
0 0.0139 468.48365783691406 23.718719482421875 521.7984008789062 46.36856079101562
0 0.0134 608.013744354248 -36.424732208251946 638.7500190734863 -13.551654815673826
0 0.0131 528.9389038085938 93.4141731262207 581.3896942138672 116.67211532592773
0 0.0119 609.5735931396484 232.51818656921387 638.75 257.50638008117676
0 0.0116 458.62274169921875 -6.371781826019287 511.67320251464844 16.45892858505249
0 0.0105 518.6148834228516 123.62916946411131 571.6812133789062 146.45738601684567
0 0.0104 488.93688201904297 163.4281539916992 541.3888168334961 186.65992736816406
0 0.0102 508.1623077392578 -76.08569145202637 562.0899963378906 -53.82807731628417
0 0.0100 27.626993656158447 -75.78882694244383 82.58027791976929 -54.12921428680419
0 0.0100 468.6256408691406 53.632049560546875 521.6693878173828 76.45591735839844
