0 0.2464 258.4458541870117 -148.6839771270752 444.04903411865234 -71.25075340270996
0 0.0936 230.72525024414062 -69.90198135375977 451.5412902832031 29.29830551147461
0 0.0515 558.8357734680176 -141.2602138519287 638.7499809265137 -78.81364822387695
0 0.0488 230.60428619384766 -128.6828899383545 259.02549743652344 -81.40078544616699
0 0.0359 209.9683380126953 -157.35451221466064 260.4743957519531 -132.56555080413818
0 0.0352 185.33790588378906 -121.25132083892822 224.84283447265625 -88.62878322601318
0 0.0320 159.4162940979004 -146.91097259521484 210.96017837524414 -123.00265312194824
0 0.0316 574.3924140930176 -75.16318321228027 638.7499809265137 -25.252981185913086
0 0.0311 129.2289924621582 -116.77401542663574 181.12699508666992 -93.13858032226562
0 0.0273 109.31918621063232 -86.8368911743164 161.04607105255127 -63.075809478759766
0 0.0267 511.90391540527344 9.841804504394531 638.75 109.6270751953125
0 0.0254 0.0 139.8858642578125 638.75 478.75
0 0.0240 195.38103103637695 -81.3489317893982 234.80379104614258 -48.53965997695923
0 0.0236 105.23487091064453 -61.021060943603516 144.93610382080078 -28.838863372802734
0 0.0208 98.93654823303223 -146.57365322113037 151.38957023620605 -123.33856582641602
0 0.0196 68.57015609741211 -116.3386869430542 121.72082901000977 -93.5742998123169
0 0.0196 0.0 -29.901981353759766 211.54129028320312 69.29830551147461
0 0.0195 145.29176712036133 -61.13813400268555 184.8836326599121 -28.73210906982422
0 0.0190 48.84953498840332 -56.51756286621094 101.46828651428223 -33.39488983154297
0 0.0178 509.8257064819336 -147.2272753715515 560.5976486206055 -122.68973112106323
0 0.0177 48.2975959777832 -86.17137908935547 101.96808815002441 -63.7425422668457
0 0.0176 190.72525024414062 50.098018646240234 411.5412902832031 149.2983055114746
0 0.0152 609.360523223877 422.69775390625 638.7499809265137 447.3301696777344
0 0.0147 608.9384460449219 462.6791572570801 638.75 478.7499809265137
0 0.0130 0.0 -61.240806579589844 34.843173027038574 -28.63840103149414
0 0.0123 0.0 -101.23826026916504 34.84368324279785 -68.64073753356934
0 0.0122 408.11859130859375 77.09827423095703 492.6026153564453 143.126220703125
0 0.0119 205.90333938598633 17.01730728149414 244.3678092956543 52.959842681884766
0 0.0118 38.05213689804077 -146.0287570953369 92.19202280044556 -123.88667583465576
0 0.0112 609.188060760498 -160.0 638.7500190734863 -142.5501298904419
0 0.0109 510.02025604248047 -117.39905834197998 560.4291152954102 -92.52182483673096
0 0.0107 108.11857223510742 77.09827423095703 192.60263442993164 143.126220703125
0 0.0106 0.0 -127.42080807685852 40.40046215057373 -102.49985575675964
