0 0.1201 458.44587326049805 -28.68397712707519 638.7500190734863 48.74924659729003
0 0.0552 528.1185913085938 57.09826946258544 612.6026153564453 123.12622547149658
0 0.0516 490.2128601074219 -76.20246410369873 580.2766418457031 -33.95252704620362
0 0.0440 510.13317108154297 192.50873565673828 560.329475402832 217.56931304931638
0 0.0348 589.791259765625 -67.19622135162354 638.75 -42.71996021270753
0 0.0345 509.90894317626953 162.70702362060547 560.5240249633789 187.37529754638672
0 0.0338 229.8847198486328 162.71390914916992 280.54798126220703 187.3669624328613
0 0.0312 438.8969039916992 -76.54595375061035 491.4249801635742 -53.36608171463013
0 0.0296 505.48980712890625 218.40534210205075 544.7050476074219 251.68491363525388
0 0.0290 19.251575469970703 113.21010589599608 71.10676765441895 136.8772506713867
0 0.0279 280.4847049713135 152.16030120849607 330.0304317474365 177.9073715209961
0 0.0276 29.330463409423828 143.14907073974607 81.03723526000977 166.93737030029297
0 0.0274 480.65467834472656 171.627197265625 508.96461486816406 218.34178924560547
0 0.0254 0.0 219.8858642578125 638.75 558.75
0 0.0249 509.6237564086914 132.93779373168942 560.7748794555664 157.14788436889646
0 0.0242 485.70186614990234 47.78923034667968 524.5244216918945 82.2496223449707
0 0.0233 219.47317123413086 193.04134368896484 270.910701751709 217.04395294189453
0 0.0233 179.50313568115234 163.02871704101562 230.8820343017578 187.05772399902344
0 0.0232 285.5617904663086 178.22559356689453 324.64115142822266 211.84944152832028
0 0.0221 9.257736206054688 83.20972442626953 61.10041618347168 106.87816619873047
0 0.0221 455.6236267089844 138.06814193725586 494.5863342285156 171.99365615844724
0 0.0214 615.3099250793457 68.3403730392456 638.7499809265137 101.74587726593018
0 0.0209 229.46908950805664 133.04962158203125 280.91325759887695 157.03639984130857
0 0.0207 485.2444839477539 88.95706176757812 524.9274826049805 121.1811065673828
0 0.0207 85.28475761413574 138.8747787475586 124.8902416229248 171.256103515625
0 0.0205 545.0615310668945 219.32549476623532 585.0963973999023 250.84555625915525
0 0.0202 378.48487854003906 -76.28256797790527 431.7974090576172 -53.63022804260254
0 0.0200 608.966064453125 202.98147201538083 638.75 227.04729080200195
0 0.0198 574.3924140930176 124.83682632446288 638.7499809265137 174.74702835083008
0 0.0193 559.3046951293945 183.17245483398438 611.0592269897461 206.9147491455078
0 0.0192 450.67771911621094 171.80633544921872 478.9369201660156 218.20026397705078
0 0.0179 599.3677520751953 233.1328296661377 638.75 256.9549083709717
0 0.0179 415.56556701660156 138.2232666015625 454.63706970214844 171.8515396118164
0 0.0176 279.6284580230713 122.93064117431639 330.7713985443115 147.15454101562497
0 0.0175 79.84869241714478 112.75531768798827 130.57719945907593 137.32757568359372
0 0.0173 465.6358337402344 218.01865577697754 504.57733154296875 252.03902244567868
0 0.0171 445.2537536621094 48.925127983093255 484.9201965332031 81.21025562286377
0 0.0168 519.5397567749023 252.99858093261716 570.8500289916992 277.0872497558593
0 0.0167 445.32371520996094 98.79194259643556 484.8545837402344 131.33169174194336
0 0.0156 125.36241054534912 138.7057876586914 164.81943607330322 171.41033172607422
0 0.0154 29.578628540039062 172.96705245971677 80.81597328186035 197.11824417114258
0 0.0153 169.15773391723633 133.28220367431638 221.18947982788086 156.80625915527344
0 0.0153 0.0 -80.0 320.47889709472656 89.69043731689452
0 0.0152 420.68248748779297 171.83946609497067 448.93123626708984 218.17361831665036
0 0.0142 174.970703125 189.49228286743164 215.18157958984375 220.69395065307617
0 0.0142 335.5960464477539 148.14125061035153 374.61055755615234 181.92665100097656
0 0.0140 380.6613540649414 141.67749404907227 408.9565658569336 188.3017921447754
0 0.0137 330.68729400634766 311.8795394897461 358.9255142211914 358.14243316650385
0 0.0136 609.1563606262207 262.84706115722656 638.7499809265137 287.18147277832026
0 0.0132 0.7660913467407227 142.60711669921872 28.831663131713867 187.58861541748047
0 0.0128 300.6943130493164 311.94217681884766 328.91712188720703 358.0942916870117
0 0.0127 389.92820739746094 112.69025802612303 440.5072784423828 137.3917198181152
0 0.0126 415.0425338745117 19.347105026245114 455.1156234741211 50.82596778869629
0 0.0123 79.89162683486938 172.7175712585449 130.54000616073608 197.36448287963864
0 0.0122 65.0933837890625 79.2637300491333 105.06681442260742 110.90175151824951
0 0.0119 330.0088882446289 122.61615753173827 380.4378890991211 147.4638748168945
0 0.0119 429.85565185546875 -47.25904941558837 480.57289123535156 -22.659296989440914
0 0.0119 360.71582794189453 312.12047576904297 388.8913345336914 357.9555892944336
0 0.0119 129.44339752197266 103.0767822265625 180.93442916870117 127.01049804687499
0 0.0118 388.7300491333008 63.562793731689446 441.5755844116211 86.52498245239258
0 0.0117 608.9509773254395 542.6692008972168 638.7499809265137 558.7500190734863
0 0.0114 509.46537017822266 283.05419921874994 560.9161758422852 307.0320892333984
0 0.0113 609.1981315612793 292.8171920776367 638.7500190734863 317.21126556396484
0 0.0113 375.6275939941406 188.05038452148438 414.5835876464844 222.00992584228516
0 0.0113 269.9357318878174 212.67173767089844 320.50318717956543 237.40848541259766
0 0.0112 255.4430389404297 318.5242080688476 294.7462463378906 351.5761947631836
0 0.0111 499.13124084472656 323.29296112060547 551.2148284912109 346.7944717407226
0 0.0111 325.4987335205078 188.38617324829102 364.6968078613281 221.70244216918945
0 0.0109 199.9329376220703 322.6764678955078 250.50514221191406 347.40409851074213
0 0.0109 318.3314037322998 -76.19100570678711 371.9372272491455 -53.72266292572021
0 0.0108 470.0294494628906 252.59231567382815 520.4212188720703 277.486572265625
0 0.0106 219.19954299926758 223.24307441711426 271.1541175842285 246.84390068054196
0 0.0105 135.24285793304443 178.95952224731445 174.92907047271729 211.17883682250977
0 0.0104 249.63104248046875 292.93045043945307 300.7687759399414 317.15492248535156
0 0.0102 335.4290771484375 278.5573196411133 374.7587585449219 311.5459823608398
0 0.0100 390.0672912597656 312.5675964355469 440.38658142089844 337.5117492675781
