0 0.2753 -14.880921691656114 388.5039985179901 93.6044417321682 471.6803729534149
0 0.2041 93.66455674171448 3.3467933535575867 164.52306509017944 35.62570363283157
0 0.1717 -6.437063217163084 352.6039123535156 61.632275581359856 389.31804895401
0 0.1398 54.78876829147339 9.771808981895447 94.01044249534607 29.351312667131424
0 0.1349 8.025117218494415 9.67126339673996 47.03895002603531 29.4497013092041
0 0.1318 35.424068570137024 482.9043000936508 66.32745265960693 499.0234524011612
0 0.1236 163.37395459413528 2.5833621621131897 204.08206433057785 20.923025906085968
0 0.1178 100.09263455867766 419.6079969406128 166.0958081483841 471.1923599243164
0 0.1175 103.95511239767075 35.089194774627686 193.89960914850235 73.87816160917282
0 0.1149 74.88328218460083 466.6160047054291 105.00359535217285 494.31905150413513
0 0.1143 4.179157316684724 482.8875660896301 35.07330268621445 499.0234375
0 0.1004 -62.5 402.45211124420166 -16.7294330894947 448.8341212272644
0 0.0997 63.93562257289886 352.505624294281 131.89767301082608 389.409601688385
0 0.0902 -26.65428817272186 466.43760800361633 3.429181873798369 494.4835603237152
0 0.0893 63.19141387939453 32.540496438741684 101.334810256958 53.431276232004166
0 0.0859 -57.88837373256683 450.7989287376404 -27.837608009576797 478.87104749679565
0 0.0856 -57.86765366792679 372.51657247543335 -27.84684300422668 400.8913040161133
0 0.0803 12.17745244503021 29.81584519147873 42.67062246799468 56.17622286081314
0 0.0796 105.9301495552063 475.0397056341171 136.42612099647522 499.0234524011612
0 0.0780 -31.607650220394135 10.147582739591599 8.476167917251585 28.98114174604416
0 0.0713 132.44479894638062 363.1370961666107 203.86308431625366 394.62026953697205
0 0.0665 202.81681418418884 10.118845850229263 242.80545115470883 29.01073917746544
0 0.0636 39.46760669350624 315.0976598262787 109.36173424124716 348.8142788410187
0 0.0594 -3.248192369937896 326.05797052383423 26.87973529100418 353.6323308944702
0 0.0593 94.58474814891815 391.24196767807007 132.55782425403595 413.41298818588257
0 0.0506 -57.91398230940103 341.58605337142944 -27.82341744750738 369.346559047699
0 0.0501 133.4969848394394 399.7391164302826 171.65245115756989 420.6083118915558
0 0.0496 137.0743066072464 475.3430485725403 167.76637732982635 499.0234375
0 0.0495 -19.222171977162358 30.17447516322136 11.55474968254566 55.84817752242088
0 0.0475 -58.42762067914009 483.1859916448593 -27.335111051797863 499.0234524011612
0 0.0450 59.18945372104644 52.844710648059845 89.42945301532745 79.98862117528915
0 0.0429 132.39401578903198 331.9619596004486 203.91583442687988 363.3019030094147
0 0.0421 8.196324110031126 56.36751651763916 46.894878149032586 76.49737596511841
0 0.0407 171.88800126314163 400.4806578159332 211.2734243273735 419.89484429359436
0 0.0395 195.7036852836609 32.927218824625015 234.38769578933713 53.06306108832359
0 0.0360 168.37725043296814 444.00763511657715 198.96486401557922 470.120370388031
0 0.0336 164.3875613808632 423.62165451049805 203.1933292746544 443.6209797859192
0 0.0326 -54.11474779248237 1.7764419317245483 -32.132234424352646 37.37347573041916
0 0.0307 0.3448799252510088 306.40941858291626 39.114974439144135 326.4569640159607
0 0.0302 168.2470440864563 475.5336195230484 199.08490777015686 499.0234225988388
0 0.0300 149.07100796699524 291.30083322525024 218.5225784778595 325.70821046829224
0 0.0272 129.36091423034668 76.69727504253387 159.86207127571103 103.04534435272217
0 0.0263 46.2874211370945 277.5159180164337 118.14510449767113 308.3937466144562
0 0.0261 248.87293577194214 10.683942586183548 290.41492938995356 28.44719961285591
0 0.0250 4.305802285671232 76.84247940778732 34.91029888391495 102.91240364313126
0 0.0243 160.50902754068375 76.95150375366211 191.2024840712547 102.81270742416382
0 0.0242 199.3463635444641 444.6311891078949 230.47012090682983 469.55105662345886
0 0.0236 202.86372303962708 377.2643506526947 242.76509881019592 396.2390720844269
0 0.0229 148.82243424654007 252.6291310787201 218.75589340925217 286.28531098365784
0 0.0229 98.1505811214447 76.5899121761322 128.57753038406372 103.14372181892395
0 0.0221 7.347203791141508 283.6749255657196 47.63238877058029 302.33076214790344
0 0.0221 -62.5 37.661219015717506 -35.43677181005478 63.95865045487881
0 0.0214 199.44512844085693 475.65758228302 230.38119077682495 499.0234375
0 0.0205 202.82936096191406 424.1686165332794 242.79493093490598 443.0854618549347
0 0.0203 191.75586104393005 61.329349875450134 222.45582938194272 87.18511462211609
0 0.0195 -61.97379529476166 306.0891628265381 -39.888983592391014 342.35382080078125
0 0.0194 -27.069883421063423 61.502786353230476 3.774257376790047 87.02666871249676
0 0.0189 210.68352460861203 400.69836378097534 250.57065486907956 419.68029737472534
0 0.0188 -34.77761894464493 311.2618327140808 -4.132874310016634 337.246835231781
0 0.0186 53.69865894317626 246.82600051164627 126.36327743530273 276.6333743929863
0 0.0186 203.08127999305725 353.64723205566406 242.57436394691467 372.9782700538635
0 0.0184 295.5916225910187 2.9647238552570343 337.43229508399963 20.540472120046616
0 0.0182 55.05204200744629 79.81584966182709 93.78796815872191 99.9235063791275
0 0.0177 233.96095633506775 33.637356013059616 274.14920926094055 52.36809328198433
0 0.0170 163.37373852729797 229.14718091487885 204.08204197883606 247.48437106609344
0 0.0168 241.49459600448606 389.51025903224945 436.5234375 499.0234524011612
0 0.0161 194.3356394767761 0.0 436.5234375 351.88692808151245
0 0.0158 109.55774784088133 306.5701127052307 148.62796664237976 326.3009786605835
0 0.0154 6.79032504558563 260.6182396411896 48.13235998153686 278.51322293281555
0 0.0152 162.59967535734177 206.197127699852 204.78291064500806 223.55733811855316
0 0.0149 -61.96170300245285 63.99330496788025 -39.90349918603897 100.09372234344482
0 0.0149 92.86853671073914 221.46254777908325 133.94325971603394 239.5438253879547
0 0.0146 148.42406660318375 103.62210869789124 187.86021322011948 123.00299108028412
0 0.0140 191.4858818054199 93.16074103116989 222.70232439041135 117.90478974580765
0 0.0128 84.54909920692442 190.52888453006744 126.5900433063507 207.97602832317352
0 0.0127 45.691490173339844 229.4662594795227 87.34166622161864 247.1643090248108
0 0.0126 207.37969875335693 326.9648253917694 238.0810976028442 352.80051827430725
0 0.0120 45.63507437705994 206.06596767902374 87.39227056503294 223.68977963924408
0 0.0116 222.89440035820007 53.77408675849438 253.80626320838925 79.13766987621784
0 0.0113 113.46776783466339 108.56088995933533 144.47955787181854 133.73462855815887
0 0.0111 -39.42641615867615 291.40856862068176 0.6679296493530265 310.2210462093353
0 0.0110 288.10250759124756 26.202082633972168 329.32645082473755 44.179320335388184
0 0.0109 37.418246269226074 182.8639805316925 79.94841039180756 200.01444220542908
0 0.0104 -27.077091857790947 92.76680648326874 3.781003877520561 118.26387047767639
0 0.0103 -1.212984323501587 237.2986003756523 40.49302637577057 254.9571469426155
0 0.0101 146.83741331100464 182.83656239509583 189.2836093902588 200.0417709350586
0 0.0100 175.83289742469785 124.46386739611626 207.10346102714536 149.1064615547657
