0 0.1079 -0.5657329559326023 216.58269882202148 37.871881484985366 253.36137771606445
0 0.0872 39.421020507812514 206.92447662353516 77.85619354248048 243.04546356201172
0 0.0870 -0.5681648254394382 176.81367874145508 37.853961944580085 213.1477928161621
0 0.0867 -0.5640926361083864 256.6489791870117 37.86411857604982 293.30005645751953
0 0.0780 -40.636753082275376 207.19097137451172 -2.1026077270507657 242.79983520507812
0 0.0778 39.421936035156264 246.90793991088867 77.85668945312501 283.06074142456055
0 0.0599 -40.71131134033202 167.52416610717773 -2.048992156982407 202.4930763244629
0 0.0590 -40.666696071624735 247.31285095214844 -2.0798935890197607 282.68760681152344
0 0.0589 39.407077789306655 167.01557159423828 77.86372756958009 202.96142578125
0 0.0549 79.42660903930665 226.86609268188477 117.85514450073244 263.0993843078613
0 0.0487 -0.6214084625244002 297.1705913543701 37.881875991821296 332.8184986114502
0 0.0469 79.33690643310548 267.36507415771484 117.91120147705078 302.63938903808594
0 0.0468 79.4183120727539 186.93754196166992 117.85810089111328 223.03342819213867
0 0.0464 39.348889350891135 287.31903076171875 77.90185070037843 322.68177032470703
0 0.0404 -0.6959857940673676 137.49553680419922 37.93633079528809 172.51935958862305
0 0.0369 124.08094024658203 241.16037368774414 152.5536117553711 288.72732162475586
0 0.0314 -0.8201351165771356 337.9024124145508 38.03856468200685 372.1456527709961
0 0.0310 79.2618522644043 307.6537227630615 117.96928024291992 342.3739719390869
0 0.0308 124.07947158813478 191.15509033203125 152.55542373657227 238.73241424560547
0 0.0301 39.20201873779299 327.83477783203125 78.01992034912111 362.2077178955078
0 0.0301 -40.81220054626463 287.8365993499756 -1.96416282653807 322.2061252593994
0 0.0280 154.12612533569336 241.43316268920898 182.49900436401367 288.4994316101074
0 0.0276 -56.182512283325174 142.31152057647705 -6.324199676513657 167.7589750289917
0 0.0271 129.21254730224612 287.79857635498047 168.01141357421875 322.2409439086914
0 0.0254 -106.49999999999997 299.8858642578125 532.25 638.75
0 0.0248 53.909660339355476 142.23684310913086 103.59403228759767 167.83319473266602
0 0.0240 104.09284210205078 162.03853607177734 153.44083404541016 188.02440643310547
0 0.0240 153.91187286376953 182.24027633666992 203.5910186767578 207.8304100036621
0 0.0239 84.13859939575195 341.5164566040039 112.48397445678712 388.43151092529297
0 0.0239 -81.03189969062802 188.45991134643555 -41.77575373649596 221.6349983215332
0 0.0229 -106.49999999999997 0.0 404.4122848510742 281.5149688720703
0 0.0227 119.06337356567383 328.22662353515625 158.13922500610352 361.84844970703125
0 0.0221 -106.49999999999997 148.09289932250977 -71.89506912231442 181.9710350036621
0 0.0214 184.16537857055664 261.70799255371094 212.45174026489258 308.277587890625
0 0.0209 159.2582664489746 207.6661491394043 197.97217941284177 242.3625373840332
0 0.0198 -105.82174205780026 221.82977676391602 -77.56356143951413 268.1846046447754
0 0.0194 19.062863349914565 378.2271957397461 58.13977336883546 411.8479537963867
0 0.0188 89.28557968139648 387.5718307495117 127.95009231567383 422.44922637939453
0 0.0187 168.97304153442383 308.4391403198242 208.22070693969727 341.65401458740234
0 0.0181 114.10604095458987 362.02564239501953 163.42950439453125 388.03699493408203
0 0.0181 163.38605499267578 342.7188491821289 214.04553985595706 367.36278533935547
0 0.0179 13.033348083496108 612.992057800293 64.35809707641603 637.0923233032227
0 0.0175 -75.77457809448241 222.21181869506836 -47.620033264160135 267.8863716125488
0 0.0175 119.17564010620117 427.91812896728516 158.0418357849121 462.13123321533203
0 0.0173 129.17562103271484 387.9228973388672 168.04143524169925 422.12684631347656
0 0.0172 -41.04709053039549 328.4714889526367 -1.7597141265869003 361.6244888305664
0 0.0169 173.22995758056643 152.85322189331055 224.18130493164062 177.2313117980957
0 0.0168 203.07287788391116 182.97813415527344 254.31965446472168 207.10811614990234
0 0.0164 19.0280113220215 418.3094787597656 58.17119216918947 451.7726135253906
0 0.0161 3.835025787353526 112.31910705566406 53.65594482421876 137.75415420532227
0 0.0161 84.15473556518556 421.6322326660156 112.46455764770509 468.3384704589844
0 0.0155 -67.10702323913573 613.0993270874023 -15.517629623413074 636.986198425293
0 0.0155 103.4970054626465 132.6293182373047 153.94767379760745 157.45128631591797
0 0.0152 159.0474090576172 448.25450897216797 198.15461730957034 481.82300567626953
0 0.0151 198.95249938964844 218.5010528564453 238.23785400390625 251.5973663330078
0 0.0149 -21.003593444824205 378.3882522583008 18.19924926757814 411.70055389404297
0 0.0149 214.18172454833984 271.83374404907227 242.43215179443357 318.1781578063965
0 0.0148 18.832832336425795 458.7649917602539 58.34693527221681 491.35631561279297
0 0.0146 153.32740402221677 122.77542114257812 204.09537887573242 147.30810165405273
0 0.0144 73.07881927490236 612.9586410522461 124.31748962402344 637.1255111694336
0 0.0142 -41.13489294052122 108.6895751953125 -1.6820206642150752 141.4251708984375
0 0.0140 502.47600173950195 622.6505279541016 532.2499809265137 638.75
0 0.0139 169.25401306152344 397.67459869384766 207.97616577148438 432.35477447509766
0 0.0139 109.00098419189455 468.38146209716797 148.1947479248047 501.7067337036133
0 0.0136 -105.78796291351316 102.09719657897949 -77.60404491424558 147.9748249053955
0 0.0133 132.82687759399414 93.15607070922852 184.53952407836917 116.93098068237305
0 0.0131 133.06840515136722 612.9655075073242 184.3269500732422 637.1185684204102
0 0.0125 -105.79991245269773 272.0005416870117 -77.5897350311279 318.0502700805664
0 0.0122 53.174377441406264 112.89897918701172 104.22998046875001 137.18633651733398
0 0.0120 -15.718358993530257 602.7837944030762 12.31335258483888 638.7500190734863
0 0.0119 -21.129411697387678 418.68133544921875 18.312593460083022 451.4326477050781
0 0.0118 68.9917335510254 468.3972930908203 108.20365524291994 501.69227600097656
0 0.0117 219.11992645263672 318.0709934234619 258.0902633666992 351.99103355407715
0 0.0117 12.731719970703141 583.2252883911133 64.62428665161133 606.8622970581055
0 0.0116 406.19212722778315 0.0 532.2499809265136 69.84923839569092
0 0.0116 -106.49999999999997 602.8871154785156 -65.76910400390624 627.1967315673828
0 0.0115 174.05267333984372 372.07557678222656 223.4757385253906 397.98805236816406
0 0.0115 199.26400756835938 447.63099670410156 237.968994140625 482.3948669433594
0 0.0115 148.74677276611328 488.95153045654297 188.42542266845703 521.1861038208008
0 0.0113 -67.86049270629881 583.6194229125977 -14.842351913452134 606.4680099487305
0 0.0112 243.0449447631836 63.001041412353516 294.34415435791016 87.08564758300781
0 0.0111 222.98093414306638 143.03773403167725 274.4033584594726 167.04782962799072
0 0.0109 8.68015861511232 499.08946990966797 48.48667716979981 531.0604476928711
0 0.0108 161.57437896728516 3.964266777038574 215.67041015625003 26.121292114257812
0 0.0105 -21.282400131225568 459.0104293823242 18.452421188354506 491.1324691772461
0 0.0103 132.58843994140625 63.32214117050171 184.75331878662107 86.76532983779907
0 0.0102 238.52590179443357 209.3925666809082 278.6296615600586 240.78458786010742
0 0.0100 12.862182617187514 553.1280517578125 64.50852966308595 576.9585418701172
