0 0.4730 418.4458541870117 211.31606101989743 604.0490341186523 288.74924659729004
0 0.4305 190.72525024414062 130.09801864624026 411.5412902832031 229.29830551147458
0 0.4098 0.0 50.09801864624023 211.54129028320312 149.2983055114746
0 0.2560 17.864627838134766 154.5871353149414 183.34039688110352 285.88314056396484
0 0.2357 217.8646183013916 -5.412864685058598 383.340368270874 125.88314056396483
0 0.2256 418.4458541870117 131.31603240966797 604.0490341186523 208.74923706054685
0 0.1998 418.4458541870117 291.3160705566406 604.0490341186523 368.7492370605468
0 0.1696 18.44585418701172 -28.68397712707519 204.04903411865234 48.74924659729003
0 0.1473 177.8646183013916 234.58713531494138 343.340368270874 365.88314056396484
0 0.0590 398.4458541870117 51.31602764129638 584.0490341186523 128.74924182891843
0 0.0405 360.758056640625 224.44352149963376 418.6219787597656 316.526403427124
0 0.0337 19.002437591552734 -56.61448359489441 71.32956504821777 -33.297282457351685
0 0.0322 53.06253433227539 284.91416931152344 168.19150924682617 334.5640563964843
0 0.0260 498.4458923339844 -28.68397712707519 638.75 48.74924659729003
0 0.0243 233.06254386901855 -55.08583068847656 348.191499710083 -5.435953140258787
0 0.0227 453.0625534057617 384.91416931152344 568.1914901733398 434.5640563964844
0 0.0196 388.11859130859375 -22.901744842529297 472.6026153564453 43.12622070312499
0 0.0173 574.3924140930176 404.83680725097656 638.7499809265137 454.74700927734375
0 0.0169 74.34863567352295 -80.0 186.86928272247314 -45.25578498840333
0 0.0168 0.0 389.9971199035644 320.47874450683594 558.7499809265137
0 0.0147 0.0 148.30684661865232 24.92959976196289 181.7767333984375
0 0.0146 375.58349609375 318.16944122314453 414.6220397949219 351.9008255004882
0 0.0146 588.6067390441895 57.01847553253173 638.7499809265137 123.19606304168701
0 0.0140 0.0 12.259798049926758 18.947346210479736 57.9158878326416
0 0.0139 480.9901428222656 475.98112106323237 638.75 558.7500190734862
0 0.0138 575.2654266357422 -79.99999999999999 638.75 -45.12511253356933
0 0.0123 600.8639335632324 244.3838882446289 638.7500190734863 336.4490127563476
0 0.0115 0.0 -37.55938529968261 18.924580812454224 7.778968811035155
0 0.0107 200.66900253295898 -38.266754150390625 228.94739151000977 8.257246017456053
