0 0.1355 286.34307861328125 -51.64443397521971 343.7632369995117 -31.2860527038574
0 0.1255 346.8222427368164 -41.870502471923814 403.31966400146484 -21.054376602172837
0 0.1029 276.55235290527344 -31.740039825439432 333.56895446777344 -11.187690734863263
0 0.0939 276.59247398376465 -71.76258587837216 333.53272438049316 -51.16524004936216
0 0.0768 336.7641067504883 -71.84498691558835 393.37406158447266 -51.08095073699949
0 0.0700 227.21101760864258 -52.06418895721434 282.9611396789551 -30.856656074523908
0 0.0638 37.87086486816406 -52.42410564422606 92.35720634460449 -30.49225711822508
0 0.0602 98.9773178100586 -53.09706592559813 151.35204315185547 -29.81461429595946
0 0.0538 247.08511352539062 -92.00325393676755 303.07777404785156 -70.91927909851073
0 0.0525 0.0 -93.43956613540648 50.92280387878418 -69.47400236129758
0 0.0463 53.06253433227539 -101.58583068847655 168.19150924682617 -51.93595314025877
0 0.0454 387.8391647338867 -22.403577804565415 442.3855972290039 -0.5125942230224463
0 0.0454 306.87381744384766 -91.89951324462888 363.2729721069336 -71.02540397644042
0 0.0427 0.0 -67.37574005126952 35.00109672546387 -35.471271514892564
0 0.0401 28.188724517822266 -22.604097366332994 82.06657409667969 -0.3099575042724468
0 0.0397 158.74277114868164 -42.939714431762674 211.56282424926758 -19.97167015075682
0 0.0351 317.3753356933594 -12.152294158935533 372.8106689453125 9.232498168945327
0 0.0308 407.28221893310547 -52.10582637786863 462.89676666259766 -30.81511402130125
0 0.0292 89.4780445098877 -23.456272125244123 140.905122756958 0.5423698425293114
0 0.0284 218.07706832885742 -22.5331344604492 272.1670341491699 -0.3806724548339698
0 0.0260 449.70054626464844 36.372004508972175 500.7081604003906 60.71222400665284
0 0.0254 0.0 193.38586425781247 638.75 532.25
0 0.0245 167.94023513793945 -72.45774650573729 222.29257583618164 -50.45733833312987
0 0.0230 368.0571746826172 197.4721393585205 422.18658447265625 219.61300468444824
0 0.0220 378.08929443359375 167.45170211791992 432.1576690673828 189.63336563110352
0 0.0216 366.8963623046875 -91.91045665740964 423.2521057128906 -71.01419830322264
0 0.0214 187.62470245361328 -102.28739643096921 242.5823211669922 -80.63063526153562
0 0.0210 289.3208599090576 86.66085815429689 341.0448169708252 110.42626953125
0 0.0206 439.4560241699219 6.558547973632827 490.92506408691406 30.527454376220717
0 0.0205 449.1647720336914 -23.231023788452134 501.1849594116211 0.3183040618896628
0 0.0203 0.7783222198486328 -33.768297672271714 28.817174434661865 10.99578714370729
0 0.0193 509.1292190551758 -43.20101165771482 561.215705871582 -19.710887908935533
0 0.0177 318.1482791900635 157.4202880859375 372.10326194763184 179.66554260253906
0 0.0175 418.095703125 217.44859313964847 472.15171813964844 239.63662719726562
0 0.0165 459.3949890136719 66.60537338256837 510.97900390625 90.48122024536133
0 0.0164 318.3998107910156 217.2723541259766 371.87400817871094 239.8149261474609
0 0.0161 428.36780548095703 187.2873077392578 481.9040298461914 209.79920959472656
0 0.0158 299.1385746002197 116.78535079956055 351.2087917327881 140.3017387390137
0 0.0157 339.36038970947266 76.63661575317384 391.0085678100586 100.45096969604492
0 0.0156 399.0441131591797 56.84920883178712 451.2937927246094 80.23788070678711
0 0.0149 308.31833839416504 187.32125854492188 361.9480800628662 209.76564025878903
0 0.0143 249.28939819335938 176.68603515625 301.07234954833984 200.4015884399414
0 0.0141 438.52672576904297 157.19142532348633 491.75952911376953 179.89589309692383
0 0.0141 259.0407371520996 206.85899353027344 311.29526138305664 230.2291259765625
0 0.0140 378.697509765625 7.0845184326172 431.6047668457031 30.003334045410167
0 0.0139 368.6802673339844 137.08722686767578 421.6221618652344 159.99940490722656
0 0.0133 288.60819816589355 57.142292022705085 341.68530464172363 79.94552230834961
0 0.0130 28.604211807250977 7.144161224365248 81.68906211853027 29.943557739257823
0 0.0128 259.25214767456055 146.71247100830078 311.1056709289551 170.3752670288086
0 0.0124 274.08329010009766 -5.559209823608386 316.02245330810547 22.88410758972169
0 0.0119 608.9639472961426 516.159740447998 638.7499809265137 532.2500190734863
0 0.0118 574.3924140930176 158.3368263244629 638.7499809265137 208.24702835083008
0 0.0116 499.7439193725586 -13.657859802246078 550.6689834594727 10.742240905761733
0 0.0115 349.47017669677734 106.55000305175781 400.9120559692383 130.53617095947266
0 0.0113 239.22103881835938 106.73453903198244 291.1334991455078 130.35331344604492
0 0.0112 228.79451751708984 77.02338790893556 281.51683807373047 100.0648078918457
0 0.0111 518.7467193603516 -72.9473247528076 571.5603637695312 -49.964775085449205
0 0.0109 409.00501251220703 86.87810516357423 461.3284683227539 110.2093276977539
0 0.0106 574.3924140930176 -81.66318321228025 638.7499809265137 -31.75297164916991
0 0.0105 374.51610565185547 223.78129577636716 415.6095504760742 253.47886657714844
0 0.0105 468.99402618408203 96.88953018188477 521.3374710083008 120.19847488403319
