0 0.1039 175.11224746704102 155.39535522460938 234.90591049194336 174.65957641601562
0 0.0981 116.16931915283203 164.93907928466794 173.92332077026367 185.12901306152344
0 0.0940 185.46607971191406 175.24894714355466 244.57618713378906 194.8107147216797
0 0.0855 116.0330057144165 145.00099182128906 174.0496587753296 165.0655364990234
0 0.0837 126.30653381347656 184.87722396850586 183.79592895507812 205.1926231384277
0 0.0787 175.00953674316406 135.43516159057617 235.0021743774414 154.61809158325195
0 0.0785 234.27618026733398 155.72473526000977 295.68647384643555 174.3189811706543
0 0.0727 244.56731796264648 175.6137466430664 305.4141426086426 194.4340896606445
0 0.0617 186.25341415405273 194.90221023559567 243.8450050354004 215.1671028137207
0 0.0554 234.3931770324707 135.67703247070312 295.57790756225586 154.3677520751953
0 0.0536 116.04228496551514 124.99521255493163 174.04144763946533 145.07116317749023
0 0.0490 294.58048820495605 155.6041145324707 355.40303230285645 174.4431114196777
0 0.0489 245.3765106201172 195.2882957458496 304.65911865234375 214.77045059204102
0 0.0416 175.4010772705078 115.27070999145508 234.6380615234375 134.78715896606445
0 0.0376 57.508840560913086 154.2769622802734 112.68813133239746 175.8043670654297
0 0.0371 294.6356678009033 135.58019638061523 355.35204887390137 154.46737289428708
0 0.0368 305.24417877197266 175.33702850341797 364.78397369384766 194.7189712524414
0 0.0358 67.68880605697632 184.18251037597656 122.52250909805298 205.90068817138672
0 0.0326 116.16586685180664 104.93947982788086 173.92681121826172 125.12838363647461
0 0.0299 57.37375020980835 124.34818267822263 112.8122353553772 145.73196411132812
0 0.0284 235.12195587158203 115.38562774658203 294.89830017089844 134.66846466064453
0 0.0268 137.3225975036621 214.38022613525388 192.85802841186523 235.70026397705078
0 0.0258 305.79517364501953 195.10265350341794 364.27135467529297 214.96036529541016
0 0.0254 0.0 219.8858642578125 638.75 558.75
0 0.0249 96.6380500793457 84.71874237060547 153.48981857299805 105.3544235229492
0 0.0248 175.92687606811523 95.04301071166991 234.14945602416992 115.02138137817383
0 0.0243 206.95112228393555 214.56914901733398 263.2000160217285 235.50779342651364
0 0.0229 0.0 -79.99999999999999 510.9122848510742 201.51496887207028
0 0.0226 356.74259185791016 144.66073989868164 413.3950424194336 165.41234970092773
0 0.0219 427.92980194091797 134.04378890991208 482.3031234741211 156.04040145874023
0 0.0202 295.2335739135742 115.33742904663085 354.79488372802734 134.71776962280273
0 0.0199 266.2290954589844 214.91424560546875 323.8673400878906 235.154914855957
0 0.0193 235.91337203979492 95.048770904541 294.1620445251465 115.01539230346678
0 0.0174 37.43868827819824 94.31297302246094 92.7528190612793 115.76759338378906
0 0.0172 78.15662384033203 213.9177322387695 132.09514617919922 236.16847991943357
0 0.0170 156.43394947052002 74.81000900268553 213.67988109588623 95.26002883911131
0 0.0166 428.08460235595703 163.95896911621094 482.1609115600586 186.12674713134766
0 0.0159 418.35227966308594 103.79323959350586 471.9189453125 126.29270553588867
0 0.0156 357.0759963989258 114.49325561523436 413.0880355834961 135.5828857421875
0 0.0154 97.21034049987793 54.432106018066406 152.96269416809082 75.64641952514648
0 0.0154 608.688793182373 123.16703796386716 638.7500190734863 146.86126708984375
0 0.0153 216.4413070678711 74.8086404800415 273.6725616455078 95.26181697845458
0 0.0153 367.3511505126953 174.35468673706055 422.83424377441406 195.7244300842285
0 0.0148 7.938947677612305 184.04212951660153 62.2939395904541 206.04263305664062
0 0.0145 295.9883499145508 95.0118064880371 354.0933609008789 115.0527000427246
0 0.0138 0.0 123.64105224609372 51.67865753173828 146.4472198486328
0 0.0137 276.5333938598633 74.76216793060303 333.5881042480469 95.30882358551025
0 0.0135 608.6376953125 93.19820404052733 638.75 116.82964324951172
0 0.0134 512.6921272277832 -80.0 638.7499809265137 -10.150761604309086
0 0.0134 608.9216613769531 153.01252365112305 638.75 177.01631546020508
0 0.0130 0.0 153.5760498046875 51.585516929626465 176.51248931884763
0 0.0127 608.9507293701172 32.99118995666503 638.75 57.0374584197998
0 0.0126 37.8510856628418 64.08695220947264 92.37529754638672 85.99655151367186
0 0.0123 488.01841735839844 143.99614334106445 542.2215270996094 166.08903884887692
0 0.0122 608.844165802002 63.06270599365235 638.7499809265137 86.96573257446289
0 0.0121 478.3393096923828 113.80573272705078 531.9297027587891 136.2808609008789
0 0.0120 608.9940071105957 542.6359558105469 638.7499809265137 558.7499999999999
0 0.0119 608.9778327941895 2.973146438598631 638.7499809265137 27.055597305297848
0 0.0119 196.72956466674805 54.67240333557128 253.40578079223633 75.40139198303223
0 0.0118 17.613954544067383 214.22288894653317 72.59117126464844 235.8596611022949
0 0.0117 226.63585662841797 274.71893310546875 283.49205017089844 295.3540802001953
0 0.0114 107.9248571395874 244.04510498046872 162.3079538345337 266.038818359375
0 0.0112 326.99180603027344 214.5438575744629 383.16368103027344 235.5327033996582
0 0.0110 357.9767608642578 84.00970458984375 412.2618865966797 106.07368469238281
0 0.0109 574.3924140930176 184.8368263244629 638.7499809265137 234.74702835083008
0 0.0107 167.55409240722656 244.25376892089844 222.64636993408203 265.8280944824218
0 0.0105 448.3231735229492 193.8179016113281 501.9437789916992 216.26895904541016
0 0.0104 137.5402069091797 34.25649642944336 192.66021728515625 55.824546813964844
0 0.0104 548.8283920288086 133.49170684814453 601.4883041381836 156.59515380859375
0 0.0104 117.97889709472656 274.0184783935547 172.25767135620117 296.0664367675781
0 0.0103 287.55645751953125 274.25384521484375 342.6438903808594 295.8282470703125
0 0.0103 608.8546562194824 293.0575942993164 638.7500190734863 316.9710922241211
0 0.0102 608.7794303894043 243.10676574707028 638.7500190734863 266.9216918945312
