0 0.0749 427.4903869628906 4.28469181060791 482.7055358886719 25.796175003051758
0 0.0716 358.22681427001953 3.8738441467285156 412.03182220458984 26.212353706359863
0 0.0513 298.23123931884766 3.8703298568725586 352.0280075073242 26.215758323669434
0 0.0489 257.9070854187012 184.05410766601562 312.3244285583496 206.02954864501953
0 0.0470 78.71204376220703 473.5790252685547 131.59080505371094 496.5093994140625
0 0.0467 469.0115737915039 93.3753776550293 521.3222122192383 116.7123031616211
0 0.0437 258.63210678100586 153.61934185028076 311.66540145874023 176.46740436553955
0 0.0424 488.0363464355469 3.981504440307617 542.2061157226562 26.1031436920166
0 0.0424 469.4229507446289 123.08426856994629 520.9542465209961 147.00209617614746
0 0.0415 468.7446975708008 63.55226516723633 521.5625381469727 86.53538703918457
0 0.0414 257.56752014160156 214.24470901489258 312.63450622558594 235.8370018005371
0 0.0413 437.7118682861328 34.16820526123047 492.5017547607422 55.914907455444336
0 0.0405 257.37369537353516 264.3487548828125 312.8121566772461 285.7314682006836
0 0.0390 238.24285507202148 3.8643312454223633 292.0171928405762 26.22194766998291
0 0.0390 268.9965534210205 123.3875846862793 321.33524894714355 146.70038223266602
0 0.0386 78.3262825012207 443.8154602050781 131.94110870361328 466.2713623046875
0 0.0372 257.7740669250488 294.13610458374023 312.4443244934082 315.94778060913086
0 0.0368 89.20794486999512 503.24485778808594 141.14497184753418 526.8431854248047
0 0.0355 239.0279197692871 473.3685302734375 291.30659103393555 496.71974182128906
0 0.0348 408.59439849853516 113.65153312683105 461.6976547241211 136.4363193511963
0 0.0342 469.5401382446289 172.99230575561523 520.850944519043 197.09272384643555
0 0.0341 99.50004577636719 533.031120300293 150.88476181030273 557.0553970336914
0 0.0338 268.262414932251 323.85631561279297 321.9985866546631 346.23058319091797
0 0.0338 68.42996597290039 413.74950408935547 121.84761047363281 436.33724212646484
0 0.0331 533.062572479248 84.9141788482666 638.7500190734863 134.5640468597412
0 0.0329 138.87937545776367 473.4678649902344 191.4402961730957 496.6204071044922
0 0.0327 348.5748291015625 113.66239547729492 401.7156982421875 136.42520904541016
0 0.0325 279.03202056884766 93.36312294006348 331.30348205566406 116.72476768493652
0 0.0321 239.37889099121094 533.1195068359375 290.9928512573242 556.9674682617188
0 0.0320 68.46452713012695 383.7284469604492 121.81621551513672 406.3584518432617
0 0.0319 249.21831130981445 503.2356643676758 301.13611221313477 526.8520736694336
0 0.0318 449.07276153564453 203.32630157470703 501.26880645751953 226.76025390625
0 0.0315 38.12957763671875 3.9284181594848633 92.12093353271484 26.15689754486084
0 0.0306 118.46070766448975 3.7316036224365234 171.81951999664307 26.355414390563965
0 0.0306 89.46853637695312 563.0516052246094 140.9134292602539 587.0346832275391
0 0.0304 338.4065628051758 33.766775131225586 391.86817169189453 56.320343017578125
0 0.0298 119.2763900756836 83.19604873657227 171.08383178710938 106.89172744750977
0 0.0296 208.96820068359375 133.40720176696777 261.3606262207031 156.68086051940918
0 0.0293 385.36865234375 598.6917495727539 424.8137664794922 631.4231491088867
0 0.0291 297.4900436401367 244.285888671875 352.70565032958984 265.7951354980469
0 0.0290 248.83481979370117 63.49424362182617 301.48107528686523 86.59358978271484
0 0.0289 198.69939804077148 163.5822296142578 251.60329818725586 186.5054702758789
0 0.0288 289.771089553833 612.7986526489258 340.6494426727295 637.2825241088867
0 0.0286 408.2100296020508 83.88361930847168 462.04708099365234 106.20247840881348
0 0.0286 149.43580627441406 543.0771636962891 200.94226837158203 567.0094299316406
0 0.0283 317.79751777648926 194.11773681640625 372.42411613464355 215.96553802490234
0 0.0281 345.2354049682617 608.957691192627 384.93762969970703 638.7499809265137
0 0.0279 249.33753967285156 563.1472396850586 301.03023529052734 586.939582824707
0 0.0277 258.7299919128418 353.56468200683594 311.5751838684082 376.5233612060547
0 0.0276 109.54141616821289 112.99793243408203 160.84844589233398 137.08799362182617
0 0.0273 228.81528854370117 443.50677490234375 281.49877548217773 466.58103942871094
0 0.0268 58.300039768218994 353.8278579711914 111.96571111679077 376.2583541870117
0 0.0267 248.86951446533203 383.475341796875 301.448974609375 406.6130828857422
0 0.0266 608.558521270752 13.249979019165039 638.7499809265137 36.77772521972656
0 0.0266 149.31020736694336 513.1697082519531 201.05405807495117 536.9176483154297
0 0.0265 278.52535247802734 33.69544506072998 331.7600631713867 56.39233112335205
0 0.0265 389.60670471191406 542.9496765136719 440.7902526855469 567.1360015869141
0 0.0265 208.18422317504883 243.89930725097656 262.0705223083496 266.1867141723633
0 0.0265 318.67756843566895 143.59712600708008 371.62280082702637 166.49066925048828
0 0.0264 198.6042022705078 193.64709854125977 251.68842315673828 216.44102096557617
0 0.0264 68.6049747467041 323.6390686035156 121.68936729431152 346.44798278808594
0 0.0263 348.0366897583008 383.9845275878906 402.20508575439453 406.1006164550781
0 0.0262 317.8617477416992 304.08504486083984 372.36461639404297 325.9991455078125
0 0.0261 498.6018371582031 33.64365577697754 551.6916656494141 56.44376754760742
0 0.0261 218.87990951538086 103.46621513366699 271.4401054382324 126.62186622619629
0 0.0258 299.15297508239746 483.2816696166992 351.194543838501 506.8062973022461
0 0.0258 425.22884368896484 608.9739990234375 464.9434280395508 638.75
0 0.0257 348.34503173828125 83.80326271057129 401.9242858886719 106.28348350524902
0 0.0256 389.60968017578125 572.9475021362305 440.78758239746094 597.1381759643555
0 0.0254 0.0 299.8858642578125 638.75 638.75
0 0.0254 299.50406074523926 533.027229309082 350.8813762664795 557.0591354370117
0 0.0253 299.5777416229248 572.9697418212891 350.81631660461426 597.1158599853516
0 0.0252 128.8100814819336 53.511643409729004 181.50314331054688 76.57634258270264
0 0.0251 387.94403076171875 194.03419494628906 442.29042053222656 216.0498809814453
0 0.0251 139.39363479614258 573.1082534790039 190.9798240661621 596.9785690307617
0 0.0250 239.0778350830078 413.33282470703125 291.2621307373047 436.75514221191406
0 0.0250 608.9179229736328 53.01502227783203 638.75 77.01379776000977
0 0.0249 69.08529281616211 293.32176208496094 121.25669479370117 316.76536560058594
0 0.0248 379.635009765625 512.9263305664062 430.7654571533203 537.1588897705078
0 0.0247 68.6204719543457 63.627214431762695 121.67579650878906 86.45957946777344
0 0.0244 208.7497329711914 313.55194091796875 261.5573501586914 336.5361022949219
0 0.0242 328.38260650634766 333.7808609008789 381.8900680541992 356.30611419677734
0 0.0241 38.07570457458496 33.95827293395996 92.17037200927734 56.12652778625488
0 0.0241 198.5716438293457 283.66857528686523 251.71770095825195 306.419620513916
0 0.0241 239.6595001220703 612.8923416137695 290.7468795776367 637.1906661987305
0 0.0240 418.75892639160156 143.5431718826294 471.5496826171875 166.54448986053467
0 0.0240 359.4041442871094 483.10108184814453 410.9703826904297 506.9858169555664
0 0.0239 199.29410934448242 573.1818008422852 251.0683250427246 596.9057083129883
0 0.0239 58.51874351501465 93.6915397644043 111.76779747009277 116.39505386352539
0 0.0238 85.27705192565918 598.8907623291016 124.8973560333252 631.2415313720703
0 0.0236 119.30176258087158 143.17251205444336 171.062273979187 166.91442489624023
0 0.0235 317.5834560394287 274.23641204833984 372.6197910308838 295.84545135498047
0 0.0234 138.68759155273438 443.5900115966797 191.61392211914062 466.4977264404297
0 0.0234 378.0642318725586 313.9692687988281 432.1798324584961 336.11610412597656
0 0.0232 505.38936614990234 198.6425018310547 544.7952651977539 231.46812438964844
0 0.0231 288.7394046783447 453.55918884277344 341.5665340423584 476.5289306640625
0 0.0231 574.3924140930176 144.8368263244629 638.7499809265137 194.74702835083008
0 0.0230 179.09101486206055 73.3261775970459 231.2497901916504 96.76209449768066
0 0.0230 194.91764068603516 479.5933151245117 235.23082733154297 510.6021499633789
0 0.0229 0.0 0.0 510.9122848510742 281.5149688720703
0 0.0228 448.7442398071289 233.54333877563477 501.56497955322266 256.5429878234863
0 0.0225 428.3414077758789 383.80523681640625 481.92760467529297 406.28143310546875
0 0.0224 89.5314884185791 263.0041694641113 140.85753440856934 287.08166122436523
0 0.0224 298.3974075317383 403.7714385986328 351.87671661376953 426.31553649902344
0 0.0223 388.39466094970703 53.77342224121094 441.87915802001953 76.31356239318848
0 0.0221 218.50265502929688 33.70747089385986 271.7810821533203 56.379942893981934
0 0.0221 178.53239059448242 3.6908340454101562 231.7537498474121 26.39693021774292
0 0.0220 198.47131729125977 363.7265396118164 251.8095588684082 386.3607406616211
0 0.0219 129.11224365234375 303.30406188964844 181.23231887817383 326.78314208984375
0 0.0217 28.51421356201172 493.6979675292969 81.77111625671387 516.38916015625
0 0.0217 347.9116439819336 224.0544319152832 402.3196029663086 246.02972030639648
0 0.0216 129.07835006713867 393.33030700683594 181.26211166381836 416.7573547363281
0 0.0215 439.09637451171875 553.3175659179688 491.24603271484375 576.77001953125
0 0.0215 438.48011016845703 323.7195587158203 491.8019485473633 346.36749267578125
0 0.0214 409.38121795654297 473.1198501586914 460.9903335571289 496.9674301147461
0 0.0214 358.47412109375 413.72589111328125 411.8067932128906 436.3615417480469
0 0.0214 304.8253536224365 59.76083993911743 345.31723976135254 90.45013189315796
0 0.0213 125.29319763183594 598.8574600219727 164.8824691772461 631.2719345092773
0 0.0212 118.77845764160156 343.53065490722656 171.53202056884766 366.5570831298828
0 0.0209 377.7693557739258 284.13183212280273 432.4502182006836 305.950984954834
0 0.0209 188.7437629699707 393.5550308227539 241.56293869018555 416.5329360961914
0 0.0207 574.3924140930176 204.8368263244629 638.7499809265137 254.74702835083008
0 0.0206 18.377327919006348 463.78421783447266 71.8948221206665 486.3027572631836
0 0.0206 388.60984802246094 343.64009857177734 441.6841125488281 366.4475631713867
0 0.0206 139.47441577911377 273.04874420166016 190.90789318084717 297.0376968383789
0 0.0205 475.3540802001953 598.7210464477539 514.8272705078125 631.3964462280273
0 0.0204 525.4813003540039 138.4286642074585 564.7124099731445 171.66357517242432
0 0.0204 348.9496612548828 453.4202575683594 401.37718200683594 476.6679382324219
0 0.0203 175.2680206298828 598.9109039306641 214.90550994873047 631.22314453125
0 0.0203 54.93400573730469 529.5579528808594 95.21609306335449 560.6343078613281
0 0.0202 438.19732666015625 293.8884162902832 492.0592498779297 316.1972236633301
0 0.0202 439.23954010009766 523.2168579101562 491.1178970336914 546.8702697753906
0 0.0200 448.61621856689453 353.63128662109375 501.6793441772461 376.4556884765625
0 0.0200 164.99542236328125 109.45042610168457 205.15804290771484 140.73199272155762
0 0.0199 574.3924140930176 264.8368263244629 638.7499809265137 314.7470283508301
0 0.0199 438.21292877197266 263.8768768310547 492.0456314086914 286.20849609375
0 0.0197 139.28333282470703 243.1905174255371 191.07772827148438 266.89714431762695
0 0.0196 575.4707145690918 604.7563171386719 638.7500190734863 638.75
0 0.0194 58.73901605606079 133.55396270751953 111.56810522079468 156.53339385986328
0 0.0193 29.461841583251953 613.0484008789062 80.92106819152832 637.0367431640625
0 0.0192 368.3955383300781 163.76771926879883 421.87950134277344 186.31853103637695
0 0.0190 139.00829315185547 183.37881088256836 191.32488250732422 206.70904159545898
0 0.0190 18.401622772216797 433.7692642211914 71.87280654907227 456.31778717041016
0 0.0190 119.02892589569092 213.3669090270996 171.305890083313 236.72121047973633
0 0.0187 428.70922088623047 413.5767364501953 481.59420013427734 436.5110778808594
0 0.0186 360.7727813720703 542.6763153076172 388.8236999511719 587.5370788574219
0 0.0185 368.02459716796875 253.98920059204102 422.2166442871094 276.0955238342285
0 0.0184 520.3179168701172 172.32820510864258 570.1720428466797 197.7445411682129
0 0.0182 28.6452579498291 573.6154937744141 81.65251731872559 596.4719390869141
0 0.0179 68.67131233215332 163.59813690185547 121.62911415100098 186.48921966552734
0 0.0177 418.92589569091797 443.43650817871094 471.3985061645508 466.6516876220703
0 0.0175 68.94240379333496 233.42058181762695 121.38468742370605 256.6669273376465
0 0.0174 68.71758460998535 193.56971740722656 121.58703804016113 216.51790618896484
0 0.0172 515.0634384155273 618.8279914855957 555.1447677612305 638.7499809265137
0 0.0170 488.95790100097656 383.41033935546875 541.3706970214844 406.6771697998047
0 0.0165 495.0902557373047 319.26655769348145 535.0700378417969 350.8992290496826
0 0.0164 210.79633712768555 522.9341506958008 238.79594802856445 567.3474502563477
0 0.0164 548.2712554931641 3.8484740257263184 601.9911193847656 26.238088607788086
0 0.0163 8.857841491699219 393.4832000732422 61.459455490112305 416.605224609375
0 0.0163 608.7824821472168 343.1044006347656 638.7500190734863 366.9239807128906
0 0.0162 404.3243408203125 220.57785034179688 445.79246520996094 249.71107482910156
0 0.0162 459.5501708984375 492.9889678955078 510.8411407470703 517.0965576171875
0 0.0152 608.7377166748047 373.13453674316406 638.75 396.8938446044922
0 0.0151 495.21800994873047 259.00468826293945 534.952507019043 291.1377143859863
0 0.0150 28.419065475463867 263.7575149536133 81.85721397399902 286.3294219970703
0 0.0149 549.5758438110352 52.974181175231934 600.8173751831055 77.11183071136475
0 0.0146 608.770751953125 403.1126022338867 638.75 426.91585540771484
0 0.0143 509.49031829833984 353.0341339111328 560.8942794799805 377.0518493652344
0 0.0141 609.072265625 462.9071044921875 638.75 487.12158203125
0 0.0138 608.8385200500488 433.0682373046875 638.7499809265137 456.96044921875
0 0.0138 489.9108123779297 572.7016067504883 540.5231475830078 597.3801803588867
0 0.0138 8.700418472290039 333.5852813720703 61.6015625 356.50299072265625
0 0.0137 469.58667755126953 462.9599380493164 520.8090591430664 487.12520599365234
0 0.0134 555.3902053833008 538.6405181884766 594.7945022583008 571.4699554443359
0 0.0129 180.81707000732422 313.180627822876 208.7716293334961 357.1687984466553
0 0.0129 595.3153610229492 488.8127136230469 634.8618698120117 521.3127136230469
0 0.0129 8.54762077331543 63.68237495422363 61.73971176147461 86.40558242797852
0 0.0128 489.3421173095703 413.14735412597656 541.025390625 436.93992614746094
0 0.0127 499.66636657714844 292.8980255126953 550.738525390625 317.18639373779297
0 0.0126 8.769702911376953 303.539457321167 61.53923988342285 326.54873847961426
0 0.0125 510.23738861083984 232.40779876708984 560.240592956543 257.6673126220703
0 0.0124 0.0 363.2715606689453 51.175737380981445 386.8168640136719
0 0.0122 515.2899551391602 508.85581970214844 554.8862838745117 541.2734222412109
0 0.0122 595.2864837646484 528.8719177246094 634.8886108398438 561.2586975097656
0 0.0121 0.0 9.612789154052734 35.23869752883911 40.58448314666748
0 0.0120 535.1168060302734 319.21637535095215 575.0452423095703 350.94483375549316
0 0.0115 565.0437545776367 349.3589401245117 605.1130294799805 380.8151626586914
0 0.0114 549.8294067382812 572.7696990966797 600.5944061279297 597.313232421875
0 0.0113 535.3688430786133 258.6884307861328 574.8138809204102 291.4262008666992
0 0.0110 489.8168182373047 542.7810287475586 540.6052398681641 567.3022079467773
0 0.0109 549.3760299682617 393.1224822998047 600.9952163696289 416.9646453857422
0 0.0109 555.4840850830078 498.4254837036133 594.7095489501953 531.6664505004883
0 0.0108 200.83894729614258 433.45584869384766 228.74605178833008 476.9716262817383
0 0.0106 18.67283821105957 213.6005401611328 71.62701606750488 236.48731231689453
0 0.0104 0.0 523.072395324707 50.93060493469238 547.0147323608398
0 0.0101 609.0421295166016 562.926025390625 638.75 587.1023559570312
