0 0.3770 338.4458541870117 271.3160705566406 524.0490341186523 348.7492370605468
0 0.1225 533.062572479248 304.91416931152344 638.7500190734863 354.5640563964843
0 0.0932 338.4458541870117 191.31603240966797 524.0490341186523 268.7492370605469
0 0.0773 129.71706867218018 182.85085678100583 180.69522380828857 207.23207473754883
0 0.0763 533.062572479248 244.9141693115234 638.7500190734863 294.5640563964843
0 0.0683 248.1185817718506 277.0982360839844 332.6026248931885 343.126220703125
0 0.0630 129.26082611083984 153.19715499877927 181.09983444213867 176.88928604125974
0 0.0630 150.30447006225586 212.34447479248047 200.18293380737305 237.7290344238281
0 0.0625 180.2981948852539 182.35288619995117 230.18783569335938 207.72111892700195
0 0.0559 318.4458541870117 351.3160705566406 504.04903411865234 428.7492370605468
0 0.0518 295.90576171875 236.89979553222656 334.37572479248047 273.0683898925781
0 0.0503 200.29582977294922 212.35435485839844 250.19001007080078 237.71957397460938
0 0.0482 99.22384262084961 213.22792053222656 151.13195419311523 236.85928344726562
0 0.0472 68.47039937973022 173.72581481933594 121.81068658828735 196.36127471923825
0 0.0449 189.9311065673828 152.68457412719727 240.50540924072266 177.39690780639648
0 0.0435 255.74199676513672 237.70809173583982 294.4866180419922 272.3240280151367
0 0.0427 533.062572479248 364.91416931152344 638.7500190734863 414.5640563964843
0 0.0394 200.51666259765625 242.126350402832 250.0035858154297 267.94017791748047
0 0.0385 155.60976028442383 238.10543060302732 194.59848403930664 271.95949554443354
0 0.0358 250.4313087463379 212.21719741821286 300.0752067565918 237.85245895385742
0 0.0354 68.43729972839355 143.74608993530273 121.8407154083252 166.34084701538086
0 0.0294 230.26935577392578 182.38204956054685 280.2122116088867 207.69287109375
0 0.0278 118.72992992401123 123.55701446533202 171.57692432403564 146.52992248535156
0 0.0277 115.34018516540527 238.7504196166992 154.84007835388184 271.36959075927734
0 0.0261 574.3924140930176 184.8368263244629 638.7499809265137 234.74702835083008
0 0.0245 148.11857223510742 277.0982360839844 232.60263442993164 343.126220703125
0 0.0220 574.3924140930176 424.83680725097656 638.7499809265137 474.74700927734375
0 0.0211 310.675745010376 181.78783416748047 338.93935203552246 228.2144546508789
0 0.0208 179.31245803833008 123.16431045532225 231.05283737182617 146.92251205444336
0 0.0193 193.0625343322754 344.91416931152344 308.1915092468262 394.5640563964843
0 0.0189 525.467414855957 208.46436500549314 564.7246170043945 241.63092613220215
0 0.0183 239.90623474121094 152.70824432373044 290.52661895751953 177.37396240234375
0 0.0178 38.463897705078125 203.73077392578122 91.81636810302734 226.3564300537109
0 0.0177 75.07445335388184 239.2975234985351 115.08469581604004 270.8710098266601
0 0.0176 324.9726104736328 -80.0 638.75 89.68856811523438
0 0.0168 0.0 389.9971199035644 320.47874450683594 558.7499809265137
0 0.0157 58.23910713195801 113.86304855346678 112.02139854431152 136.22270584106442
0 0.0155 390.0429153442383 162.5910758972168 440.4073715209961 187.48895645141602
0 0.0153 0.0 -80.0 320.47889709472656 89.69043731689452
0 0.0151 574.3924140930176 124.83682632446288 638.7499809265137 174.74702835083008
0 0.0146 480.9901428222656 475.98112106323237 638.75 558.7500190734862
0 0.0140 340.3891372680664 162.26238250732422 390.11051177978516 187.8089141845703
0 0.0138 108.56709003448486 93.66443634033202 161.72332286834717 116.42272949218749
0 0.0138 100.44924736022949 272.19673156738276 150.06041526794434 297.87208557128906
0 0.0134 28.043668270111084 83.97851943969727 82.19919443130493 106.10635757446289
0 0.0129 8.738760948181152 143.5606575012207 61.566925048828125 166.52765274047852
0 0.0122 290.27896881103516 152.3719787597656 340.20416259765625 177.70259857177734
0 0.0122 608.7202262878418 73.14671039581299 638.7500190734863 96.88170909881592
0 0.0122 0.0 113.28048706054686 51.187028884887695 136.80797576904297
0 0.0121 8.930249214172363 173.4356689453125 61.39414310455322 196.65283203124997
0 0.0112 439.6770477294922 162.8938102722168 490.7282257080078 187.19106674194333
0 0.0109 168.9091682434082 93.44329833984375 221.41450881958008 116.64428710937499
0 0.0103 18.915119171142578 233.44493865966797 71.40793800354004 256.6434860229492
