0 0.0684 355.17494201660156 198.86548614501953 414.8484802246094 218.1895599365234
0 0.0574 355.2748489379883 218.825927734375 414.7549819946289 238.2307586669922
0 0.0550 355.3881072998047 178.77467727661133 414.65049743652344 198.2828102111816
0 0.0408 155.0355339050293 18.92352676391603 214.97819900512695 38.12987899780275
0 0.0407 154.86539840698242 38.9948377609253 215.13620376586914 58.05677509307862
0 0.0387 608.4051704406738 166.84575653076172 638.7499809265137 190.18117523193357
0 0.0383 214.60895538330078 39.094553947448745 275.37601470947266 57.95332050323487
0 0.0381 214.73325729370117 19.044357299804695 275.2602958679199 38.00496673583985
0 0.0374 355.8443069458008 158.57644653320312 414.2268753051758 178.48641967773438
0 0.0355 274.7658920288086 39.03296566009522 335.2294158935547 58.01708316802979
0 0.0351 145.68767547607422 -1.3511219024658063 204.37137603759766 18.412710189819347
0 0.0345 274.7655963897705 19.03025245666505 335.23043632507324 38.01928138732911
0 0.0311 155.20872116088867 58.85690307617189 214.81569290161133 78.19947814941408
0 0.0300 205.15405654907227 -1.1255588531493992 264.8678779602051 18.180414199829116
0 0.0300 608.7551116943359 196.6246471405029 638.75 220.40396308898923
0 0.0284 587.5680732727051 137.73999786376953 638.7499809265137 159.34102630615234
0 0.0280 608.2912445068359 -33.08779144287107 638.75 -9.886421203613265
0 0.0279 214.91899490356445 58.973022460937514 275.0862693786621 78.07923889160158
0 0.0278 597.3108673095703 57.87383651733399 638.75 79.20466995239259
0 0.0278 265.06537437438965 -1.0910549163818206 324.95102882385254 18.144441604614272
0 0.0266 124.3764877319336 159.1852149963379 185.59303283691406 177.85964584350586
0 0.0266 146.22270584106445 -21.589359283447248 203.87483596801758 -1.3425865173339702
0 0.0264 335.33973693847656 18.797689437866225 394.6949005126953 38.25960731506349
0 0.0263 94.91304397583008 218.9757308959961 155.09174346923828 238.07653045654297
0 0.0263 335.57289123535156 38.70020008087159 394.4776153564453 58.36026287078859
0 0.0254 0.0 193.38586425781247 638.75 532.25
0 0.0248 275.29930114746094 58.81826019287111 334.7315979003906 78.23911285400392
0 0.0246 597.5224113464355 87.76568984985352 638.7500190734863 109.31514358520508
0 0.0237 35.912275314331055 218.55558013916018 94.16149139404297 238.50957489013672
0 0.0237 105.0910758972168 138.8980827331543 164.92713928222656 158.15559005737305
0 0.0236 124.57155227661133 179.11054229736328 185.41057586669922 197.93706512451172
0 0.0233 96.61307334899902 18.231664657592788 153.51265907287598 38.84138679504396
0 0.0230 104.76864337921143 199.03223609924316 165.22674083709717 218.01788902282715
0 0.0229 0.0 -106.49999999999999 510.9122848510742 175.01496887207034
0 0.0228 597.4623870849609 27.793994903564464 638.75 49.2857894897461
0 0.0228 325.3630065917969 -1.211732864379868 384.67315673828125 18.269392013549815
0 0.0220 75.68808555603027 238.65499114990232 134.36944007873535 258.4076461791992
0 0.0217 155.29546737670898 218.81658172607425 214.73600387573242 238.2401809692383
0 0.0216 35.57024955749512 198.70306587219238 94.47964668273926 218.3576641082764
0 0.0212 296.03821754455566 168.4973487854004 354.0451717376709 188.56902694702148
0 0.0211 416.8497848510742 168.10994720458984 473.2957077026367 188.96451568603518
0 0.0209 185.22979736328125 158.8433609008789 244.7972869873047 178.21248626708984
0 0.0207 608.1068229675293 -2.9796829223632666 638.7500190734863 20.003925323486342
0 0.0207 416.35990142822266 198.34493255615234 473.7483596801758 218.7243423461914
0 0.0207 65.26236534118652 158.83206939697266 124.76637840270996 178.22457885742188
0 0.0207 165.19731521606445 198.85766601562503 224.82732772827148 218.19791412353516
0 0.0206 295.97779273986816 198.52502441406253 354.10101890563965 218.5407409667969
0 0.0206 145.99594116210938 78.51869201660156 204.08374786376953 98.54756927490234
0 0.0202 25.715467929840088 178.64030456542966 84.34468984603882 198.4222183227539
0 0.0199 26.026935577392578 138.50137329101562 84.05585289001465 158.564697265625
0 0.0198 205.52215576171875 -21.27878570556639 264.5249938964844 -1.6614952087402204
0 0.0198 185.3147315979004 178.80845642089844 244.71807479858398 198.24857330322266
0 0.0198 365.97888946533203 238.52460479736325 424.0999984741211 258.54116058349604
0 0.0194 96.44023895263672 48.31407165527345 153.67237091064453 68.7571487426758
0 0.0193 16.75002098083496 118.16400146484375 73.38653564453125 138.91023254394534
0 0.0193 265.49007415771484 -21.266769409179673 324.5552444458008 -1.674179077148423
0 0.0189 17.028179168701172 238.03052520751953 73.1290340423584 259.0471420288086
0 0.0188 356.4668655395508 138.29179382324222 413.6500930786133 158.77816772460938
0 0.0188 335.9796905517578 58.521858215332045 394.0998840332031 78.5435256958008
0 0.0186 96.06986045837402 118.47667312622072 154.0173625946045 138.58905410766602
0 0.0185 296.08081817626953 148.47615814208984 354.0061569213867 168.59040832519534
0 0.0185 335.5248260498047 -21.28065490722655 394.522705078125 -1.6597213745117032
0 0.0183 165.27435302734375 138.81923294067383 224.75719451904297 158.23627090454102
0 0.0181 205.65261840820312 78.66918182373047 264.40269470214844 98.39280700683594
0 0.0179 477.0430374145508 148.01614379882812 533.1169509887695 169.0606460571289
0 0.0177 416.40491485595703 218.32555389404294 473.7062454223633 238.74448394775393
0 0.0176 598.359203338623 -62.70908737182616 638.7500190734863 -40.20465278625486
0 0.0176 7.186393737792969 157.94875717163086 62.98370361328125 179.13020706176758
0 0.0173 215.93400955200195 218.5417709350586 274.14236068725586 238.52300262451172
0 0.0170 296.03221893310547 218.502326965332 354.05017852783203 238.5643539428711
0 0.0167 96.53635025024414 98.26511001586914 153.5843276977539 118.8066062927246
0 0.0155 226.08003616333008 198.47275352478027 284.0077781677246 218.59324073791504
0 0.0153 87.37508773803711 -12.150777816772447 142.81061172485352 9.23119163513185
0 0.0151 609.0749359130859 346.4066848754883 638.75 370.62215423583984
0 0.0148 156.56672954559326 98.25324630737306 213.555645942688 118.81919479370119
0 0.0147 135.3592348098755 238.79121398925784 194.67628002166748 258.26661682128906
0 0.0147 225.88773727416992 138.5596046447754 284.18596267700195 158.50417709350586
0 0.0146 0.0 87.25604629516603 51.848955154418945 109.83142471313478
0 0.0145 156.48780345916748 -41.71151304244994 213.62915515899658 -21.217247486114484
0 0.0143 266.100492477417 78.47117996215822 323.98694038391113 98.5962257385254
0 0.0143 386.6731262207031 -1.8042697906493992 443.4588623046875 18.876844406127944
0 0.0140 598.7060546875 -92.92290115356444 638.75 -69.9895086288452
0 0.0138 417.35801696777344 137.85178756713867 472.8277587890625 159.22751998901367
0 0.0135 66.95672750473022 78.06140518188477 123.19603204727173 99.01481246948244
0 0.0134 335.7240295410156 -41.367498874664285 394.3377685546875 -21.570550441741926
0 0.0131 397.3130416870117 37.87729358673097 452.86861419677734 59.201899528503425
0 0.0130 527.1221923828125 127.97450637817381 583.04443359375 149.10277938842773
0 0.0130 537.4588012695312 57.8048667907715 592.7337646484375 79.27623367309572
0 0.0128 166.2972640991211 118.3716163635254 223.80691528320312 138.69655227661136
0 0.0121 326.18919372558594 78.42773056030275 383.9054870605469 98.64020919799805
0 0.0120 608.9497184753418 516.1705741882323 638.7500190734863 532.2500190734863
0 0.0120 608.8579559326172 226.55477142333984 638.75 250.4738388061523
0 0.0118 609.5555114746094 376.0365447998047 638.75 400.9887084960937
0 0.0117 537.7022552490234 97.67224884033205 592.5108337402344 119.41060638427736
0 0.0117 216.53518676757812 98.26821899414064 273.5847854614258 118.80387878417969
0 0.0115 275.70556640625 -41.35763549804686 334.3544387817383 -21.580347061157212
0 0.0115 56.721765995025635 258.18101501464844 113.41184377670288 278.89344787597656
0 0.0114 548.1740951538086 -32.59458208084105 602.0796585083008 -10.319415569305406
0 0.0113 286.3364315032959 128.35570907592773 343.77015113830566 148.71326065063477
0 0.0112 476.7481994628906 178.1626853942871 533.3887481689453 198.91120529174805
0 0.0106 0.0 57.05731964111329 51.56217575073242 80.03099060058594
0 0.0103 396.9444274902344 -31.93657302856444 453.20831298828125 -10.98795318603514
0 0.0103 196.5072250366211 238.28282928466797 253.6103057861328 258.789192199707
0 0.0101 467.8428268432617 117.59173965454103 522.3827743530273 139.49172592163086
0 0.0100 97.55120277404785 -42.24586629867552 152.6492977142334 -20.672480106353746
