0 0.1859 158.44585418701172 4.3160276412963965 344.04903411865234 81.74924182891846
0 0.1475 574.0927886962891 128.78765869140625 635.8596038818359 147.25247192382812
0 0.1366 584.4363594055176 148.65418243408203 638.7499809265137 167.39010620117188
0 0.1319 375.7910919189453 138.10852813720703 434.2741394042969 157.9551010131836
0 0.1139 564.1914367675781 108.7512092590332 625.7672119140625 127.29037094116211
0 0.1113 356.2845230102539 157.8851776123047 413.8168716430664 178.1840591430664
0 0.1065 503.30284118652344 129.07711791992188 566.5987396240234 146.9527130126953
0 0.1059 385.4336929321289 118.26216506958008 444.60643768310547 137.79700088500977
0 0.0992 606.6816902160645 167.26519393920898 638.7499809265137 188.74193954467773
0 0.0905 444.18643951416016 118.75773239135742 505.7706069946289 137.2845726013184
0 0.0857 434.5469284057617 138.62131881713867 495.43323516845703 157.42617416381836
0 0.0787 296.25980377197266 157.8937225341797 353.84044647216797 178.17478942871094
0 0.0764 316.62182807922363 137.7224998474121 373.50573539733887 158.3498649597168
0 0.0740 513.3259963989258 149.06910705566406 576.577033996582 166.96106719970703
0 0.0648 606.7923164367676 197.2130279541016 638.7499809265137 218.7958221435547
0 0.0643 503.7641143798828 98.91033935546876 566.1669921875 117.12551879882815
0 0.0636 375.98045349121094 98.02206802368165 434.0989685058594 118.04343032836915
0 0.0630 296.3880920410156 177.8366355895996 353.72108459472656 198.23370742797852
0 0.0628 564.9037551879883 88.47122955322267 625.1025009155273 107.57950592041016
0 0.0596 219.5929718017578 -24.047290802001946 270.80394744873047 0.13203430175782044
0 0.0595 319.0281677246094 76.35594177246094 371.3090515136719 99.73057556152344
0 0.0588 339.20440673828125 46.24501514434815 391.1486053466797 69.84268474578857
0 0.0569 17.742652893066406 -27.733346939086907 163.98359298706055 33.66012382507325
0 0.0533 434.51393127441406 98.62997817993165 495.4651641845703 117.4163703918457
0 0.0506 317.69211769104004 107.17461395263673 372.52081871032715 128.9076690673828
0 0.0481 415.39913177490234 158.27822494506836 474.6382522583008 177.7807502746582
0 0.0442 157.7426528930664 92.26664352416992 303.9836120605469 153.6601142883301
0 0.0430 543.8191986083984 168.89269638061523 606.1147308349609 187.14434432983398
0 0.0423 238.2785415649414 156.84761810302734 291.9837188720703 179.23947143554688
0 0.0414 279.2431163787842 -23.782207489013665 331.11401557922363 -0.1301879882812432
0 0.0403 376.8315887451172 177.62631225585938 433.3106994628906 198.44910430908203
0 0.0386 376.5993881225586 77.73453521728516 433.5261917114258 98.3377914428711
0 0.0383 33.06253433227539 37.91417407989503 148.19150924682617 87.56405162811281
0 0.0376 158.96940231323242 -33.58946990966796 211.35866165161133 -10.321876525878897
0 0.0330 257.96037673950195 197.03430938720703 312.27338790893555 219.0512542724609
0 0.0313 339.09122467041016 16.32826614379883 391.2491226196289 39.76033020019532
0 0.0307 504.51637268066406 78.62650680541992 565.4635620117188 97.4194221496582
0 0.0300 327.1826171875 197.4503688812256 382.98728942871094 218.6285190582275
0 0.0296 565.885124206543 68.05603790283203 624.189567565918 88.00694274902344
0 0.0291 33.06253433227539 -82.08583068847656 148.19150924682617 -32.43595314025878
0 0.0272 607.2747611999512 226.97476196289062 638.7500190734863 249.0407257080078
0 0.0260 207.84753799438477 -52.905427932739244 262.3772621154785 -31.01025772094726
0 0.0254 0.0 192.88586425781247 638.75 531.75
0 0.0253 445.1249313354492 78.38467407226562 504.8954391479492 97.66949462890625
0 0.0239 0.0 -58.122455596923814 34.8938775062561 -25.746395111083977
0 0.0208 474.82215881347656 168.51723480224612 535.1751708984375 187.5346450805664
0 0.0204 607.9068756103516 316.6362838745117 638.75 339.38637542724604
0 0.0184 0.0 92.26664352416992 143.98361206054688 153.6601142883301
0 0.0181 278.6962032318115 226.58886718749997 331.60523414611816 249.49948120117185
0 0.0180 608.3468437194824 346.3813858032226 638.7500190734863 369.64516448974604
0 0.0177 180.23204803466797 155.41924285888672 230.2438735961914 180.6568603515625
0 0.0176 396.5562057495117 57.75543975830078 453.5660171508789 78.31646728515625
0 0.0170 267.57615089416504 -52.7563829421997 322.62572288513184 -31.16131496429443
0 0.0169 0.0 31.438739776611335 34.7259521484375 64.65443420410156
0 0.0157 389.1139221191406 -106.99999999999999 638.75 33.70279121398926
0 0.0156 544.0888214111328 188.7937240600586 605.8621215820312 207.24713134765625
0 0.0155 0.0 -104.0930242538452 50.73728561401367 -79.82140254974364
0 0.0153 153.0625343322754 -102.08583068847655 268.1915092468262 -52.435953140258775
0 0.0153 607.7937126159668 286.69686126708984 638.7500190734863 309.32434844970703
0 0.0152 53.06253433227539 157.91418838500977 168.19150924682617 207.56403732299805
0 0.0135 505.3704071044922 58.28121948242189 564.6672058105469 77.77588653564453
0 0.0131 608.8882446289062 376.03665161132807 638.75 399.99234008789057
0 0.0127 338.61289978027344 -13.3565444946289 391.6801452636719 9.4449691772461
0 0.0127 607.8208160400391 256.68396759033203 638.75 279.33777618408203
0 0.0127 215.29108047485352 181.86387825012204 254.88420486450195 214.26605033874512
0 0.0123 566.8280410766602 47.61711406707764 623.3166122436523 68.45658588409424
0 0.0117 608.9201354980469 515.6929473876953 638.75 531.7499999999999
0 0.0115 507.55409240722656 347.25163269042963 562.6468658447266 368.8299255371093
0 0.0106 235.17494201660156 222.1065216064453 274.9908447265625 254.04484558105466
0 0.0104 334.8338317871094 222.74342346191406 375.3095245361328 253.4659271240234
0 0.0102 506.9509506225586 297.566650390625 563.200798034668 318.50987243652344
