0 0.0946 215.9800148010254 19.521524429321314 274.0995979309082 39.54384040832522
0 0.0776 216.26907348632812 39.39189624786379 273.8312530517578 59.6771116256714
0 0.0767 205.87739944458008 -0.4321079254150119 264.1946601867676 19.49636650085452
0 0.0545 156.9748878479004 19.05526351928713 213.17861557006836 40.02160263061526
0 0.0487 195.80711364746094 -20.39973068237302 254.2595672607422 -0.5366401672362996
0 0.0354 196.92291259765625 59.08223342895511 253.22628021240234 79.99428939819339
0 0.0276 276.7348384857178 29.171850204467795 333.4004306793213 49.902307510376
0 0.0275 266.19126319885254 -0.5730895996093476 323.9034938812256 19.64108657836917
0 0.0254 0.0 194.38586425781253 638.75 533.25
0 0.0241 257.3358726501465 58.867427825927756 312.84719467163086 80.21229934692384
0 0.0236 137.51161098480225 -11.221969604492157 192.68499851226807 10.30371856689456
0 0.0229 0.0 -105.49999999999997 510.9122848510742 176.01496887207034
0 0.0223 255.8502960205078 -20.419996261596648 314.2197799682617 -0.5160503387450884
0 0.0212 239.15233612060547 217.7811737060547 291.1953353881836 241.306640625
0 0.0209 185.85607528686523 -40.42106199264523 244.21403884887695 -20.514679431915255
0 0.0197 177.7657699584961 168.63696289062503 232.45277404785156 190.44631195068362
0 0.0188 137.80149459838867 48.62087917327884 192.4192237854004 70.4631967544556
0 0.0166 229.0908432006836 187.8236312866211 281.25049591064453 211.2642593383789
0 0.0163 178.73531341552734 218.0590744018555 231.57085418701172 241.0286636352539
0 0.0162 299.737548828125 217.34523010253912 350.6749725341797 241.73892211914062
0 0.0155 238.90581130981445 157.94852447509766 291.41687393188477 181.13948059082034
0 0.0135 608.9413452148438 517.1769256591796 638.75 533.25
0 0.0131 359.49588775634766 217.53157806396484 410.8890151977539 241.554557800293
0 0.0125 609.5320129394531 487.0603103637695 638.75 511.9657821655273
0 0.0121 157.90229320526123 78.56375885009768 212.32723712921143 100.52092742919923
0 0.0118 217.4696159362793 88.80080413818361 272.723445892334 110.28063964843753
0 0.0114 289.67140197753906 187.39710998535156 340.7334899902344 211.68765258789065
0 0.0109 167.15959548950195 138.95600509643555 223.00989151000977 160.12173843383792
0 0.0106 609.0000152587891 367.4599380493164 638.75 391.56912994384766
0 0.0105 245.5860137939453 -40.30587959289548 304.4655227661133 -20.633562088012663
0 0.0102 608.5224151611328 -32.2277121543884 638.75 -8.744822025299044
