0 0.0280 317.2815799713135 53.395332336425795 372.8971767425537 74.68386077880862
0 0.0262 327.9187774658203 83.05105590820314 382.31292724609375 105.03321075439453
0 0.0254 0.0 168.88586425781256 638.75 507.75000000000006
0 0.0238 276.73694610595703 33.66958999633791 333.3987808227539 54.404415130615256
0 0.0229 0.0 -130.99999999999997 510.9122848510742 150.5149688720703
0 0.0209 337.2314453125 23.421000480651873 392.94334411621094 44.65769672393801
0 0.0205 267.17945098876953 73.4504737854004 322.9905319213867 94.62814712524415
0 0.0201 246.82636260986328 13.625892639160176 303.31626892089844 34.44902801513674
0 0.0193 277.68996238708496 103.17921066284183 332.5220584869385 124.90356826782228
0 0.0186 216.88604354858398 33.59659576416018 273.2611656188965 54.47893524169923
0 0.0180 116.98314666748047 53.548492431640646 173.17161560058594 74.52803039550783
0 0.0180 276.9391632080078 -6.431756973266579 333.21266174316406 14.507516860961935
0 0.0177 338.25939178466797 112.85362625122073 392.0023727416992 135.23258590698242
0 0.0177 377.94654846191406 53.0367889404297 432.28721618652344 75.04789733886722
0 0.0176 176.9156837463379 13.580860137939471 233.2341194152832 34.49482345581057
0 0.0172 117.04473495483398 23.517021179199237 173.11500549316406 44.56003570556643
0 0.0165 177.14340209960938 53.468879699707045 233.02371978759766 74.60939788818361
0 0.0162 277.83400535583496 133.09868240356445 332.3904514312744 154.9850120544434
0 0.0161 137.18305587768555 -6.553598403930642 192.98772811889648 14.631914138793967
0 0.0158 337.3388671875 -6.636091232299783 392.8448486328125 14.715551376342795
0 0.0158 217.13926315307617 -16.530881881713846 273.0279350280762 4.608835220336935
0 0.0154 117.2977066040039 143.3881988525391 172.88204193115234 164.6912994384766
0 0.0147 177.20748901367188 -36.56524276733396 232.96504974365234 -15.356079101562479
0 0.0146 98.37644577026367 192.78540039062503 151.8954849243164 215.30165100097656
0 0.0145 117.20338821411133 83.43725585937503 172.96871185302734 104.64144134521486
0 0.0143 127.33123302459717 113.36780929565431 182.8519105911255 134.71157455444336
0 0.0143 257.0479202270508 -36.48413276672361 313.11195373535156 -15.43871498107908
0 0.0143 77.50178337097168 3.2801380157470907 132.69474983215332 24.801057815551776
0 0.0143 512.6921272277832 -130.99999999999997 638.7499809265137 -61.15076160430906
0 0.0142 117.4132490158081 -46.67142486572263 172.7756929397583 -25.247913360595682
0 0.0140 609.4344329833984 451.6396560668946 638.75 476.38758087158203
0 0.0138 217.44632720947266 93.31104660034181 272.74532318115234 114.76990127563477
0 0.0137 608.6850166320801 12.16967487335207 638.7499809265137 35.8586301803589
0 0.0136 57.4949836730957 33.284515380859396 112.7008056640625 54.79673767089845
0 0.0133 608.93310546875 491.6831245422363 638.75 507.74998092651373
0 0.0131 317.2751998901367 -36.60115814208982 372.90294647216797 -15.319686889648414
0 0.0129 217.70496368408203 123.17201995849611 272.5080871582031 144.91102600097656
0 0.0127 388.67088317871094 82.60265731811525 441.6285705566406 105.4853096008301
0 0.0126 217.0526885986328 -56.48603296279905 273.1074523925781 -35.436681270599344
0 0.0121 67.77738571166992 -26.869636535644506 122.44216918945312 -5.047031402587869
0 0.0121 157.14561462402344 -66.53397178649901 213.02207946777344 -45.38798904418943
0 0.0119 17.797670364379883 -6.87818145751951 72.42300033569336 14.962066650390646
0 0.0118 57.7247428894043 63.162769317626974 112.48960494995117 84.92069625854494
0 0.0112 278.41590881347656 162.76255035400393 331.8593978881836 185.3248062133789
0 0.0110 17.807607650756836 -46.885305404663065 72.41427421569824 -25.030981063842752
0 0.0110 277.0291996002197 -66.47586202621457 333.12941551208496 -45.44734811782835
0 0.0108 397.7518844604492 23.1432571411133 452.46578216552734 44.939712524414084
0 0.0106 338.42491149902344 142.7563133239746 391.8513488769531 165.3309669494629
0 0.0105 178.3468246459961 152.8046646118164 231.92211151123047 175.28246307373047
0 0.0104 0.0 -77.97339534759519 40.87878704071045 -53.94010639190671
0 0.0103 67.9102110862732 163.05899047851562 122.32006311416626 185.02569580078125
0 0.0103 59.22767639160156 491.7417182922363 111.22873306274414 507.74998092651373
0 0.0103 608.690185546875 -17.835317611694315 638.75 5.8634128570556845
0 0.0102 67.75368690490723 -66.85572242736814 122.46367454528809 -45.06099319458005
