0 0.4380 30.725250244140618 290.09800910949707 251.5412902832031 389.2982769012451
0 0.3448 70.72525024414061 170.09801864624023 291.5412902832031 269.2983055114746
0 0.2921 30.725250244140618 410.09803771972656 251.5412902832031 509.2982482910156
0 0.2020 -9.274749755859375 50.098018646240234 211.54129028320312 149.2983055114746
0 0.1143 38.445854187011705 511.3160705566406 224.04903411865232 588.7492370605469
0 0.0803 257.86460876464844 274.5871353149414 423.3403778076172 405.88314056396484
0 0.0687 230.72525024414062 50.098018646240234 451.5412902832031 149.2983055114746
0 0.0673 -11.881427764892578 157.09826946258545 72.60263442993164 223.12622547149658
0 0.0642 -4.14958953857422 334.7657775878906 33.897953033447266 395.067138671875
0 0.0586 140.60924530029297 3.1830883026123047 229.89715576171872 46.61305904388428
0 0.0492 68.70471477508544 596.9805908203125 151.95663928985596 638.75
0 0.0454 230.83357810974124 2.828092575073242 319.68628883361816 46.940555572509766
0 0.0451 -4.132156372070312 274.81255531311035 33.870906829833984 334.96405601501465
0 0.0447 -51.88142776489258 397.0982360839844 32.60263442993164 463.126220703125
0 0.0401 35.849895477294915 234.77855682373047 73.88193130493164 295.0000762939453
0 0.0371 25.73248863220215 597.7264404296875 64.49566841125488 632.3072052001953
0 0.0363 154.65136528015137 604.8036193847656 266.5605640411377 638.75
0 0.0325 -14.808585643768309 618.5368537902832 25.029246807098385 638.7499809265137
0 0.0319 -51.88142776489258 537.0982360839844 32.60263442993164 603.126220703125
0 0.0275 -43.91738414764404 335.18707275390625 -6.222786903381349 394.6916198730469
0 0.0275 310.7252502441406 170.09801864624023 531.541290283203 269.2983055114746
0 0.0253 50.70344924926758 3.034801483154297 139.80852127075195 46.74980163574219
0 0.0248 -44.22296643257141 87.58111953735352 -5.541113615036009 122.44070053100586
0 0.0234 -54.85552310943603 618.6467170715332 -14.9286413192749 638.7499809265137
0 0.0224 274.65137481689453 604.8036193847656 386.56055450439453 638.75
0 0.0221 -3.9252662658691406 465.17486572265625 33.77878189086914 524.6939086914062
0 0.0217 -79.37523365020752 81.46373748779297 -50.99912166595459 128.48112106323242
0 0.0212 -18.680353164672855 0.0 49.00052070617676 52.98175811767578
0 0.0206 -79.38445091247559 361.4102554321289 -50.98796367645263 408.52611541748047
0 0.0202 230.72525024414062 490.09803771972656 451.5412902832031 589.2982482910156
0 0.0200 320.84201812744135 9.380049705505371 389.60460662841797 40.671467781066895
0 0.0194 -44.153733253479004 127.30630874633789 -5.593981742858885 162.69351959228516
0 0.0188 -79.31124210357666 561.9197463989258 -51.0761022567749 608.1148910522461
0 0.0178 -79.38880920410155 131.38296127319336 -50.982697010040276 178.5487174987793
0 0.0177 -4.078140258789063 236.53568267822266 34.3901252746582 273.4049987792969
0 0.0175 -79.37438488006592 411.4698791503906 -51.000142097473145 458.47618103027344
0 0.0172 -79.99999999999999 47.80516862869263 -45.473992824554436 82.23496198654175
0 0.0161 -79.3759822845459 311.46124839782715 -50.99820375442504 358.4835910797119
0 0.0140 -44.191274642944336 297.44166374206543 -5.563993453979491 332.5690174102783
0 0.0138 -79.3394660949707 511.7023468017578 -51.0422420501709 558.2866668701172
0 0.0125 458.63929748535145 0.0 558.7499999999999 86.34157180786133
0 0.0117 -79.29548025131226 2.03704833984375 -51.09503984451295 48.0218505859375
0 0.0114 -79.35424804687499 461.59873962402344 -51.02444648742675 508.3702087402344
0 0.0112 495.47071456909174 604.7563171386719 558.7500190734862 638.75
0 0.0109 -39.38203811645508 171.3944435119629 -10.991058349609375 218.53368759155273
0 0.0107 -79.37201023101805 181.4849853515625 -51.00300788879394 228.4637451171875
0 0.0105 -80.0 618.7721061706543 -54.712917804718025 638.7500190734863
