0 0.0838 20.01078426837921 318.82572174072266 50.46461522579193 345.28690576553345
0 0.0747 23.385491222143173 298.97427558898926 62.89255991578102 318.27735900878906
0 0.0654 51.123350858688354 319.17014718055725 81.8365216255188 344.9716866016388
0 0.0497 35.57136654853821 350.2371609210968 66.14688038825989 376.38911604881287
0 0.0489 -11.370675638318062 319.1438019275665 19.332366064190865 344.9958264827728
0 0.0465 22.913891822099686 275.90569853782654 63.30920383334159 294.47540640830994
0 0.0419 61.61765754222869 291.77770018577576 102.6936024427414 309.8539412021637
0 0.0417 4.319563508033752 350.24014115333557 34.89862382411957 376.3863742351532
0 0.0398 -15.781901776790617 299.05450344085693 23.92340451478958 318.1976079940796
0 0.0365 66.70422852039337 350.5176901817322 97.501739859581 376.132607460022
0 0.0308 82.22821354866028 319.48915123939514 113.21869492530821 344.680517911911
0 0.0275 171.76317423582077 275.5785882472992 211.3841250538826 294.79774832725525
0 0.0254 -62.499999999999986 234.28583145141602 436.5234375 499.0234375
0 0.0246 183.91356617212296 295.7771122455597 214.66978639364243 321.49359583854675
0 0.0229 -62.499999999999986 0.0 336.6502225399017 219.93356943130493
0 0.0213 191.91807508468625 326.5451490879059 222.31197357177732 353.1847298145294
0 0.0210 -11.736862361431122 273.0328142642975 19.668541848659515 297.42446541786194
0 0.0208 191.67870283126828 249.0069568157196 222.52541780471802 274.5228707790375
0 0.0204 69.12052631378174 268.53400468826294 110.78682541847228 286.22156381607056
0 0.0203 115.98464846611023 276.35034918785095 157.67231583595273 294.02974247932434
0 0.0195 54.62849512696266 377.10052728652954 94.14961561560631 396.4005708694458
0 0.0195 215.2930200099945 279.83909845352173 245.8040416240692 306.15490674972534
0 0.0190 30.321631580591195 252.74503231048584 71.48515805602074 270.76154947280884
0 0.0181 61.9240403175354 486.4954352378845 102.49820351600647 499.0234375
0 0.0174 82.2339653968811 413.2228493690491 113.21386694908142 438.44538927078247
0 0.0174 152.46272087097168 296.20856046676636 183.60334634780884 321.10005617141724
0 0.0170 160.5451628565788 326.8668055534363 191.16998463869092 352.89013385772705
0 0.0168 97.91038930416106 350.6135642528534 128.79173457622528 376.0450780391693
0 0.0163 19.807174801826477 381.8168044090271 50.64678192138672 407.3377847671509
0 0.0163 171.41497880220413 228.97832095623016 211.69131249189377 247.6516216993332
0 0.0163 160.17483919858932 249.5265007019043 191.50931388139725 274.0495204925537
0 0.0161 108.87306928634642 486.4339977502823 149.30835366249084 499.0234225988388
0 0.0161 -27.24562585353851 350.9273827075958 3.936178982257842 375.759094953537
0 0.0156 108.55875909328459 299.54445362091064 149.5094746351242 317.7119493484497
0 0.0150 15.061721205711363 486.48601770401 55.61187863349914 499.0234375
0 0.0150 62.19331920146942 439.7996664047241 102.18025743961334 458.7041735649109
0 0.0149 -31.47657960653305 478.7873327732086 8.361943066120148 497.8391230106354
0 0.0146 223.10879826545715 311.0835552215576 253.61338257789612 337.40997314453125
0 0.0146 50.876643508672714 413.4417772293091 82.06278458237648 438.245952129364
0 0.0140 223.1334149837494 248.51593375205994 253.59204411506653 274.97193217277527
0 0.0137 149.02392029762268 470.683217048645 170.9766685962677 499.0234375
0 0.0137 -61.94330938160419 314.14175033569336 -39.925528690218925 349.9777317047119
0 0.0132 66.6053295135498 460.10690927505493 97.59205579757689 485.3121042251587
0 0.0128 113.39683830738068 319.6546137332916 144.54378187656403 344.52977776527405
0 0.0128 171.73592001199722 478.7149429321289 211.4103063941002 497.9102611541748
0 0.0126 19.67921108007431 413.3366048336029 50.76418071985245 438.3417069911957
0 0.0125 199.71802830696103 357.8260540962219 230.13576865196228 384.4064474105835
0 0.0123 226.35552287101746 478.77100110054016 266.15729928016657 497.85515666007996
0 0.0122 97.92904555797577 459.94970202445984 128.77453863620758 485.45554280281067
0 0.0122 -11.498404666781425 381.9325864315033 19.447995349764824 407.2321355342865
0 0.0121 171.15375399589539 205.72501420974731 211.9251787662506 224.03061389923096
0 0.0118 -61.94399110972881 353.19894552230835 -39.92471098899841 389.0444040298462
0 0.0117 97.95303642749785 381.7700445652008 128.75284254550934 407.38043189048767
0 0.0116 413.3079051971435 486.4100068807602 436.5234375 499.0234524011612
0 0.0115 -62.5 470.91129422187805 -30.77621012926102 490.08986353874207
0 0.0114 272.86046743392944 486.4969849586487 313.4365081787109 499.0234375
0 0.0114 108.99551212787627 439.86013531684875 149.11876618862152 458.64489674568176
0 0.0111 113.42482268810271 413.3453071117401 144.51824128627777 438.33377957344055
0 0.0108 211.5102708339691 212.72176504135132 233.49276185035703 248.30591678619385
0 0.0107 15.23153483867645 439.8694336414337 55.381447076797485 458.635538816452
0 0.0104 116.2704974412918 252.72700190544128 157.41471946239471 270.778089761734
0 0.0102 -61.934441328048706 392.3463225364685 -39.93610292673111 428.04181575775146
0 0.0100 168.3147847652435 358.21545124053955 199.0212798118591 384.0499520301819
