0 0.1930 273.55175018310547 -44.00859832763671 336.36474609375 -25.95769882202148
0 0.1764 263.2611083984375 -63.910460472106934 326.63848876953125 -46.06068611145019
0 0.1569 284.54715728759766 -24.37827110290527 345.4329299926758 -5.574159622192383
0 0.1289 334.4630813598633 -54.349287748336785 395.5124282836914 -35.60488820075988
0 0.1082 324.7410202026367 -74.46909666061401 385.25569915771484 -55.483222007751465
0 0.1064 295.62018394470215 -4.818010330200195 354.4331455230713 14.87940788269043
0 0.1046 214.6898651123047 -34.43098545074462 275.29884338378906 -15.518994331359862
0 0.1021 204.4090461730957 -74.33675050735474 265.5650520324707 -55.619568824768066
0 0.1019 345.4464340209961 -34.745512008666985 404.5951461791992 -15.195541381835936
0 0.0996 203.89694213867188 -54.131927490234375 266.04087829589844 -35.829281806945794
0 0.0849 225.88768005371094 -14.930877685546875 284.1836929321289 4.996194839477539
0 0.0762 265.71019172668457 -80.0 324.4484233856201 -64.73971605300903
0 0.0745 296.52957916259766 14.770622253417967 353.59004974365234 35.301380157470696
0 0.0701 236.70272827148438 4.690513610839843 293.4293746948242 25.38379669189453
0 0.0625 356.5838623046875 -15.256652832031248 413.5401916503906 5.329017639160155
0 0.0592 257.48498916625977 34.29385185241699 312.7090644836426 55.78791618347168
0 0.0435 338.19740295410156 33.89289855957031 392.0581817626953 56.193389892578125
0 0.0406 145.6588363647461 -74.84315335750578 204.39929962158203 -55.09634554386138
0 0.0394 155.70615768432617 -34.85247135162353 214.3525505065918 -15.084614753723145
0 0.0393 145.27822494506836 -54.67184901237487 204.75095748901367 -35.270854234695435
0 0.0387 197.45155334472656 24.309558868408203 252.7402114868164 45.7716178894043
0 0.0353 166.35448455810547 -15.144927501678465 223.75152587890625 5.215327739715577
0 0.0325 127.45405197143555 24.308719635009766 182.7378273010254 45.77255249023437
0 0.0297 289.17508125305176 63.265881538391106 341.17480278015137 86.82193279266357
0 0.0287 388.3427429199219 13.80021095275879 441.9273376464844 36.28588676452636
0 0.0280 107.02028274536133 -15.46664237976074 163.13657760620117 5.544080734252931
0 0.0260 447.74024963378906 244.15378570556638 502.4755096435547 265.92967987060547
0 0.0254 0.0 219.8858642578125 638.75 558.75
0 0.0245 208.3436393737793 53.805093765258796 261.9253349304199 76.28178596496582
0 0.0237 86.46503448486328 -45.19681930541992 143.64925384521484 -24.731559753417972
0 0.0234 288.61998558044434 123.62562179565431 341.67664527893066 146.46089553833008
0 0.0233 608.6121940612793 23.216152191162106 638.7500190734863 46.81182861328124
0 0.0229 0.0 -79.99999999999999 510.9122848510742 201.51496887207028
0 0.0229 447.59937286376953 214.22834396362305 502.60509490966797 235.85371017456055
0 0.0224 349.49214935302734 63.03720474243164 400.89176177978516 87.04935073852538
0 0.0219 86.2565803527832 -65.10365724563599 143.84313583374023 -44.82768774032593
0 0.0219 608.5647583007812 -6.754570007324219 638.75 16.782207489013672
0 0.0216 289.33910369873047 93.14142227172852 341.0298156738281 116.94478988647461
0 0.0215 399.2109680175781 43.236112594604485 451.1436462402344 66.85097694396973
0 0.0214 298.0394649505615 153.97613525390622 352.2041416168213 176.10801696777344
0 0.0205 438.2121276855469 273.8856887817383 492.04444885253906 296.20090484619135
0 0.0201 598.5376739501953 -66.31707429885864 638.75 -43.59581232070923
0 0.0199 598.4948539733887 -36.28775596618652 638.7500190734863 -13.624868392944334
0 0.0196 385.67943572998047 -74.85577583312988 444.38106536865234 -55.084068775177
0 0.0195 389.26807403564453 143.1924819946289 441.09325408935547 166.8939971923828
0 0.0193 608.8739776611328 53.04549217224122 638.75 76.98336601257324
0 0.0193 439.09236907958984 -6.676778793334961 491.2489700317383 16.76478385925293
0 0.0186 244.7758674621582 79.83971118927002 285.36462783813477 110.37864208221436
0 0.0184 26.60724639892578 -75.27365684509277 83.51998329162598 -54.65463161468506
0 0.0182 498.2572937011719 -26.141047477722164 552.0033264160156 -3.7721395492553706
0 0.0178 448.09566497802734 183.94351959228516 502.1529006958008 206.14093780517578
0 0.0174 406.9398880004883 -35.430288314819336 463.21155548095703 -14.493656158447266
0 0.0173 455.32630920410156 28.786449432373043 494.8521423339844 61.33670806884765
0 0.0172 339.60479736328125 102.9405403137207 390.7941436767578 127.1436882019043
0 0.0172 307.59861946105957 184.22454833984372 362.6067638397217 205.85689544677734
0 0.0168 395.75138092041016 -54.877886772155755 454.3119430541992 -35.0595760345459
0 0.0167 388.40492248535156 243.76373291015625 441.8705749511719 266.3227844238281
0 0.0165 449.2763900756836 153.18035125732422 501.08715057373047 176.9052505493164
0 0.0164 574.3924140930176 84.83682632446289 638.7499809265137 134.74702835083008
0 0.0162 68.19348335266113 13.897066116333008 122.06135749816895 36.18948936462402
0 0.0159 148.31207275390625 53.82558822631835 201.95369720458984 76.26138687133789
0 0.0157 445.35789489746094 118.70628356933592 484.82444763183594 151.40991210937497
0 0.0156 395.2937698364258 108.84756088256835 434.88277435302734 141.28095626831055
0 0.0154 517.7395248413086 -65.85166454315186 572.4775314331055 -44.06571865081787
0 0.0152 507.9791259765625 224.01373863220212 562.2585296630859 246.07048988342285
0 0.0148 388.66992950439453 173.59861373901367 441.6304397583008 196.48866653442383
0 0.0146 499.0713119506836 3.3420085906982426 551.266975402832 26.74662590026855
0 0.0145 425.39745330810547 68.62432956695557 464.7878646850586 101.48473262786864
0 0.0144 26.65684700012207 -45.288920402526855 83.47211837768555 -24.637503623962402
0 0.0144 428.62682342529297 303.6317062377929 481.66820526123047 326.45633697509766
0 0.0139 228.41882705688477 113.7575340270996 281.85747146606445 136.3293647766113
0 0.0139 378.2637405395508 273.84952545166016 431.9987106323242 296.23653411865234
0 0.0137 485.3783416748047 118.66710662841795 524.8052215576172 151.4456558227539
0 0.0132 78.94640922546387 43.42714309692382 131.37911796569824 66.66168212890625
0 0.0132 508.5460662841797 183.67420196533203 561.7430877685547 206.4124298095703
0 0.0131 238.46012115478516 143.73512268066403 291.81934356689453 166.35234832763672
0 0.0129 465.5008316040039 78.3864974975586 504.6944046020508 111.70211791992186
0 0.0127 497.8302764892578 264.1011428833008 552.3937225341797 285.9826278686523
0 0.0127 495.1814270019531 29.09255981445313 534.9848937988281 61.05758666992187
0 0.0122 608.9652824401855 542.6583671569823 638.7500190734863 558.7500190734862
0 0.0121 609.0052032470703 172.9530143737793 638.75 197.07555770874023
0 0.0119 388.3650588989258 213.79001617431638 441.9063186645508 236.29665374755857
0 0.0119 204.62066650390625 80.10616302490233 245.5108642578125 110.13729095458983
0 0.0119 509.25926208496094 153.19862365722656 561.1011505126953 176.88785552978513
0 0.0118 248.5201072692871 173.70061874389646 301.7643928527832 196.38742446899414
0 0.0113 317.5879955291748 214.23431396484375 372.61555671691895 235.84762573242188
0 0.0111 609.0382385253906 142.9312705993652 638.75 167.09745407104492
0 0.0110 554.5832061767578 -29.83180999755859 595.5463409423828 0.08114814758300726
0 0.0110 608.8108825683594 203.0856704711914 638.75 226.94278717041016
0 0.0108 515.2729034423828 88.90148162841797 554.9009704589844 121.2317657470703
0 0.0108 608.7744331359863 233.11046600341797 638.7499809265137 256.9179916381836
0 0.0108 457.26280212402344 -55.59378743171692 512.9141235351562 -34.327019453048706
0 0.0106 47.54100799560547 -15.738611221313475 102.65824317932129 5.820455551147462
0 0.0103 548.9158630371094 23.44600677490234 601.4069366455078 46.642608642578125
0 0.0102 368.6801528930664 303.59771728515625 421.61998748779297 326.4904022216797
