0 0.0383 215.8445906639099 504.6980502605438 252.932035446167 537.6514384746552
0 0.0323 234.9591579437256 571.6567075252533 272.0668480396271 604.5695321559906
0 0.0310 215.7626427412033 466.68271350860596 253.0024563074112 499.18618154525757
0 0.0305 496.9616045951843 2.7513518035411835 545.7407727241516 26.017147690057755
0 0.0290 553.9087536334991 3.0737447440624237 603.4955456256866 25.697800666093826
0 0.0288 414.11606669425964 425.4491744041443 524.2081124782562 472.9268789291382
0 0.0280 220.75134336948395 537.132355928421 267.495365023613 562.6003768444061
0 0.0277 196.7181497812271 571.6186244487762 233.81030023097992 604.604551076889
0 0.0266 177.46830368041992 466.80608224868774 214.79074001312256 499.0730996131897
0 0.0265 139.19612503051758 524.2316772937775 176.56094884872437 556.4018089771271
0 0.0254 0.0 0.0 610.8046875 324.63320302963257
0 0.0252 158.37483894824982 562.3417475223541 195.63869154453278 594.7799928188324
0 0.0250 177.60051834583282 504.6789357662201 214.67716562747955 537.6690208911896
0 0.0247 272.9480481147766 581.8726569414139 310.54917669296265 610.8046692609787
0 0.0244 358.2603771686554 578.3434610366821 465.27353024482727 610.8046875
0 0.0238 314.3440239429474 309.41128063201904 364.8849356174469 331.3604106903076
0 0.0228 254.04594719409943 504.8456404209137 291.22309148311615 537.5160319805145
0 0.0227 248.44198966026306 21.788698486983776 297.0236291885376 45.2282233312726
0 0.0222 305.73709362745285 21.853990763425827 354.46878558397293 45.16395244002342
0 0.0216 320.8723168373108 103.51358646154404 358.25815200805664 135.6225809454918
0 0.0216 238.6313112974167 60.23074512183666 287.6809641122818 83.2881191521883
0 0.0214 187.0448659658432 428.52004194259644 224.3408192396164 460.8561487197876
0 0.0213 301.6583833694458 352.36381101608276 339.2117257118225 384.0414891242981
0 0.0211 401.66720509529114 12.037231966853142 449.8264653682709 35.85152082145214
0 0.0211 296.9120063781738 443.0887885093689 382.5056176185608 484.29219675064087
0 0.0211 248.19587230682373 88.92112916707993 297.2407100200653 111.97333699464798
0 0.0207 353.92364859580994 11.975839421153069 401.9541413784027 35.9115955978632
0 0.0202 291.99571466445923 56.151590287685394 329.74012899398804 87.39818912744522
0 0.0201 225.2907439470291 428.5313501358032 262.59439408779144 460.8457889556885
0 0.0200 254.00348675251007 466.7138292789459 291.2598248720169 499.1576192378998
0 0.0198 100.80745375156403 524.5724186897278 138.43444526195526 556.0901041030884
0 0.0195 200.36896347999573 98.49629616737366 249.44061255455017 121.52349829673767
0 0.0194 359.0259418487549 36.816344529390335 396.593656539917 68.46525970101357
0 0.0192 263.3954701423645 352.3917167186737 300.97358107566833 384.0159909725189
0 0.0189 267.4996511936188 327.8487424850464 316.20670223236084 351.16973876953125
0 0.0188 282.5085783004761 113.35875481367111 320.10912322998047 144.9264881014824
0 0.0186 320.83572936058044 486.10482716560364 358.2906539440155 518.0390918254852
0 0.0185 139.14879477024078 486.1030032634735 176.60269796848297 518.040769815445
0 0.0183 364.0229594707489 97.34683656692505 391.04603934288025 141.72018671035767
0 0.0182 416.3996286392212 36.818574249744415 453.9698967933655 68.4632306098938
0 0.0181 119.99357271194458 562.6823794841766 157.5041263103485 594.4681055545807
0 0.0180 148.60704052448273 428.9736099243164 186.2589465379715 460.4411745071411
0 0.0179 190.6179449558258 69.94866210222244 240.04583859443665 92.69724494218826
0 0.0174 311.4090371131897 390.12682914733887 348.608615398407 422.73739671707153
0 0.0173 449.18390464782715 2.725591465830803 497.89719343185425 26.04280087351799
0 0.0171 225.07670903205872 352.5507974624634 262.78559374809265 383.8706259727478
0 0.0169 81.6173951625824 572.532107591629 119.36837553977966 603.768182516098
0 0.0168 335.0549433231354 69.10519856214523 382.60968947410583 93.52557009458542
0 0.0167 324.4063096046448 280.37184047698975 374.00112676620483 303.02247977256775
0 0.0167 490.4485777616501 544.7055258750916 610.8047057390213 610.8046875
0 0.0165 244.3320997953415 122.74351099133492 281.793408036232 154.65153881907463
0 0.0165 219.87639927864075 327.6898441314697 268.2287743091583 351.3257188796997
0 0.0165 142.88529539108276 595.339967250824 192.26211977005005 610.8046875
0 0.0164 339.7945718765259 352.62251329421997 377.5647397041321 383.80518436431885
0 0.0163 273.0398998260498 543.4448812007904 310.46272373199463 575.446046590805
0 0.0163 190.40201318264008 41.41403701901436 240.2389715909958 63.857572227716446
0 0.0162 257.51302099227905 299.48232221603394 307.02054619789124 322.1642231941223
0 0.0162 199.79627645015717 12.837409749627113 249.95336616039276 35.05888031423092
0 0.0161 311.2506494522095 572.2261662483215 348.7479615211487 604.0477137565613
0 0.0161 205.98638141155243 122.9695563018322 243.62942326068878 154.4448633491993
0 0.0158 497.1741621494293 31.26477402448654 545.5541875362396 54.87603521347046
0 0.0157 215.65660107135773 390.4661843776703 253.09503757953644 422.4265673160553
0 0.0155 320.81446266174316 141.9090517759323 358.3094401359558 173.73946344852448
0 0.0153 563.4672775268555 31.7636853531003 610.8046875 54.38282357901335
0 0.0151 368.04772782325745 305.6611189842224 406.65528559684753 335.2179636955261
0 0.0148 287.53973937034607 145.29339337348938 314.52597641944885 189.42755699157715
0 0.0148 582.4900660514832 346.9852695465088 610.8046875 370.2297348976135
0 0.0148 428.5134029388428 475.35018825531006 509.30125093460083 538.4894485473633
0 0.0147 409.3884029388428 360.60018825531006 490.17625093460083 423.7394485473633
0 0.0147 273.0676322579384 390.36926221847534 310.4386391043663 422.51524543762207
0 0.0145 392.92834281921387 544.4141027927399 458.5616068840027 574.4446513652802
0 0.0144 582.193955540657 318.50244784355164 610.8046692609787 341.3375566005707
0 0.0142 392.70991230010986 97.3433529138565 419.7342324256897 141.72306847572327
0 0.0140 62.30808073282242 525.1024446487427 100.41295284032822 555.6066241264343
0 0.0136 100.74774831533432 486.46285915374756 138.48798590898514 517.7117743492126
0 0.0135 549.2627459764481 387.12519693374634 610.8046692609787 434.85182762145996
0 0.0135 62.37486290931702 391.0984582901001 100.35065746307373 421.8490834236145
0 0.0132 349.7570171356201 389.82081484794617 386.7766857147217 423.0183141231537
0 0.0131 186.9099519252777 352.3600902557373 224.4603395462036 384.04491806030273
0 0.0131 124.28165781497955 461.53241515159607 172.57867741584778 485.2318346500397
0 0.0129 382.8232319355011 69.14912496507168 430.45983481407166 93.48292042315006
0 0.0128 258.83673620224 154.7328164577484 285.85704374313354 199.08668732643127
0 0.0128 315.78866386413574 547.3581726551056 363.60729217529297 571.5251677036285
0 0.0127 266.990791618824 270.84984934329987 316.65985983610153 293.42122185230255
0 0.0124 445.26627230644226 93.74131035804749 482.49875378608704 126.25223815441132
0 0.0123 582.6335706710815 117.3768659234047 610.8046875 140.83719009160995
0 0.0122 268.4279808998108 422.71875643730164 295.38514494895935 466.65269207954407
0 0.0122 230.14852488040924 154.7282202243805 257.1704009771347 199.09044456481934
0 0.0121 359.1235206127167 141.75688362121582 396.5074589252472 173.87871837615967
0 0.0120 177.43580174446106 390.390310049057 214.81937527656555 422.49602150917053
0 0.0119 110.1375430226326 429.45143580436707 148.20896476507187 460.00522541999817
0 0.0117 454.6281065940857 27.31117433309555 492.2388653755188 58.85035443305969
0 0.0116 359.25108432769775 485.66220259666443 396.39616441726685 518.4446547031403
0 0.0116 582.1860762834549 60.31871420145035 610.8046692609787 83.14605313539505
0 0.0115 406.49164509773254 295.73850774765015 444.7239897251129 325.9827446937561
0 0.0115 52.78196758031845 429.40521812438965 90.81672888994217 460.0473575592041
0 0.0114 152.69469702243805 107.95265418291092 201.50563752651215 131.19106417894363
0 0.0114 56.947085201740265 366.23305463790894 105.98955184221268 389.2864480018616
0 0.0113 483.4999666213989 93.7845368385315 520.7630167007446 126.21262300014496
0 0.0113 549.2627459764481 444.50019693374634 610.8046692609787 492.22682762145996
0 0.0113 502.5199463367462 55.80607710778713 539.9805614948273 87.71397270262241
0 0.0111 215.31066155433655 295.60798931121826 253.40949654579163 326.10151720046997
0 0.0111 582.3334475755692 88.9072036743164 610.8046692609787 111.93285548686981
0 0.0111 201.48967838287354 154.97183883190155 228.44866633415222 198.9016524553299
0 0.0110 410.69424390792847 337.59589433670044 459.85986042022705 360.5491919517517
0 0.0110 177.278453707695 314.2682590484619 214.96019876003265 345.6503920555115
0 0.0108 330.18687558174133 247.52981972694397 368.0437881946564 278.5311584472656
0 0.0104 62.28857637941837 486.8930447101593 100.43083392083645 517.3195989131927
0 0.0104 76.30350190401077 461.674679517746 124.91047543287277 485.09241557121277
0 0.0103 0.0 578.2842206954956 62.746382653713226 610.8046875
0 0.0102 276.90849655866623 241.89952504634857 325.90647822618484 264.9943939447403
0 0.0102 582.0725566148758 289.8937404155731 610.8046692609787 312.57075333595276
0 0.0102 0.0 524.4226033687592 33.1943256855011 556.2270791530609
0 0.0101 142.80303740501404 79.51250267028809 192.2355637550354 102.25836789608002
0 0.0100 138.917724609375 391.0006606578827 176.81210017204285 421.9382722377777
0 0.0100 377.79115891456604 267.07672476768494 416.04852747917175 297.2718257904053
0 0.0100 100.51520991325378 391.32159447669983 138.70173811912537 421.64586424827576
