0 0.0517 599.7000312805176 -95.61940765380861 638.7499809265137 -71.29527664184572
0 0.0405 574.3924140930176 -63.66318321228028 638.7499809265137 -13.752981185913102
0 0.0371 589.2887115478516 -125.3148136138916 638.75 -101.59774398803711
0 0.0308 511.90391540527344 1.3418045043945177 638.75 101.12707519531247
0 0.0254 0.0 131.38586425781247 638.75 470.24999999999994
0 0.0233 519.2118453979492 -105.26292419433594 571.1425399780273 -81.64975738525392
0 0.0229 0.0 -168.5 510.9122848510742 113.0149688720703
0 0.0210 519.783821105957 -75.69612121582031 570.6351089477539 -51.220775604248054
0 0.0201 27.761287689208984 -104.36335182189943 82.45750427246094 -82.5538215637207
0 0.0201 588.7312507629395 -154.93970012664798 638.7499809265137 -131.97275257110596
0 0.0189 18.285999298095703 -44.65954399108888 71.97754859924316 -22.253709793090835
0 0.0187 0.0 -75.23305511474611 51.1741828918457 -51.67892074584962
0 0.0184 525.4744720458984 -50.05559539794923 564.7185516357422 -16.850811004638683
0 0.0168 518.397102355957 -144.72869968414307 571.8770980834961 -122.184401512146
0 0.0155 469.26788330078125 -65.30074691772461 521.0919952392578 -41.611858367919936
0 0.0151 27.751245498657227 -134.35608959197998 82.46630668640137 -112.56090259552003
0 0.0147 0.0 -15.53638076782228 50.7997989654541 8.622783660888658
0 0.0144 608.9819526672363 454.1458740234374 638.7499809265137 470.24999999999994
0 0.0137 485.3290557861328 -39.72199535369874 524.8499298095703 -7.1555910110473775
0 0.0129 0.7749414443969727 -125.8043417930603 28.821170330047607 -80.97755289077759
0 0.0127 609.56298828125 424.0342941284179 638.75 448.99134063720703
0 0.0125 458.6416244506836 -94.88099670410156 511.6555404663086 -72.0314178466797
0 0.0121 588.6067390441895 108.51847076416013 638.7499809265137 174.69606781005857
0 0.0119 468.4599304199219 -124.7668228149414 521.8199920654297 -102.14600181579591
0 0.0117 208.31329345703125 -124.67833137512208 261.9532775878906 -102.23516082763673
0 0.0112 460.0824737548828 -5.947166442871107 510.3736877441406 19.026054382324205
0 0.0108 268.7778854370117 -124.96503925323486 321.53167724609375 -101.94666957855223
0 0.0108 0.0 -165.24831867218018 51.1497688293457 -141.6632709503174
0 0.0108 198.3030128479004 -94.67391586303712 251.9630241394043 -72.23987197875978
0 0.0105 5.395259857177734 10.137638092041001 44.7890567779541 42.972568511962876
