0 0.0254 0.0 219.8858642578125 638.75 558.75
0 0.0231 387.34596252441406 104.35794830322266 442.8388977050781 125.72120666503905
0 0.0229 0.0 -79.99999999999999 510.9122848510742 201.51496887207028
0 0.0217 574.3924140930176 -55.16318321228027 638.7499809265137 -5.252971649169921
0 0.0202 396.93843841552734 134.56920623779294 453.2132339477539 155.50662994384763
0 0.0192 347.4009323120117 84.3262481689453 402.7890396118164 105.75298309326172
0 0.0189 336.5544891357422 124.75614547729491 393.5676574707031 145.31572341918945
0 0.0186 408.2136917114258 73.87895584106445 462.0443344116211 96.2067985534668
0 0.0170 448.11275482177734 103.93363952636719 502.1372604370117 126.15089416503905
0 0.0168 366.6450881958008 244.7123718261719 423.48400115966797 265.36041259765625
0 0.0166 15.944256782531738 265.0401306152343 74.13212299346924 285.02525329589844
0 0.0164 406.91200256347656 164.5850372314453 463.23692321777344 185.4909515380859
0 0.0163 306.302490234375 104.87285614013672 363.8011932373047 125.19596099853516
0 0.0160 25.51741600036621 285.22457122802734 84.5290470123291 304.83531951904297
0 0.0159 25.69786310195923 245.1477813720703 84.36107397079468 264.9144744873047
0 0.0158 358.31932067871094 53.81382942199706 411.9486999511719 76.27209663391112
0 0.0157 416.9270324707031 214.57883834838867 473.2228088378906 235.49749374389648
0 0.0154 25.436792373657227 305.2595901489258 84.60384368896484 324.7993850708007
0 0.0150 457.9167175292969 134.04224395751953 512.3170471191406 156.04053497314453
0 0.0150 427.15415954589844 254.4631195068359 483.0138397216797 275.615234375
0 0.0148 574.3924140930176 4.836816787719727 638.7499809265137 54.747018814086914
0 0.0145 436.6014099121094 184.73276138305664 493.52455139160156 205.33945083618164
0 0.0144 367.09503173828125 274.49226379394526 423.06854248046875 295.5854034423828
0 0.0142 518.8683319091797 -16.533501148223877 571.4521026611328 6.620552539825439
0 0.0138 297.26649284362793 64.3979501724243 352.91226387023926 85.68028926849365
0 0.0137 347.0365905761719 154.52323913574216 403.1220245361328 175.55404663085935
0 0.0134 45.31386375427246 225.3097629547119 104.71864700317383 244.74738121032715
0 0.0132 427.0367431640625 284.5206832885742 483.1224060058594 305.5562210083007
0 0.0129 75.19776344299316 265.35816192626953 134.82672691345215 284.6975326538086
0 0.0128 85.0761604309082 305.4082489013672 144.94001388549805 324.64591979980463
0 0.0128 418.3436584472656 43.805713653564446 471.9252014160156 66.2812614440918
0 0.0127 608.9450836181641 542.6739501953125 638.75 558.7499999999999
0 0.0126 336.7427062988281 224.66773986816406 393.39324951171875 245.40645599365237
0 0.0126 307.8380489349365 34.095497131347656 362.38694190979004 55.988101959228516
0 0.0126 518.4657287597656 -46.274203062057495 571.8155670166016 -23.639155626296997
0 0.0126 518.0644226074219 -76.03444576263428 572.1804809570312 -53.88071060180664
0 0.0125 35.4447078704834 325.25711059570307 94.59627151489258 344.8020935058594
0 0.0123 377.169189453125 304.45373535156244 433.0004119873047 325.6244659423828
0 0.0120 85.0548267364502 285.4164123535156 144.9600315093994 304.63737487792963
0 0.0119 511.90391540527344 89.84180450439452 638.75 189.62707519531247
0 0.0118 116.32122039794922 -75.13946533203125 173.7847137451172 -54.792084693908684
0 0.0118 368.4804916381836 23.71986389160156 421.8014907836914 46.36728286743163
0 0.0116 85.25758743286133 245.3329467773437 144.7711181640625 264.7234344482422
0 0.0114 467.31964111328125 234.3725299835205 522.8628540039062 255.70651054382327
0 0.0113 337.13451385498047 324.4710922241211 393.0324172973633 345.60672760009766
0 0.0113 35.5605411529541 205.20586013793945 94.48902130126953 224.8545265197754
0 0.0111 247.34413146972656 24.362392425537106 302.83973693847656 45.7172966003418
0 0.0110 266.2833023071289 84.87991333007812 323.8193893432617 105.1884078979492
0 0.0109 436.79698944091797 314.6400833129882 493.34339141845703 335.43453216552734
0 0.0109 477.6704788208008 204.18525695800778 532.5409317016602 225.8966827392578
0 0.0108 26.011812686920166 185.0092506408691 84.0696120262146 205.05681991577148
0 0.0108 26.204087734222412 164.9211311340332 83.89160394668579 185.1470375061035
0 0.0107 317.3101043701172 294.37980651855463 372.87109375 315.6995391845703
0 0.0105 275.98586082458496 125.01815795898436 334.0944004058838 145.04714965820312
0 0.0105 468.57372283935547 73.65718841552733 521.7180252075195 96.42955780029295
0 0.0105 95.24759292602539 325.33691406249994 154.78046417236328 344.71931457519526
0 0.0104 609.4601249694824 512.6182174682617 638.7500190734863 537.4086380004883
0 0.0101 307.58999824523926 254.2358779907226 362.6130962371826 275.84651947021484
0 0.0101 608.612060546875 -80.0 638.75 -62.954434156417854
0 0.0101 487.2572326660156 264.40826416015625 542.9194641113281 285.6707763671875
0 0.0100 0.0 223.6780834197998 41.73317909240723 246.40995979309085
0 0.0100 518.9108276367188 13.4401798248291 571.4134216308594 36.647138595581055
