0 0.4589 270.7252502441406 50.09801864624023 491.5412902832031 149.2983055114746
0 0.3668 298.4458541870117 -28.68397712707519 484.04903411865234 48.74924659729003
0 0.3624 298.4458541870117 151.31603240966797 484.04903411865234 228.74923706054688
0 0.1286 310.7252502441406 250.0980377197265 531.5412902832031 349.2982482910156
0 0.0949 488.11859130859375 17.0982551574707 572.6026153564453 83.126220703125
0 0.0743 488.11859130859375 157.098274230957 572.6026153564453 223.12622070312497
0 0.0725 208.11857223510742 -22.901744842529297 292.60263442993164 43.12622070312499
0 0.0710 233.06254386901855 -75.08583068847656 348.191499710083 -25.43595314025879
0 0.0697 493.0625534057617 84.91418838500977 608.1914901733398 134.56403732299805
0 0.0667 162.0012664794922 89.20032501220702 276.64344787597656 272.3202896118164
0 0.0469 354.34864044189453 -80.0 466.8692398071289 -45.25578498840333
0 0.0454 493.0625534057617 -35.085830688476555 608.1914901733398 14.564046859741213
0 0.0244 230.65410614013672 41.94813728332519 279.89410400390625 68.10948371887207
0 0.0242 471.0338592529297 220.96546173095703 519.6788787841797 249.01008605957034
0 0.0242 157.7426528930664 279.2666625976562 303.9836120605469 340.6600952148437
0 0.0226 533.062572479248 224.9141788482666 638.7500190734863 274.5640468597412
0 0.0211 533.062572479248 284.91416931152344 638.7500190734863 334.5640563964843
0 0.0210 574.3924140930176 164.83682632446286 638.7499809265137 214.74702835083005
0 0.0190 358.4458541870117 351.3160705566406 544.0490341186523 428.7492370605468
0 0.0168 0.0 389.9971199035644 320.47874450683594 558.7499809265137
0 0.0157 474.34864044189453 -80.0 586.8692398071289 -45.25578498840333
0 0.0157 512.8874015808105 489.6266937255859 638.7500190734863 558.7499999999999
0 0.0155 113.06253433227539 -75.08583068847656 228.19150924682617 -25.43595314025879
0 0.0154 574.3924140930176 24.836816787719723 638.7499809265137 74.74701881408691
0 0.0147 574.3924140930176 344.83680725097656 638.7499809265137 394.74700927734375
0 0.0132 159.16025161743164 -26.72846794128418 211.1890983581543 -3.1843185424804688
0 0.0130 180.00604629516602 42.6149845123291 230.44111251831055 67.46459007263184
0 0.0128 285.49675941467285 228.38664054870605 324.699010848999 261.70201301574707
0 0.0124 233.06254386901855 344.91416931152344 348.191499710083 394.5640563964843
0 0.0121 164.99343872070312 -0.5498409271240245 205.16029357910156 30.73224067687988
0 0.0116 519.2925643920898 333.1787109375 571.0705947875977 356.9081878662109
0 0.0108 598.237476348877 -66.1349582672119 638.7499809265137 -43.77915382385254
