0 0.0308 265.2809524536133 18.823104858398448 324.74937438964844 38.23358154296876
0 0.0295 265.1622772216797 -1.128381729125962 324.8600769042969 18.18342781066896
0 0.0254 0.0 193.38586425781247 638.75 532.25
0 0.0245 255.54998397827148 38.710757255554206 314.49872970581055 58.34955310821534
0 0.0231 275.2420425415039 -21.160854339599595 334.78565216064453 -1.7829742431640483
0 0.0229 0.0 -106.49999999999999 510.9122848510742 175.01496887207034
0 0.0220 267.9108142852783 217.55776977539062 322.31966972351074 239.52676391601565
0 0.0188 207.67053604125977 217.69059753417966 262.5396919250488 239.39218139648435
0 0.0177 257.62983322143555 187.71188354492188 312.57715225219727 209.3704376220703
0 0.0171 256.0032653808594 58.51247406005861 314.0776824951172 78.55340576171876
0 0.0163 517.4649429321289 -2.2053756713867054 572.7297592163086 19.285484313964854
0 0.0159 247.30562210083008 157.88346862792972 302.87492752075195 179.19602966308594
0 0.0150 517.5516891479492 -32.24924468994139 572.6495742797852 -10.66955947875975
0 0.0146 275.1692199707031 -41.13014364242552 334.8533248901367 -21.814543247222886
0 0.0143 325.7534408569336 -1.3777389526367039 384.30980682373047 18.440471649169936
0 0.0140 197.4432373046875 187.81039810180664 252.7486801147461 209.27016830444336
0 0.0140 328.70933532714844 217.07418060302737 381.5946960449219 240.0133285522461
0 0.0137 326.01306915283203 18.508630752563487 384.06848907470703 38.55743980407716
0 0.0135 256.509952545166 78.28086471557617 313.60795974731445 98.79108047485352
0 0.0131 517.2977066040039 27.88593864440919 572.8825759887695 49.193235397338874
0 0.0130 308.0678462982178 167.46547317504883 362.1769046783447 189.61967086791992
0 0.0127 512.6921272277832 -106.49999999999997 638.7499809265137 -36.65076160430907
0 0.0126 147.82098293304443 217.6085433959961 202.4017572402954 239.47545623779297
0 0.0124 205.49076080322266 18.736730575561538 264.5536422729492 38.322950363159194
0 0.0123 316.40003204345703 38.331585884094245 373.7099075317383 58.73898601531983
0 0.0115 511.90391540527344 63.34180450439453 638.75 163.1270751953125
0 0.0113 368.69014739990234 157.08884811401367 421.6115188598633 179.99892807006836
0 0.0113 215.56190490722656 -21.294044494628892 274.4875717163086 -1.6454544067382664
0 0.0113 335.72139739990234 -21.364635467529283 394.3397903442383 -1.573165893554673
0 0.0112 287.7032470703125 137.6699981689453 342.51033782958984 159.41259002685547
0 0.0112 358.9395523071289 186.92453002929688 411.38683319091797 210.16328430175778
0 0.0111 608.9065742492676 516.2030754089355 638.7499809265137 532.2500190734862
0 0.0111 205.58425903320312 -1.3041057586669778 264.4668960571289 18.364816665649425
0 0.0104 88.26478958129883 207.3520050048828 141.99708938598633 229.73451232910153
0 0.0103 187.3019790649414 157.8845558166504 242.87845611572266 179.1947898864746
0 0.0101 428.5955810546875 157.14997863769534 481.69677734375 179.93775939941406
0 0.0100 195.86557388305664 38.57600307464601 254.2049217224121 58.48857975006105
