0 0.2722 13.06253433227539 -21.585821151733384 128.19150924682617 28.06404685974122
0 0.1990 5.903253555297852 30.494285583496104 44.37001705169678 66.48110961914064
0 0.1922 0.10114669799804688 -53.959402084350565 50.35660743713379 -28.961500167846665
0 0.1133 5.907139778137207 70.50010299682617 44.365081787109375 106.47571182250977
0 0.1001 45.79113960266113 29.768734931945808 84.561767578125 67.15314006805421
0 0.0847 555.8227157592773 10.92080688476564 594.4221115112305 46.08811950683595
0 0.0844 50.40787696838379 -54.322294235229464 100.10745048522949 -28.615488052368143
0 0.0814 325.9257507324219 30.31198120117189 364.3610382080078 66.64939498901369
0 0.0794 540.1583099365234 -14.018920898437486 590.3086853027344 11.095825195312514
0 0.0763 0.0 -83.32580471038816 51.052656173706055 -59.58618068695066
0 0.0669 290.46253204345703 34.14531326293946 319.1978454589844 82.69633865356447
0 0.0639 5.809687376022339 110.95536804199219 44.433642625808716 146.0563430786133
0 0.0619 365.7155227661133 31.296435356140147 404.5082473754883 65.74289417266846
0 0.0547 267.6232147216797 317.7134094238281 322.5836944580078 339.3685302734375
0 0.0537 515.8316802978516 10.89441871643068 554.4143676757812 46.11237144470216
0 0.0520 45.92689752578735 70.26876068115236 84.36359167098999 106.68935394287111
0 0.0520 325.9298324584961 70.05685424804688 364.37923431396484 106.8853530883789
0 0.0505 350.5506134033203 5.58922386169435 399.97528076171875 31.47595024108888
0 0.0469 588.779296875 -22.964376449584943 638.75 0.052896499633804585
0 0.0454 300.8584976196289 -4.8160018920898295 349.73026275634766 21.861167907714858
0 0.0454 85.31426429748535 29.898701667785655 125.08950233459473 67.03625774383546
0 0.0448 495.42896270751953 -27.945341110229474 534.7591781616211 5.048395156860366
0 0.0426 130.33370971679688 -16.02229499816893 159.35674667358398 32.94897651672365
0 0.0419 405.6166458129883 31.582671165466323 444.59285736083984 65.48034763336182
0 0.0400 260.46199798583984 34.14130306243898 289.19849395751953 82.69958591461183
0 0.0388 365.87013244628906 70.72427368164064 404.3865203857422 106.26905059814455
0 0.0386 290.4979133605957 84.26997756958008 319.1546058654785 132.5751838684082
0 0.0373 539.0074920654297 -43.11544561386106 591.324462890625 -19.79597711563109
0 0.0352 555.9143829345703 50.47690963745118 594.3589782714844 86.49707412719728
0 0.0350 0.0 152.76665306091311 143.98361206054688 214.16010475158694
0 0.0348 595.1660537719727 2.622152328491225 634.9992752075195 34.53064537048341
0 0.0340 400.34542083740234 5.801797866821303 450.1485061645508 31.27024269104005
0 0.0317 475.76942443847656 11.117664337158217 514.464111328125 45.90709304809572
0 0.0306 349.81239318847656 -23.71253395080565 400.6085968017578 0.7962093353271636
0 0.0277 300.11298179626465 -33.971666336059556 350.34668922424316 -8.949693679809554
0 0.0269 260.520076751709 84.36027145385742 289.12755966186523 132.4912986755371
0 0.0262 270.6040954589844 -15.199989318847642 299.02565002441406 32.11057281494141
0 0.0257 80.51807403564453 104.3505630493164 109.13000106811523 152.4999008178711
0 0.0256 248.34766387939453 279.95843505859375 342.1403121948242 317.11747741699213
0 0.0252 320.5487823486328 124.49403381347656 349.09263610839844 172.37176513671872
0 0.0249 455.30017852783203 -27.661496639251695 494.8764419555664 4.789212703704848
0 0.0248 405.66932678222656 71.44044494628908 444.54689025878906 105.61071014404298
0 0.0243 598.3962249755859 -52.72914314270018 638.75 -30.184101104736314
0 0.0240 595.5038070678711 41.871238708496115 634.6925735473633 75.21611785888673
0 0.0238 515.8783340454102 50.6863889694214 554.3806838989258 86.30392169952393
0 0.0231 445.6454086303711 51.503025054931655 484.56798553466797 85.55335617065431
0 0.0227 278.25100898742676 347.3597106933593 332.00968742370605 369.7266540527343
0 0.0218 290.61880111694336 134.8913345336914 319.0078926086426 182.03477478027344
0 0.0210 350.55885314941406 124.54089736938477 379.08042907714844 172.32993698120117
0 0.0195 511.90391540527344 103.34180450439453 638.75 203.1270751953125
0 0.0189 17.742652893066406 212.7666530609131 163.98359298706055 274.1601047515869
0 0.0188 260.63323974609375 144.9786148071289 288.9904022216797 191.9619903564453
0 0.0188 324.97406005859375 363.49900817871094 638.75 532.25
0 0.0187 445.5596923828125 91.7341766357422 484.64271545410156 125.34154510498047
0 0.0186 237.7426528930664 212.7666530609131 383.9836120605469 274.1601047515869
0 0.0180 415.13538360595703 -27.318824768066392 455.0278854370117 4.4769058227539205
0 0.0174 0.0 -106.49999999999999 51.49472236633301 -89.51589608192442
0 0.0171 380.5713653564453 144.60591888427734 409.06524658203125 192.27353668212888
0 0.0171 230.47950744628906 44.2014036178589 259.1770553588867 92.6406297683716
0 0.0168 0.0 363.4971199035644 320.47874450683594 532.2499809265136
0 0.0162 445.5763626098633 131.69494247436523 484.62764739990234 165.37746047973633
0 0.0159 574.3924140930176 218.3368072509766 638.7499809265137 268.24700927734375
0 0.0151 410.5972671508789 144.7524223327637 439.03385162353516 192.14912033081055
0 0.0148 230.6310272216797 164.9655303955078 258.9931106567383 211.9729766845703
0 0.0148 395.74745178222656 111.2025604248047 434.48097229003906 145.82906341552734
0 0.0148 130.33244132995605 33.952570915222175 159.35816764831543 82.96693897247314
0 0.0147 110.4921817779541 104.24708938598634 139.16159629821777 152.5965461730957
0 0.0142 479.23309326171875 -53.27259445190428 531.1224365234375 -29.63941001892088
0 0.0139 111.0067367553711 -45.32227182388304 159.66882705688477 -17.67950201034544
0 0.0139 230.56318283081055 94.56536865234375 259.0751838684082 142.3091278076172
0 0.0138 380.5983352661133 194.76251220703125 409.03255462646484 242.14135742187497
0 0.0131 200.6439208984375 205.05333518981934 228.97754669189453 251.90165138244626
0 0.0130 608.6772918701172 -93.3278408050537 638.75 -69.64422607421874
0 0.0129 240.5535125732422 -15.477289199829087 269.08695220947266 32.34778022766114
0 0.0126 574.3924140930176 278.33680725097656 638.7499809265137 328.24700927734375
0 0.0124 460.04737854003906 166.0837516784668 510.4042053222656 190.99574661254883
0 0.0123 160.65082550048828 195.10239219665525 188.96923065185547 241.8621311187744
0 0.0120 415.76427459716797 191.12493133544922 454.4692611694336 225.9004364013672
0 0.0118 321.1194610595703 174.55241775512698 369.5733642578125 202.44235610961914
0 0.0116 608.9596748352051 516.1628112792969 638.7499809265137 532.25
0 0.0115 200.62677383422852 154.9406394958496 228.99824142456055 201.9938621520996
0 0.0110 140.5941390991211 134.74073028564453 169.0376853942871 182.16024017333982
0 0.0108 609.4312858581543 76.13507843017578 638.7500190734863 100.89124298095703
0 0.0107 479.2012405395508 196.74179649353027 531.1526107788086 220.34517860412598
