0 0.0963 139.31632614135742 256.2150001525879 178.03794479370114 293.70275497436523
0 0.0839 103.90868759155273 250.5017852783203 132.76385879516602 299.35047149658203
0 0.0821 129.40818405151367 216.4208984375 167.91579818725586 253.5113525390625
0 0.0728 139.42046737670898 296.5120315551758 177.8937873840332 333.42689514160156
0 0.0702 73.96627044677734 240.66125869750977 102.69330596923828 289.1817283630371
0 0.0618 183.92203903198242 260.5330276489258 212.74745559692383 309.3151092529297
0 0.0581 104.00561904907227 300.80145835876465 132.64522171020508 349.04595375061035
0 0.0561 94.01860809326173 190.85628509521484 122.6293716430664 238.99555206298828
0 0.0527 74.04426193237305 290.97984313964844 102.59818649291994 338.8861083984375
0 0.0522 129.3672332763672 177.22745895385742 167.88953399658203 212.76613235473633
0 0.0517 169.4208106994629 216.5110969543457 207.89348220825195 253.42775344848633
0 0.0483 184.03081512451172 310.91517448425293 212.61453247070312 358.9433765411377
0 0.0453 44.07163238525392 241.1174774169922 72.56497955322267 288.7657165527344
0 0.0434 64.05410385131837 191.0223388671875 92.58620834350587 238.84735107421875
0 0.0399 139.3719062805176 337.1992874145508 177.8868064880371 372.7920913696289
0 0.0393 213.99034118652347 280.74145317077637 242.66381835937503 329.10229682922363
0 0.0352 169.36580276489258 177.2391700744629 207.8900489807129 212.7553367614746
0 0.0329 44.13871860504152 291.52862548828125 72.48389339447021 338.4234619140625
0 0.0303 34.107066154479995 191.31328582763672 62.52203083038331 238.59859466552734
0 0.0301 214.0154800415039 230.84291458129883 242.63318634033203 279.0077781677246
0 0.0297 14.121652603149423 241.4052963256836 42.50441169738771 288.5225296020508
0 0.0281 104.14645767211915 351.5891647338867 132.47462844848633 398.3755874633789
0 0.0273 144.1863784790039 151.92434787750244 193.36488342285156 178.1335210800171
0 0.0255 94.40076446533203 151.63020610809326 143.1961212158203 178.41259479522705
0 0.0254 -106.49999999999997 299.8858642578125 532.25 638.75
0 0.0248 74.14849853515625 341.6049575805664 102.47216796875 388.36307525634766
0 0.0240 244.04222106933594 280.95935821533203 272.6006469726562 328.9017868041992
0 0.0238 214.08574676513672 331.19457244873047 242.54788970947263 378.6996841430664
0 0.0238 214.03489685058594 180.92491149902344 242.6094970703125 228.93245697021484
0 0.0233 4.125715255737319 191.42993927001953 32.499490737915046 238.50196838378906
0 0.0231 244.02078247070312 170.86185455322266 272.62673950195307 218.98948669433594
0 0.0229 -106.49999999999997 0.0 404.4122848510742 281.5149688720703
0 0.0217 154.16781997680664 371.73351287841797 182.44887924194336 418.2583999633789
0 0.0214 14.177509307861339 291.8054676055908 42.43722534179688 338.20109367370605
0 0.0208 244.06110382080075 231.05304718017578 272.57764434814453 278.81946563720703
0 0.0200 184.14153671264648 361.53736114501953 212.48042678833008 408.4146499633789
0 0.0199 119.09408187866212 118.14933776855469 158.11198806762695 151.91925048828125
0 0.0194 -6.949991226196275 612.9792022705078 44.343343734741225 637.1050262451172
0 0.0187 -77.66003990173337 593.4927749633789 -25.02395057678221 616.595344543457
0 0.0179 28.97311782836915 338.43807220458984 68.22070693969727 371.6550064086914
0 0.0175 -15.832256317138656 241.73858642578125 12.448993682861342 288.2551956176758
0 0.0171 53.178897857666016 612.8759765625 104.22996139526367 637.2066497802734
0 0.0171 194.11602592468262 131.36968612670898 222.51120185852048 178.55192184448242
0 0.0169 64.14826965332031 141.58441066741943 92.47232055664062 188.37664127349854
0 0.0163 -77.47001075744626 622.8967475891113 -25.096668243408185 638.7499809265137
0 0.0163 274.0506896972656 251.00170135498047 302.59034729003906 298.8646697998047
0 0.0162 -106.49999999999997 563.0524826049805 -65.59080028533933 587.0342636108398
0 0.0159 113.19305038452148 612.8639221191406 164.21767807006836 637.2184753417969
0 0.0150 108.8901481628418 398.63502502441406 148.29509353637695 431.47499084472656
0 0.0147 19.236179351806655 157.73845672607422 57.990356445312514 192.29610443115234
0 0.0144 244.084716796875 331.1854553222656 272.549072265625 378.7067413330078
0 0.0136 -7.5709857940673695 573.4318923950195 44.89624595642091 596.6559982299805
0 0.0136 68.71091461181642 399.02252197265625 108.45876312255861 431.12144470214844
0 0.0134 -106.49999999999997 532.8976821899414 -65.7654514312744 557.1870803833008
0 0.0133 164.1949806213379 101.94314002990723 192.41626358032227 148.09287071228027
0 0.0130 -25.813735961914045 191.8863868713379 2.426811218261733 238.1391716003418
0 0.0129 274.0440139770507 200.96757888793945 302.59839630126953 248.89436721801758
0 0.0128 406.19212722778315 0.0 532.2499809265136 69.84923839569092
0 0.0128 163.2704315185547 612.799186706543 214.15006256103516 637.2819900512695
0 0.0126 28.732753753662116 378.97945404052734 68.43843078613283 411.1606979370117
0 0.0125 -15.79106712341307 292.07324028015137 12.399679183959975 337.9936695098877
0 0.0123 148.8159332275391 418.79825592041016 188.36270904541016 451.3259506225586
0 0.0123 304.0382537841797 250.94064712524414 332.60545349121094 298.9184379577637
0 0.0121 274.0641555786132 301.06815338134766 302.57398223876953 348.80619049072266
0 0.0120 224.15444946289065 121.63118362426758 252.4649200439453 168.33946228027344
0 0.0118 502.5231513977051 622.6135063171387 532.2499809265136 638.7500190734863
0 0.0118 118.99253463745119 78.4054970741272 158.2019386291504 111.68475866317749
0 0.0118 349.1022644042969 48.12004089355469 388.1055603027344 81.94610595703125
0 0.0115 405.4039154052735 209.84180450439453 532.25 309.6270751953125
0 0.0113 79.07830810546875 108.1891918182373 118.12596893310548 141.88273429870605
0 0.0112 138.69237518310547 489.06578063964844 178.47528076171875 521.0820007324219
0 0.0108 214.17302703857422 381.76841735839844 242.44260406494143 428.2300567626953
0 0.0107 -15.823272705078109 141.80066585540771 12.438159942626966 188.20509433746338
0 0.0106 52.77444458007813 573.1935501098633 104.58638763427734 596.8936538696289
0 0.0105 108.59326934814452 459.26013946533203 148.56729125976562 490.90503692626953
0 0.0105 -11.107391357421859 338.6333465576172 28.292480468750014 371.4765167236328
0 0.0104 22.48458480834962 543.3956146240234 74.84603500366211 566.6923522949219
0 0.0104 63.0850944519043 432.9658889770508 114.3094596862793 457.11986541748047
0 0.0102 -58.44255590438841 553.9675903320312 -4.312712192535385 576.116943359375
