0 0.1111 421.04732513427734 2.486858367919922 509.4912338256836 47.25597381591797
0 0.0877 589.4828033447266 303.04088592529297 638.75 327.0452499389648
0 0.0728 609.0864562988281 272.8982925415039 638.75 297.1305465698242
0 0.0723 29.679908752441406 152.8900146484375 80.72604179382324 177.19463348388672
0 0.0669 533.062572479248 224.9141788482666 638.7500190734863 274.5640468597412
0 0.0595 589.6724128723145 332.89787292480463 638.7499809265137 357.18711853027344
0 0.0591 29.04698371887207 123.35538864135741 81.28951072692871 146.73280715942383
0 0.0585 609.0653228759766 152.91265487670896 638.75 177.1161079406738
0 0.0582 33.06253433227539 184.91418838500977 148.19150924682617 234.56403732299805
0 0.0512 459.84798431396484 52.74792671203613 510.5794143676758 77.33391761779785
0 0.0506 370.20362854003906 22.437906265258793 420.2699279785156 47.63781547546387
0 0.0500 599.3344116210938 123.15485000610352 638.75 146.93277359008786
0 0.0481 440.4003143310547 -27.755737304687496 490.10231018066406 -2.1741962432861333
0 0.0480 609.0469551086426 182.9245567321777 638.7499809265137 207.10409164428708
0 0.0452 410.27854919433594 52.36735343933105 460.2055358886719 77.70657539367676
0 0.0449 499.0201187133789 275.5421829223632 591.4557266235352 314.45049285888666
0 0.0433 80.23440361022949 152.41125106811523 130.24300575256348 177.66401290893555
0 0.0428 28.389756679534912 93.77628326416016 81.8836236000061 116.31065368652342
0 0.0387 599.4540596008301 93.0683135986328 638.7499809265137 117.0188522338867
0 0.0371 599.1955757141113 63.25664043426513 638.7499809265137 86.83186054229736
0 0.0363 493.0625534057617 164.91418838500974 608.1914901733398 214.56403732299802
0 0.0353 370.3087615966797 -7.665879726409913 420.1805114746094 17.738473415374752
0 0.0343 539.3342590332031 323.15258026123047 591.0325622558594 346.93470001220703
0 0.0339 28.180131912231445 63.89986515045165 82.07464218139648 86.18585109710693
0 0.0333 508.47450256347656 73.7242317199707 561.8067169189453 96.36301040649414
0 0.0311 508.8093566894531 23.5137939453125 561.5034484863281 46.57442092895508
0 0.0296 473.0625534057617 104.91418838500975 588.1914901733398 154.56403732299802
0 0.0284 608.6174011230469 33.212995529174805 638.75 56.815023422241204
0 0.0282 0.0 178.72060775756833 34.83132839202881 211.39684677124023
0 0.0279 29.229707717895508 233.22078704833984 81.12733840942383 256.86595916748047
0 0.0276 498.71570587158203 -16.42250299453735 551.5873336791992 6.511061191558837
0 0.0259 0.7550621032714844 132.49855041503906 28.844752311706543 177.67005920410153
0 0.0259 495.49034118652344 228.40999603271482 534.7039794921875 261.68064117431635
0 0.0259 449.64466094970703 82.92121887207031 500.7564163208008 107.16423034667969
0 0.0258 89.30456161499023 123.17474365234374 141.05890274047852 146.9127655029297
0 0.0254 574.3924140930176 364.83680725097656 638.7499809265137 414.74700927734375
0 0.0245 598.306884765625 3.827323913574219 638.75 26.25942230224609
0 0.0232 28.147733211517334 33.922452926635735 82.10336923599243 56.16364479064941
0 0.0229 0.0 277.02486038208013 510.9126281738281 558.7499809265137
0 0.0216 365.4541015625 48.493189811706536 404.7367858886719 81.60458087921141
0 0.0202 405.4319763183594 78.5496759414673 444.75624084472656 111.55293941497801
0 0.0199 27.786600589752197 -75.87655782699585 82.43415594100952 -54.040312767028816
0 0.0186 85.4200267791748 238.55216026306152 124.7695255279541 271.55076026916504
0 0.0177 0.7745265960693359 52.69720077514648 28.821702003479004 97.52193450927734
0 0.0176 608.2305908203125 -26.55073642730713 638.75 -3.4237909317016606
0 0.0175 29.070711135864258 263.3358383178711 81.26891136169434 286.7518997192383
0 0.0175 408.11859130859375 197.09827423095703 492.6026153564453 263.126220703125
0 0.0166 395.4047393798828 -41.390814781188965 434.78118896484375 -8.501429557800293
0 0.0165 0.0 -16.861619949340817 51.01153373718262 6.949138641357421
0 0.0165 88.44110488891602 93.74666213989256 141.8366241455078 116.34073257446288
0 0.0164 319.69433784484863 12.876834869384766 370.7136821746826 37.20741271972656
0 0.0163 608.2936096191406 -66.58961296081543 638.75 -43.3846378326416
0 0.0163 0.7624626159667969 212.57385253906247 28.83598804473877 257.61383056640625
0 0.0160 420.20416259765625 112.44478225708006 470.2679443359375 137.63189315795898
0 0.0154 87.57013320922852 -75.75642347335815 142.63202667236328 -54.16181802749633
0 0.0151 0.0 -46.815155744552605 51.06771945953369 -23.09693455696106
0 0.0149 479.50733184814453 313.0229568481445 530.8788681030273 337.0631027221679
0 0.0146 574.3924140930176 424.83680725097656 638.7499809265137 474.74700927734375
0 0.0140 135.43187618255615 148.55079650878903 174.75626468658447 181.55189514160153
0 0.0136 146.913800239563 -75.4206371307373 203.23642253875732 -54.504079818725586
0 0.0136 415.48389434814453 138.42544555664062 454.7097396850586 171.6665267944336
0 0.0134 29.136476516723633 293.29093933105463 81.2098217010498 316.7967224121094
0 0.0134 512.8874015808105 489.6266937255859 638.7500190734863 558.7499999999999
0 0.0130 455.4662322998047 158.46996307373044 494.725341796875 191.6257858276367
0 0.0130 570.7991409301758 62.97165393829345 598.7926864624023 107.32059001922607
0 0.0130 325.18749237060547 39.07428741455078 364.97989654541016 71.07425689697264
0 0.0126 130.67214012145996 231.76432609558103 158.94366264343262 278.23369026184076
0 0.0126 489.39449310302734 343.1086349487304 540.9788131713867 366.9783401489258
0 0.0123 355.2859115600586 -41.12771987915039 394.8891830444336 -8.741607666015627
0 0.0122 564.8976135253906 29.629650115966797 605.2496337890625 60.5691909790039
0 0.0118 470.6882858276367 261.8947982788086 498.9243698120117 308.1315231323242
0 0.0118 79.85176086425781 272.7421569824218 130.57666778564453 297.33924865722656
0 0.0116 438.8739776611328 -56.525098085403435 491.44439697265625 -33.386133909225464
0 0.0115 47.726309299468994 4.158678054809571 102.48889684677124 25.924291610717773
0 0.0114 19.515762329101562 323.0180740356445 70.87105751037598 347.0681381225586
0 0.0113 375.4043960571289 118.60435485839845 414.78206634521484 151.50299072265625
0 0.0113 190.72525024414062 170.09803771972656 411.5412902832031 269.2982864379882
0 0.0113 88.06015014648438 63.97178649902344 142.18355178833008 86.11358642578125
0 0.0107 79.84129905700684 302.75772094726557 130.58444023132324 327.32475280761713
0 0.0101 150.67806243896484 181.8030738830566 178.9365005493164 228.2020378112793
