0 0.1271 185.73644757270813 93.17706525325775 299.98719692230225 141.14071428775787
0 0.0791 203.89002561569214 71.45330309867859 241.9106364250183 92.63250231742857
0 0.0571 197.70511239767075 144.46420967578888 287.64960914850235 183.25315415859222
0 0.0549 243.00705641508102 71.30858302116394 280.9426859021187 92.76512265205383
0 0.0537 149.04743432998657 110.75608432292938 187.34055757522583 131.4686983823776
0 0.0469 164.50074315071106 71.92425429821014 203.10115814208984 92.18735992908478
0 0.0445 195.39649784564972 48.85006323456764 234.6503585577011 68.39841231703758
0 0.0397 168.69023442268372 138.0978375673294 198.72480630874634 166.55676066875458
0 0.0329 226.9883006811142 196.0732936859131 249.294713139534 233.50721597671506
0 0.0322 250.4417598247528 196.15438580513 272.7127969264984 233.43637585639954
0 0.0305 124.98950585722923 87.993323802948 164.42042961716652 107.38155245780945
0 0.0305 234.6116602420807 48.704907298088074 273.58201146125793 68.53967905044556
0 0.0304 203.52528989315033 195.9579288959503 225.8882373571396 233.61113667488095
0 0.0284 180.08829653263092 195.9616243839264 202.45014131069183 233.60815644264218
0 0.0283 137.23495602607727 131.21339678764343 167.62137413024902 157.8899323940277
0 0.0275 156.13114833831787 49.02509227395058 195.76463103294373 68.22678074240685
0 0.0269 273.89654517173767 196.24996185302734 296.12937569618225 233.3548069000244
0 0.0254 0.0 171.78583145141602 499.0234375 436.5234375
0 0.0247 285.80600023269653 138.5710537433624 315.9504532814026 166.12032055854797
0 0.0244 109.40395295619965 111.40201985836029 148.76000583171844 130.84791600704193
0 0.0239 116.90680682659149 64.78166580200195 156.84430301189423 83.72223377227783
0 0.0224 254.4717788696289 232.6248288154602 284.76738929748535 259.5910429954529
0 0.0216 195.73551416397095 235.12256145477292 218.048095703125 272.58145809173584
0 0.0214 285.67370772361755 68.71306896209717 316.0574734210968 95.39023041725157
0 0.0195 227.05423831939697 235.51332950592038 249.21485781669617 272.2501754760742
0 0.0193 285.7958674430847 169.87094283103943 315.95730781555176 197.32439517974854
0 0.0193 85.04920080304146 33.966489136219025 126.13702937960625 52.039794623851776
0 0.0190 156.71618282794952 180.66796660423276 178.933247923851 217.69383549690244
0 0.0190 301.2431561946869 107.9292893409729 331.7306339740753 134.31182503700256
0 0.0189 194.61661577224731 26.026122272014618 235.33862829208374 44.35531049966812
0 0.0176 77.3315578699112 57.34081566333771 118.2391345500946 75.5404680967331
0 0.0172 85.49244701862335 88.34348618984222 125.74021518230438 107.0365458726883
0 0.0170 400.5407243967056 -62.5 499.0234225988388 -7.930282503366474
0 0.0162 285.58722138404846 233.01133513450623 316.13269448280334 259.23666357994074
0 0.0158 297.4092662334442 196.7634856700897 319.47627663612366 232.93796181678772
0 0.0155 84.94895324110985 10.592803359031677 126.22782960534096 28.538167476654053
0 0.0150 250.33757090568542 259.5421075820923 289.1211211681366 279.57457304000854
0 0.0150 273.54639768600464 48.831820487976074 312.75296211242676 68.41672956943512
0 0.0147 105.82676157355309 131.62682950496674 136.51028648018837 157.51133859157562
0 0.0146 133.2933008670807 188.56436014175415 155.47806024551392 225.43543577194214
0 0.0146 172.32677340507507 235.27377843856812 194.575697183609 272.45062589645386
0 0.0136 148.26112985610962 25.6364643573761 188.00225853919983 44.74136233329773
0 0.0127 399.9249339103699 7.6889097690582275 499.0234375 85.64615249633789
0 0.0117 125.65869092941284 157.58872032165527 163.8599932193756 178.38573455810547
0 0.0115 38.083821535110474 34.02473032474518 79.34373617172241 51.981374621391296
0 0.0111 69.83216106891632 111.80612444877625 110.14680564403534 130.44896721839902
0 0.0110 207.7099084854126 271.2785303592682 237.8023862838745 299.02949929237366
0 0.0108 148.88720214366913 227.44452953338623 171.14068567752838 264.651358127594
0 0.0107 241.74857139587402 25.841511785984036 281.98421001434326 44.53883320093155
0 0.0107 125.62169134616852 25.73098987340927 147.49740064144135 60.427434742450714
0 0.0106 399.9249339103699 101.43890976905823 499.0234375 179.3961524963379
0 0.0105 475.7506996393204 423.95430803298945 499.0234225988388 436.5234375
0 0.0103 37.83001750707626 10.746769607067108 79.57349717617035 28.38369458913803
