0 0.1774 110.72525024414062 -39.40198135375976 331.5412902832031 59.798305511474624
0 0.1573 430.7252502441406 -79.40198135375977 638.75 19.79830551147462
0 0.0991 110.72525024414062 80.59801864624023 331.5412902832031 179.79830551147464
0 0.0666 350.7252502441406 40.59801864624024 571.5412902832031 139.79830551147464
0 0.0648 69.22950267791748 -74.25277185440062 161.24550342559814 -34.78049230575561
0 0.0468 273.06254386901855 -84.58583068847655 388.191499710083 -34.93595314025878
0 0.0462 161.0698127746582 -70.3562445640564 229.38566207885742 -38.60677194595336
0 0.0409 310.7252502441406 160.59800910949704 531.5412902832031 259.7982769012451
0 0.0373 118.0760145187378 -95.53517055511473 172.16858386993408 -73.37903690338133
0 0.0372 0.0 200.59803771972656 211.54129028320312 299.7982482910156
0 0.0358 328.11859130859375 -32.40174484252929 412.6026153564453 33.62622070312501
0 0.0328 574.3924140930176 115.3368263244629 638.7499809265137 165.24702835083008
0 0.0320 58.034095764160156 -95.51441860198973 112.20758438110352 -73.4005422592163
0 0.0295 574.3924140930176 35.3368263244629 638.7499809265137 85.24702835083008
0 0.0289 9.010534286499023 -66.11831140518187 61.32193088531494 -42.79322576522826
0 0.0288 389.0834426879883 -86.17103767395018 441.2570571899414 -62.74100494384764
0 0.0260 574.3924140930176 175.33680725097656 638.7499809265137 225.24700927734372
0 0.0252 177.8466796875 -95.40514659881592 232.37808227539062 -73.51057720184326
0 0.0246 58.969290256500244 23.890712738037113 111.36302709579468 47.19511795043946
0 0.0243 0.0 -24.58582115173339 108.19150924682617 25.064046859741214
0 0.0233 490.6867980957031 -109.95835971832275 559.7528839111328 -78.97986602783202
0 0.0232 299.30224418640137 53.6767463684082 351.06091499328613 77.41080093383789
0 0.0226 0.0 -96.31976795196532 51.062283515930176 -72.59237957000732
0 0.0223 60.34984588623047 50.367877960205085 130.07978439331055 80.71387100219727
0 0.0219 337.96146392822266 -105.4724235534668 392.2737503051758 -83.44291400909424
0 0.0205 609.3354797363281 453.217056274414 638.75 477.81101989746094
0 0.0197 234.3973159790039 -89.03037261962889 275.7224655151367 -59.69126892089842
0 0.0197 277.6731872558594 -105.31235885620117 332.5375747680664 -83.6050863265991
0 0.0192 575.2654266357422 -129.5 638.75 -94.62511253356932
0 0.0191 438.6732864379883 -105.89917850494383 491.62647247314453 -83.01289272308348
0 0.0187 88.1241512298584 -125.56798171997069 142.12578773498535 -103.34666919708252
0 0.0168 27.827889919281006 -125.40034484863281 82.39656686782837 -103.51635169982909
0 0.0168 0.0 340.49711990356445 320.47874450683594 509.2499809265137
0 0.0165 410.0204849243164 13.091633796691902 460.4307174682617 37.986262321472175
0 0.0154 574.3924140930176 315.33680725097656 638.7499809265137 365.2470092773437
0 0.0152 574.3924140930176 235.3368072509766 638.7499809265137 285.24700927734375
0 0.0150 154.34864044189453 -129.49999999999997 266.86927795410156 -94.7557849884033
0 0.0150 0.0 33.41833877563477 50.75332164764404 57.66707229614258
0 0.0148 75.54141044616699 108.77953338623048 114.65895652770996 142.30004119873047
0 0.0145 228.11857223510742 187.59823608398438 312.60263442993164 253.626220703125
0 0.0140 608.9431953430176 493.175609588623 638.7499809265137 509.25001907348627
0 0.0138 388.1170654296875 -125.5634422302246 442.13218688964844 -103.35118961334227
0 0.0134 0.0 63.235652923583984 50.5527400970459 87.8472785949707
0 0.0122 330.63777923583984 112.01657104492188 358.98502349853516 158.93231201171875
0 0.0121 49.38255548477173 83.61260223388672 100.99048376083374 107.47380065917969
0 0.0109 574.3924140930176 375.33680725097656 638.7499809265137 425.24700927734375
0 0.0103 0.0 89.07276916503908 34.77123260498047 122.03186798095703
