0 0.1029 239.3922996520996 313.11233520507807 290.9803581237793 336.9749450683594
0 0.0704 189.48869705200195 303.04115295410156 240.89452743530273 327.04559326171875
0 0.0579 219.77785110473633 342.81368255615234 270.6393241882324 367.2701644897461
0 0.0473 238.7793731689453 283.5337829589844 291.53038024902344 306.5544891357422
0 0.0451 298.6399173736572 313.6238098144531 351.6562557220459 336.46430969238276
0 0.0373 179.78023529052734 272.81196594238276 230.63720703125 297.27188110351557
0 0.0349 275.0406265258789 339.3681716918945 315.11558532714844 370.80677032470703
0 0.0342 170.03732681274414 332.5965499877929 220.4121208190918 357.48363494873047
0 0.0329 574.3924140930176 304.83680725097656 638.7499809265137 354.74700927734375
0 0.0286 110.72525024414062 170.09803771972656 331.5412902832031 269.2982864379882
0 0.0276 298.4352970123291 283.7483596801758 351.8423366546631 306.3387680053711
0 0.0240 574.3924140930176 244.83680725097653 638.7499809265137 294.74700927734375
0 0.0229 0.0 277.02486038208013 510.9126281738281 558.7499809265137
0 0.0228 574.3924140930176 364.83680725097656 638.7499809265137 414.74700927734375
0 0.0219 574.3924140930176 164.83682632446286 638.7499809265137 214.74702835083005
0 0.0216 145.56910037994385 298.2147216796875 184.63391780853271 331.8593597412109
0 0.0190 574.3924140930176 104.83682632446288 638.7499809265137 154.74702835083005
0 0.0189 574.3924140930176 44.836812019348145 638.7499809265137 94.74700450897215
0 0.0189 439.72896575927734 322.84969329833984 490.68302154541016 347.23423004150385
0 0.0187 608.7838935852051 13.10450553894043 638.7499809265137 36.924028396606445
0 0.0174 409.70027923583984 232.87536621093747 460.7077407836914 257.20924377441406
0 0.0165 130.42096614837646 272.23155975341797 180.0832223892212 297.8389358520508
0 0.0155 429.5911407470703 292.9597091674804 480.804443359375 317.12581634521484
0 0.0153 405.4055404663086 198.60591888427732 444.7806167602539 231.5015411376953
0 0.0153 0.0 -80.0 320.47889709472656 89.69043731689452
0 0.0152 608.7678337097168 -16.885547637939453 638.7500190734863 6.913948059082031
0 0.0147 419.503173828125 263.02791595458984 470.88218688964844 287.0584487915039
0 0.0146 175.52644729614258 358.3216476440429 214.6717643737793 391.7615127563476
0 0.0145 298.7940216064453 -76.47637367248535 351.517333984375 -53.43544006347656
0 0.0143 574.3924140930176 424.83680725097656 638.7499809265137 474.74700927734375
0 0.0142 358.86558532714844 303.46832275390625 411.4545440673828 326.61872863769526
0 0.0136 365.3024673461914 218.82789611816406 404.87491607666016 251.29890441894528
0 0.0134 415.5598831176758 158.23633193969727 454.64221954345703 191.83958053588867
0 0.0134 495.27671813964844 318.88622283935547 534.8982238769531 351.24568939208984
0 0.0127 512.8874015808105 489.6266937255859 638.7500190734863 558.7499999999999
0 0.0125 479.7925567626953 292.8018569946289 530.6263732910156 317.28183746337885
0 0.0123 205.77550888061523 137.60099411010742 244.4587516784668 172.42238998413086
0 0.0123 375.0897979736328 259.2621231079101 415.07102966308594 290.90328216552734
0 0.0120 318.87523651123047 343.4709548950195 371.44397735595703 366.61739349365234
0 0.0119 358.6058807373047 -76.35762214660645 411.6876983642578 -53.55476379394531
0 0.0119 28.980016708374023 233.39862823486328 81.35014533996582 256.68933868408203
0 0.0116 225.49365997314453 368.4043884277344 264.7007751464844 401.68579101562494
0 0.0116 85.4637336730957 258.4707641601562 124.7281265258789 291.62506103515625
0 0.0115 574.3924140930176 -75.16318321228027 638.7499809265137 -25.252971649169922
0 0.0111 245.8085823059082 137.4843597412109 284.43220138549805 172.5296401977539
0 0.0110 365.59288024902344 178.14607620239258 404.6136474609375 211.92224502563477
0 0.0109 324.8469924926758 239.71336364746094 365.29788970947266 270.4932403564453
0 0.0109 5.461878776550293 318.47915649414057 44.72939491271973 351.617431640625
0 0.0107 459.59705352783203 352.9563522338867 510.79891204833984 377.1292495727539
0 0.0106 565.0459289550781 9.356975555419922 605.1107788085938 40.81693649291992
0 0.0106 475.13572692871094 259.1788864135742 515.0276947021484 290.9789657592773
0 0.0105 325.3093719482422 198.80674362182617 364.8692321777344 231.31822586059567
0 0.0105 140.7016372680664 331.9970321655273 168.90830993652344 378.05080413818354
0 0.0105 105.74897766113281 297.6979064941406 144.47969436645508 332.33337402343744
0 0.0104 445.1161575317383 199.2140197753906 485.0461959838867 230.94703674316406
0 0.0104 455.40958404541016 158.59769821166992 494.7768020629883 191.50907516479492
0 0.0103 165.5762481689453 138.1861114501953 204.62860107421875 171.88560485839844
