0 0.0597 -0.8733348846435242 12.933261394500732 50.27277183532718 37.152087688446045
0 0.0527 95.271541595459 7.591942548751831 133.96409225463867 42.430773973464966
0 0.0462 -5.2041225433349325 38.85119915008545 34.380056381225614 71.2776231765747
0 0.0388 158.81257247924808 3.170623779296875 210.55138778686523 26.917076110839844
0 0.0373 -5.136964797973604 78.70466232299805 34.318830490112326 111.41136169433594
0 0.0319 54.74853229522707 8.944849967956543 94.42412090301515 41.19223594665527
0 0.0309 -61.96670341491696 3.6858177185058594 -8.746107101440398 26.401305198669434
0 0.0254 -90.49999999999994 299.8858642578125 548.25 638.75
0 0.0229 -90.49999999999997 0.0 420.41228485107416 281.5149688720703
0 0.0220 -90.49999999999997 308.6893081665039 -55.68323183059689 341.4254379272461
0 0.0213 -10.437124252319308 112.57282257080078 39.89017677307131 137.50677108764648
0 0.0201 34.750020027160666 48.94868850708008 74.42202281951906 81.18871688842773
0 0.0196 -45.552206516265834 39.533090591430664 -5.296845912933321 70.65689086914062
0 0.0185 -90.44453907012935 282.5811004638672 -40.103743553161586 307.4988555908203
0 0.0173 -55.46832370758053 309.37740325927734 -15.37528324127194 340.79837799072266
0 0.0172 -15.182016372680636 288.8022994995117 24.359991073608427 321.32225036621094
0 0.0171 -45.38658666610714 79.21746253967285 -5.451059818267795 110.94389915466309
0 0.0157 -90.49999999999997 248.7539291381836 -55.65719413757321 281.3664245605469
0 0.0156 -4.987829208373994 138.3582639694214 34.18436241149905 171.7279863357544
0 0.0153 148.68243408203125 622.7795219421387 200.76827239990234 638.7500190734863
0 0.0152 38.60595417022707 622.8385925292969 90.83601665496829 638.75
0 0.0147 -90.49999999999997 342.54093170166016 -50.12857723236081 367.5368118286133
0 0.0138 -90.49999999999997 32.765501737594604 -49.90942764282223 57.31732487678528
0 0.0126 209.0047092437744 613.0160522460938 260.3830165863037 637.0687866210938
0 0.0125 -90.49999999999996 62.567033767700195 -50.10561275482174 87.51150131225586
0 0.0124 -15.19130516052243 248.8173484802246 24.36897468566897 281.308536529541
0 0.0124 -21.425464630126925 622.8633117675781 30.863716125488306 638.75
0 0.0122 484.97071456909185 604.7563171386719 548.2500190734862 638.75
0 0.0119 0.1840515136719026 171.85461044311523 28.429367065429712 218.16213607788086
0 0.0119 -90.49999999999996 622.8009033203125 -39.20863914489743 638.75
0 0.0116 109.26015090942386 282.8257942199707 160.15534591674808 307.25793838500977
0 0.0112 -55.50296592712399 249.4413185119629 -15.342834472656222 280.7402992248535
0 0.0110 39.379360198974624 82.72686004638672 90.0509376525879 107.35523223876953
0 0.0110 24.865219116210962 288.70052337646484 64.31676101684572 321.4151382446289
0 0.0109 210.30642700195312 0.0 238.28406524658203 37.26402759552002
0 0.0107 -90.49999999999997 222.5614356994629 -50.10835456848141 247.51672744750977
0 0.0107 -15.167272567748993 328.7681579589844 24.346735000610376 361.35337829589844
0 0.0107 358.74003601074213 622.7333831787109 410.7174987792968 638.75
0 0.0106 104.47766494750978 619.0054512023926 144.7235984802246 638.7499809265137
0 0.0105 129.13972091674808 192.92219161987305 180.26139450073242 217.16291427612305
0 0.0103 -89.7692375183105 92.2663688659668 -61.62636089324948 137.84547805786133
0 0.0102 422.19212722778326 0.0 548.2499809265137 69.84923839569092
0 0.0102 79.80845642089845 42.31497764587402 129.68455505371094 67.75508880615234
0 0.0101 99.2348976135254 252.84700393676758 150.17739486694336 277.2371482849121
