0 0.1477 266.93786680698395 -38.55056241154668 323.6806958913803 -20.777892321348162
0 0.1202 276.37377977371216 -57.32742249965664 332.9995036125183 -39.50066566467282
0 0.0839 324.234938621521 -38.98844644427297 378.9560079574585 -20.32672241330144
0 0.0838 257.9687029123306 -19.96330320835111 313.92689645290375 -1.8596261739730613
0 0.0606 267.2025114297867 -76.15895830094811 323.4343618154526 -58.16637612879273
0 0.0603 220.51085829734802 -57.48248547315594 276.3881027698517 -39.34019356966016
0 0.0577 211.02091670036316 -38.68468627333638 267.1200692653656 -20.639387518167467
0 0.0574 333.5933804512024 -57.73282498121258 388.34677934646606 -39.0828266739845
0 0.0552 499.74616169929504 -76.64296627044675 598.8281428813934 -30.096206068992583
0 0.0477 315.1399612426758 -20.36376595497129 369.3211555480957 -1.4480590820312278
0 0.0439 570.9569156169891 -31.616694480180712 598.8281071186066 -8.981519192457176
0 0.0414 6.600867211818695 35.49117594957353 59.172503650188446 55.20674437284471
0 0.0383 249.23622608184814 -95.24594936519858 303.95647287368774 -76.57032813876864
0 0.0376 324.13612604141235 -76.44700855016706 379.04824018478394 -57.869680225849116
0 0.0374 552.3594617843628 71.80675268173219 598.828125 93.90064477920534
0 0.0344 6.905132532119751 63.46093416213991 58.89234244823456 83.48995447158815
0 0.0326 201.72743797302246 -19.967067241668676 257.6688051223755 -1.8557727336883323
0 0.0326 496.39488458633423 71.59720063209535 544.5902466773987 94.10851597785951
0 0.0305 499.74616169929504 110.85705161094666 598.8281428813934 157.40378499031067
0 0.0295 24.531447887420654 17.129859328269976 78.68061661720276 36.05869114398958
0 0.0293 249.12174940109253 -1.4370352029800193 304.0606498718262 17.120775580406207
0 0.0290 487.2162938117981 -31.67986273765561 535.0415110588074 -8.866137266159035
0 0.0288 570.6986725330353 -3.316870331764199 598.8281428813934 18.968352675437945
0 0.0283 570.7282304763794 43.54029297828676 598.828125 65.86149334907533
0 0.0283 211.64379715919495 -76.44884586334226 266.5407121181488 -57.867503166198695
0 0.0262 305.68546056747437 -95.33592015504834 360.0218653678894 -76.4781445264816
0 0.0254 0.0 181.1429977416992 598.828125 498.8281249999999
0 0.0231 61.62106096744537 36.06380075216295 116.561159491539 54.619993269443526
0 0.0229 0.0 -99.99999999999996 478.9802670478821 163.92028331756592
0 0.0226 15.52601158618927 -1.7912387847900169 68.96328628063202 17.48411655426027
0 0.0215 213.07852864265442 72.87119626998903 265.2138411998749 92.82829761505128
0 0.0208 449.1862893104553 81.21597766876222 498.01236391067505 103.24159860610962
0 0.0202 515.0458216667175 43.54946613311769 563.4275794029236 65.90735912323
0 0.0193 79.97939586639404 17.479842901229876 135.67568063735962 35.69889068603517
0 0.0192 61.86697483062744 54.705059528350844 116.33289456367493 73.48170280456544
0 0.0186 535.1166486740112 -31.676653027534456 561.3770484924316 10.051867365837118
0 0.0186 477.65718698501587 -97.1598960459232 525.8288741111755 -74.63415935635564
0 0.0182 306.04097843170166 -1.741179823875405 359.690523147583 17.432537674903887
0 0.0182 7.4584901332855225 91.28389954566956 58.385467529296875 111.9211733341217
0 0.0166 193.87670159339905 -95.65812721848485 246.88169360160828 -76.14783719182012
0 0.0162 192.8602695465088 -1.4298200607299583 247.82077074050903 17.113775014877337
0 0.0155 232.73495435714722 100.49262046813965 283.13469886779785 121.46316766738892
0 0.0155 464.2086982727051 -63.30935209989544 501.5711545944214 -33.421166241168955
0 0.0153 242.39875674247742 128.44147086143494 292.24753975868225 149.76539015769958
0 0.0152 392.8158760070801 71.92444801330568 441.87018871307373 93.78345012664796
0 0.0149 270.2587366104126 72.35419154167177 320.6129193305969 93.35181117057802
0 0.0148 79.94880974292755 -1.2586325407027976 135.70446074008942 16.936758160591143
0 0.0146 449.85079765319824 108.83963704109192 497.422456741333 131.86325430870056
0 0.0146 221.55359387397766 17.064610123634356 275.41871666908264 36.12601459026338
0 0.0145 524.0739226341248 15.66880643367769 573.1130003929138 37.53905594348909
0 0.0139 24.612057209014893 -20.40646672248838 78.60578298568726 -1.4039635658263938
0 0.0138 222.10696935653687 44.92067843675615 274.9082565307617 64.52531069517137
0 0.0138 570.8204090595245 -99.99999999999997 598.8281428813934 -83.85581187903878
0 0.0134 117.78077334165573 36.10147684812547 172.89540320634842 54.58099395036699
0 0.0130 289.36378955841064 109.63609218597412 339.040732383728 131.07119798660278
0 0.0130 402.5529742240906 99.79288578033447 450.9214997291565 122.16372489929199
0 0.0130 62.25567162036896 73.27739000320436 115.972700715065 92.41387844085695
0 0.0129 449.891996383667 136.92612051963806 497.3872661590576 160.02562642097473
0 0.0126 346.0809588432312 90.57347178459167 394.87048387527466 112.63353228569031
0 0.0126 195.40770649909973 147.26446270942688 245.4775035381317 168.44221949577332
0 0.0125 165.69244265556335 54.374861717224135 218.81044507026672 73.81919622421266
0 0.0125 372.5210666656494 -20.917668938636755 424.52759742736816 -0.882783532142617
0 0.0124 449.0966320037842 53.147232532501235 498.09393882751465 75.05973577499391
0 0.0123 136.49250268936157 17.366474866867083 191.6813850402832 35.81526279449464
0 0.0122 299.22094345092773 137.4425172805786 347.9811429977417 159.51509475708008
0 0.0119 155.11032342910767 -38.826152682304354 210.55405139923096 -20.49360275268552
0 0.0118 164.66558575630188 -57.65473693609234 219.7618067264557 -39.16299790143964
0 0.0117 175.5557119846344 91.63310527801514 227.7347981929779 111.56620979309082
0 0.0114 0.0 -49.97268915176389 38.71755301952362 -28.06959152221677
0 0.0113 346.10745906829834 118.68096590042114 394.8465585708618 140.77610969543457
0 0.0112 136.35297417640686 -1.3240247964858787 191.8111503124237 17.004010081291216
0 0.0112 252.46497094631195 156.10516667366028 301.0002762079239 178.3516228199005
0 0.0111 185.48880815505981 119.45780515670776 236.5979790687561 139.99598026275635
0 0.0109 506.1520457267761 165.04740118980408 553.6275029182434 188.15481066703796
0 0.0108 145.75112611055374 -20.082813501358007 201.1643573641777 -1.7367362976073997
0 0.0106 336.6595387458801 62.48378753662111 385.5364680290222 84.47375297546388
0 0.0106 570.9221363067627 483.7292909622191 598.828125 498.8281249999999
0 0.0105 278.30142080783844 16.826510429382342 331.2086910009384 36.369442939758315
0 0.0104 402.61255502700806 127.87071466445923 450.8691430091858 150.33514499664307
