0 0.0407 -105.99999999999997 368.4054183959961 -71.29325485229491 401.6848373413086
0 0.0334 -105.99999999999997 408.348388671875 -71.31311988830564 441.737060546875
0 0.0311 -105.99999999999997 328.5142517089844 -71.25364398956297 361.58531188964844
0 0.0301 -67.51743888854978 373.71604919433594 -14.199844360351541 396.3707733154297
0 0.0255 -67.35896682739255 403.61656188964844 -14.343305587768533 426.47064208984375
0 0.0254 -105.99999999999999 299.8858642578125 532.7500000000001 638.75
0 0.0239 -67.63545608520506 343.7882995605469 -14.092756271362283 366.2980651855469
0 0.0229 -105.99999999999999 0.0 404.9122848510742 281.5149688720703
0 0.0200 -105.99999999999997 448.3861541748047 -71.29976606369017 481.70249938964844
0 0.0164 -105.99999999999996 302.48764991760254 -65.68512058258054 327.5894069671631
0 0.0157 3.6762275695801 612.8775787353516 54.73244094848635 637.2050476074219
0 0.0156 -105.99999999999997 602.6837921142578 -55.497947692871065 627.3979187011719
0 0.0154 -67.31052970886229 433.58497619628906 -14.38695526123045 456.5022277832031
0 0.0145 -105.28061485290525 482.1607208251953 -77.11282110214232 527.9258728027344
0 0.0140 -57.59687995910642 313.7632751464844 -4.127441406249976 336.32301330566406
0 0.0138 -56.34132003784177 612.8920364379883 -5.252195358276346 637.1908187866211
0 0.0131 63.65913772583009 612.8912353515625 114.74747085571292 637.1915435791016
0 0.0126 80.98087692260746 224.55011367797852 137.17358016967776 245.52648544311523
0 0.0125 -105.99999999999997 528.6852264404297 -71.185170173645 561.4291381835938
0 0.0121 -10.928941726684549 399.30782318115234 29.08746147155764 430.8616256713867
0 0.0118 123.6344566345215 612.91259765625 174.76887130737305 637.1707153320312
0 0.0117 406.6921272277832 0.0 532.7499809265137 69.84923839569092
0 0.0117 -105.99999999999996 572.8102111816406 -65.35754776000974 597.27294921875
0 0.0112 -7.032791137695292 373.40953826904297 45.36117935180666 396.6787338256836
0 0.0109 122.00540924072266 203.99545669555664 176.23526000976565 226.08842849731445
0 0.0108 -7.317453384399393 343.59363555908203 45.61837577819826 366.49410247802734
0 0.0108 183.67293739318848 612.8792572021484 234.73554039001465 637.2032165527344
0 0.0103 132.08931350708008 173.95252227783203 186.15749740600586 196.13265991210938
0 0.0100 92.95652770996095 323.4162139892578 145.37088775634766 346.67205810546875
