0 0.0552 228.7313461303711 -16.45057439804077 281.5770721435547 6.536576747894287
0 0.0486 284.1880798339844 75.75714111328124 345.7691192626953 94.28520202636719
0 0.0441 274.7120666503906 95.55727005004883 335.27889251708984 114.49254989624023
0 0.0402 236.7163848876953 14.672746658325195 293.41941833496094 35.39996147155762
0 0.0378 274.1265869140625 55.77937126159667 335.8268737792969 74.26198005676268
0 0.0363 53.06253433227539 264.91416931152344 168.19150924682617 314.5640563964844
0 0.0321 235.73490142822266 35.13006210327148 294.32708740234375 54.93240356445312
0 0.0307 39.0073037147522 243.38008880615232 91.32564306259155 266.7078781127929
0 0.0303 168.7583351135254 253.55003356933588 221.54882431030273 276.5385437011719
0 0.0300 225.9271240234375 75.05032062530516 284.14737701416016 95.0152540206909
0 0.0298 275.5857467651367 115.19975662231442 334.46441650390625 134.86169815063474
0 0.0290 229.78811264038086 -47.20355987548828 280.63215255737305 -22.713918685913086
0 0.0278 197.7426528930664 279.2666625976562 343.9836120605469 340.6600952148437
0 0.0258 335.3564453125 95.291748046875 394.6790313720703 114.76593017578125
0 0.0258 118.9607286453247 233.41819763183594 171.3660764694214 256.6706848144531
0 0.0255 229.2215347290039 253.22673797607422 281.13460540771484 276.86008453369135
0 0.0254 0.0 -79.99999999999999 638.75 259.48570251464844
0 0.0252 345.0807571411133 75.4058837890625 404.93587493896484 94.6482467651367
0 0.0246 216.48698806762695 54.79301452636719 273.62890243530273 75.27887344360352
0 0.0243 216.5036392211914 94.78540420532227 273.6134338378906 115.28669357299805
0 0.0237 33.06253433227539 324.91416931152344 148.19150924682617 374.5640563964844
0 0.0236 184.60479736328125 -29.87238883972168 225.52642822265625 0.11788368225097767
0 0.0228 176.99604034423828 224.54513549804688 233.15898895263672 245.53199768066403
0 0.0223 177.9520034790039 4.030590057373045 232.28294372558594 26.053657531738278
0 0.0219 237.8940773010254 224.06505584716797 292.3354911804199 246.01905822753903
0 0.0216 15.083832740783691 269.284553527832 55.0754451751709 300.88283538818354
0 0.0209 280.18638610839844 252.45727539062497 330.2840805053711 277.61924743652344
0 0.0202 294.464111328125 35.64763069152832 355.5121612548828 54.39774513244629
0 0.0200 178.8813591003418 -56.54051661491393 231.4400291442871 -33.372212648391724
0 0.0197 38.45337152481079 213.73958587646484 91.82540655136108 236.34792327880857
0 0.0197 344.78424072265625 55.52377700805663 405.21278381347656 74.52617645263672
0 0.0196 146.4040231704712 204.83396530151364 203.70519161224365 225.23733139038086
0 0.0188 324.97406005859375 389.9990081787109 638.75 558.75
0 0.0184 0.0 302.76432037353516 50.5817985534668 327.31922149658203
0 0.0177 335.7437515258789 115.12590408325194 394.31896209716797 134.9366188049316
0 0.0173 216.87419891357422 124.60374832153319 273.27178955078125 145.47185897827148
0 0.0171 256.37834548950195 194.8413848876953 313.73003005981445 215.22888183593747
0 0.0168 0.0 389.9971199035644 320.47874450683594 558.7499809265137
0 0.0167 286.9282531738281 -5.432233810424804 343.2241439819336 15.506982803344725
0 0.0164 170.73551177978516 282.2964096069336 198.86791229248047 327.820930480957
0 0.0163 278.9664936065674 -36.59674644470215 331.36324882507324 -13.315906524658201
0 0.0161 0.0 229.2501068115234 35.060975551605225 260.9141540527344
0 0.0158 155.61094284057617 185.18489837646484 214.4420051574707 204.87621307373047
0 0.0156 156.81713104248047 84.6278190612793 213.32542419433594 105.44660568237303
0 0.0153 299.07108306884766 223.33736419677732 351.26819610595703 246.75060272216794
0 0.0153 296.06066703796387 134.9888801574707 354.0239429473877 155.07802963256833
0 0.0153 350.6745910644531 291.7775344848632 378.94065856933594 338.2223129272461
0 0.0150 229.70870971679688 -77.13276624679564 280.70064544677734 -52.78288602828979
0 0.0143 156.75682067871094 114.65734481811522 213.38104248046875 135.41646957397458
0 0.0142 295.39764404296875 15.2694034576416 354.64195251464844 34.78798866271973
0 0.0140 0.0 338.7641143798828 34.84792709350586 371.35711669921875
0 0.0139 177.8977394104004 34.063453674316406 232.33205795288086 56.02075576782226
0 0.0135 335.4075622558594 248.60618591308594 374.7782897949219 281.5013122558594
0 0.0127 90.80587387084961 223.04462432861322 118.78475189208984 267.2670364379882
0 0.0126 608.9802742004395 542.6469612121581 638.7499809265137 558.7499809265137
0 0.0125 87.54860877990723 194.25922393798828 142.65084266662598 215.82298278808594
0 0.0122 276.25694274902344 174.8945426940918 333.8431930541992 195.17385482788086
0 0.0122 155.72698593139648 165.1302146911621 214.33523178100586 184.93162155151367
0 0.0120 28.068456649780273 183.96795272827148 82.17575073242188 206.11761093139646
0 0.0116 96.39213562011719 114.83434677124023 153.71742248535156 135.2359962463379
0 0.0114 186.61468505859375 144.72448348999023 243.51268768310547 165.34757614135742
0 0.0113 106.4132308959961 134.8249626159668 163.6977767944336 155.24568557739258
0 0.0113 317.3702907562256 194.3539047241211 372.8144931793213 215.72681427001953
0 0.0110 77.09720373153687 164.49357986450195 133.06595087051392 185.58446884155273
0 0.0109 233.06254386901855 344.91416931152344 348.191499710083 394.5640563964843
0 0.0108 215.8351707458496 175.08361816406247 274.234561920166 194.97966766357422
0 0.0107 306.2698745727539 154.89173889160153 363.83045196533203 175.17730712890622
0 0.0107 126.8307113647461 64.62150573730469 183.3127784729004 85.45310974121094
0 0.0107 380.7101821899414 302.0692062377929 408.8981246948242 347.99488067626953
0 0.0101 608.3004951477051 343.40812683105463 638.7499809265137 366.6179656982422
