0 0.0748 35.97625732421875 105.0246810913086 94.10272598266602 125.0408935546875
0 0.0658 46.14222526550293 124.95067596435548 103.94861221313477 145.11695861816406
0 0.0597 274.95296478271484 115.46001434326172 335.05443572998047 134.5928192138672
0 0.0571 26.168193817138672 84.93837356567381 83.92465591430664 105.12948989868164
0 0.0517 274.48902130126953 95.64109802246094 335.48805236816406 114.40513610839844
0 0.0496 515.8755874633789 135.06605148315427 574.1969680786133 154.99776840209958
0 0.0456 516.1652374267578 154.93988037109375 573.9273834228516 175.12798309326172
0 0.0449 285.9296417236328 135.04776000976562 344.14539337158203 155.0176239013672
0 0.0425 96.03462219238281 104.99629974365234 154.04912948608398 125.06961822509766
0 0.0416 515.9673309326172 115.02370834350585 574.1122436523438 135.04095077514648
0 0.0382 26.174745559692383 64.9357271194458 83.91850471496582 85.1322889328003
0 0.0376 36.7845344543457 144.6500015258789 93.35400581359863 165.42503356933594
0 0.0369 336.08936309814453 114.97247695922852 393.9981460571289 135.0942039489746
0 0.0345 85.93793869018555 85.03957748413086 144.13881301879883 105.0251579284668
0 0.0341 274.6372604370117 75.5811071395874 335.3501892089844 94.46676731109619
0 0.0337 106.21564388275146 124.91405487060545 163.88132572174072 145.1539611816406
0 0.0314 598.942699432373 223.42902183532715 638.7500190734863 246.65970802307126
0 0.0311 346.8198013305664 134.62911605834958 403.3223342895508 155.44572830200195
0 0.0311 537.0230102539062 174.52789306640625 593.1349945068359 195.5489349365234
0 0.0307 335.5423355102539 95.21299362182616 394.50611114501953 114.84704971313475
0 0.0304 455.90248107910156 135.06076812744138 514.1703796386719 155.00442504882812
0 0.0296 516.0691833496094 94.97901916503906 574.0174865722656 115.0870132446289
0 0.0293 306.94435119628906 154.5705795288086 363.2067108154297 175.5059814453125
0 0.0281 96.3427734375 144.85820770263672 153.76291275024414 165.21171569824216
0 0.0279 577.088623046875 154.4930839538574 633.074951171875 175.58412551879883
0 0.0278 296.0299777984619 24.995126724243164 354.0542507171631 45.07019996643066
0 0.0278 285.43827056884766 45.25464057922364 344.60357666015625 64.80364799499512
0 0.0275 215.7932472229004 105.10963439941406 274.2716407775879 124.95437622070312
0 0.0271 608.3381652832031 193.38628768920896 638.75 216.6401481628418
0 0.0269 455.390625 115.27881622314452 514.6469116210938 134.7795486450195
0 0.0267 538.2839965820312 213.83569717407227 591.9806671142578 236.25017166137692
0 0.0265 456.8956756591797 154.59751129150388 513.2509613037109 175.47901153564453
0 0.0261 396.1595916748047 114.94516372680664 453.9319610595703 135.1230812072754
0 0.0259 0.0 123.46946716308592 41.43444538116455 146.6195297241211
0 0.0257 387.6626205444336 154.19525146484375 442.54688262939453 175.88748931884766
0 0.0256 588.6392021179199 13.618249893188478 638.7500190734863 36.46899223327636
0 0.0254 0.0 219.8858642578125 638.75 558.75
0 0.0245 216.58014297485352 124.75181579589841 273.54204177856445 145.3215789794922
0 0.0243 609.0094184875488 252.95204162597653 638.7499809265137 277.0767974853515
0 0.0243 327.48321533203125 4.276065826416014 382.7149963378906 25.802860260009762
0 0.0229 0.0 -79.99999999999999 510.9122848510742 201.51496887207028
0 0.0229 335.27565002441406 75.32417297363281 394.754638671875 94.73224639892577
0 0.0226 16.557865142822266 44.758262634277344 73.56363296508789 65.31421661376953
0 0.0224 548.9483261108398 243.4135055541992 601.3800430297852 266.6735458374023
0 0.0222 577.3016738891602 124.37757492065428 632.8803634643555 145.70066452026367
0 0.0220 467.5352096557617 214.2601776123047 522.6645278930664 235.82096099853516
0 0.0220 407.35862731933594 204.35123443603516 462.8272247314453 225.72803497314453
0 0.0219 395.62755584716797 95.179443359375 454.42615509033203 114.88216400146484
0 0.0219 598.5675811767578 -16.332454681396484 638.75 6.42012596130371
0 0.0214 536.5654754638672 74.747257232666 593.558349609375 95.32415390014648
0 0.0214 215.487060546875 85.2399444580078 274.55665588378906 104.8199462890625
0 0.0207 345.75939178466797 45.11640548706054 404.3050765991211 64.94586944580078
0 0.0202 588.1461906433105 93.90773773193358 638.7500190734863 116.17607116699219
0 0.0200 357.7135467529297 184.16622161865234 412.5004577636719 205.916748046875
0 0.0199 588.7762260437012 43.52578163146973 638.7500190734863 66.5610408782959
0 0.0198 455.38124084472656 95.2800178527832 514.6562957763672 114.77777481079102
0 0.0194 477.63450622558594 184.21155929565427 532.5724029541016 205.87114334106445
0 0.0188 266.46995544433594 4.79228973388672 323.64673614501953 25.278034210205075
0 0.0186 85.93864440917969 65.04001140594482 144.1379737854004 85.02487659454346
0 0.0182 366.4975357055664 24.777784347534176 423.6216354370117 45.292596817016594
0 0.0181 349.24938201904297 -26.794061660766598 401.1099624633789 -3.119373321533203
0 0.0178 427.3202896118164 234.37839508056635 482.86083221435547 255.70163726806635
0 0.0178 487.9658889770508 244.0240859985351 542.2699356079102 266.0604476928711
0 0.0174 247.49094009399414 154.29250717163083 302.7031898498535 175.7895851135254
0 0.0169 526.4739608764648 44.78978157043457 583.6432266235352 65.28048515319823
0 0.0167 395.3856658935547 75.28059005737303 454.6515655517578 94.77766036987303
0 0.0161 215.40409088134766 65.27366161346434 274.6342086791992 84.7849702835083
0 0.0160 156.5716552734375 104.7504425048828 213.55117797851562 125.32199859619139
0 0.0155 598.3173942565918 -46.181831359863274 638.7500190734863 -23.7317943572998
0 0.0151 116.69977188110352 164.688663482666 173.43286514282227 185.38511276245117
0 0.0151 609.0141105651855 282.94795989990234 638.7500190734863 307.08080291748047
0 0.0148 225.43224334716797 45.258893966674805 284.6087646484375 64.79960441589354
0 0.0148 516.4179611206055 24.81562614440918 573.6951065063477 45.253934860229485
0 0.0145 287.8312301635742 -25.90984344482422 342.39524841308594 -4.00796890258789
0 0.0143 146.31494522094727 84.8709487915039 203.78870010375977 105.1986312866211
0 0.0141 235.8626937866211 25.07101058959961 294.2091369628906 44.99252319335937
0 0.0139 26.346986293792725 24.85365867614746 83.7596344947815 45.215883255004876
0 0.0138 47.8898811340332 174.07184600830078 102.33832359313965 196.0129165649414
0 0.0135 455.53367614746094 75.21511554718018 514.5145416259766 94.8445463180542
0 0.0134 297.5698471069336 184.2432594299316 352.63240814208984 205.8384132385254
0 0.0130 549.0327453613281 273.3591842651367 601.3035583496094 296.7282485961914
0 0.0129 338.0160140991211 213.9967155456543 392.2239303588867 236.08831405639648
0 0.0129 598.4496307373047 -76.26275539398193 638.75 -53.650431632995605
0 0.0129 405.4067611694336 55.270185470581055 464.6323013305664 74.78808403015137
0 0.0128 0.0 149.49325561523438 35.17683029174805 180.69305419921875
0 0.0125 397.7729034423828 -5.872557163238525 452.447509765625 15.955049991607664
0 0.0119 608.9602470397949 542.6624870300292 638.7500190734863 558.7500190734862
0 0.0117 608.7373352050781 343.13526153564453 638.75 366.89319610595703
0 0.0115 488.2341003417969 273.8706970214844 542.0249176025391 296.2157440185547
0 0.0114 157.0650291442871 144.50477600097656 213.0967903137207 165.57216644287107
0 0.0112 537.7007675170898 -5.834827423095702 592.5139999389648 15.916481018066404
0 0.0111 465.65185546875 55.16546249389648 524.4043731689453 74.89585876464842
0 0.0110 75.91914892196655 45.04865646362305 134.15607690811157 65.01598358154297
0 0.0104 0.0 193.0446434020996 50.896596908569336 217.04233169555664
0 0.0102 97.49807357788086 194.28562164306638 152.69733428955078 215.7960510253906
0 0.0101 0.0 -6.624648571014403 41.313395500183105 16.713111400604244
0 0.0100 455.60474395751953 35.184879302978516 514.4484329223633 54.87571716308594
