0 0.0434 405.42171478271484 116.26559829711914 464.61795806884766 135.79314804077148
0 0.0418 416.6127395629883 135.73059177398682 473.51329803466797 156.34226894378662
0 0.0409 458.05530548095703 154.97447586059567 512.1879959106445 177.1108589172363
0 0.0385 404.90718841552734 96.47530174255371 465.0979232788086 115.57638740539551
0 0.0365 355.9131622314453 136.0540542602539 414.1609191894531 156.01094818115234
0 0.0353 494.3583679199219 -3.3121284246444556 555.6111145019531 15.356006979942334
0 0.0353 277.371301651001 155.35400009155273 332.8134059906006 176.72679519653317
0 0.0344 345.26268005371094 116.33339500427246 404.7657012939453 135.7235012054443
0 0.0339 286.5802764892578 115.74826812744139 343.5427474975586 136.3245735168457
0 0.0335 305.9738540649414 96.02646446228027 364.1048049926758 116.03918647766113
0 0.0329 413.96297454833984 -3.1605424880981294 475.98018646240234 15.199500083923354
0 0.0323 415.0646209716797 76.41055679321289 474.95140075683594 95.64303970336913
0 0.0321 467.1807098388672 115.44852828979491 522.9896545410156 136.62992095947266
0 0.0320 346.68731689453125 155.69499588012695 403.4442901611328 176.37870407104492
0 0.0304 306.07383728027344 75.98086929321289 364.01222229003906 96.08584976196289
0 0.0288 405.1579284667969 56.37506103515626 464.8637390136719 75.68021392822266
0 0.0285 404.3001937866211 16.716958045959487 465.6636428833008 35.32731151580811
0 0.0283 248.16009521484375 94.91750335693361 302.0915985107422 117.16899490356445
0 0.0279 408.1163787841797 174.9402961730957 462.1320343017578 197.1455726623535
0 0.0277 395.03944396972656 36.42641162872315 454.97344970703125 55.62778568267824
0 0.0264 335.8522415161133 56.078449249267585 394.21810150146484 75.985408782959
0 0.0258 228.73477935791016 134.56287002563477 281.5705871582031 157.52536392211914
0 0.0254 0.0 280.88586425781244 638.75 619.75
0 0.0253 278.2581329345703 184.85929107666016 332.0024108886719 207.22764587402344
0 0.0250 276.90284729003906 55.58977699279786 333.24535369873047 76.48617362976074
0 0.0248 518.8299942016602 154.4989356994629 571.4850997924805 177.58910751342773
0 0.0241 476.1503601074219 85.94811058044432 533.9408111572266 106.11981010437012
0 0.0237 608.5224723815918 524.2731628417968 638.7500190734863 547.7544555664061
0 0.0236 494.3848419189453 16.680466890335097 555.5856323242188 35.364241361618056
0 0.0229 0.0 -18.99999999999999 510.9122848510742 262.51496887207026
0 0.0226 468.70948791503906 184.575382232666 521.59423828125 207.51227951049805
0 0.0225 355.128173828125 -3.6127325296401818 414.8914337158203 15.667611718177808
0 0.0225 335.96805572509766 36.028820037841804 394.11022186279297 56.03672599792481
0 0.0221 218.9399528503418 164.42864990234375 271.3855171203613 187.6597747802734
0 0.0221 454.4424057006836 36.661516189575195 515.5309677124023 55.38450813293458
0 0.0218 337.9817199707031 185.01813507080075 392.2547912597656 207.0669708251953
0 0.0211 465.00118255615234 56.441277027130134 525.0092697143555 75.61230039596558
0 0.0208 345.53157806396484 16.221800804138194 404.5150375366211 35.83879566192628
0 0.0201 575.4707145690918 585.7563171386719 638.7500190734863 619.75
0 0.0199 218.65861892700195 64.6115837097168 271.6394233703613 87.47651672363281
0 0.0192 17.62157917022705 -4.782542228698715 72.58448123931885 16.86496353149415
0 0.0186 388.42411041259766 534.7570571899413 441.8520736694336 557.3302993774414
0 0.0183 608.4356498718262 494.32530975341797 638.7500190734863 517.7015457153319
0 0.0173 228.3477783203125 34.804502487182624 281.9211196899414 57.28268241882325
0 0.0167 528.2164001464844 114.87800216674805 582.0417022705078 137.20784759521484
0 0.0165 188.9242935180664 94.436918258667 241.4000701904297 117.65120124816895
0 0.0163 448.73729705810547 534.5612487792969 501.5683364868164 557.5270233154297
0 0.0160 425.99159240722656 -18.999999999999982 484.1856384277344 -3.6129834651946866
0 0.0159 515.2423858642578 36.33752441406251 574.7856903076172 55.71839904785156
0 0.0157 286.8044662475586 15.639239311218272 343.3358383178711 36.43586254119874
0 0.0155 486.16893768310547 -18.999999999999982 544.0206527709961 -3.529916048049912
0 0.0154 588.4752655029297 464.7217712402343 638.75 487.3652038574218
0 0.0153 518.7606430053711 534.5444259643555 571.5475845336914 557.543617248535
0 0.0152 589.2234039306641 554.2322311401367 638.75 577.8555068969727
0 0.0152 327.68054962158203 525.1861343383788 382.5302505493164 546.8968734741211
0 0.0151 77.92352676391602 -14.951724052429181 132.3086166381836 7.036019325256361
0 0.0148 296.7988967895508 -14.36375999450682 353.34232330322266 6.437908172607435
0 0.0147 27.910661697387695 25.056005477905288 82.32027053833008 47.028270721435554
0 0.0147 267.7342224121094 525.1567993164062 322.4810791015625 546.9265899658202
0 0.0144 608.6528778076172 374.19053649902344 638.75 397.83769226074213
0 0.0142 208.00487518310547 535.0044021606445 262.23377227783203 557.0807418823241
0 0.0140 525.0341796875 180.37671661376953 565.1219940185547 211.79898834228516
0 0.0137 377.6560974121094 505.1962432861327 432.55340576171875 526.8860778808594
0 0.0133 574.3924140930176 165.8368263244629 638.7499809265137 215.74702835083008
0 0.0131 219.07161712646484 194.33587646484372 271.2679672241211 217.7519378662109
0 0.0131 227.98635482788086 5.016952514648451 282.2502326965332 27.06839179992677
0 0.0131 608.5916900634766 434.2277679443359 638.75 457.79992675781244
0 0.0130 407.6580047607422 455.1959381103515 462.55149841308594 476.88653564453114
0 0.0127 608.7602424621582 404.11912536621094 638.7499809265137 427.90925598144526
0 0.0127 288.8266372680664 214.5012435913086 341.4881134033203 237.58679962158203
0 0.0124 438.1196975708008 504.936538696289 492.12940216064453 527.1490631103516
0 0.0120 388.77262115478516 204.5386085510254 441.53636932373047 227.54970169067383
0 0.0118 168.9671516418457 124.40675830841064 221.3618278503418 147.68113231658936
0 0.0117 526.4837646484375 65.78748321533203 583.6335754394531 86.28326034545897
0 0.0117 217.41621017456055 505.3256378173828 272.77326583862305 526.7548522949218
0 0.0116 519.2507934570312 603.7242851257322 571.2081146240234 619.7500190734862
0 0.0116 158.5764503479004 64.66279602050783 211.71392440795898 87.42501831054689
0 0.0115 217.2665786743164 455.4046020507812 272.9106140136719 476.6746673583984
0 0.0114 347.21527099609375 455.42909240722656 402.9582977294922 476.64941406249994
0 0.0113 38.0754280090332 54.96030426025391 92.17020034790039 77.12476348876955
0 0.0113 608.4113311767578 344.3407592773437 638.75 367.6860198974609
0 0.0113 148.11904907226562 524.9395904541016 202.12940216064453 547.1463928222655
0 0.0111 439.2455291748047 603.7288055419921 491.2126922607422 619.7499999999999
0 0.0110 147.39934921264648 455.3370056152343 202.78818130493164 476.74371337890625
0 0.0110 28.306140899658203 454.828125 81.95929527282715 477.25869750976557
0 0.0107 379.2490768432617 603.7259635925292 431.20960235595703 619.7500190734863
0 0.0106 219.50904846191406 594.0121994018555 270.87928771972656 618.0725631713867
0 0.0106 0.0 593.7479553222656 50.60209274291992 618.3317718505858
0 0.0105 88.20282936096191 14.890219926834119 142.05313682556152 37.19618296623231
0 0.0105 548.4587097167969 504.7343597412109 601.8209838867188 527.3528442382812
0 0.0103 277.1308898925781 455.4736099243164 333.03558349609375 476.6042861938476
0 0.0103 608.6101531982422 94.2178783416748 638.75 117.8101406097412
0 0.0102 467.97698974609375 455.01649475097656 522.2601318359375 477.0679626464843
0 0.0102 168.25748443603516 34.85518074035645 222.00397491455078 57.23109817504883
0 0.0102 366.5647506713867 -18.999999999999982 423.65177154541016 -3.3434262275695654
0 0.0101 177.8833770751953 -14.929450988769517 232.34539031982422 7.013422012329115
0 0.0101 608.4597778320312 294.30986022949213 638.75 317.71707153320307
0 0.0101 277.36050605773926 495.35661315917963 332.8240489959717 516.723648071289
0 0.0100 58.223915100097656 84.87424468994142 112.03474044799805 107.2117385864258
0 0.0100 5.127906799316406 480.200210571289 45.03436088562012 511.9595489501952
0 0.0100 279.5044708251953 594.0154800415038 330.88340759277344 618.0692825317383
