0 0.0459 316.51866912841797 77.2726821899414 373.6008834838867 97.7987289428711
0 0.0426 306.1580276489258 97.44110107421875 363.9345169067383 117.62634277343751
0 0.0414 336.5155792236328 57.275619506835945 393.6033630371094 77.79598236083984
0 0.0360 296.16908073425293 117.43810653686523 353.9237689971924 137.62979507446286
0 0.0359 278.0519199371338 56.47022247314454 332.19244956970215 78.6141586303711
0 0.0331 506.3030242919922 227.3774719238281 563.7995147705078 247.69210815429685
0 0.0324 364.6579360961914 98.07641983032228 425.3300094604492 116.97229385375977
0 0.0316 374.76993560791016 78.03091049194336 435.22579193115234 97.01910018920898
0 0.0309 515.1174926757812 77.88751602172852 574.9024200439453 97.16653823852539
0 0.0307 525.0926208496094 97.89690017700197 584.9258422851562 117.15669631958009
0 0.0304 298.7968063354492 26.01544380187988 351.51615142822266 49.07183647155762
0 0.0291 586.8945503234863 227.08675384521484 638.7499809265137 247.98801422119138
0 0.0280 286.54884338378906 137.26247787475583 343.57200622558594 157.80988693237305
0 0.0279 285.7865524291992 217.6060104370117 344.27947998046875 237.45685577392578
0 0.0275 505.1991653442383 57.8550910949707 564.8260879516602 77.20022201538086
0 0.0275 445.7662582397461 217.61714935302732 504.2977523803711 237.44579315185544
0 0.0260 587.435474395752 106.80593490600585 638.7499809265137 128.27325820922852
0 0.0257 385.51807403564453 227.72644042968753 444.5279312133789 247.3338317871094
0 0.0254 0.0 192.3858642578125 638.75 531.25
0 0.0248 355.0858688354492 117.90817260742188 414.9300003051758 137.14675903320312
0 0.0247 356.2854766845703 37.383408546447754 413.81629943847656 57.68563747406005
0 0.0247 394.88525390625 57.98406600952148 455.118408203125 77.06731796264648
0 0.0234 505.81634521484375 207.59469032287598 564.2513275146484 227.46878623962402
0 0.0230 525.108642578125 117.89236068725586 584.9103546142578 137.16176986694333
0 0.0229 0.0 -107.5 510.9122848510742 174.01496887207034
0 0.0216 236.16491317749023 197.43576049804688 293.9286994934082 217.63141632080078
0 0.0214 454.7637176513672 78.03205490112305 515.23193359375 97.01765060424805
0 0.0210 247.86548614501953 96.58363342285156 302.36106872558594 118.50067138671875
0 0.0208 26.719417572021484 207.17891693115234 83.4147834777832 227.8950119018555
0 0.0203 287.1187114715576 166.9813346862793 343.04646492004395 188.0967140197754
0 0.0203 446.4138412475586 237.32715606689453 503.6966323852539 257.7438735961914
0 0.0202 216.23088836669922 177.40478515625 273.86775970458984 197.6630401611328
0 0.0199 255.06593704223633 21.810035705566406 295.09302139282227 53.35966110229492
0 0.0195 296.5304660797119 197.2609710693359 353.59145164489746 217.80960083007812
0 0.0193 577.0262145996094 77.02024459838867 633.1334686279297 98.05570602416992
0 0.0192 464.5647430419922 98.11065673828125 525.4176330566406 116.93641662597655
0 0.0191 326.5541458129883 237.26272583007812 383.56639862060547 257.81013488769526
0 0.0190 285.30959129333496 -8.680686950683596 324.8677921295166 23.806724548339847
0 0.0184 206.65441513061523 157.2032356262207 263.476505279541 177.86890029907227
0 0.0182 608.2629203796387 255.93162536621094 638.7500190734863 279.0943145751953
0 0.0181 566.1602020263672 207.4400806427002 623.9325714111328 227.62736320495608
0 0.0179 226.2601089477539 217.39784240722656 283.839111328125 237.6713562011719
0 0.0176 587.5809478759766 136.72714233398438 638.75 158.35311889648438
0 0.0172 355.7547378540039 207.61689186096189 414.30973052978516 227.44505882263184
0 0.0171 495.4158401489258 37.76381969451904 554.6245193481445 57.29416370391845
0 0.0166 445.8587646484375 197.57521629333496 504.2121887207031 217.4887180328369
0 0.0159 415.2241516113281 37.844886779785156 474.8027801513672 57.210769653320305
0 0.0156 17.22609519958496 236.92794799804688 72.94727325439453 258.1513214111328
0 0.0156 26.814708709716797 177.1303558349609 83.32732200622559 197.9442596435547
0 0.0155 227.90632247924805 126.55532836914062 282.32492446899414 148.5284423828125
0 0.0152 346.0832977294922 137.4808692932129 404.00238037109375 157.58665084838864
0 0.0147 505.6697082519531 187.6584815979004 564.3876647949219 207.40320205688477
0 0.0146 414.3916320800781 118.18040847778319 475.57861328125 136.8648338317871
0 0.0144 234.84994888305664 52.21397399902344 275.2944755554199 82.99266815185548
0 0.0141 587.3823356628418 166.83013916015625 638.7500190734863 188.2480239868164
0 0.0140 245.3499412536621 -18.7686824798584 284.8309516906738 13.887033462524416
0 0.0139 525.4030227661133 137.77061462402344 584.636116027832 157.2874069213867
0 0.0138 266.5574264526367 237.26135253906253 323.56334686279297 257.81158447265625
0 0.0134 86.87355041503906 197.10232734680176 143.27280044555664 217.97297477722168
0 0.0129 176.26476287841797 197.39482879638672 233.83502960205078 217.67429351806638
0 0.0127 167.38216400146484 136.84049606323242 222.8052520751953 158.23923110961917
0 0.0126 515.5677795410156 167.70174026489258 574.4825744628906 187.35857009887695
0 0.0126 156.55071258544922 177.25931167602542 213.5708236694336 197.8127098083496
0 0.0124 445.83457946777344 177.58934020996094 504.23377990722656 197.47482299804688
0 0.0122 387.0475769042969 247.01969146728513 443.1114196777344 268.0580520629883
0 0.0122 366.5587615966797 17.25326538085937 423.5639190673828 37.81850814819336
0 0.0121 537.2408676147461 246.91993713378903 592.9337692260742 268.15940856933594
0 0.0120 97.45828628540039 156.80133819580075 152.7351188659668 178.27919006347656
0 0.0114 512.6921272277832 -107.5 638.7499809265137 -37.65076160430909
0 0.0113 347.2348403930664 166.92338943481442 402.9392623901367 188.15595626831055
0 0.0113 27.254352569580078 146.90898895263672 82.92230606079102 168.16986083984375
0 0.0111 608.8662719726562 515.2327156066895 638.75 531.2499809265137
0 0.0107 455.24105072021484 157.84259796142578 514.7858047485352 177.21405029296875
0 0.0107 566.8921279907227 47.09049224853516 623.2562637329102 67.984619140625
0 0.0101 289.59458351135254 -34.538209438323975 340.8003902435303 -10.375654697418215
0 0.0100 188.30665588378906 96.3208770751953 241.9603729248047 118.7649154663086
