0 0.0313 418.3476257324219 36.799853324890144 471.92230224609375 59.286664009094245
0 0.0303 17.643136978149414 217.20585632324222 72.56470680236816 238.87677001953125
0 0.0293 78.44585418701172 4.3160276412963965 264.04903411865234 81.74924182891846
0 0.0292 207.53225326538086 197.26353454589844 262.66687393188477 218.81787109374997
0 0.0254 0.0 192.88586425781247 638.75 531.75
0 0.0244 418.98303985595703 6.391551971435554 471.3485336303711 29.69570922851563
0 0.0238 17.94015884399414 187.03799057006836 72.29361534118652 209.04627609252927
0 0.0217 476.6245651245117 207.7191619873047 533.5036849975586 228.35293579101565
0 0.0216 358.32611083984375 36.81458759307862 411.9414520263672 59.27204418182374
0 0.0214 17.642545700073242 247.20600891113278 72.56526947021484 268.8765411376953
0 0.0211 416.2099838256836 217.91779327392575 473.8862991333008 238.1503372192383
0 0.0198 267.4679183959961 197.29797172546387 322.72586822509766 218.78289985656735
0 0.0198 147.6357650756836 197.20594215393064 202.5723648071289 218.87599754333496
0 0.0197 399.46292877197266 -23.9399070739746 450.91747283935547 0.026786804199224946
0 0.0191 446.7613983154297 187.65314865112305 503.37730407714844 208.4203987121582
0 0.0187 197.8555679321289 167.08531188964844 252.37098693847656 188.99834442138672
0 0.0187 77.55863189697266 217.24995422363276 132.64253616333008 238.83175659179688
0 0.0179 587.5725555419922 207.23385620117188 638.75 228.84663391113284
0 0.0178 357.16373443603516 217.4572067260742 413.00525665283203 238.62107086181638
0 0.0175 257.7426528930664 72.26664352416992 403.9835739135742 133.66011428833008
0 0.0175 349.22985076904297 -3.7808723449706965 401.1275100708008 19.867408752441413
0 0.0175 367.7998352050781 157.11390304565433 422.4225616455078 178.96899032592773
0 0.0174 476.1034393310547 227.96406555175778 533.985595703125 248.10246276855466
0 0.0171 398.5371398925781 66.68808746337892 451.7494201660156 89.39972686767578
0 0.0168 387.2395324707031 187.41762924194336 442.9357147216797 208.66125869750977
0 0.0165 207.54167556762695 227.2587661743164 262.6581382751465 248.82271575927732
0 0.0156 427.5558090209961 157.24545288085938 482.64652252197266 178.83530426025393
0 0.0156 7.989139556884766 277.01485443115234 62.247819900512695 299.07044219970703
0 0.0154 349.56260681152344 -34.01704025268553 400.8293914794922 -9.897033691406243
0 0.0154 327.55664825439453 187.25106048583984 382.6443099975586 208.8306121826172
0 0.0152 18.388652801513672 156.77662658691406 71.88469886779785 179.31027221679685
0 0.0145 416.0315704345703 238.00053405761716 474.05128479003906 258.0657653808594
0 0.0145 77.96820640563965 187.02006149291992 132.26845741271973 209.06409072875977
0 0.0144 607.7176094055176 236.73722076416016 638.7499809265137 259.28299713134766
0 0.0144 307.83424377441406 157.0952491760254 362.39097595214844 178.9879493713379
0 0.0139 18.491673469543457 126.71366500854491 71.79117679595947 149.37361526489258
0 0.0136 267.6995372772217 227.17423248291013 322.5132465362549 248.90869903564453
0 0.0136 608.4068489074707 396.34262847900385 638.7499809265137 419.6839981079101
0 0.0136 512.6921272277832 -106.99999999999999 638.7499809265137 -37.15076160430907
0 0.0135 137.32927322387695 227.37068939208984 192.85329818725586 248.70896148681643
0 0.0134 607.5369071960449 326.83850097656244 638.7500190734863 349.1802673339844
0 0.0133 517.7782440185547 187.12065505981445 572.4434661865234 208.96132278442383
0 0.0132 608.5733222961426 176.23808670043948 638.7499809265137 199.7893409729004
0 0.0125 273.06254386901855 -102.08583068847655 388.191499710083 -52.435953140258775
0 0.0124 536.7076873779297 227.67765808105466 593.4272766113281 248.3950500488281
0 0.0122 315.0434875488281 32.364433288574226 355.1127624511719 63.81014633178711
0 0.0121 408.91998291015625 96.44171524047852 461.40357971191406 119.64667129516602
0 0.0120 305.0036334991455 -7.56717872619628 345.15063285827637 23.74799537658692
0 0.0119 0.0 -106.99999999999999 129.46765899658203 -37.1206064224243
0 0.0118 575.4707145690918 497.7563171386718 638.7500190734863 531.75
0 0.0118 138.48730564117432 166.70994567871094 191.79654598236084 189.3764190673828
0 0.0117 215.2606964111328 91.8975715637207 254.91512298583984 124.23540878295898
0 0.0117 607.144947052002 297.0388870239258 638.7499809265137 318.9746932983398
0 0.0117 198.40301513671875 136.7656021118164 251.87217712402344 159.32102966308594
0 0.0116 258.3590888977051 136.7895965576172 311.9126319885254 159.2964630126953
0 0.0113 265.4531478881836 31.49992752075196 304.7372055053711 64.59841537475586
0 0.0113 398.7523651123047 126.54358673095703 451.556396484375 149.54354095458984
0 0.0112 17.601733207702637 307.2306900024414 72.60209560394287 328.85193634033203
0 0.0111 607.270336151123 266.9735412597656 638.7500190734863 289.0414123535156
0 0.0111 393.0625534057617 -82.08583068847656 508.19149017333984 -32.43595314025878
0 0.0110 77.59646415710449 247.22969818115232 132.60781288146973 268.85231781005865
0 0.0104 0.0 96.10958862304689 50.97696304321289 119.97769165039064
0 0.0101 454.8878860473633 -27.351505279541005 495.2585983276367 3.552082061767585
0 0.0100 608.4726142883301 366.3039474487304 638.7499809265137 389.72336578369135
0 0.0100 608.7483215332031 146.1277847290039 638.75 169.90063476562497
