0 0.1063 27.993574142456055 207.5069580078125 82.2449779510498 229.57757568359375
0 0.0776 18.785576820373535 177.02603912353516 71.5255880355835 200.06169891357422
0 0.0771 27.267417907714844 237.90250396728518 82.91022300720215 259.1765365600586
0 0.0603 19.11111831665039 146.80928802490234 71.23238563537598 170.27852630615234
0 0.0533 87.74975776672363 207.64066314697266 142.46859550476074 229.44173431396484
0 0.0432 9.336771965026855 116.65282821655275 61.029863357543945 140.43471908569336
0 0.0380 79.02309656143188 176.8604431152344 131.31335973739624 200.22622680664062
0 0.0374 26.649339199066162 268.21351623535156 83.47933053970337 288.85980224609375
0 0.0364 609.2245483398438 6.297307968139663 638.75 30.73097801208498
0 0.0319 0.7850122451782227 206.3078842163086 28.809304237365723 250.9399948120117
0 0.0308 86.87758445739746 238.09739685058597 143.26977729797363 258.97752380371094
0 0.0295 108.55309009552002 -2.824100494384752 161.7354154586792 19.911628723144545
0 0.0285 18.953428268432617 86.91701507568361 71.37395858764648 110.17102813720703
0 0.0279 608.7431335449219 -23.3678569793701 638.75 0.3963909149170054
0 0.0276 75.14708518981934 142.65058135986328 115.01778602600098 174.50479125976562
0 0.0267 609.6585083007812 35.945564270019545 638.75 61.07762908935548
0 0.0254 0.0 193.38586425781247 638.75 532.25
0 0.0244 99.05204772949219 26.85113525390626 151.2851333618164 50.236965179443374
0 0.0234 8.083944320678711 297.46072387695307 62.161245346069336 319.62518310546875
0 0.0229 0.0 -106.49999999999999 510.9122848510742 175.01496887207034
0 0.0214 75.2877688407898 92.36028289794923 114.88829851150513 124.76937866210938
0 0.0211 138.25788497924805 187.34820938110352 192.0051383972168 209.73708724975586
0 0.0200 8.973150253295898 56.90675354003907 61.355576515197754 80.1817092895508
0 0.0197 565.5920791625977 11.65330505371095 604.6138381958008 45.415607452392585
0 0.0196 89.7474479675293 56.337791442871115 140.66617965698242 80.74636077880861
0 0.0183 147.6728391647339 217.68312072753903 202.53899097442627 239.39874267578128
0 0.0182 107.84189224243164 -32.40369939804076 162.38275527954102 -10.512243747711167
0 0.0174 519.4924545288086 -23.465017318725568 570.8919143676758 0.5512866973877091
0 0.0167 289.481840133667 196.54035186767578 340.9019184112549 220.5456314086914
0 0.0166 115.43319702148438 82.04829788208008 154.75502014160156 115.05420303344727
0 0.0165 48.313751220703125 7.321573257446302 101.95281982421875 29.764963150024425
0 0.0163 159.42420959472656 16.58799743652345 210.95211029052734 40.49899673461915
0 0.0162 608.5037994384766 -53.21610355377196 638.75 -29.756535530090318
0 0.0159 0.0 26.802507400512706 51.21448516845703 50.286127090454116
0 0.0155 115.2370548248291 142.46886825561526 154.93464469909668 174.67033004760742
0 0.0154 0.0 326.73905944824213 51.132307052612305 350.3494415283203
0 0.0150 525.3717422485352 12.178112030029313 564.8115921020508 44.93562316894533
0 0.0150 511.90391540527344 63.34180450439453 638.75 163.1270751953125
0 0.0149 228.85713577270508 196.97904205322266 281.46108627319336 220.10873413085938
0 0.0148 609.5168304443359 486.07255554199213 638.75 510.95368957519537
0 0.0144 289.36938285827637 166.62503814697266 341.0016345977783 190.46178436279294
0 0.0144 0.0 155.97150421142578 18.920884132385254 201.25577545166016
0 0.0141 139.70970630645752 56.368766784667976 190.69926738739014 80.71588134765625
0 0.0141 608.9513969421387 516.1692199707031 638.7500190734863 532.25
0 0.0136 608.6171722412109 -93.28889274597165 638.75 -69.68336963653562
0 0.0136 168.86669158935547 -13.02185440063475 221.45130157470703 10.110393524169936
0 0.0133 608.9344787597656 196.50250053405762 638.75 220.52618598937988
0 0.0129 0.0 -12.97713661193846 51.51087760925293 10.065809249877942
0 0.0128 339.91939544677734 206.19466400146482 390.51563262939453 230.88704681396482
0 0.0126 0.0 252.64100646972653 25.27432918548584 284.5151672363281
0 0.0126 120.09979248046875 116.03902435302734 170.35833358764648 141.03974914550784
0 0.0125 339.62154388427734 176.43668746948245 390.7773971557617 200.6486473083496
0 0.0124 229.1952896118164 166.74724197387695 281.1576843261719 190.33992385864258
0 0.0120 570.7779693603516 -33.77614402770995 598.8175964355469 11.001173019409194
0 0.0119 319.24068450927734 136.72023391723633 371.1159896850586 160.36750411987308
0 0.0116 609.0744018554688 166.40443420410156 638.75 190.62406158447266
0 0.0115 289.5771789550781 226.46752929687497 340.81737518310547 250.61769104003903
0 0.0115 468.5805130004883 -42.841869831085184 521.7107009887695 -20.07060194015501
0 0.0111 159.08647537231445 156.82128524780276 211.25555038452148 180.2658805847168
0 0.0108 608.9204216003418 226.512809753418 638.7500190734863 250.51595306396484
0 0.0108 498.4708023071289 -102.77415180206296 551.8102645874023 -80.13872528076169
0 0.0106 27.499923706054688 387.7782211303711 82.69711494445801 409.30249786376953
0 0.0105 469.15260314941406 -13.220237731933578 521.1953735351562 10.307861328125014
0 0.0104 339.19811248779297 96.7491683959961 391.1543655395508 120.33853149414064
0 0.0101 0.0 516.3218078613281 51.316633224487305 532.25
0 0.0100 608.983154296875 366.4708480834961 638.75 390.5580673217773
