0 0.0773 337.60501861572266 44.222908020019524 392.6004409790039 65.85886001586914
0 0.0654 186.34714126586914 174.85382080078122 243.75944137573242 195.21575927734375
0 0.0648 347.36766815185547 74.34875011444092 402.8184127807617 95.73093891143799
0 0.0619 338.1547546386719 13.914079666137695 392.0979309082031 36.17142677307129
0 0.0572 176.25173568725586 154.89757537841797 233.8478660583496 175.17086029052734
0 0.0572 196.5715789794922 194.74746704101562 253.5519790649414 215.32447814941403
0 0.0537 577.3014068603516 194.38219070434567 632.8795623779297 215.69673538208008
0 0.0513 287.11292266845703 64.48232173919678 343.05225372314453 85.595383644104
0 0.0510 397.72289276123047 54.16221618652343 452.4916458129883 75.92098236083984
0 0.0461 277.28248596191406 34.391794204711914 332.89703369140625 55.68692207336425
0 0.0457 577.9743957519531 164.01607513427734 632.2628784179688 186.0680389404297
0 0.0450 597.1270751953125 224.46839332580564 638.75 245.60835838317868
0 0.0434 397.98057556152344 24.017772674560547 452.25608825683594 46.067161560058594
0 0.0406 307.4672031402588 94.30007934570312 362.7261257171631 115.78105926513672
0 0.0397 186.51729583740234 134.77134704589844 243.6026382446289 155.29972076416013
0 0.0395 277.8696346282959 4.075908660888671 332.3584842681885 26.007614135742188
0 0.0382 407.6518249511719 84.20242309570312 462.55645751953125 105.88043212890624
0 0.0369 399.96326446533203 292.6628875732422 450.47618865966797 317.4188995361328
0 0.0360 247.38317489624023 174.34362411499023 302.8034782409668 195.73667526245117
0 0.0352 176.57302856445312 214.74885940551755 233.5501480102539 235.32342910766602
0 0.0340 328.5334014892578 -16.311235427856445 381.75315856933594 6.398792266845703
0 0.0327 359.8004913330078 262.79369354248047 410.61973571777344 287.2896957397461
0 0.0322 257.61962890625 204.21293258666992 312.5875473022461 225.86862564086914
0 0.0320 347.4421691894531 114.310245513916 402.74986267089844 135.770206451416
0 0.0300 349.7423553466797 292.8336334228515 400.67237854003906 317.24945068359375
0 0.0300 598.1826591491699 303.89945983886713 638.7500190734863 326.1864471435547
0 0.0297 348.85398864746094 233.48378181457517 401.46331787109375 256.60433769226074
0 0.0297 388.3556365966797 -6.203124523162842 441.9145965576172 16.28992795944214
0 0.0296 597.3859405517578 254.33670043945312 638.75 275.74279785156244
0 0.0290 136.7428207397461 194.66917037963867 193.39279174804688 215.40525436401367
0 0.0289 247.14263916015625 144.4644546508789 303.02555084228516 165.61309814453125
0 0.0270 287.50638008117676 124.27703857421874 342.69068717956543 145.8041000366211
0 0.0267 247.43951797485352 84.31400299072266 302.75171279907227 105.76679229736327
0 0.0266 317.9524612426758 204.03158187866208 372.28221893310547 226.0528755187988
0 0.0262 217.21878051757812 114.42544937133789 272.9554748535156 135.65279006958008
0 0.0254 0.0 219.8858642578125 638.75 558.75
0 0.0248 568.4277725219727 133.7503433227539 621.8497085571289 156.33636474609372
0 0.0241 268.00853729248047 -25.99812507629394 322.23052978515625 -3.9167499542236324
0 0.0239 418.6820602416992 263.5998153686523 471.61754608154297 286.48876190185547
0 0.0236 517.0434188842773 184.51179504394528 573.117561340332 205.56434631347653
0 0.0234 359.55989837646484 322.96958923339844 410.83499908447266 347.1142578125
0 0.0230 206.58205032348633 234.7436618804931 263.5420036315918 255.32858848571772
0 0.0229 0.0 -79.99999999999999 510.9122848510742 201.51496887207028
0 0.0226 536.9932556152344 214.5400619506836 593.1630706787109 235.53604125976562
0 0.0226 288.0512523651123 233.97383689880368 342.1923542022705 256.11100196838373
0 0.0224 227.8855323791504 54.07173156738281 282.34289169311523 76.01261138916014
0 0.0220 307.6308059692383 174.21463012695312 362.5754928588867 195.8681869506836
0 0.0219 117.03195571899414 164.52571868896484 173.12623977661133 185.55156707763672
0 0.0219 378.302001953125 203.83049011230466 431.96311950683594 226.25625610351562
0 0.0218 337.06546783447266 144.50380325317383 393.0965805053711 165.57302474975583
0 0.0217 608.5340881347656 333.2655715942383 638.75 356.7620468139648
0 0.0216 407.99144744873047 114.0132713317871 462.2457504272461 136.07198715209958
0 0.0214 517.5136947631836 154.26738739013672 572.6852798461914 175.81295013427734
0 0.0213 127.14221954345703 134.46783065795898 183.0251693725586 155.61017990112302
0 0.0204 408.50975036621094 233.7076950073242 461.773681640625 256.38042449951166
0 0.0186 457.28870391845703 64.39154148101807 512.8906631469727 85.68768978118895
0 0.0184 218.34325790405273 23.804283142089844 271.92590713500977 46.28244400024413
0 0.0183 187.9055404663086 84.05557632446288 242.3257064819336 106.02819442749023
0 0.0181 367.6093292236328 174.22458648681638 422.59559631347656 195.85781097412107
0 0.0179 415.1909637451172 319.0670394897461 454.9767303466797 351.08089447021484
0 0.0177 457.4338912963867 304.32193756103516 512.7557754516602 325.7595443725586
0 0.0172 314.8594570159912 259.6928405761719 355.2859592437744 290.51185607910156
0 0.0171 456.91619873046875 194.5839691162109 513.2328033447266 215.49224853515625
0 0.0157 467.29358673095703 94.3891716003418 522.8860855102539 115.69013595581055
0 0.0156 456.80736541748047 164.63411331176758 513.3340835571289 185.44042587280273
0 0.0155 137.59647369384766 104.22805786132812 192.60818481445312 125.85372924804686
0 0.0151 537.0410919189453 244.51904296875 593.1182861328125 265.55801391601557
0 0.0150 237.0955467224121 254.49069976806638 293.06833267211914 275.5867385864258
0 0.0149 218.82997512817383 -6.501085758209229 271.48515701293945 16.58912897109985
0 0.0149 477.2056198120117 134.43361282348633 532.9672622680664 155.64474105834958
0 0.0147 557.1599197387695 274.45964813232416 613.0086898803711 295.6187057495117
0 0.0146 168.39542388916016 53.76935005187988 221.87923431396484 76.3171100616455
0 0.0145 512.6921272277832 -80.0 638.7499809265137 -10.150761604309086
0 0.0131 574.3924140930176 64.83682632446288 638.7499809265137 114.74702835083006
0 0.0130 397.84847259521484 144.08767700195312 452.37789154052734 165.99567413330078
0 0.0129 146.92853927612305 234.57777976989746 203.22145462036133 255.49851417541507
0 0.0126 317.8773498535156 -45.92192769050598 372.3499298095703 -23.993519544601444
0 0.0123 467.24308013916016 224.41744804382324 522.9320907592773 245.6617450714111
0 0.0120 118.38127136230469 73.78143310546875 171.89132690429688 96.30546569824219
0 0.0119 537.6955413818359 304.17812347412104 592.5164794921875 325.90503692626953
0 0.0117 457.47364044189453 34.29294586181641 512.721061706543 55.78767776489257
0 0.0116 308.3816909790039 343.7775421142578 361.8917465209961 366.3088226318359
0 0.0115 377.97027587890625 -35.974531173706055 432.2650909423828 -13.940324783325194
0 0.0115 574.3924140930176 4.836816787719727 638.7499809265137 54.747018814086914
0 0.0115 298.4322738647461 313.74187469482416 351.84688568115234 336.34403228759766
0 0.0111 148.7089729309082 23.5727596282959 201.59536361694336 46.514482498168945
0 0.0106 447.7609634399414 4.136037826538084 502.45800018310547 25.94666481018066
0 0.0101 608.8652038574219 363.0515670776367 638.75 386.9772720336914
0 0.0100 497.10948944091797 284.4825744628906 553.0557632446289 305.59486389160156
0 0.0100 257.8208541870117 -75.89478492736816 312.40264892578125 -54.02172088623047
