0 0.0304 419.39136505126953 97.11126232147217 470.98155975341797 120.9757890701294
0 0.0258 409.28462982177734 127.18784713745117 461.0769271850586 150.89958572387695
0 0.0254 0.0 243.88586425781253 638.75 582.7499999999999
0 0.0229 0.0 -55.99999999999998 510.9122848510742 225.5149688720703
0 0.0220 369.4305419921875 87.08094024658203 420.94696044921875 111.00569152832033
0 0.0218 609.5242118835449 516.5649261474609 638.7500190734863 541.4610137939453
0 0.0216 419.3265151977539 67.16085815429688 471.03885650634766 90.92682266235352
0 0.0179 365.1863479614258 113.0757942199707 404.98111724853516 145.07290267944336
0 0.0172 409.12139892578125 157.30400466918945 461.22276306152344 180.78403854370117
0 0.0159 358.37257385253906 57.7877368927002 411.89903259277344 80.29929542541504
0 0.0156 389.40731048583984 207.1019401550293 440.96683502197266 230.9853401184082
0 0.0140 575.4707145690918 548.7563171386719 638.7500190734863 582.75
0 0.0133 511.90391540527344 153.84180450439453 638.75 253.6270751953125
0 0.0132 609.2298889160156 486.7920913696289 638.75 511.2359848022461
0 0.0126 359.54700469970703 146.98925399780273 410.8443832397461 171.09604263305664
0 0.0122 574.3924140930176 88.83682632446289 638.7499809265137 138.74702835083008
0 0.0121 408.49647521972656 37.71331214904787 461.78627014160156 60.374368667602546
0 0.0121 389.5832061767578 236.9685020446777 440.81085205078125 261.1174430847168
0 0.0110 359.3552017211914 177.1351089477539 411.01436614990234 200.95175170898435
0 0.0108 609.2350769042969 456.7884674072265 638.75 481.2396087646484
0 0.0104 339.5039749145508 217.02677154541016 390.8815383911133 241.05947875976562
0 0.0104 609.0742301940918 426.906494140625 638.7500190734863 451.12226867675776
0 0.0100 438.9173889160156 187.43658447265625 491.4073944091797 210.65084838867188
