0 0.0304 597.9042816162109 -42.44443321228026 638.75 -20.471929550170884
0 0.0290 25.745630264282227 218.62466430664065 84.3172836303711 238.4378204345703
0 0.0254 0.0 193.38586425781247 638.75 532.25
0 0.0229 0.0 -106.49999999999999 510.9122848510742 175.01496887207034
0 0.0224 15.813837051391602 238.59719848632812 74.25333976745605 258.4665069580078
0 0.0209 26.062371730804443 198.48485565185547 84.02313470840454 218.58155822753903
0 0.0206 598.3789253234863 -12.718242645263658 638.7499809265137 9.804988861083997
0 0.0206 497.6844787597656 -32.314418792724595 552.5263214111328 -10.60232543945311
0 0.0194 609.3408966064453 486.2115631103515 638.75 510.81628417968756
0 0.0185 608.1544494628906 -93.00731563568112 638.75 -69.96802234649655
0 0.0172 85.36103248596191 208.7889919281006 144.6749973297119 228.26861000061035
0 0.0160 0.0 257.8624877929688 52.82724380493164 279.2183074951172
0 0.0150 608.9353942871094 516.1812553405762 638.75 532.2500190734863
0 0.0139 85.38047790527344 228.78095245361325 144.65686798095703 248.27695465087888
0 0.0136 537.1494293212891 -52.03570270538328 593.0184936523438 -30.886181831359846
0 0.0130 438.4619140625 -32.766946792602525 491.81793212890625 -10.145715713500962
0 0.0121 85.41404724121094 188.7665138244629 144.62570190429688 208.29173660278323
0 0.0119 0.0 287.76124572753906 52.648067474365234 309.3214569091797
0 0.0117 478.25103759765625 -2.639564514160143 532.0095062255859 19.72602462768556
0 0.0112 26.372759342193604 178.34140396118167 83.73582601547241 198.7284049987793
0 0.0112 608.8416290283203 16.567741394042983 638.75 40.46113586425783
0 0.0107 477.6370620727539 -62.28919887542723 532.5699234008789 -40.62800312042234
0 0.0101 507.4031448364258 -102.1705331802368 562.7859878540039 -80.74956321716307
