0 0.4609 -49.27474975585938 210.09801864624023 171.5412902832031 309.2983055114746
0 0.3867 -49.27474975585938 90.09801864624023 171.5412902832031 189.2983055114746
0 0.2300 -41.554145812988274 311.31606101989746 144.04903411865232 388.74924659729004
0 0.2298 177.74265289306638 239.26664352416992 323.98357391357416 300.6601142883301
0 0.1429 157.7426528930664 299.2666530609131 303.9836120605468 360.6601047515869
0 0.1008 190.7252502441406 130.09801864624023 411.5412902832031 229.2983055114746
0 0.0900 -8.131237030029288 0.0 210.39972305297852 69.61675643920898
0 0.0619 -80.0 206.5383529663086 -45.45345306396485 243.40354919433594
0 0.0606 -79.99999999999999 246.5186309814453 -45.43965339660644 283.4218978881836
0 0.0581 -79.99999999999999 286.5376281738281 -45.45881509780883 323.4041976928711
0 0.0557 -80.0 166.7282485961914 -45.53860664367675 203.22742462158203
0 0.0512 -79.99999999999999 326.651611328125 -45.51866769790649 363.2984161376953
0 0.0475 -79.99999999999999 127.21689224243164 -45.57022333145141 162.77612686157227
0 0.0406 160.328369140625 180.43912887573242 189.3631362915039 229.48030471801758
0 0.0375 217.86460876464844 0.0 383.34037780761713 125.88314056396484
0 0.0351 137.74265289306638 359.26666259765625 283.9836120605469 420.66009521484375
0 0.0347 -79.99999999999999 366.9412612915039 -45.57419300079345 403.03043365478516
0 0.0335 -80.00000000000001 410.09803771972656 131.54129028320312 509.2982482910156
0 0.0292 308.1185913085937 297.0982360839844 392.6026153564453 363.126220703125
0 0.0287 321.18190765380854 232.26991653442383 409.3703842163086 277.45676040649414
0 0.0239 -80.0 87.8508186340332 -45.46255111694337 122.19306945800781
0 0.0230 165.75279235839844 106.1842155456543 204.61257934570312 143.73174667358398
0 0.0216 159.51139450073242 613.0109405517578 210.87709426879883 637.0738983154297
0 0.0205 -34.67884063720703 58.7924861907959 4.857378005981446 91.33120536804199
0 0.0198 99.60615158081053 612.9360580444336 150.79362869262695 637.1477127075195
0 0.0193 39.715118408203125 612.8459548950195 90.69829940795897 637.2361373901367
0 0.0188 244.97406005859375 469.99900817871094 558.75 638.75
0 0.0172 -10.225203037261963 612.7970123291016 40.64594507217407 637.2843170166016
0 0.0163 -79.60782051086426 12.260723114013672 -29.89237785339355 37.810659408569336
0 0.0163 -79.99999999999999 62.09209680557251 -40.00099897384643 87.9711127281189
0 0.0160 148.80296707153317 573.5173797607422 201.50930404663083 596.5707397460938
0 0.0140 -60.35838603973389 612.905387878418 -9.237112998962402 637.177619934082
0 0.0136 290.5639266967773 361.0842514038086 319.07436370849604 408.7959671020508
0 0.0135 209.52658653259277 603.0107116699219 260.861291885376 627.0755004882812
0 0.0135 78.9882278442383 573.3954238891602 131.34227752685547 596.6928482055664
0 0.0131 155.8435249328613 66.27453804016113 194.50193405151367 103.64737510681152
0 0.0128 400.8142280578614 0.0 558.7499809265137 83.77708435058594
0 0.0123 19.512205123901364 583.0215454101562 70.8740711212158 607.0648193359375
0 0.0110 528.9572906494141 622.6648712158203 558.7499999999999 638.75
0 0.0106 133.06254386901855 524.9141693115234 248.19149971008298 574.5640563964844
0 0.0103 208.51654052734375 573.6977005004883 261.7687606811523 596.3895797729492
