0 0.0453 169.88086700439453 132.7259063720703 220.54954528808594 157.35618591308594
0 0.0414 158.15762042999268 13.909320831298828 212.09598064422607 36.17574691772461
0 0.0388 119.08981800079346 123.32359313964841 171.25155925750732 146.76422119140625
0 0.0363 169.31636810302734 103.1658363342285 221.04843139648438 126.92155838012695
0 0.0352 170.0687026977539 162.5601768493652 220.3866195678711 187.51829147338867
0 0.0335 119.09736633300781 153.31588745117188 171.24534606933594 176.77154541015625
0 0.0334 158.64688873291016 -16.387348175048825 211.65142059326172 6.47451400756836
0 0.0319 168.2619285583496 43.85418891906738 221.99956893920898 66.2323474884033
0 0.0254 0.0 219.8858642578125 638.75 558.75
0 0.0254 108.55753421783447 93.67296218872069 161.73142910003662 116.41454696655272
0 0.0248 98.52644920349121 3.6928367614746076 151.75950050354004 26.394672393798825
0 0.0236 108.20098400115967 33.89131546020508 162.05482959747314 56.19506835937499
0 0.0236 168.68507385253906 73.5944414138794 221.61556243896484 96.49367809295653
0 0.0229 0.0 -79.99999999999999 510.9122848510742 201.51496887207028
0 0.0229 185.38633346557617 188.65100860595703 224.7978401184082 221.46038055419922
0 0.0225 426.99951171875 184.53958511352536 483.15673828125 205.53701400756836
0 0.0222 118.91530513763428 183.43870162963867 171.40909671783447 206.64880752563477
0 0.0216 598.5017585754395 233.70540618896484 638.7499809265137 256.3816452026367
0 0.0203 219.52377319335938 143.01593780517578 270.86315155029297 167.07073211669922
0 0.0196 98.78050804138184 -26.468105316162106 151.52960777282715 -3.443794250488281
0 0.0196 598.6683464050293 203.60057830810544 638.7500190734863 226.48685455322266
0 0.0182 598.5683441162109 263.6662292480469 638.75 286.4213562011718
0 0.0181 511.90391540527344 -30.158195495605472 638.75 69.6270751953125
0 0.0179 417.09644317626953 214.49151992797852 473.0672073364258 235.58614730834958
0 0.0178 108.40631484985352 63.76615047454834 161.86859130859375 86.32086277008055
0 0.0175 598.9573669433594 173.41384887695312 638.75 196.6741180419922
0 0.0174 467.42916107177734 164.3169403076172 522.7618026733398 185.7633590698242
0 0.0167 396.68418884277344 164.6908950805664 453.4485626220703 185.3818893432617
0 0.0166 74.77542877197266 119.84649658203124 115.36441802978516 150.3724670410156
0 0.0163 599.1381072998047 143.2925224304199 638.75 166.7955207824707
0 0.0163 477.39967346191406 204.33376312255857 532.7886199951172 225.74649810791016
0 0.0161 179.79101181030273 222.79709815979004 230.62898635864258 247.2857570648193
0 0.0159 118.9004373550415 323.44993591308594 171.4221715927124 346.63780212402344
0 0.0156 225.09626388549805 169.25968170166013 265.0639533996582 200.90545654296872
0 0.0154 128.76877307891846 213.53126525878903 181.54197216033936 236.55563354492185
0 0.0154 609.0351104736328 -67.06567525863647 638.75 -42.90546655654907
0 0.0153 217.7752685546875 24.130525588989258 272.44434356689453 45.95263481140137
0 0.0153 387.84229278564453 324.0947723388672 442.38269805908203 345.98907470703125
0 0.0147 108.52571487426758 -76.3067102432251 161.76015853881836 -53.60579013824463
0 0.0147 574.3924140930176 84.83682632446289 638.7499809265137 134.74702835083008
0 0.0146 457.1328353881836 234.4708251953125 513.0342483520508 255.6068420410156
0 0.0146 59.00570869445801 153.38079452514648 111.32716178894043 176.70709609985352
0 0.0145 188.60023498535156 323.6503982543945 241.69185638427734 346.437873840332
0 0.0144 148.5748291015625 -46.337404251098626 201.71566009521484 -23.574962615966793
0 0.0142 128.63651275634766 243.61869812011716 181.66093826293945 266.4683532714843
0 0.0140 197.86657333374023 294.08199310302734 252.36028671264648 316.0021591186523
0 0.0140 448.14048767089844 323.9261245727539 502.1100616455078 346.1598587036132
0 0.0139 178.77843856811523 263.5280609130859 231.53257369995117 286.5592956542968
0 0.0136 214.62467193603516 -9.900465011596678 255.50708770751953 20.143270492553707
0 0.0134 128.76441478729248 283.5395431518554 181.54472827911377 306.54811859130854
0 0.0130 75.04968643188477 179.35005187988278 115.10723114013672 210.8232498168945
0 0.0130 327.45121002197266 324.3099212646484 382.74051666259766 345.771255493164
0 0.0129 224.82955932617188 109.75715637207031 265.31288146972656 140.45345306396484
0 0.0128 608.8010406494141 293.09417724609375 638.75 316.93450927734375
0 0.0127 119.0346908569336 353.36360931396484 171.3005828857422 376.7245864868164
0 0.0127 528.0312728881836 223.98357391357422 582.2109603881836 246.10092163085935
0 0.0125 447.11524963378906 264.4820022583008 503.0499267578125 285.5958175659179
0 0.0124 397.19898223876953 244.43855285644528 452.97298431396484 265.63995361328125
0 0.0124 168.3031463623047 -76.17111682891846 221.96224212646484 -53.7422513961792
0 0.0123 48.93962621688843 93.4260368347168 101.38643503189087 116.66200637817383
0 0.0123 427.6457214355469 134.1985321044922 482.56370544433594 155.88321685791016
0 0.0115 457.56771087646484 294.2461395263672 512.6339340209961 315.8358001708984
0 0.0115 79.04459953308105 263.3586120605469 131.29130363464355 286.7298126220703
0 0.0115 208.61801147460938 -36.36228084564209 261.67606353759766 -13.549647331237793
0 0.0114 247.91156768798828 314.05941009521484 302.3185348510742 336.02542877197266
0 0.0114 69.43345785140991 303.0817413330078 120.94377756118774 327.0053100585937
0 0.0114 408.61572265625 353.6386489868164 461.67823791503906 376.4493179321289
0 0.0112 575.4707145690918 524.7563171386718 638.7500190734863 558.75
0 0.0111 507.74425506591797 254.14608001708982 562.4731063842773 275.9366226196289
0 0.0111 18.816394805908203 123.50797653198241 71.49734497070312 146.58006668090817
0 0.0110 49.10630226135254 63.31397533416747 101.23641967773438 86.77406787872314
0 0.0110 528.1570434570312 163.90657424926758 582.09716796875 186.17803573608398
0 0.0110 387.27283477783203 294.39910888671875 442.90538787841797 315.6798553466797
0 0.0109 366.26514434814453 194.89343643188477 423.83495330810547 215.17549514770508
0 0.0109 69.35386896133423 223.13835144042966 121.01505041122437 246.9488525390625
0 0.0107 9.309792518615723 173.1722259521484 61.05396270751953 196.91543579101562
0 0.0107 75.03583669662476 339.37557220458984 115.12022256851196 370.8000564575195
0 0.0107 326.8058395385742 294.63699340820307 383.33492279052734 315.43785095214844
0 0.0107 229.00640487670898 203.3834457397461 281.32585525512695 226.70486450195312
0 0.0106 487.8004837036133 134.11542892456055 542.4215316772461 155.9677696228027
0 0.0105 538.2592391967773 193.84876251220703 592.0035934448242 216.23672485351562
0 0.0103 48.56401443481445 -76.33142948150633 101.72563552856445 -53.58108043670654
0 0.0101 49.15081024169922 33.283586502075195 101.1964225769043 56.80441856384277
