0 0.0254 0.0 133.88586425781247 638.75 472.74999999999994
0 0.0229 0.0 -166.0 510.9122848510742 115.51496887207028
0 0.0199 368.11641693115234 -12.061477661132825 422.1323776245117 10.147079467773422
0 0.0171 512.6921272277832 -166.0 638.7499809265137 -96.15076160430908
0 0.0164 368.0200958251953 -42.0057544708252 422.22023010253906 -19.90919685363771
0 0.0155 428.08250427246094 -22.04246139526368 482.16346740722656 0.12777709960936076
0 0.0147 308.30127716064453 -12.171317100524915 361.96422576904297 10.257758140563949
0 0.0137 418.14430236816406 7.922538757324205 472.10693359375 30.16325378417967
0 0.0133 217.8248405456543 -11.896773338317884 272.39892959594727 9.980315208435043
0 0.0132 358.0784225463867 17.958740234374982 412.16739654541016 40.12636566162107
0 0.0125 428.0474090576172 -52.02274894714357 482.1955871582031 -29.892221450805675
0 0.0125 308.2034969329834 -42.11252784729005 362.05307960510254 -19.801412582397475
0 0.0125 368.08555603027344 -72.04505538940431 422.16087341308594 -49.86974334716798
0 0.0121 217.91419982910156 -41.946273803710945 272.3170852661133 -19.969459533691417
0 0.0115 511.90391540527344 -76.15819549560547 638.75 23.627075195312482
0 0.0114 609.1743278503418 406.83748626708984 638.7500190734863 431.19142913818354
0 0.0111 58.120737075805664 -102.06995582580566 112.12977409362793 -79.84530067443848
0 0.0111 27.713422775268555 -31.833806991577156 82.50060081481934 -10.083242416381848
0 0.0108 358.46153259277344 -102.27049446105957 411.81907653808594 -79.64271163940431
0 0.0108 217.50133514404297 18.279747009277326 272.6953125 39.80135345458982
0 0.0107 608.4789848327637 197.29956054687497 638.7500190734863 220.72767639160153
0 0.0107 208.03333282470703 -72.01458549499512 262.2084045410156 -49.90046119689942
0 0.0105 57.84506797790527 -71.91015815734863 112.38091468811035 -50.00645256042481
0 0.0105 428.2527160644531 -82.14463806152345 482.00889587402344 -59.76949310302736
0 0.0102 297.90843963623047 18.05370712280272 352.32311248779297 40.03002548217772
0 0.0102 608.9068412780762 456.7030754089355 638.7500190734863 472.7500190734863
0 0.0101 208.28781127929688 -102.16480827331544 261.97681427001953 -79.7490463256836
