0 0.2537 426.6000747680664 294.73926544189453 483.5243606567383 315.33382415771484
0 0.2059 406.5651321411133 274.7503662109375 463.5580062866211 295.3215026855469
0 0.1948 366.32678985595703 294.8651123046875 423.7778091430664 315.2045440673828
0 0.1623 346.65599822998047 274.70859527587885 403.47354888916016 295.3644943237304
0 0.1540 328.0426025390625 313.9878463745117 382.19818115234375 336.0982894897461
0 0.1419 409.32621002197266 320.7982635498047 481.07486724853516 349.3424987792968
0 0.1122 429.15184020996094 73.27905654907227 481.1962890625 96.80841445922852
0 0.1061 376.6876220703125 254.69234466552732 433.44459533691406 275.38097381591797
0 0.0922 308.04931640625 253.98056030273438 362.1928405761719 276.1051177978515
0 0.0801 438.4615707397461 43.73636245727538 491.81758880615234 66.35141372680664
0 0.0708 379.51568603515625 63.012599945068345 430.8722686767578 87.07284927368164
0 0.0683 304.56226348876953 280.2074432373047 345.5656051635742 310.0456237792969
0 0.0640 436.7478942871094 254.6626663208008 493.38905334472656 275.4111862182617
0 0.0579 327.6095962524414 224.2230987548828 382.5956344604492 245.85910797119138
0 0.0542 338.79161834716797 343.52966308593744 391.51851654052734 366.55914306640625
0 0.0534 379.0151596069336 93.37770462036133 431.3179397583008 116.71064376831055
0 0.0460 406.9906234741211 234.54063415527344 463.1657028198242 255.5353546142578
0 0.0443 488.4901428222656 63.71608734130859 541.7922210693359 86.37140274047852
0 0.0443 439.4180679321289 103.08294296264647 490.95958709716797 127.0027732849121
0 0.0361 309.4233798980713 153.07224273681638 360.9562587738037 177.01251983642578
0 0.0348 438.0038070678711 14.00611877441406 492.23453521728516 36.07919692993164
0 0.0313 259.18468475341797 143.2561492919922 311.16687774658203 166.83124542236328
0 0.0311 328.01673889160156 193.9940071105957 382.22373962402344 216.09071731567383
0 0.0307 379.61769104003906 32.94477462768555 430.77980041503906 57.14126586914062
0 0.0302 329.2109680175781 73.24254989624023 381.14234924316406 96.84545516967772
0 0.0290 498.5923385620117 33.64253044128417 551.701774597168 56.44385337829589
0 0.0273 310.18299102783203 122.45265960693358 360.28858184814453 147.6229476928711
0 0.0261 268.350830078125 223.79859924316403 321.91925048828125 246.2879943847656
0 0.0254 0.0 219.8858642578125 638.75 558.75
0 0.0243 249.0786361694336 253.33713531494138 301.2603759765625 276.7515182495117
0 0.0240 360.01060485839844 122.6210594177246 410.4351043701172 147.45977401733396
0 0.0233 387.53944396972656 204.25579071044922 442.6611328125 225.82508087158203
0 0.0233 258.9943313598633 173.38850021362305 311.33739471435547 196.69939041137692
0 0.0232 284.9581527709961 309.52346801757807 325.19248962402344 340.6655883789062
0 0.0229 0.0 -79.99999999999999 510.9122848510742 201.51496887207028
0 0.0228 268.6875247955322 83.59031677246094 321.61391258239746 106.49742126464844
0 0.0225 259.32369232177734 113.15980911254883 311.0420608520508 136.92747116088867
0 0.0225 489.35176849365234 93.14002990722656 541.0168838500977 116.94717407226562
0 0.0216 0.0 -76.5354561805725 51.42992973327637 -53.375740051269524
0 0.0214 574.3924140930176 -55.16318321228027 638.7499809265137 -5.252971649169921
0 0.0213 398.36658477783203 353.79253387451166 451.90418243408203 376.29467010498047
0 0.0211 75.36421060562134 148.70201110839844 114.81775045394897 181.41376495361325
0 0.0199 367.5589370727539 -75.75212478637695 422.64270782470703 -54.16646957397462
0 0.0196 329.11548614501953 43.30680847167968 381.2283706665039 66.78108215332031
0 0.0194 249.6426010131836 282.9236984252929 300.75809478759766 307.16190338134766
0 0.0191 75.37544012069702 188.67366790771484 114.80787515640259 221.43966674804688
0 0.0190 49.62003946304321 122.92995452880858 100.78037023544312 147.15431213378903
0 0.0187 115.3102970123291 148.8199234008789 154.86689567565918 181.30615234375
0 0.0187 18.929882049560547 13.433837890625 71.3949203491211 36.65437698364258
0 0.0185 466.71077728271484 274.67430114746094 523.4248733520508 295.39817810058594
0 0.0184 209.57332611083984 152.97748565673825 260.8193588256836 177.10872650146482
0 0.0176 19.250969886779785 183.20890426635742 71.10764980316162 206.87822341918942
0 0.0176 574.3924140930176 4.836816787719727 638.7499809265137 54.747018814086914
0 0.0174 8.817410469055176 -16.490097045898438 61.49587154388428 6.578521728515625
0 0.0162 0.0 -46.70912265777587 51.201181411743164 -23.202433586120605
0 0.0159 378.71238708496094 3.581438064575196 431.5898895263672 26.507368087768555
0 0.0159 268.18572998046875 53.89249801635743 322.0704650878906 76.19266510009766
0 0.0158 119.78103637695312 182.8077125549316 170.63722610473633 207.27563858032224
0 0.0158 99.942626953125 122.67847061157225 150.49461364746094 147.4033546447754
0 0.0158 155.29191493988037 148.86053085327146 194.88359928131104 181.26909255981445
0 0.0156 368.9730453491211 163.3892059326172 421.3594436645508 186.69677734375
0 0.0153 19.265451431274414 153.20083618164062 71.09423637390137 176.88655853271484
0 0.0153 427.34825134277344 -15.636768341064451 482.8352355957031 5.716943740844726
0 0.0151 308.1242370605469 -76.06547355651854 362.1251678466797 -53.84880542755126
0 0.0147 89.8655891418457 222.73956298828125 140.562744140625 247.3428726196289
0 0.0146 498.92932891845703 3.4260940551757804 551.3971328735352 26.66097640991211
0 0.0144 427.31468200683594 -75.62592744827269 482.86766052246094 -54.295210838317864
0 0.0137 38.95956993103027 93.40816497802733 91.36944770812988 116.67922973632812
0 0.0136 199.69341278076172 272.8819274902344 250.7135772705078 297.2029113769531
0 0.0134 209.4034194946289 123.10150146484374 260.97103118896484 146.98535919189453
0 0.0132 209.67451095581055 182.89724349975586 260.7301902770996 207.1878623962402
0 0.0131 28.992834091186523 43.387107849121094 81.3392448425293 66.70043945312499
0 0.0130 189.37633514404297 243.12316894531247 240.99475860595703 266.96411132812494
0 0.0130 387.3806381225586 -45.652265548706055 442.80513763427734 -24.267044067382816
0 0.0128 19.145636558532715 213.2858657836914 71.2013292312622 236.80194854736325
0 0.0123 119.08267498016357 323.32386016845703 171.2589693069458 346.7633438110351
0 0.0121 119.2977523803711 263.1743621826172 171.0660743713379 286.91246032714844
0 0.0121 268.29761505126953 23.827457427978516 321.96834564208984 46.25844955444336
0 0.0119 5.145243406295776 119.16465759277342 45.018426179885864 150.99193572998044
0 0.0118 119.15049076080322 293.2770538330078 171.19813442230225 316.80999755859375
0 0.0116 139.59060668945312 212.95856475830078 190.80520629882812 237.12673187255857
0 0.0114 149.5159149169922 123.02091598510741 200.87032318115234 147.06567764282227
0 0.0114 574.3924140930176 64.83682632446288 638.7499809265137 114.74702835083006
0 0.0110 209.42171096801758 213.0862808227539 260.95510482788086 237.00023651123047
0 0.0110 57.42471694946289 -75.68102836608887 112.76596069335938 -54.238746166229255
0 0.0109 339.80003356933594 372.7992630004883 390.61912536621094 397.2848129272461
0 0.0109 409.2555618286133 133.21014404296872 461.1026382446289 156.87759399414062
0 0.0108 248.01097869873047 -76.00181102752684 302.2288131713867 -53.91338348388671
0 0.0106 574.3924140930176 124.83682632446288 638.7499809265137 174.74702835083008
0 0.0106 318.58612060546875 3.654327392578125 371.70570373535156 26.433162689208984
