0 0.2948 230.72525024414062 -16.401981353759748 451.5412902832031 82.79830551147462
0 0.2546 258.4458541870117 84.81603240966797 444.04903411865234 162.24923706054688
0 0.0846 218.44585418701172 -95.18397712707518 404.04903411865234 -17.750753402709947
0 0.0563 297.7426528930664 172.7666530609131 443.9835739135742 234.1601047515869
0 0.0399 230.66844940185547 85.23244476318361 258.94805908203125 131.75836181640625
0 0.0394 558.8357734680176 -27.76022338867186 638.7499809265137 34.686351776123054
0 0.0362 250.52520751953125 215.61948394775388 299.99595642089844 241.4470443725586
0 0.0322 255.6557273864746 161.46852111816406 294.55957412719727 195.58499908447266
0 0.0297 445.5432891845703 51.7799530029297 484.6568298339844 85.29962158203126
0 0.0286 574.3924140930176 38.336826324462905 638.7499809265137 88.24702835083008
0 0.0270 300.5844974517822 235.54635620117188 349.948034286499 261.51673889160156
0 0.0255 195.53424835205078 -18.22558784484862 234.66754913330078 15.304800033569347
0 0.0253 179.7828483581543 76.30290603637697 230.63631057739258 100.77998733520508
0 0.0247 445.48431396484375 11.92215538024904 484.7096252441406 45.16953086853028
0 0.0243 511.90391540527344 103.34180450439453 638.75 203.1270751953125
0 0.0237 0.0 103.59801864624025 211.54129028320312 202.7983055114746
0 0.0229 0.0 250.52486038208005 510.9126281738281 532.2499809265137
0 0.0226 574.3924140930176 -81.66318321228025 638.7499809265137 -31.75297164916991
0 0.0219 113.06253433227539 18.414174079895034 228.19150924682617 68.0640516281128
0 0.0217 220.6378173828125 135.01411056518555 248.9849090576172 181.93385696411133
0 0.0202 515.467643737793 -28.044158458709703 554.7251510620117 5.138743877410904
0 0.0195 488.11859130859375 30.59826946258546 572.6026153564453 96.6262254714966
0 0.0192 220.61691284179688 204.87294769287112 249.01012420654297 252.04885101318362
0 0.0192 440.61561584472656 85.51713562011719 489.9211120605469 111.5453872680664
0 0.0188 119.37421798706055 76.62509536743165 170.9965705871582 100.46222305297853
0 0.0183 350.72872161865234 235.3782806396484 399.8293685913086 261.6781005859375
0 0.0176 155.2776002883911 -27.616549968719465 194.89745616912842 4.7482333183288725
0 0.0156 574.3924140930176 218.3368072509766 638.7499809265137 268.24700927734375
0 0.0152 489.97589111328125 6.137557983398452 540.4680633544922 30.942073822021502
0 0.0149 405.58467864990234 -48.332742691040025 444.62085723876953 -14.597152709960922
0 0.0140 445.28942108154297 -27.631944656372053 484.8856735229492 4.7622356414795055
0 0.0140 608.9627075195312 516.1606559753418 638.75 532.2500190734862
0 0.0138 170.1896858215332 -54.05510330200193 220.28310775756836 -28.86965179443358
0 0.0137 440.7014846801758 205.49714660644534 468.9085006713867 251.55084228515625
0 0.0135 519.3269348144531 226.65418243408203 571.0398864746094 250.4326400756836
0 0.0134 609.5698738098145 486.02830505371094 638.7499809265137 510.99725341796875
0 0.0132 250.92933654785156 245.07928466796875 299.6757125854492 271.96008300781256
0 0.0130 519.9686050415039 -53.84871387481687 570.4729080200195 -29.070548057556135
0 0.0130 574.3924140930176 358.33680725097656 638.7499809265137 408.2470092773437
0 0.0126 190.61365127563477 194.85245323181152 219.01403427124023 242.06575965881348
0 0.0124 58.99129629135132 76.8904266357422 111.34014368057251 100.19746398925783
0 0.0121 115.07018089294434 -27.194329738616933 155.08868217468262 4.363626003265395
0 0.0119 470.0714111328125 216.06187438964844 520.3834533691406 241.01708984375003
0 0.0111 0.0 -106.49999999999997 129.46765899658203 -36.6206064224243
0 0.0107 440.6911087036133 155.40860748291016 468.92093658447266 201.61946868896484
0 0.0105 58.6827278137207 37.0923194885254 111.61848068237305 59.995265960693374
0 0.0102 445.60794830322266 111.60752868652344 484.60033416748047 145.45755004882812
0 0.0100 110.65831184387207 195.1592788696289 138.9602756500244 241.8169937133789
