0 0.0512 8.16462516784668 27.41297340393067 62.08787441253662 49.67327690124513
0 0.0415 8.292622566223145 -2.662748336791977 61.97135925292969 19.749628067016616
0 0.0358 0.0 56.87707519531251 51.310977935791016 80.21180725097658
0 0.0255 0.0 -32.97580862045287 51.51407241821289 -9.935652256011949
0 0.0254 0.0 193.38586425781247 638.75 532.25
0 0.0229 0.0 -106.49999999999999 510.9122848510742 175.01496887207034
0 0.0187 57.90675163269043 47.55349731445313 112.32489585876465 69.53004455566408
0 0.0178 0.0 86.49449920654298 50.8370304107666 110.59209442138673
0 0.0172 68.04244041442871 17.480779647827163 122.19996452331543 39.60430717468263
0 0.0169 286.2196636199951 208.4161529541016 343.87669563293457 228.6525115966797
0 0.0162 187.19419479370117 207.942138671875 242.97712326049805 229.13652038574222
0 0.0161 355.8130645751953 38.59501934051515 414.2546844482422 58.4682664871216
0 0.0159 346.65821075439453 218.2080612182617 403.4714126586914 238.86518096923825
0 0.0153 316.26895904541016 188.3880577087402 373.83228302001953 208.68033981323242
0 0.0146 256.5450096130371 188.2655487060547 313.5752296447754 208.80696868896484
0 0.0143 316.3724136352539 168.34039306640625 373.73645782470703 188.7292251586914
0 0.0143 325.9260940551758 58.54777908325196 384.14905548095703 78.51729965209961
0 0.0142 0.0 -63.34665679931638 41.030287742614746 -39.56576728820799
0 0.0129 608.9633178710938 516.1601409912109 638.75 532.25
0 0.0126 355.92288970947266 18.54422187805177 414.1532516479492 38.52001762390138
0 0.0123 57.835683822631836 77.5944290161133 112.3896312713623 99.48880767822266
0 0.0123 295.84155082702637 38.58497714996339 354.22764778137207 58.47903347015382
0 0.0122 306.3432025909424 148.35549926757812 363.76315116882324 168.7140045166016
0 0.0122 246.4358139038086 168.31533050537107 303.67664337158203 188.75569915771484
0 0.0122 376.65496826171875 198.20829010009766 433.4747314453125 218.86468505859375
0 0.0121 57.48467445373535 -22.207588195800767 112.7097225189209 -0.7108917236327974
0 0.0119 512.6921272277832 -106.49999999999997 638.7499809265137 -36.65076160430907
0 0.0117 406.96712493896484 218.0572280883789 463.1862258911133 239.01929473876947
0 0.0114 146.69506072998047 188.18738555908203 203.43807220458984 208.88578033447266
0 0.0113 0.0 -93.53567743301389 40.80667495727539 -69.37847757339476
0 0.0113 386.42765045166016 58.315673828125 443.6850357055664 78.75474548339845
0 0.0110 247.9490089416504 227.5406036376953 302.2838020324707 249.54484558105466
0 0.0110 266.66823387145996 58.206535339355476 323.461389541626 78.86731719970705
0 0.0109 306.5306758880615 78.27153778076173 363.58872413635254 98.80071258544923
0 0.0105 609.6310615539551 485.9757766723632 638.7499809265137 511.04871368408203
0 0.0102 0.0 112.45391464233397 34.926414489746094 144.6839485168457
0 0.0101 126.9776964187622 218.05425262451172 183.1759214401245 239.02272796630862
0 0.0100 246.47912979125977 138.29318618774414 303.6370277404785 158.77807235717773
