0 0.2467 273.06254386901855 77.91418838500978 388.191499710083 127.56403732299803
0 0.2171 439.3973922729492 63.73478698730468 511.0061264038086 92.40170288085938
0 0.1796 377.7199172973633 57.164791107177734 432.4941635131836 78.91852188110353
0 0.1657 439.6435546875 93.52152633666992 510.765380859375 122.60149765014648
0 0.1560 318.07066917419434 46.96786212921143 372.17347145080566 69.11789226531982
0 0.1549 447.8908157348633 37.06363964080811 502.3392105102539 59.0199785232544
0 0.1224 258.14380645751953 56.92536163330078 312.1067810058594 79.16081237792969
0 0.1159 218.84002685546875 86.48880767822266 271.47682189941406 109.59873962402345
0 0.1124 394.5875549316406 83.16395568847656 435.5419158935547 113.08495330810547
0 0.1092 509.68929290771484 35.87981033325196 560.7183456420898 60.20436096191407
0 0.1074 387.0720672607422 27.501686096191413 443.0902099609375 48.575389862060554
0 0.0933 327.3605728149414 17.356842041015632 382.8239059448242 38.72345733642579
0 0.0884 565.5448913574219 21.264727592468272 604.6564483642578 54.81362628936768
0 0.0782 509.7556686401367 65.8166961669922 560.6618881225586 90.26539611816406
0 0.0776 267.3492908477783 27.361848831176765 322.8345012664795 48.71820259094238
0 0.0716 235.16925811767578 112.09700393676759 274.99820709228516 144.0536003112793
0 0.0635 198.1558609008789 56.916740417480476 252.09617614746094 79.16924285888672
0 0.0604 450.91712951660156 122.30879592895509 519.5306396484375 153.73869705200195
0 0.0603 468.2953643798828 6.828315734863288 521.9704437255859 29.25751495361329
0 0.0600 28.43384027481079 36.74735355377198 81.84404134750366 59.33946895599365
0 0.0503 320.35057067871094 126.58510971069337 410.14244079589844 169.24277114868164
0 0.0500 38.62467050552368 6.6243247985839915 91.67205572128296 29.462440490722663
0 0.0500 287.1541213989258 -2.537748336791985 343.0141067504883 18.615949630737312
0 0.0495 367.07244873046875 -2.4976844787597594 423.0896759033203 18.57489395141602
0 0.0481 560.5344009399414 55.10117340087891 609.9898910522461 80.96390533447267
0 0.0456 18.709030151367188 66.5784912109375 71.59406661987305 89.5095901489258
0 0.0436 539.5135879516602 -3.9939994812011643 590.8758163452148 20.078342437744144
0 0.0390 207.9812240600586 27.01701927185059 262.2555923461914 49.0678768157959
0 0.0388 93.06253433227539 -2.085821151733393 208.19150924682617 47.56404685974122
0 0.0380 58.88639450073242 -23.540622711181634 111.4348030090332 -0.37163925170897727
0 0.0363 327.18841552734375 -22.55555343627929 382.9826354980469 -1.3659591674804605
0 0.0343 139.3760108947754 56.12215805053712 190.99531173706055 79.9649314880371
0 0.0316 615.3001594543457 51.36948871612548 638.7499809265137 84.7192029953003
0 0.0315 158.79250049591064 86.52493286132812 211.51862621307373 109.56330108642578
0 0.0291 119.3272066116333 -33.83968544006347 171.03827953338623 -10.072633743286126
0 0.0287 275.61819076538086 131.06217193603516 314.5931053161621 164.99916839599607
0 0.0282 178.2469367980957 116.8594436645508 232.0140266418457 139.22650146484375
0 0.0282 0.0 -23.54139518737792 51.42192840576172 -0.36979866027831304
0 0.0281 79.56916809082031 55.97178268432618 130.82487106323242 80.11324691772461
0 0.0280 227.6695442199707 -2.807304382324211 282.540225982666 18.890293121337898
0 0.0270 609.4959259033203 25.58344650268555 638.75 50.442245483398445
0 0.0261 18.948259353637695 96.42142105102539 71.3784122467041 119.66677474975585
0 0.0257 514.9484252929688 92.52129364013672 555.2036285400391 123.66764831542967
0 0.0254 0.0 192.88586425781247 638.75 531.75
0 0.0233 266.9329071044922 -32.42625427246093 323.21788787841797 -11.497680664062491
0 0.0233 407.2218322753906 -22.572824478149403 462.95188903808594 -1.3483829498290945
0 0.0229 609.7879791259766 85.32704162597656 638.75 110.69325256347656
0 0.0225 218.46513748168945 146.70811462402347 271.8200492858887 169.37592315673828
0 0.0219 27.44730234146118 -52.69020271301269 82.74459600448608 -31.228963851928707
0 0.0205 574.3924140930176 -82.16318321228027 638.7499809265137 -32.252971649169915
0 0.0203 467.98755645751953 -22.987577438354485 522.2500228881836 -0.9276409149169852
0 0.0202 599.4868659973145 -3.9553565979003835 638.7499809265137 20.04242706298829
0 0.0187 0.0 2.5614242553711 35.21289825439453 33.631122589111335
0 0.0182 367.05745697021484 -42.48953056335448 423.1032943725586 -21.433307647705067
0 0.0162 178.63758087158203 -23.373443603515618 231.65809631347656 -0.538265228271477
0 0.0159 528.5330963134766 -33.318435668945305 581.7550659179688 -10.595066070556632
0 0.0151 75.03416299819946 82.37614440917969 115.12202978134155 113.79952239990236
0 0.0137 608.9340972900391 515.6824760437012 638.75 531.7500190734863
0 0.0134 307.1231937408447 -52.52475452423094 363.04320335388184 -31.39774990081786
0 0.0132 0.0 -83.79079055786133 41.09848976135254 -60.12120437622069
0 0.0126 0.0 121.99175643920898 34.94279384613037 154.14946365356445
0 0.0123 560.4621887207031 85.1818733215332 610.0498199462891 110.88633346557616
0 0.0119 115.01155853271484 82.41907882690431 155.1430892944336 113.76047897338869
0 0.0117 88.21464538574219 -63.11937046051025 142.04296112060547 -40.79455089569091
0 0.0115 609.4697380065918 485.61116027832026 638.7500190734863 510.4156951904296
0 0.0107 427.4402618408203 -52.69009780883788 482.7519226074219 -31.229679107666
0 0.0106 609.4339752197266 115.63275146484375 638.75 140.3935317993164
0 0.0106 453.0625534057617 -102.08583068847655 568.1914901733398 -52.435953140258775
0 0.0103 33.06253433227539 117.91418838500975 148.19150924682617 167.56403732299805
