0 0.0519 415.06168365478516 215.913818359375 474.95357513427734 235.14008331298828
0 0.0452 415.17547607421875 195.86457061767578 474.8481750488281 215.19039916992188
0 0.0410 415.3146743774414 235.81021118164062 474.7176742553711 255.24708557128906
0 0.0368 415.8026123046875 175.59563446044922 474.26536560058594 195.46688842773438
0 0.0350 396.75193786621094 155.15784072875977 453.38600158691406 175.91563034057617
0 0.0309 355.06683349609375 215.9106616973877 414.94903564453125 235.14312553405762
0 0.0299 355.4574966430664 195.74642944335938 414.58568572998047 215.3120880126953
0 0.0275 354.9430847167969 235.96192169189456 415.0641632080078 255.09041595458984
0 0.0270 405.7108688354492 255.6424789428711 464.3489456176758 275.42000579833984
0 0.0265 407.60887145996094 124.72039031982422 462.5970458984375 146.36132049560547
0 0.0264 356.10233306884766 175.46273040771487 413.9870834350586 195.6034927368164
0 0.0254 0.0 210.38586425781247 638.75 549.25
0 0.0229 0.0 -89.49999999999999 510.9122848510742 192.01496887207028
0 0.0225 336.8375778198242 155.11881637573245 393.30631256103516 175.95595169067383
0 0.0222 345.3192138671875 255.81070709228518 404.71282958984375 275.2470474243164
0 0.0198 456.9181823730469 155.07441329956055 513.2330322265625 176.0004692077637
0 0.0198 347.0120620727539 125.0323371887207 403.1453323364258 146.0442237854004
0 0.0187 408.10062408447266 94.44332885742188 462.14778900146484 116.6415481567383
0 0.0167 396.33045196533203 275.3651123046875 453.7739944458008 295.70484924316406
0 0.0167 476.18824005126953 215.4250888824463 533.9070510864258 235.64235496521
0 0.0158 296.7893695831299 175.14136123657227 353.3510112762451 195.93275833129883
0 0.0148 346.9303894042969 95.06995010375978 403.2213592529297 116.00531387329104
0 0.0146 296.381311416626 205.33978271484375 353.727331161499 225.73048400878906
0 0.0138 512.6921272277832 -89.5 638.7499809265137 -19.650761604309075
0 0.0137 476.3087844848633 195.366943359375 533.7960433959961 215.70145416259766
0 0.0135 467.91770935058594 124.54569625854495 522.3152160644531 146.53769302368164
0 0.0132 336.3166809082031 275.3740768432617 393.7861633300781 295.69611358642584
0 0.0128 476.4160919189453 235.32105255126953 533.6957550048828 255.74921417236328
0 0.0126 277.27333068847656 144.898136138916 332.9050827026367 166.1807518005371
0 0.0122 296.28448486328125 225.38406181335452 353.817138671875 245.68498420715332
0 0.0110 468.6479949951172 94.11091613769531 521.6506958007812 116.9760971069336
0 0.0107 408.5887145996094 64.14951610565186 461.7040252685547 86.9375352859497
0 0.0104 399.01607513427734 -26.124507904052727 451.3174819946289 -2.7873821258544864
0 0.0102 418.4712219238281 -85.77352237701415 471.8096923828125 -63.13923072814939
0 0.0102 608.9780426025391 533.148754119873 638.75 549.2500190734863
