0 0.2060 186.5088790655136 -18.279875785112363 227.79248654842377 -0.3390639722347097
0 0.1713 138.14938068389893 -25.261513113975507 182.27452039718628 -8.992205530405027
0 0.1684 179.28379774093628 4.751466989517226 219.45318579673767 23.503483116626754
0 0.1318 185.81245839595795 -41.30178239941595 228.42605412006378 -24.195480316877344
0 0.1295 131.75556063652039 -2.60954645276068 173.1637716293335 15.24095687270166
0 0.1157 114.6143227815628 -40.843011036515215 158.9280515909195 -24.66235791146753
0 0.0911 218.6824381351471 4.485520377755182 258.21903347969055 23.766069516539588
0 0.0841 179.94579672813416 27.625338017940532 218.8752293586731 47.49418872594834
0 0.0801 140.57883620262146 20.092927694320693 180.07522821426392 39.40840888023378
0 0.0610 38.1179004907608 28.564215481281295 79.31316643953323 46.56680005788804
0 0.0547 101.49705782532692 20.1069571375847 141.03003963828087 39.39436453580858
0 0.0510 92.23423898220062 -17.955999046564084 134.5178633928299 -0.6643041670322262
0 0.0504 187.80678510665894 191.63685369491577 226.6470193862915 211.605899810791
0 0.0503 77.85233855247498 43.712519884109504 117.77478456497192 62.66624557971955
0 0.0496 38.10642659664154 5.133815884590164 79.32360470294952 23.122132599353804
0 0.0476 402.81805396080017 164.9569206237793 433.2824647426605 191.40627312660217
0 0.0465 219.04799342155457 27.58476960659028 257.90417194366455 47.53344583511353
0 0.0462 230.35193234682083 -21.282664656639078 261.94798201322556 2.7568869590759437
0 0.0462 116.99413880705833 43.64682066440584 156.76790848374367 62.73075270652772
0 0.0445 38.543062284588814 51.71229767799378 78.93110625445843 70.29336023330688
0 0.0415 434.16160345077515 149.06822967529297 464.45173025131226 176.0231189727783
0 0.0405 36.9882732629776 -41.093426913022974 80.34321665763855 -24.406994849443414
0 0.0394 172.46609926223755 50.68662095069886 210.78723669052124 71.29322814941406
0 0.0390 172.3760962486267 167.98720586299896 210.85983514785767 188.3728288412094
0 0.0386 29.682353138923645 -17.929113626480085 72.06586003303528 -0.6919271945953205
0 0.0376 187.7242922782898 215.1584260463715 226.7167866230011 234.9620096683502
0 0.0363 371.4154064655304 165.33649790287018 402.16806530952454 191.05894196033478
0 0.0346 148.63772690296173 191.73856157064438 187.67596781253815 211.5068145394325
0 0.0332 402.80061960220337 133.7590001821518 433.29715728759766 160.10854470729828
0 0.0304 453.18353176116943 129.3777458667755 492.483913898468 148.8718919754028
0 0.0296 465.1835560798645 149.6744089126587 495.9011673927307 175.4678122997284
0 0.0288 137.12863624095917 165.12817966938016 167.71374642848969 191.24943840503693
0 0.0281 232.72556066513062 -41.320792555809 275.2656936645508 -24.1758610755205
0 0.0279 371.50657176971436 133.87007343769073 402.08619832992554 160.00685918331146
0 0.0279 215.29629826545715 47.83267605304719 245.8009421825409 74.1608076095581
0 0.0273 77.9561921954155 67.06931146979333 117.6828220486641 86.18363443017006
0 0.0272 195.5287903547287 285.4756646156311 234.53672230243683 305.26959228515625
0 0.0267 375.05245208740234 191.87808114290237 414.3652319908142 211.37099045515058
0 0.0261 434.200257062912 180.18814253807068 464.4201695919037 207.39262628555298
0 0.0260 148.74619245529175 144.7574578523636 187.58338689804077 164.73490822315213
0 0.0260 195.62262296676636 238.51286697387695 234.45582389831543 258.48036336898804
0 0.0254 0.0 189.78583145141602 499.0234375 454.52343749999994
0 0.0251 0.0 43.69432556629182 39.621949195861816 62.684901833534255
0 0.0250 199.67155158519745 258.7692670822143 230.17574846744537 285.09914207458496
0 0.0248 78.7433460354805 4.628741025924696 100.62634199857712 39.393820643424995
0 0.0246 340.3163552284241 141.5290765762329 370.7834482192993 167.95989203453064
0 0.0246 211.10474318265915 168.34030377864838 250.2027228474617 188.03192007541656
0 0.0240 226.38270258903503 199.89117312431335 266.12988114356995 218.98695158958435
0 0.0235 476.16416215896606 176.27211737632751 499.0234375 195.68552899360657
0 0.0232 476.19563341140747 402.8122954368591 499.0234375 422.2704105377196
0 0.0229 0.0 -44.49999999999997 399.15022253990173 175.4335694313049
0 0.0228 187.81420588493347 144.75879895687103 226.63983702659607 164.734282374382
0 0.0226 3.939881920814514 17.50375966727735 35.24467349052429 42.070160463452346
0 0.0224 152.6401937007904 212.2723989486694 183.44050645828247 237.87831592559812
0 0.0222 38.830988109111786 74.92997574806213 78.67597788572311 93.94835758209229
0 0.0219 121.26925587654114 64.09040543437006 152.30152010917664 89.20772078633308
0 0.0216 234.47200655937195 285.59085059165955 273.70110154151917 305.15768456459045
0 0.0211 460.3153467178345 106.47628533840178 499.0234375 124.90517723560335
0 0.0208 0.0 -34.07145586609838 32.24559128284454 -15.796701580286006
0 0.0208 81.30135387182236 -43.74839474260805 114.09354954957962 -21.558593183755857
0 0.0203 160.54661571979523 282.3629908561706 191.1686807870865 308.3936505317688
0 0.0203 340.14007449150085 173.20566701889038 370.94107270240784 198.81969022750854
0 0.0201 109.54590514302254 144.89948081970215 148.63700792193413 164.59768342971802
0 0.0201 66.7741596698761 102.731325507164 97.43861854076385 128.6550544500351
0 0.0195 207.35648274421692 305.9575490951538 238.10189962387085 331.6875629425049
0 0.0192 475.3604531288147 59.648097336292274 499.0234375 77.93551760911942
0 0.0190 475.49210488796234 -34.184730768203714 499.0234524011612 -15.730998635292034
0 0.0189 74.66845959424973 133.7749593257904 105.17870634794235 160.0939266681671
0 0.0187 230.82679510116577 259.00685119628906 261.5097761154175 284.88170433044434
0 0.0183 105.88701069355011 165.10840582847592 136.4561915397644 191.26751351356506
0 0.0183 176.3526350259781 70.92948707938196 206.63650333881378 97.91072908043861
0 0.0183 475.4227548837662 83.04759192466737 499.0234225988388 101.41148495674133
0 0.0181 160.62894463539124 313.40300369262695 191.09594821929932 339.8358755111694
0 0.0180 414.1417443752289 113.73391079902649 453.4035623073578 133.26528000831604
0 0.0178 160.66974401474 250.79148340225217 191.06045365333557 277.4380974769592
0 0.0177 97.8875607252121 87.41723823547363 128.81214916706085 112.74608302116393
0 0.0177 105.79324886202812 118.4607528448105 136.53992488980293 144.1845976114273
0 0.0176 66.93537533283234 383.55379629135126 97.2975641489029 410.29667186737055
0 0.0174 152.6530385017395 118.48943758010863 183.4292709827423 144.15841627120972
0 0.0172 475.4300266504288 36.1671977043152 499.0234225988388 54.54178977012636
0 0.0172 309.0759515762329 133.68692326545715 339.52540159225464 160.17460155487058
0 0.0172 238.52568119764328 306.13678026199335 269.4253996014595 331.5238885879516
0 0.0171 233.97255688905716 223.50349354743955 274.1389200091362 242.2518365383148
0 0.0170 4.1158488020300865 64.026349067688 35.081990994513035 89.26608490943909
0 0.0165 465.31936526298523 196.2078817486763 495.7808554172516 222.65540140867236
0 0.0163 246.58504128456116 47.73079681396485 277.01690793037415 74.25414848327638
0 0.0160 340.2870297431946 110.35940873622893 370.80883979797363 136.6363250017166
0 0.0159 35.34752316772938 95.31111347675322 66.34917668998241 120.48439013957977
0 0.0157 183.94535779953003 118.39716958999634 214.6405279636383 144.2427270412445
0 0.0157 475.4447788000107 12.720878079533593 499.0234524011612 31.1132584065199
0 0.0156 476.09616816043854 379.4519536495209 499.0234225988388 398.75646758079523
0 0.0155 379.35104966163635 102.54161882400513 409.8701775074005 128.82866787910461
0 0.0153 109.60749164223671 191.70977997779846 148.58540520071983 211.53502988815305
0 0.0150 476.15955770015717 230.96358108520508 499.0234524011612 250.36912488937378
0 0.0149 129.07883524894714 95.34525203704835 160.11682152748108 120.45329141616821
0 0.0149 168.5846745967865 344.2103796005249 198.78828525543213 371.4921407699585
0 0.0148 82.37843960523605 321.52866649627686 113.0823865532875 347.3617963790893
0 0.0148 0.0 -3.06643840670584 31.945306807756424 15.696477919816983
0 0.0146 475.4380136728287 -10.712488710880262 499.0234225988388 7.671573042869584
0 0.0146 324.62939620018005 79.1914247274399 355.2127778530121 105.31122314929962
0 0.0144 207.40963518619537 79.26586720347406 238.05449903011322 105.24315837025644
0 0.0143 428.67082357406616 -41.69952233135698 470.00277042388916 -23.794249787926653
0 0.0142 449.58649575710297 427.96587276458735 499.0234524011612 454.52343749999994
0 0.0137 129.2434185743332 313.7418859004974 159.96618568897247 339.52578234672546
0 0.0137 476.26282274723053 254.31379008293152 499.0234225988388 273.8923661708831
0 0.0136 335.7475697994232 199.89212679862976 375.51531195640564 218.9851634502411
0 0.0136 387.16670870780945 383.7834529876709 417.67987608909607 410.0861482620239
0 0.0135 405.5752456188202 75.26292729377747 446.2568461894989 93.61865448951721
0 0.0134 371.2930679321289 267.1675913333893 402.27943658828735 292.3763029575348
0 0.0131 129.12219762802124 282.75644111633295 160.0768268108368 308.0342345237732
0 0.0130 98.24395179748535 383.37981033325195 128.49771976470947 410.4563527107238
0 0.0130 381.515771150589 -41.52700786292551 423.38189482688904 -23.967820376157743
0 0.0130 476.14866495132446 285.657607793808 499.0234375 305.04991936683655
0 0.0129 121.44439294934273 212.1469609737396 152.14164182543755 237.9929058551788
0 0.0129 379.22728061676025 212.2138969898224 409.98101234436035 237.93175148963928
0 0.0127 226.2316420674324 145.32279300689697 266.2631794810295 164.1818516254425
0 0.0127 164.43172097206116 97.81663942337036 203.15790176391602 117.92328286170961
0 0.0127 476.1505275964737 355.9715979099273 499.0234225988388 375.36134648323053
0 0.0126 43.29006373882294 134.0852462053299 74.04355704784393 159.81010425090787
0 0.0126 273.1175124645233 285.93706417083735 313.12909722328186 304.81713342666626
0 0.0125 355.72361946105957 71.74006927013399 386.6032361984253 97.16869223117828
0 0.0124 453.63882184028625 261.47949028015137 475.75077414512634 297.9384593963623
0 0.0123 50.957292318344116 321.9037883281708 81.98833465576172 347.0193974971771
0 0.0122 219.0903201699257 332.2303228378296 257.86807388067245 352.26171541213984
0 0.0122 4.235631786286831 95.01325416564943 34.972877241671085 120.75623202323915
0 0.0122 308.8993728160858 165.37105369567868 339.6827280521393 191.0273962020874
0 0.0120 74.72766935825348 352.3650102615356 105.12709617614746 378.9905242919922
0 0.0118 265.3244435787201 262.4864213466644 305.2990138530731 281.3928954601287
0 0.0118 215.04385769367218 118.7317453622818 246.02840840816498 143.93726813793182
0 0.0118 238.70102316141129 79.1610896885395 269.2679390311241 105.33902499079704
0 0.0117 375.02676248550415 246.58804464340207 414.387583732605 266.0365037918091
0 0.0117 74.60691034793854 165.17723429203033 105.23352026939392 191.20455610752106
0 0.0117 293.3468818664551 94.8904983997345 323.9923119544983 120.8684973716736
0 0.0116 4.041727632284164 337.6168541908264 35.1501926779747 362.564139842987
0 0.0113 402.6801586151123 266.8572895526886 433.40545892715454 292.6596038341522
0 0.0112 262.17278838157654 383.7672703266143 292.67457127571106 410.1009600162506
0 0.0112 476.00191831588745 332.65092301368713 499.0234375 351.8083326816558
0 0.0112 312.78976798057556 58.846519172191634 351.66046023368835 78.77239662408829
0 0.0110 428.7175238132477 52.01920944452287 469.9608385562897 69.98691040277483
0 0.0110 475.9562611579895 309.2461459636688 499.0234375 328.3381693363189
0 0.0109 129.24420833587646 251.23035240173337 159.96643900871277 277.03636217117304
0 0.0108 269.63353157043457 306.43033313751215 300.8061647415161 331.2563233375549
0 0.0108 434.1449439525604 211.61668825149536 464.46600556373596 238.47865390777585
0 0.0107 35.26902385056019 376.7140440940857 66.42228178679943 401.5951089859009
0 0.0106 54.372237995266914 301.55780243873596 94.37502734363079 320.44627594947815
0 0.0105 351.26039385795593 51.55210274457932 391.2374675273895 70.45249718427658
0 0.0104 230.96391558647156 383.6573593616485 261.3885998725891 410.20169186592096
0 0.0104 4.142776131629944 376.4693968296051 35.05728766322136 401.81800055503845
0 0.0104 113.81567642092705 344.4835476875305 144.16729286313057 371.2412648200988
0 0.0103 129.48517501354218 383.407258272171 159.75506603717804 410.4311697483063
0 0.0101 277.7516841888428 55.75914385914804 308.3403706550598 81.8689510524273
0 0.0100 249.57218766212463 176.64108502864838 289.78779911994934 195.36355960369107
