0 0.0625 285.5666732788086 189.20402908325198 344.4831085205078 208.85654830932617
0 0.0618 266.2458038330078 138.9030303955078 323.8527297973633 159.1657867431641
0 0.0593 275.80909729003906 159.09870529174808 334.2578887939453 178.96484756469727
0 0.0566 118.08853149414062 137.95414352416995 172.1579360961914 160.1312294006348
0 0.0565 256.6738700866699 118.70247268676759 313.4564781188965 139.37122726440433
0 0.0524 285.77320098876953 209.11436462402347 344.2912292480469 228.94873046875
0 0.0454 117.85655975341797 168.08107757568362 172.37092971801758 190.0020446777344
0 0.0440 117.9631233215332 108.02820587158205 172.27191925048828 130.0567092895508
0 0.0429 198.0577850341797 117.97497177124026 252.18528747558594 140.11066818237305
0 0.0359 178.19917678833008 147.89009475708008 232.05698013305664 170.19596481323245
0 0.0351 107.1470832824707 198.46204185485843 163.02146911621094 219.61554908752444
0 0.0347 226.92590713500977 178.57738876342773 283.2242774963379 199.4986381530762
0 0.0333 276.3636302947998 98.84678268432619 333.74402046203613 119.22310256958009
0 0.0332 246.37855529785156 228.84333038330078 303.72936248779297 249.2272415161133
0 0.0332 226.502685546875 208.78320121765137 283.6149597167969 229.28851509094238
0 0.0313 335.82984924316406 169.0868034362793 394.23927307128906 188.97655868530276
0 0.0300 106.94156646728516 228.56897735595703 163.20999145507812 249.50708770751956
0 0.0298 346.4531707763672 188.80386734008792 403.6614227294922 209.2668571472168
0 0.0276 217.48950958251953 88.28808212280275 272.7056884765625 109.79320907592776
0 0.0258 117.9098129272461 78.05771255493165 172.3207664489746 100.02674484252931
0 0.0254 0.0 193.88586425781253 638.75 532.75
0 0.0250 325.80955505371094 139.0956726074219 384.25819396972656 158.96742248535156
0 0.0246 167.97046661376953 188.01916503906253 222.2663116455078 210.0650634765625
0 0.0244 306.4081287384033 228.82563018798828 363.7029552459717 249.2447128295899
0 0.0229 0.0 -105.99999999999996 510.9122848510742 175.5149688720703
0 0.0228 315.8898639678955 119.06019592285158 374.18360710144043 139.0038528442383
0 0.0198 167.76372909545898 218.13742065429688 222.45477676391602 239.94573974609378
0 0.0188 58.16929817199707 137.90623092651367 112.08451271057129 160.1794471740723
0 0.0177 296.57764434814453 78.74306106567384 353.54671478271484 99.32873153686526
0 0.0167 177.55098342895508 68.25462722778322 232.6494026184082 89.8270835876465
0 0.0165 57.80392646789551 168.1149711608887 112.41805076599121 189.96845626831055
0 0.0158 58.38939905166626 107.77538681030273 111.88419103622437 130.31139755249023
0 0.0154 98.18173408508301 47.90278339385989 152.07232475280762 70.18354320526126
0 0.0151 266.8629837036133 248.61250305175784 323.28136444091797 269.46348571777344
0 0.0142 512.6921272277832 -105.99999999999997 638.7499809265137 -36.15076160430906
0 0.0137 237.5875473022461 58.233055114746115 292.6163101196289 79.84865570068362
0 0.0136 336.4656448364258 98.79394912719728 393.6508560180664 119.27627944946292
0 0.0130 97.7287769317627 258.1619873046875 152.48557090759277 279.92170715332037
0 0.0126 608.9456176757812 516.6737213134766 638.75 532.7500000000001
0 0.0121 608.7297058105469 -32.85969352722166 638.75 -9.111886978149391
0 0.0121 208.0135154724121 248.00466918945312 262.2247123718262 270.0813140869141
0 0.0119 58.649940490722656 77.61326217651369 111.64812088012695 100.47428512573244
0 0.0115 47.48270034790039 218.29225921630865 102.71181106567383 239.78907012939453
0 0.0106 386.89769744873047 148.5869064331055 443.25138092041016 169.4881286621094
0 0.0105 367.7233123779297 218.1591262817383 422.4919128417969 239.92365264892578
0 0.0103 609.4843292236328 476.59941101074224 638.75 501.42729187011724
0 0.0103 177.41443634033203 38.32651519775392 232.7749252319336 59.753936767578146
