0 0.0873 507.7017593383789 -55.832796096801765 562.5124740600586 -34.08514976501465
0 0.0814 576.3055801391602 184.87171173095703 633.7982559204102 205.19718170166018
0 0.0782 385.8066177368164 -104.91270005702972 444.26326751708984 -85.0258070230484
0 0.0772 515.5139923095703 185.2251148223877 574.532470703125 204.83454704284668
0 0.0738 395.31970977783203 -74.70261096954347 454.71569061279297 -55.2417802810669
0 0.0711 525.4515838623047 165.24972915649417 584.5909881591797 184.80886459350586
0 0.0686 576.4289855957031 204.815559387207 633.6837005615234 225.25493621826175
0 0.0658 415.6377410888672 -54.83794450759888 474.41986083984375 -35.10245084762573
0 0.0652 586.5525817871094 164.75154876708987 638.75 185.31944274902347
0 0.0606 478.7742614746094 -94.11798477172853 571.7032623291016 -55.85902214050294
0 0.0585 515.8499908447266 205.0796127319336 574.2201995849609 224.984245300293
0 0.0581 506.6548156738281 -25.296096801757812 563.4759521484375 -4.631614685058592
0 0.0565 446.18030548095703 -35.07822036743165 503.91613006591797 -14.855537414550781
0 0.0513 515.5023956298828 145.22659301757812 574.5441436767578 164.83238220214844
0 0.0500 324.1181945800781 -94.2193126678467 385.83518981933594 -75.73976516723633
0 0.0463 325.2362823486328 -114.66967821121217 384.7938537597656 -95.27608871459962
0 0.0459 333.8764953613281 -74.1277265548706 396.0608673095703 -55.83433628082275
0 0.0438 384.45682525634766 -34.34683799743652 445.51822662353516 -15.607423782348635
0 0.0436 295.486478805542 5.234260559082032 354.558687210083 24.82465744018555
0 0.0435 275.2761459350586 -74.67010021209718 334.7526550292969 -55.27247905731202
0 0.0431 353.89869689941406 -54.13581609725953 416.0401153564453 -35.82594156265259
0 0.0422 445.5064392089844 -14.776382446289062 504.54063415527344 4.835205078125001
0 0.0421 265.7697296142578 -94.88222002983095 324.2940139770508 -75.0544273853302
0 0.0416 506.0480499267578 -5.014200210571289 564.0377807617188 15.079545974731445
0 0.0391 295.72754859924316 25.13155460357666 354.3343257904053 44.93051052093506
0 0.0378 275.5490493774414 -54.78451013565064 334.49851989746094 -35.15449285507202
0 0.0368 285.6027889251709 -14.812593460083006 344.4498538970947 4.873437881469727
0 0.0363 465.94608306884766 165.03936767578125 524.1304397583008 185.02601623535156
0 0.0362 374.92069244384766 -14.526767730712892 435.0844192504883 4.579200744628906
0 0.0357 355.8537292480469 5.082674026489258 414.2155456542969 24.982004165649414
0 0.0357 445.25360107421875 5.334215164184569 504.7749328613281 24.722070693969727
0 0.0347 275.84845542907715 -34.91574287414551 334.220666885376 -15.019769668579103
0 0.0346 448.8079071044922 -116.49200439453126 501.5061950683594 -93.42072963714601
0 0.0342 266.44439697265625 -115.1957845687866 323.67042541503906 -94.73419666290283
0 0.0340 505.7330322265625 15.127773284912111 564.3296051025391 34.93415832519531
0 0.0332 456.1874771118164 144.92921829223633 513.9068984985352 165.13883590698245
0 0.0321 586.8060111999512 134.6278953552246 638.7500190734863 155.44557571411136
0 0.0317 356.9331741333008 24.578819274902344 413.21643829345703 45.498065948486335
0 0.0297 416.1666488647461 24.94365692138672 473.9249801635742 45.12493133544922
0 0.0297 456.25072479248047 184.90204811096194 513.8478469848633 205.16699790954593
0 0.0295 608.0313873291016 233.56628417968756 638.75 256.4576721191406
0 0.0285 436.2045669555664 124.92099761962892 493.89110565185547 145.1471710205078
0 0.0284 508.9624786376953 -116.58530235290527 561.3649749755859 -93.32611560821533
0 0.0254 0.0 179.8858642578125 638.75 518.75
0 0.0251 505.9273147583008 125.04304885864259 564.1489791870117 145.02138137817383
0 0.0243 296.6046142578125 44.73236083984375 353.5212707519531 65.34008026123047
0 0.0233 456.4597702026367 204.80522155761722 513.6542129516602 225.26626586914062
0 0.0229 0.0 -120.00000000000001 510.9122848510742 161.51496887207034
0 0.0227 236.89603805541992 4.59310531616211 293.2516288757324 25.482769012451172
0 0.0224 218.10876846313477 -56.05399370193482 272.1386909484863 -33.86000394821168
0 0.0219 516.1326599121094 34.95035171508789 573.9585876464844 55.11644363403321
0 0.0203 377.5365447998047 134.26437377929688 432.6622009277344 155.81752777099612
0 0.0203 567.434196472168 -45.685741901397705 622.7572250366211 -24.23390150070191
0 0.0193 398.06365966796875 53.97464752197266 452.17926025390625 76.1114501953125
0 0.0193 436.49749755859375 104.78132247924805 493.6207580566406 125.2896308898926
0 0.0185 516.3862228393555 224.83840942382812 573.7225723266602 245.23208618164065
0 0.0185 609.2190742492676 462.80467987060547 638.7499809265137 487.22408294677734
0 0.0184 236.9170379638672 34.58600997924805 293.2314682006836 55.4905891418457
0 0.0180 217.8696632385254 -25.920677185058594 272.35769271850586 -3.995285034179688
0 0.0167 407.2472381591797 164.4175148010254 462.9277038574219 185.6620216369629
0 0.0167 377.8523635864258 104.08645629882814 432.3740768432617 125.99708557128908
0 0.0164 609.0935516357422 352.8931427001953 638.75 377.1356201171875
0 0.0163 208.21643829345703 -96.11770153045654 262.0407485961914 -73.79581451416016
0 0.0151 608.9015007019043 502.7069282531738 638.7500190734863 518.7499809265137
0 0.0144 456.5339660644531 44.77190017700195 513.585205078125 65.30069351196289
0 0.0137 159.09690856933594 -56.67807579040528 211.24454498291016 -33.233680725097656
0 0.0137 348.75343322753906 73.54667663574219 401.5546417236328 96.54098510742189
0 0.0137 608.5247993469238 323.271598815918 638.7499809265137 346.7560195922852
0 0.0136 516.2874603271484 54.87972259521485 573.8150787353516 75.18890380859375
0 0.0130 609.488353729248 382.5913619995117 638.7500190734863 407.43465423583984
0 0.0129 397.6764678955078 194.18903350830078 452.53387451171875 215.8940505981445
0 0.0128 506.2343215942383 104.90554809570311 563.8640213012695 125.1626968383789
0 0.0126 257.53910064697266 64.26559448242189 312.65926361083984 85.81672668457033
0 0.0124 178.18744659423828 3.898830413818359 232.0672607421875 26.187419891357422
0 0.0122 574.3924140930176 -95.16318321228027 638.7499809265137 -45.25297164916993
0 0.0120 318.7589645385742 123.54734420776367 371.5487289428711 146.54092788696292
0 0.0120 608.294849395752 263.4110641479492 638.7499809265137 286.61487579345703
0 0.0118 608.0229949951172 103.56847763061525 638.75 126.45502090454102
0 0.0117 567.7383422851562 -15.850057601928711 622.4783325195312 5.932817459106445
0 0.0116 197.857666015625 54.08790588378907 252.3682403564453 75.99632263183594
0 0.0115 447.21519470214844 74.42977905273438 502.95814514160156 95.64880371093751
0 0.0114 516.3204193115234 74.86534118652344 573.7844085693359 95.20378112792969
0 0.0111 298.3977508544922 93.77044677734375 351.87660217285156 116.31637573242189
0 0.0107 158.80199909210205 -116.48188352584839 211.51015758514404 -93.42996597290039
0 0.0107 158.8974952697754 -26.546030044555664 211.42438888549805 -3.3659648895263667
0 0.0104 499.25487518310547 502.7212524414063 551.2044906616211 518.75
0 0.0104 608.1306266784668 73.50706100463867 638.7500190734863 96.51746749877931
0 0.0102 328.5948944091797 153.65068435668948 381.6973876953125 176.43709182739258
0 0.0101 608.3600044250488 43.36994171142578 638.7499809265137 66.6562271118164
