0 0.0458 178.93823981285095 -59.877220541238785 219.76205706596375 -41.616614907979965
0 0.0326 160.64026951789856 123.47757816314697 191.0879611968994 150.00715851783752
0 0.0313 131.3106268644333 -59.40748378634452 173.56903851032257 -42.08861663937568
0 0.0304 164.0193611383438 150.51177144050598 203.51333916187286 169.86235976219177
0 0.0269 171.58427834510803 174.16197061538696 211.54117584228516 193.09166073799133
0 0.0257 191.96677207946777 123.2660561800003 222.27153182029724 150.20115673542023
0 0.0254 0.0 171.78583145141602 499.0234375 436.5234375
0 0.0251 179.19433116912842 -36.61991283297539 219.5328176021576 -17.99963042140007
0 0.0247 129.13568317890167 116.28270149230957 160.06521880626678 141.62984490394592
0 0.0229 0.0 -62.499999999999986 399.15022253990173 157.43356943130493
0 0.0223 179.37953770160675 197.61306047439575 219.36888992786407 216.51577949523923
0 0.0217 225.67319869995117 -59.77995693683624 266.76231622695923 -41.71334765851498
0 0.0203 164.71068561077118 102.91561484336853 202.93079316616058 123.68455529212952
0 0.0183 171.3617742061615 221.20487689971924 211.7386758327484 239.8003339767456
0 0.0173 116.27301201224327 143.34996044635773 157.41253271698952 161.4050716161728
0 0.0169 125.06477534770966 95.74049711227417 164.35487568378448 115.258127450943
0 0.0153 222.70739078521729 -39.59404584020376 253.97855043411255 -14.960222877562046
0 0.0153 144.3292200565338 -39.13683444261551 176.0910451412201 -15.375331044197084
0 0.0146 202.93836295604706 150.64053237438202 242.69966781139374 169.73684728145597
0 0.0145 123.5768049955368 167.10889339447021 165.68489372730255 184.5203936100006
0 0.0138 218.05179119110107 190.09253382682797 258.7777078151703 208.414226770401
0 0.0135 131.8608671426773 190.2574598789215 173.06925356388092 208.24870467185974
0 0.0129 400.5407243967056 -62.5 499.0234225988388 -7.930282503366474
0 0.0117 475.7709354162216 423.93900454044336 499.0234524011612 436.5234225988388
0 0.0115 218.33475679159164 -13.24314624071121 258.52660089731216 5.4977238178253165
0 0.0113 168.3480739593506 76.89085602760315 198.99094104766846 102.86813974380492
0 0.0110 97.69469499588013 116.67311191558836 128.99111211299896 141.27418398857117
0 0.0109 136.68450713157654 210.56607365608215 168.12077164649963 234.89424586296082
0 0.0109 179.3903112411499 244.48424577713013 219.3584144115448 263.3950710296631
0 0.0106 136.92432641983032 69.467693567276 167.89865493774414 94.70009803771971
0 0.0105 163.79328072071075 33.522963523864746 203.70911061763763 52.48086154460907
0 0.0103 218.3627411723137 213.3047878742218 258.5004046559334 232.07548260688782
0 0.0102 203.56319844722748 103.18239033222198 242.16212332248688 123.43026697635649
0 0.0102 210.348479449749 10.324247181415558 250.86838752031326 28.806619346141815
0 0.0101 183.61133337020874 -16.095800325274467 214.9476408958435 8.422045037150383
0 0.0101 475.60085356235504 205.55815100669858 499.0234225988388 224.1516411304474
