0 0.1488 324.06923174858093 12.12378591299057 371.24136090278625 26.97855979204178
0 0.1426 323.7162232398987 -3.364795818924904 371.57142162323 11.212164536118507
0 0.1307 324.57536458969116 27.541935443878174 370.7695007324219 42.81716048717499
0 0.1092 277.1576941013336 12.137018144130707 324.40075278282166 26.96462720632553
0 0.1090 286.9786024093628 136.22654974460602 330.3515315055847 152.89829671382904
0 0.1066 323.4962224960327 -18.907517194747925 371.77735567092896 -4.4982582330703735
0 0.1062 208.87046307325363 -20.026884973049164 252.20979005098343 -3.3472850918769836
0 0.1057 276.926189661026 -3.395823761820793 324.61658120155334 11.244622990489006
0 0.1033 163.67366909980774 -13.258598744869232 203.81474494934082 5.513601005077362
0 0.1005 277.3853540420532 27.67004072666168 324.1885304450989 42.684540152549744
0 0.0985 317.26834177970886 42.94488579034805 362.48770356178284 58.670260012149804
0 0.0960 294.41380500793457 112.97801136970519 338.51200342178345 129.26790118217468
0 0.0945 223.12844544649124 -35.00533476471901 269.09898966550827 -19.633788615465164
0 0.0917 268.83938908576965 -18.91608163714409 317.0604407787323 -4.488777369260788
0 0.0907 201.28697156906128 3.281638026237488 244.18872594833374 20.220056176185608
0 0.0898 295.6494688987732 159.18046236038208 337.3795747756958 176.82510614395142
0 0.0881 334.44395661354065 135.90288162231445 376.68582797050476 153.22646498680115
0 0.0867 240.57960510253906 135.97187399864197 283.039391040802 153.1572937965393
0 0.0816 269.87823843955994 43.16969960927963 316.09126925468445 58.43905359506606
0 0.0814 372.3023235797882 19.34134215116501 416.85566306114197 35.40188819169998
0 0.0799 247.42401391267776 113.03628981113434 291.7424365878105 129.2087584733963
0 0.0792 286.32473945617676 89.67439830303192 330.9548497200012 105.69365322589874
0 0.0790 171.15458846092224 -36.454266868531704 211.9225561618805 -18.16388312727213
0 0.0779 364.5341992378235 42.756929993629456 409.0023636817932 58.86167287826538
0 0.0778 285.87374091148376 58.632269501686096 331.3724100589752 74.23077523708344
0 0.0750 278.3414125442505 74.13172721862793 323.2998847961426 89.98480439186096
0 0.0748 268.5016691684723 -34.418448805809014 317.3770010471344 -20.24133503437042
0 0.0745 371.8547821044922 3.9234012365341187 417.2700047492981 19.564837217330933
0 0.0722 249.1925060749054 158.91627967357633 290.1259958744049 177.09051072597504
0 0.0719 341.8603241443634 112.687349319458 384.86042618751526 129.5643448829651
0 0.0719 155.8264195919037 10.205395519733429 196.0330307483673 28.92488986253738
0 0.0719 223.34915399551392 19.582442939281464 268.89482140541077 35.155586898326874
0 0.0699 333.0574035644531 58.49491059780121 377.9606223106384 74.37215745449066
0 0.0648 201.9207626581192 151.3511687517166 243.61108243465424 169.02892291545868
0 0.0645 215.51206707954407 -50.71823485195637 261.10491156578064 -35.168884322047234
0 0.0644 342.4687385559082 159.2140644788742 384.3052387237549 176.7912358045578
0 0.0621 323.4090805053711 -34.50083453208208 371.8591332435608 -20.156259648501873
0 0.0618 333.73600244522095 89.413121342659 377.3345351219177 105.96077144145966
0 0.0616 200.71853697299957 34.83085334300995 244.71037089824677 51.1663556098938
0 0.0610 224.0910530090332 97.36046195030212 268.20841431617737 113.63571882247923
0 0.0599 117.48868227005005 25.20651370286942 156.33898973464966 45.161597430706024
0 0.0592 124.71161782741547 -21.150052547454834 164.6636575460434 -2.2210180759429936
0 0.0576 239.37958478927612 58.46098065376282 284.14392471313477 74.40683245658875
0 0.0537 371.45811319351196 -11.528410017490387 417.6384210586548 3.761850297451019
0 0.0537 201.4797329902649 120.36654353141783 244.01140213012695 137.51214742660522
0 0.0532 113.88806998729706 84.05710756778717 144.1078931093216 111.27318441867827
0 0.0521 303.6913275718689 182.47324973344803 344.98459100723267 200.40779560804367
0 0.0518 117.21332371234894 2.0300298929214478 156.57515823841095 21.47001028060913
0 0.0515 224.03767704963684 73.9491879940033 268.25764775276184 90.1714563369751
0 0.0487 260.9073519706726 -50.12601427733898 309.36092138290405 -35.7812475413084
0 0.0486 113.80147561430931 45.27348279953002 144.1795565187931 71.9546228647232
0 0.0479 178.42581868171692 96.70519828796387 220.2243208885193 114.30060863494873
0 0.0453 144.96950805187225 92.36592054367065 175.50139129161835 118.63037943840027
0 0.0451 156.039297580719 33.47878158092499 195.84453105926514 52.52473056316376
0 0.0446 210.053451359272 174.58615452051163 251.1337324976921 192.66977161169052
0 0.0446 193.19584965705872 58.12002718448639 236.63130402565002 74.7547596693039
0 0.0444 162.9333198070526 135.6840878725052 204.47957515716553 153.44686806201935
0 0.0430 156.02628886699677 72.55150377750397 195.85604965686798 91.57712757587433
0 0.0429 365.1140034198761 73.7197995185852 408.46726298332214 90.40495753288269
0 0.0429 101.88670456409454 111.10669374465942 140.6971961259842 131.13388419151306
0 0.0414 170.69435119628906 -59.59376879036426 212.3381495475769 -41.90003499388694
0 0.0404 256.9735646247864 182.3730543255806 297.96719551086426 200.5084678530693
0 0.0386 78.29712331295013 25.334209203720096 117.38629639148712 45.03770172595978
0 0.0386 82.55823701620102 60.87401136755944 112.9242554306984 87.60208263993263
0 0.0381 117.32351407408714 134.7392499446869 156.4805842936039 154.38303351402283
0 0.0367 124.32336434721947 -44.302946887910366 165.00956192612648 -25.941119529306885
0 0.0355 350.5798578262329 182.46563524007797 391.8471336364746 200.41558891534805
0 0.0348 155.34807741641998 158.97829830646515 196.46121561527252 177.0283728837967
0 0.0333 315.72940945625305 -50.17782747745514 363.92298340797424 -35.72787716984749
0 0.0321 311.69554591178894 205.7855129241943 352.6240885257721 223.97077083587646
0 0.0293 381.2038004398346 96.90311551094054 423.66668581962585 114.10003900527954
0 0.0289 371.19701504707336 -27.04455330967903 417.881578207016 -11.975381523370743
0 0.0284 381.4500868320465 128.01319360733032 423.44143986701965 145.4918086528778
0 0.0283 70.6438198685646 87.67011761665343 109.43957418203354 107.69629478454588
0 0.0275 121.3216483592987 155.3599238395691 152.25297212600708 180.67887425422666
0 0.0259 78.02802324295044 2.1347999572753915 117.61987209320068 21.367162466049194
0 0.0254 0.0 171.78583145141602 499.0234375 436.5234375
0 0.0250 405.14254570007324 57.53782391548157 446.64907455444336 75.34208893775939
0 0.0229 0.0 -62.499999999999986 399.15022253990173 157.43356943130493
0 0.0217 413.2731258869171 33.89400243759155 454.17436957359314 52.11135745048523
0 0.0209 82.41058140993118 131.58142566680908 113.05313557386398 157.5528383255005
0 0.0195 163.19124400615692 182.39539861679074 204.24611866474152 200.48624277114868
0 0.0188 51.1972364038229 45.54937779903412 81.77092112600803 71.70185446739197
0 0.0187 264.79247212409973 205.8073580265045 305.77370524406433 223.9493429660797
0 0.0182 217.981219291687 197.94771075248718 258.84225964546204 216.18333458900452
0 0.0182 89.80077505111694 -23.79275113344192 121.25393748283386 0.5045309662818918
0 0.0178 448.74407351017 128.77877056598663 499.0234225988388 167.771115899086
0 0.0174 62.63803690671921 111.30326986312865 101.79067403078079 130.9444010257721
0 0.0173 389.415979385376 151.3575315475464 431.11467361450195 169.0230369567871
0 0.0172 475.571870803833 18.07725429534912 499.0234375 36.63244843482971
0 0.0168 448.74407351017 50.653770565986626 499.0234225988388 89.646115899086
0 0.0168 355.5035889148712 202.6228606700897 386.8063986301422 227.20053791999817
0 0.0163 312.0061457157135 229.00515794754025 352.3460328578949 247.62523174285886
0 0.0162 475.5329489707947 174.3519902229309 499.0234375 192.8575038909912
0 0.0158 239.42887037992477 -62.5 284.17254239320755 -50.304449163377285
0 0.0157 117.04035103321075 181.86353892087934 156.7264050245285 201.01404935121533
0 0.0154 420.7472801208496 10.680817067623138 462.29130029678345 28.449811041355133
0 0.0146 475.45136511325836 -5.282811820507049 499.0234225988388 13.117037713527678
0 0.0141 39.134569466114044 25.42437613010407 78.41046154499054 44.949501752853394
0 0.0139 94.30456906557083 157.8640565276146 116.3269504904747 193.74791532754898
0 0.0136 429.14631962776184 88.41075003147124 469.57650780677795 106.96934163570404
0 0.0133 371.13872170448303 -42.64662042260169 417.9361164569855 -27.6242233812809
0 0.0130 84.56602692604065 -59.483088552951806 126.5750527381897 -42.01219603419303
0 0.0124 475.3246158361435 -28.641771525144573 499.0234524011612 -10.399747639894485
0 0.0124 475.8215546607971 244.47008967399597 499.0234375 263.3648216724396
0 0.0120 47.44899086654186 72.11308181285858 69.42887790501118 107.66915977001189
0 0.0119 475.60495138168335 197.74296879768372 499.0234375 216.34182333946228
0 0.0118 475.3464311361313 -52.093714475631714 499.0234524011612 -33.822815865278244
0 0.0118 397.44001626968384 174.66316372156143 438.7354254722595 192.5930604338646
0 0.0116 421.1876690387726 111.95163428783417 461.8947207927704 130.30393421649933
0 0.0114 296.26286029815674 252.52574682235718 336.82703971862793 270.9798812866211
0 0.0114 286.01616621017456 -62.5 331.31569623947144 -50.43908394873142
0 0.0113 363.7077212333679 -58.43738093972206 409.77001190185547 -43.07962581515312
0 0.0111 475.680336356163 221.13037109375 499.0234524011612 239.82959985733032
0 0.0111 468.4178829193115 96.07614576816559 499.0234375 114.92882668972014
0 0.0102 225.70225596427917 221.443772315979 266.7376399040222 239.56191539764404
0 0.0102 475.7774919271469 423.9336401224136 499.0234524011612 436.5234225988388
0 0.0100 355.7389974594116 233.39149355888367 386.5894675254822 258.8891088962555
0 0.0100 389.99077677726746 197.85708189010617 430.59608340263367 216.27408266067505
