0 0.0485 529.8102188110352 160.28564453125003 580.6112289428711 184.79759216308597
0 0.0399 479.6702575683594 170.39936065673828 530.7341766357422 194.6855926513672
0 0.0375 545.2931976318359 186.3521766662598 584.8829650878906 218.77676010131836
0 0.0335 489.9769592285156 200.14787673950198 540.4649353027344 224.93322372436523
0 0.0326 479.16873931884766 140.77041625976565 531.180534362793 164.31743621826175
0 0.0301 539.1870498657227 130.75977325439453 591.1636734008789 154.3283462524414
0 0.0278 585.2053451538086 176.54239654541016 624.9630355834961 208.6032867431641
0 0.0254 439.9223327636719 200.19214630126953 490.51307678222656 224.88948822021484
0 0.0254 0.0 227.3858642578125 638.75 566.25
0 0.0248 589.2127799987793 150.74201583862308 638.7500190734863 174.34606552124023
0 0.0244 429.33380126953125 160.65465927124026 481.0325622558594 184.4328498840332
0 0.0238 35.23886203765869 326.46076202392584 74.93342876434326 358.67771148681646
0 0.0229 0.0 -72.5 510.9122848510742 209.0149688720703
0 0.0225 539.6019744873047 220.44837951660156 590.7954406738281 244.63665008544925
0 0.0219 29.85156774520874 300.2488327026367 80.57552576065063 324.83348846435547
0 0.0206 75.51440954208374 325.84571838378906 114.68305826187134 359.239501953125
0 0.0199 489.83856201171875 230.25988578796387 540.5868530273438 254.82266426086426
0 0.0196 8.622941970825195 51.13402366638184 61.67174816131592 73.95398139953613
0 0.0196 589.5014762878418 210.52757263183594 638.7500190734863 234.5585632324219
0 0.0196 418.68324279785156 131.09535217285156 471.6172790527344 153.99272918701175
0 0.0195 389.7404479980469 190.34416198730472 440.67222595214844 214.74014282226565
0 0.0189 19.319639205932617 270.6643676757813 71.04532241821289 294.4231414794922
0 0.0185 488.6996841430664 111.08476638793947 541.6024398803711 134.00331497192386
0 0.0181 0.0 326.3671112060547 34.8924446105957 358.7631225585938
0 0.0179 28.202438354492188 161.38601303100586 82.05449104309082 183.6997413635254
0 0.0178 439.73915100097656 230.34270286560061 490.673828125 254.74129676818848
0 0.0175 29.230594635009766 360.71468353271484 81.12770080566406 384.37129974365234
0 0.0174 18.34662437438965 81.30260467529298 71.92276000976562 103.78417968750001
0 0.0170 8.569784164428711 21.16806030273438 61.71973705291748 43.91988754272462
0 0.0169 80.30122756958008 299.85206604003906 130.1848030090332 325.2220916748047
0 0.0166 115.47867774963379 325.9363174438477 154.71461296081543 359.156608581543
0 0.0160 398.51322174072266 101.202449798584 451.77120208740234 123.88521194458008
0 0.0154 28.68539571762085 191.0909461975098 81.61600351333618 213.99667739868164
0 0.0153 385.04695892333984 156.8552017211914 425.10974884033203 188.31855773925784
0 0.0149 548.5582733154297 101.174373626709 601.7303466796875 123.91340255737306
0 0.0144 389.70481872558594 220.36973953247073 440.7041931152344 244.71456527709964
0 0.0142 388.34991455078125 71.30109786987305 441.9196319580078 93.78578186035156
0 0.0141 598.7018013000488 121.08436584472659 638.7499809265137 144.00386810302737
0 0.0139 0.0 130.60224533081055 40.97098350524902 154.48469161987305
0 0.0138 18.911542892456055 240.94387054443362 71.41189575195312 264.14402008056646
0 0.0136 608.8519096374512 240.55858612060547 638.7500190734863 264.4700241088867
0 0.0134 75.24798631668091 266.45446777343756 114.92377042770386 298.6834716796875
0 0.0129 318.60599517822266 71.14086151123048 371.6878890991211 93.94655227661134
0 0.0128 329.29981231689453 190.6729888916016 381.0641860961914 214.4138336181641
0 0.0127 608.9755439758301 550.1506233215332 638.7499809265137 566.2499809265138
0 0.0127 8.543539047241211 -8.81591558456421 61.74359321594238 13.903729915618898
0 0.0125 28.767569065093994 391.03500366210943 81.54243230819702 414.0523529052735
0 0.0125 359.0863037109375 130.82603454589844 411.2547302246094 154.26177978515625
0 0.0122 488.0724334716797 81.4659833908081 542.1720886230469 103.61965656280519
0 0.0120 338.70628356933594 101.07725143432617 391.5972137451172 124.01037216186523
0 0.0118 398.1667709350586 41.409692764282234 452.0863723754883 63.67627143859864
0 0.0118 608.5348510742188 90.76436996459962 638.75 114.26313400268556
0 0.0118 308.5175037384033 41.19771957397461 361.7677593231201 63.88965606689453
0 0.0117 512.6921272277832 -72.5 638.7499809265137 -2.6507616043090825
0 0.0114 85.21236419677734 366.5189743041992 124.95746612548828 398.6246871948243
0 0.0113 130.0429916381836 300.09117126464844 180.40725708007812 324.98886108398443
0 0.0110 344.88258361816406 157.1546745300293 385.26390075683594 188.04647445678714
0 0.0109 0.0 -69.18312072753906 41.23401165008545 -45.72828769683838
0 0.0109 48.387746810913086 131.2755012512207 101.88589096069336 153.81113052368164
0 0.0108 387.86277770996094 11.585159301757812 442.36351013183594 33.49912643432617
0 0.0107 88.57209205627441 161.1643218994141 141.71814918518066 183.92330169677734
0 0.0107 328.19889068603516 11.392011642456055 382.05684661865234 33.69429588317871
0 0.0107 495.4864501953125 345.9206008911133 534.7073364257812 379.1709518432618
0 0.0105 479.5873260498047 260.4631042480469 530.8077239990234 284.6224975585938
0 0.0105 329.1452407836914 220.7845497131348 381.2020492553711 244.303035736084
0 0.0105 539.5222473144531 250.51235198974612 590.865478515625 274.5737075805664
0 0.0104 155.4068374633789 326.101303100586 194.7795867919922 359.0058135986328
0 0.0104 0.777430534362793 360.2272033691407 28.81826162338257 404.9996185302735
0 0.0103 0.7757925987243652 190.2073097229004 28.820180892944336 235.0140953063965
0 0.0103 609.5948600769043 500.0061798095704 638.7500190734863 525.0188446044922
0 0.0102 0.0 -39.252915382385254 41.14490032196045 -15.658783912658695
