0 0.1346 404.98863220214844 15.44410705566406 465.0215148925781 34.60893630981445
0 0.1211 395.81512451171875 35.09640693664551 454.2521667480469 54.967260360717766
0 0.0974 404.33231353759766 -4.29903745651245 465.63465118408203 14.343097209930418
0 0.0822 344.4287109375 15.669050216674805 405.543212890625 34.37718391418456
0 0.0682 396.8992614746094 54.590625762939446 453.2488250732422 75.48513412475586
0 0.0633 335.8003616333008 35.10799407958985 394.26464080810547 54.95632171630859
0 0.0547 333.99635314941406 -4.169664382934569 395.94810485839844 14.209642410278319
0 0.0423 404.1352844238281 -24.22603130340576 465.81932067871094 -5.732865333557128
0 0.0330 457.59632110595703 34.22801971435547 512.6083755493164 55.85372924804687
0 0.0320 428.30860137939453 203.82383346557617 481.9576644897461 226.2625694274902
0 0.0288 333.89137268066406 -24.132328033447266 396.0467529296875 -5.829381942749024
0 0.0285 407.96756744384766 84.02280807495116 462.2684860229492 106.06168746948242
0 0.0283 479.08695220947266 223.32767486572266 531.2537002563477 246.76044464111325
0 0.0277 327.08404541015625 54.50145721435546 383.07777404785156 75.57662963867188
0 0.0270 286.02333068847656 15.008277893066408 344.05792236328125 35.05859374999999
0 0.0256 418.61438751220703 233.6380863189697 471.67980194091797 256.44972801208496
0 0.0254 0.0 219.8858642578125 638.75 558.75
0 0.0241 488.9537048339844 193.4160614013672 541.3739013671875 216.67186737060547
0 0.0233 187.12200164794922 324.47769165039057 243.0438995361328 345.60005187988276
0 0.0229 0.0 -79.99999999999999 510.9122848510742 201.51496887207028
0 0.0223 418.23707580566406 173.8652992248535 472.02301025390625 196.2205696105957
0 0.0205 368.4190368652344 203.75890731811523 421.85691833496094 226.3282203674316
0 0.0203 458.82877349853516 63.49328994750976 511.4876174926758 86.59383773803711
0 0.0193 276.89037322998047 34.5985221862793 333.2562255859375 55.47769546508789
0 0.0190 408.20594787597656 113.88565063476562 462.0509338378906 136.20037078857422
0 0.0187 127.60835647583008 324.22145843505854 182.59733200073242 345.86040496826166
0 0.0186 326.4928436279297 124.78445053100585 383.6248779296875 145.28657913208008
0 0.0186 227.00218200683594 344.53887939453125 283.1541061401367 365.5378723144531
0 0.0184 275.8537769317627 -4.918365478515624 334.215726852417 14.982872009277344
0 0.0179 466.4766311645508 4.791517257690429 523.640022277832 25.279245376586914
0 0.0178 479.1758728027344 163.26189041137695 531.1748504638672 186.82546615600586
0 0.0164 67.8646469116211 324.0798950195312 122.36278533935547 346.0037994384765
0 0.0164 317.30345726013184 154.38421249389648 372.8769779205322 175.69520950317383
0 0.0161 468.9223861694336 253.43383789062497 521.402702331543 276.65367126464844
0 0.0158 67.94360160827637 284.0367889404297 122.29029655456543 306.04759216308594
0 0.0157 317.99681663513184 184.00825500488278 372.2412967681885 206.0767364501953
0 0.0153 347.5162124633789 84.26799774169922 402.68253326416016 105.8126449584961
0 0.0151 408.4359359741211 143.74782562255857 461.8417739868164 166.3392639160156
0 0.0145 316.12152099609375 104.95304107666016 373.96949768066406 125.11325836181639
0 0.0136 37.90590524673462 254.05693054199216 92.32499837875366 276.0270690917968
0 0.0136 374.50611114501953 170.29296874999997 415.61946868896484 199.9683380126953
0 0.0136 167.35763549804688 354.3592834472656 222.82642364501953 375.72113037109375
0 0.0136 227.25330352783203 304.4077682495117 282.9236602783203 325.6708145141601
0 0.0135 358.43406677246094 233.74672889709473 411.8439483642578 256.3400173187256
0 0.0135 17.828235626220703 304.10442352294916 72.39513397216797 325.97965240478516
0 0.0133 469.3415832519531 93.13461303710938 521.0286712646484 116.95087432861328
0 0.0132 469.29431915283203 133.17584991455078 521.0693740844727 156.91082000732422
0 0.0126 275.79837799072266 -24.894919395446777 334.2674255371094 -5.041394233703613
0 0.0126 227.0975112915039 14.494647979736326 283.0653762817383 35.58357238769531
0 0.0125 127.73412704467773 294.15515899658203 182.4815559387207 315.9280014038086
0 0.0122 267.5967025756836 324.22645568847656 322.6082992553711 345.8551025390625
0 0.0121 107.71094799041748 354.1691589355469 162.5025224685669 375.91400146484375
0 0.0121 197.44598388671875 174.31283950805664 252.74524688720703 195.76833724975586
0 0.0120 353.8119125366211 -44.10531997680663 416.12171173095703 -25.85785865783691
0 0.0118 534.921760559082 219.58245277404785 575.2273178100586 250.6120204925537
0 0.0116 512.6921272277832 -80.0 638.7499809265137 -10.150761604309086
0 0.0116 187.29368209838867 284.3903350830078 242.88572311401367 305.6891632080078
0 0.0113 308.52054595947266 213.6964416503906 361.7648696899414 236.39102935791016
0 0.0112 97.92892456054688 254.04602050781244 152.30350494384766 276.03843688964844
0 0.0111 47.787418365478516 354.1255187988281 102.43284225463867 375.958023071289
0 0.0109 408.49143981933594 263.71192932128906 461.79176330566406 286.3751220703125
0 0.0107 465.91175079345703 -14.951918125152586 524.1638565063477 5.015852451324463
0 0.0107 258.0966567993164 183.9512825012207 312.1501159667969 206.13439559936523
0 0.0104 206.96697235107422 144.55730438232422 263.18634033203125 165.51918029785153
0 0.0103 535.0432968139648 159.35310363769528 575.1140975952148 190.82050323486328
