0 0.1754 135.15853881835938 185.37609100341797 194.86282348632812 204.67941284179688
0 0.1485 114.86366271972656 165.49411773681638 175.13816833496094 184.55722808837888
0 0.1380 136.01489543914795 205.00926971435547 194.06639575958252 225.05706787109375
0 0.1225 195.80150604248047 185.10334014892575 254.2646026611328 204.96032714843747
0 0.1206 175.02946853637695 165.42688369750977 234.98361587524414 184.6265983581543
0 0.1118 85.57111740112305 145.2015113830566 144.47914123535156 164.8590278625488
0 0.1114 75.75424194335938 185.12550354003906 134.30814743041992 204.93782043457028
0 0.0948 196.62935256958008 204.7243499755859 253.49748611450195 225.34893035888672
0 0.0931 56.00923538208008 165.01037597656247 114.07201766967773 185.05565643310547
0 0.0799 144.8767852783203 145.48807144165036 205.12611389160156 164.56331253051755
0 0.0728 76.38806343078613 204.84027862548828 133.72021675109863 225.2306365966797
0 0.0702 126.93992614746094 224.57321166992188 183.2107162475586 245.5033874511719
0 0.0643 76.17306709289551 124.93396759033202 133.92067909240723 145.13362884521484
0 0.0571 26.536333560943604 144.76715087890622 83.58386754989624 165.30487060546875
0 0.0545 586.822681427002 154.62099075317383 638.7499809265137 175.45286178588864
0 0.0444 235.7167625427246 165.136661529541 294.34423446655273 184.92536544799805
0 0.0425 256.66608810424805 184.70232009887695 313.46460342407227 205.3706932067871
0 0.0403 36.9070839881897 104.58349227905273 93.24241399765015 125.49184799194336
0 0.0401 597.4881744384766 184.28089141845703 638.75 205.7992172241211
0 0.0391 205.12004852294922 145.38955688476562 264.8992919921875 164.66503143310544
0 0.0355 227.08744049072266 224.4970989227295 283.07525634765625 245.58064460754392
0 0.0326 135.203595161438 125.35438537597655 194.82165813446045 144.7011566162109
0 0.0299 597.4325561523438 124.30755615234375 638.75 145.77163696289062
0 0.0293 525.5342102050781 155.21459579467773 584.51416015625 174.84502792358398
0 0.0292 96.22295379638672 104.91188049316406 153.87428283691406 125.15640258789061
0 0.0286 27.31074333190918 74.3808603286743 82.87018775939941 95.69867610931396
0 0.0272 167.35851287841797 244.35600280761716 222.8262710571289 265.72395324707026
0 0.0265 17.11277961730957 184.48654174804685 73.05140495300293 205.5917739868164
0 0.0258 87.47893333435059 244.29103851318357 142.71599769592285 265.78975677490234
0 0.0255 535.6745147705078 175.15457153320312 594.3836212158203 194.90684509277344
0 0.0254 0.0 219.8858642578125 638.75 558.75
0 0.0249 86.69626235961914 84.69079971313477 143.4360122680664 105.38301467895506
0 0.0240 0.0 109.56026077270509 35.21134853363037 140.6321907043457
0 0.0229 0.0 -79.99999999999999 510.9122848510742 201.51496887207028
0 0.0215 535.9202194213867 135.0446319580078 594.1559219360352 155.01945495605466
0 0.0214 46.92983388900757 224.57477569580078 103.22082757949829 245.5011749267578
0 0.0210 608.0055046081543 213.57913970947266 638.7500190734863 236.44428253173825
0 0.0209 266.2508010864258 144.89725112915036 323.84891510009766 165.17107009887695
0 0.0194 286.9813919067383 224.5492172241211 343.17325592041016 245.5272674560547
0 0.0192 67.19497442245483 54.44053649902344 122.97670602798462 75.63793182373047
0 0.0184 297.23353385925293 164.420166015625 352.9413318634033 185.6585693359375
0 0.0181 96.88990592956543 284.59133148193354 153.25840950012207 305.4837417602539
0 0.0171 0.0 43.31197738647462 51.23035430908203 66.77635192871094
0 0.0167 195.13668060302734 125.3814697265625 254.8841094970703 144.6731185913086
0 0.0164 358.15990447998047 123.90989303588869 412.09346771240234 146.17547988891602
0 0.0155 327.3386764526367 244.36336517333982 382.8451919555664 265.71598052978516
0 0.0154 535.9729385375977 195.02553939819333 594.1059494018555 215.03988265991208
0 0.0153 608.2357788085938 93.44486236572266 638.75 116.5804672241211
0 0.0151 608.0712127685547 243.54263305664062 638.75 266.4815521240234
0 0.0146 297.09667205810547 274.49230194091797 353.0668258666992 295.5855178833008
0 0.0146 46.967363357543945 264.556655883789 103.18609237670898 285.51979064941406
0 0.0141 296.7951965332031 124.63781356811522 353.3457946777344 145.43626785278317
0 0.0141 227.27149963378906 254.4023513793945 282.90599822998047 275.67699432373047
0 0.0140 608.3630180358887 273.3713912963867 638.7500190734863 296.6552352905273
0 0.0137 466.19422912597656 154.9268341064453 523.9004516601562 175.1414108276367
0 0.0135 358.0271911621094 153.98826599121094 412.2142028808594 176.0965347290039
0 0.0135 476.1919403076172 134.92610931396484 533.9029693603516 155.1418304443359
0 0.0132 512.6921272277832 -80.0 638.7499809265137 -10.150761604309086
0 0.0131 27.53427743911743 -25.73595523834228 82.66463994979858 -4.182391166687013
0 0.0130 0.0 -66.89694881439209 40.968122482299805 -43.01574230194092
0 0.0128 7.601490020751953 244.230842590332 62.60231971740723 265.8517837524414
0 0.0128 327.5972366333008 204.22534942626953 382.60799407958984 225.85609436035156
0 0.0128 187.49656677246094 284.28436279296875 242.69920349121094 305.7969665527344
0 0.0125 337.56298065185547 294.2496109008789 392.63805389404297 315.83240509033203
0 0.0125 0.0 213.60139846801758 41.6237211227417 236.48683547973633
0 0.0125 367.51827239990234 264.2706680297851 422.6797866821289 285.81058502197266
0 0.0121 476.04297637939453 174.9964904785156 534.040412902832 195.07015228271484
0 0.0119 27.80940055847168 14.112796783447264 82.41284370422363 35.9708023071289
0 0.0117 107.75123119354248 314.1470718383789 162.46559619903564 335.93639373779297
0 0.0116 609.0011596679688 542.6307678222656 638.75 558.75
0 0.0114 378.3391571044922 93.80725860595702 431.92955017089844 116.27952575683594
0 0.0108 377.7123260498047 224.16717529296875 432.50152587890625 245.91583251953128
0 0.0108 516.7613220214844 274.65930938720703 573.3759307861328 295.4151535034179
0 0.0105 608.4152030944824 63.3372688293457 638.7500190734863 86.68937683105467
0 0.0102 536.4375686645508 114.80707168579102 593.6767959594727 135.26281356811523
