0 0.0535 38.75524282455444 278.04600906372065 91.55290842056274 301.0417289733887
0 0.0418 38.59546661376953 248.148624420166 91.69720649719238 270.9389228820801
0 0.0416 38.7901496887207 308.02390289306635 91.52128219604492 331.0639877319336
0 0.0386 389.5536804199219 317.47641754150396 440.84007263183594 341.6077346801758
0 0.0360 399.1788101196289 347.7534790039063 451.17359161376953 371.33296203613276
0 0.0356 398.5970687866211 458.1478042602539 451.6957473754883 480.93978118896473
0 0.0349 405.39405822753906 283.13146781921387 444.79103088378906 315.9782428741455
0 0.0320 408.72528076171875 428.0656738281249 461.57989501953125 451.0220642089843
0 0.0318 198.31892013549805 458.32034301757807 251.94768905639648 480.76647949218744
0 0.0307 99.24838066101074 267.71327209472656 151.10943794250488 291.37419891357416
0 0.0296 395.5577850341797 242.73814392089844 434.64447021484375 276.3379211425781
0 0.0290 188.35582733154297 168.2960624694824 241.91463470458984 190.79064559936523
0 0.0289 398.86253356933594 377.972900390625 451.4567565917969 401.11453247070307
0 0.0286 138.59691619873047 458.1481094360351 191.6958236694336 480.93947601318354
0 0.0273 94.88926887512207 294.14214324951166 135.25771141052246 325.0578231811523
0 0.0271 28.47370147705078 218.22413635253906 81.80761337280273 240.86299133300778
0 0.0270 365.1877975463867 283.56322479248047 404.9807357788086 315.58436584472656
0 0.0264 10.777764320373535 267.221586227417 38.817811012268066 312.0028705596923
0 0.0259 395.5854797363281 202.66505432128906 434.6202087402344 236.40486907958984
0 0.0257 398.7522888183594 488.0503005981444 451.5550231933594 511.03781890869135
0 0.0254 177.9027557373047 138.56056880950928 232.32746124267578 160.52365970611572
0 0.0254 0.0 284.38586425781244 638.75 623.2499999999999
0 0.0250 38.78426551818848 338.0255432128906 91.52706146240234 361.06204223632807
0 0.0245 249.34686660766602 537.6410217285156 301.021785736084 561.4458770751952
0 0.0242 410.60779571533203 115.82022857666017 439.02111053466797 163.09325408935547
0 0.0241 159.27541732788086 257.69297790527344 211.08549118041992 281.3942642211914
0 0.0241 355.46592712402344 242.9653282165527 394.72618103027344 276.1300392150879
0 0.0239 439.82410430908203 317.2745056152344 490.5990219116211 341.8085784912109
0 0.0237 409.33712005615234 527.6507873535156 461.0299301147461 551.4364929199219
0 0.0232 99.03326034545898 237.8625602722168 151.30229949951172 261.22536849975586
0 0.0231 405.6615447998047 162.44509887695312 444.5552062988281 196.6065139770508
0 0.0229 258.491268157959 458.21360778808594 311.7915916442871 480.8736724853515
0 0.0229 0.0 -15.49999999999998 510.9122848510742 266.0149688720703
0 0.0225 48.5436224937439 368.1760330200195 101.74526453018188 390.9106369018554
0 0.0224 574.3924140930176 109.33681201934814 638.7499809265137 159.24700450897217
0 0.0221 88.34173202514648 438.300926208496 141.92821502685547 460.78520965576166
0 0.0221 445.30406951904297 283.33350372314453 484.87255096435547 315.7937545776367
0 0.0220 198.0316162109375 428.48769378662104 252.20970153808594 450.5974502563476
0 0.0219 228.86566162109375 487.97625732421875 281.4527893066406 511.11193847656244
0 0.0217 609.1874694824219 467.3224945068358 638.75 491.7056579589843
0 0.0214 210.08548736572266 257.0520896911621 260.3706741333008 282.0269889831543
0 0.0201 435.537109375 242.79099655151364 474.66270446777344 276.2895317077637
0 0.0200 199.35726165771484 197.63535690307617 251.01211547851562 221.45173263549802
0 0.0199 415.279541015625 553.3881301879883 454.89479064941406 585.7439346313477
0 0.0199 575.4707145690918 589.2563171386719 638.7500190734863 623.2499999999999
0 0.0198 458.4803009033203 448.2191009521484 511.8018341064453 470.867950439453
0 0.0196 355.39459228515625 203.13372802734378 394.7901916503906 235.97613525390622
0 0.0195 609.1807746887207 397.3283309936523 638.7499809265137 421.69997406005854
0 0.0194 574.3924140930176 169.3368263244629 638.7499809265137 219.24702835083005
0 0.0194 365.20275115966797 533.5489196777343 404.96524810791016 565.5973358154296
0 0.0192 98.85041236877441 327.98503112792963 151.46679878234863 351.10293579101557
0 0.0192 440.60394287109375 115.79203319549562 469.0258026123047 163.11588001251218
0 0.0190 78.4765625 468.22432708740234 131.80458068847656 490.8631057739257
0 0.0189 199.27078247070312 547.6957244873047 251.0897445678711 571.3914794921875
0 0.0189 512.6921272277832 -15.499999999999973 638.7499809265137 54.34923839569094
0 0.0188 249.33971405029297 167.64830780029297 301.0277557373047 191.4388961791992
0 0.0187 219.81389999389648 597.2624511718749 270.6121253967285 621.8180389404297
0 0.0187 609.2117500305176 437.3066635131836 638.7499809265137 461.7216415405273
0 0.0185 315.34716606140137 253.23703002929688 354.83349800109863 285.8818359375
0 0.0184 338.82240295410156 338.0063171386718 391.49147033691406 361.08203125
0 0.0183 365.41324615478516 153.07995986938477 404.7744369506836 186.02528762817383
0 0.0181 305.2249240875244 533.4986419677734 344.9453639984131 565.6431884765624
0 0.0181 68.51320266723633 408.1946487426758 121.77289962768555 430.89186859130854
0 0.0179 455.0198745727539 343.9004821777343 495.13561248779297 375.2774353027343
0 0.0178 609.2397308349609 287.2849197387695 638.75 311.7431564331054
0 0.0176 574.3924140930176 229.3368263244629 638.7499809265137 279.24702835083
0 0.0176 448.9072799682617 397.94779968261713 501.41551971435547 421.14024353027344
0 0.0173 79.7119927406311 597.3488540649413 130.70096731185913 621.73331451416
0 0.0173 128.74199390411377 488.0572433471679 181.56428813934326 511.03087615966786
0 0.0172 0.0 313.33071899414057 34.87387180328369 345.79631042480463
0 0.0171 609.0132904052734 497.44731140136713 638.75 521.5812225341797
0 0.0171 209.8332977294922 227.26748657226562 260.5908203125 251.815559387207
0 0.0171 249.60250854492188 567.4531478881836 300.7938766479492 591.6326065063477
0 0.0170 440.67562103271484 196.28615570068357 468.9394760131836 242.7156753540039
0 0.0170 149.37200546264648 287.6190490722656 201.0001564025879 311.46720123291016
0 0.0169 348.7761688232422 438.0368347167968 401.5330505371094 461.05158996582026
0 0.0168 199.2732810974121 517.6970214843749 251.08686447143555 541.3905639648438
0 0.0168 465.4331970214844 583.0387802124022 504.7559356689453 616.0629196166992
0 0.0168 458.64112854003906 478.11968994140625 511.6558837890625 500.96797180175776
0 0.0168 358.70182037353516 408.0813903808594 411.60099029541016 431.00642395019526
0 0.0167 395.74527740478516 82.18901824951172 434.48474884033203 116.84155654907228
0 0.0165 238.74303817749023 138.0558843612671 291.5635108947754 161.03212070465088
0 0.0165 355.4665756225586 582.9623336791992 394.7257614135742 616.1328048706055
0 0.0164 129.80343341827393 597.2715301513672 180.6211805343628 621.8091125488281
0 0.0163 315.35343170166016 213.22453689575192 354.8276901245117 245.8932228088379
0 0.0162 609.3578338623047 367.19462585449213 638.75 391.8326110839843
0 0.0162 279.52930450439453 507.5052185058593 330.85960388183594 531.5805358886719
0 0.0161 508.9645767211914 427.906753540039 561.3645553588867 451.180908203125
0 0.0160 258.1064987182617 428.44187927246094 312.14195251464844 450.6433410644531
0 0.0157 299.77478981018066 597.294952392578 350.64635276794434 621.7860717773436
0 0.0156 609.3579292297363 317.1953125 638.7499809265137 341.8320007324218
0 0.0154 349.49119567871094 507.5389022827148 400.8924102783203 531.54776763916
0 0.0154 265.3120803833008 233.3155174255371 304.86534118652344 265.81017684936523
0 0.0154 28.736534118652344 188.05438232421875 81.57060623168945 211.03282165527344
0 0.0152 144.69154834747314 424.4895095825195 185.44360637664795 454.7428817749023
0 0.0151 205.33506393432617 283.26224517822266 244.84468460083008 315.85879516601557
0 0.0151 259.77989196777344 197.31108856201175 310.6377410888672 221.7726058959961
0 0.0151 99.31952476501465 557.6615829467773 151.0460376739502 581.4255447387694
0 0.0151 445.73604583740234 162.23353576660156 484.49100494384766 196.80064392089844
0 0.0148 178.23829650878906 108.36494636535645 232.0218276977539 130.7209987640381
0 0.0147 128.57421398162842 158.16479873657227 181.7158555984497 180.92309188842773
0 0.0146 38.89152526855469 117.95523834228516 91.43033981323242 141.13238525390625
0 0.0145 188.17302703857422 398.40396118164057 242.08110809326172 420.6817169189453
0 0.0144 190.76215744018555 587.0861930847167 218.8364601135254 623.2500190734862
0 0.0143 0.7714223861694336 217.16109466552734 28.825345039367676 262.04833221435547
0 0.0143 360.4061508178711 126.72984790802002 410.0990676879883 152.3389310836792
0 0.0143 325.02410888671875 293.8911361694336 365.1318359375 325.2858657836914
0 0.0143 108.79985332489014 358.0199737548828 161.5119981765747 381.06822204589844
0 0.0143 184.72885131835938 484.42744445800776 225.4082489013672 514.7990722656249
0 0.0142 410.2714538574219 586.8749542236327 460.21141052246094 612.1992797851561
0 0.0141 508.97361755371094 397.89843749999994 561.3568878173828 421.1889190673828
0 0.0140 19.545307159423828 597.4846572875975 70.84712982177734 621.5998001098632
0 0.0140 299.83885765075684 567.2619934082031 350.5860996246338 591.8208618164061
0 0.0139 505.3057861328125 593.3008880615233 544.8738861083984 623.2499999999999
0 0.0138 309.5673370361328 477.4790496826172 360.8252716064453 501.6067810058593
0 0.0137 459.6576690673828 537.4079437255858 510.74562072753906 561.6769714355469
0 0.0137 259.8134994506836 267.2787971496582 310.6092071533203 291.8038291931152
0 0.0135 138.99038791656494 187.89574813842773 191.33996486663818 211.19279098510745
0 0.0132 155.03170013427734 553.8835830688475 195.12405395507812 585.2927322387694
0 0.0132 164.82728958129883 224.24857330322263 205.3163719177246 254.961311340332
0 0.0131 354.8253631591797 364.261734008789 395.31715393066406 394.9492950439453
0 0.0130 609.0307807922363 527.435905456543 638.7499809265137 551.5927810668944
0 0.0130 38.594229221343994 558.1476898193358 91.69868230819702 580.9395904541014
0 0.0129 459.16259765625 507.7749557495116 511.1859130859375 531.3129348754882
0 0.0129 118.87423038482666 127.96731662750246 171.44578456878662 151.12038326263428
0 0.0129 325.2547073364258 173.43875122070312 364.91771697998047 205.6977767944336
0 0.0128 515.0381851196289 453.8655395507812 555.1185989379883 485.3091735839844
0 0.0128 89.20574188232422 207.7390594482422 141.14850997924805 231.34795379638672
0 0.0127 489.55867767333984 297.4831314086914 540.8334732055664 321.6024703979493
0 0.0126 119.078369140625 387.8353424072265 171.26102447509766 411.2530059814453
0 0.0126 440.6314468383789 65.9660167694092 468.9925765991211 112.97214698791505
0 0.0125 39.00094032287598 147.88459014892578 91.33131980895996 171.20337677001953
0 0.0123 158.91543865203857 317.9348678588867 211.40976428985596 341.1521072387695
0 0.0122 270.69141387939453 596.9776458740234 298.92406463623047 623.25
0 0.0122 139.30918216705322 527.671157836914 191.05481624603271 551.416275024414
0 0.0121 38.730430603027344 88.05958938598634 91.57584190368652 111.0277671813965
0 0.0121 248.37921142578125 398.2796783447265 301.8938446044922 420.80676269531244
0 0.0120 299.4379138946533 147.57640075683594 350.94019889831543 171.51030731201172
0 0.0118 28.129119873046875 438.4315414428711 82.12071418762207 460.65421295166016
0 0.0118 168.1698226928711 368.4066314697265 222.08385467529297 390.67912292480463
0 0.0112 470.6389617919922 116.0173101425171 498.98353576660156 162.93050479888916
0 0.0111 495.1145935058594 323.7207717895507 535.0473022460938 355.44089508056635
0 0.0111 499.10640716552734 367.8076095581054 551.237678527832 391.27951812744135
0 0.0111 288.8757038116455 117.96757888793947 341.4441967010498 141.12031173706055
0 0.0110 475.3235626220703 253.28818511962888 514.8551177978516 285.83514404296875
0 0.0106 339.5654296875 97.47264099121095 390.82862854003906 121.61214065551759
0 0.0106 5.064549446105957 363.82079315185547 45.09346961975098 395.3498764038086
0 0.0104 0.0 123.52259826660156 34.95647430419922 155.6213493347168
0 0.0102 0.765373706817627 167.10131835937503 28.832523822784424 212.09307861328125
0 0.0102 249.44988250732422 297.5644226074219 300.93021392822266 321.52178955078125
