0 0.0918 27.032690048217773 64.52320098876953 83.12606811523438 85.55376052856445
0 0.0828 473.56945037841797 75.98463058471678 536.3482284545898 94.04924392700194
0 0.0823 85.99369049072266 65.02054214477539 144.08565521240234 85.04581451416016
0 0.0782 584.4554901123047 75.64741134643555 638.75 94.39725875854492
0 0.0748 76.87798500061035 84.60712432861327 133.26706886291504 105.46936035156249
0 0.0732 17.72653579711914 94.16055679321288 72.48824119567871 115.9227180480957
0 0.0711 66.93484306335449 44.57372665405273 123.21587562561035 65.50251007080078
0 0.0691 473.53084564208984 55.996217727661126 536.3850784301758 74.03672218322752
0 0.0673 7.288141250610352 34.394721984863274 62.89048194885254 55.6849479675293
0 0.0672 584.4705200195312 55.63908576965331 638.75 74.40535545349121
0 0.0654 136.24849319458008 84.89974975585938 193.85072708129883 105.16876220703125
0 0.0647 464.3503189086914 95.69917678833008 525.6164169311523 114.34598922729491
0 0.0646 469.8427200317383 262.75989532470703 520.5825424194336 287.32303619384766
0 0.0638 574.6596145629883 95.5759048461914 635.3284072875977 114.47284698486328
0 0.0626 145.89714527130127 65.05645751953125 204.17697429656982 85.00761032104491
0 0.0586 94.99519348144531 -44.55514430999755 155.01455307006836 -25.391154289245602
0 0.0583 414.5514678955078 65.61943054199217 475.4290771484375 84.4281005859375
0 0.0561 466.57005310058594 194.75276947021482 523.5523223876953 215.3199005126953
0 0.0542 125.6434440612793 45.1627254486084 184.41381454467773 64.89745140075684
0 0.0516 95.0357723236084 -64.57614421844482 154.9778652191162 -45.370378494262695
0 0.0508 105.28710842132568 -24.67383861541748 164.74226474761963 -5.2684640884399405
0 0.0503 0.0 -65.9848117828369 52.24871635437012 -43.92993450164795
0 0.0497 116.71628952026367 104.68183517456053 173.41733932495117 125.39228439331055
0 0.0492 405.24810791015625 85.34252166748045 464.7785186767578 104.7146987915039
0 0.0488 468.8225555419922 233.50602149963376 521.4913177490234 256.58232688903803
0 0.0474 35.89707374572754 -44.940242767333984 94.17623519897461 -24.995164871215817
0 0.0467 96.68489456176758 24.692916870117188 153.44730377197266 45.38022994995117
0 0.0454 595.7858276367188 35.089168548583984 638.75 54.970893859863274
0 0.0454 164.68149185180664 -34.433646202087395 225.30820846557617 -15.517449378967283
0 0.0438 96.35392189025879 -5.143289566040039 153.75168800354004 15.213918685913086
0 0.0431 414.71336364746094 45.55380821228027 475.2784729003906 64.49551582336426
0 0.0421 485.5881118774414 288.16417694091797 524.6172714233398 321.9056320190429
0 0.0420 17.04233169555664 4.520416259765625 73.1166934967041 25.55694580078125
0 0.0418 46.3637900352478 -25.15122890472412 103.74338388442993 -4.778571128845214
0 0.0415 419.3973922729492 273.10459136962885 470.97667694091797 296.9820785522461
0 0.0415 575.9878158569336 115.02187728881835 634.0914535522461 135.04419326782224
0 0.0411 154.2656135559082 -54.2741596698761 215.69711685180664 -35.68277239799499
0 0.0400 165.30817031860352 -14.685847759246826 224.72345352172852 4.74327802658081
0 0.0396 465.58475494384766 175.19470214843747 524.466667175293 194.86583709716794
0 0.0387 209.46413040161133 153.05177688598633 260.9179878234863 177.03409194946286
0 0.0385 455.81546783447266 115.10101318359374 514.2506790161133 134.96345520019528
0 0.0378 18.07567596435547 123.96289825439452 72.16937065124512 146.12258911132812
0 0.0372 519.5980072021484 262.95726776123047 570.7977294921875 287.1285629272461
0 0.0371 178.03607940673828 103.98151397705078 232.2064208984375 126.1030960083008
0 0.0359 473.9720916748047 35.83463668823242 535.9720611572266 54.20419692993163
0 0.0351 417.7008056640625 214.17493820190427 472.5117492675781 235.90818405151364
0 0.0350 518.3825302124023 213.7791633605957 571.8905258178711 236.30754470825195
0 0.0333 515.5233764648438 115.22531509399414 574.522705078125 134.83518600463867
0 0.0330 598.1820487976074 183.90151977539062 638.7500190734863 206.18461608886716
0 0.0326 596.3926887512207 14.816799163818358 638.7499809265137 35.25079727172851
0 0.0321 156.19266986846924 4.929428100585936 213.90143871307373 25.139083862304684
0 0.0316 157.7412986755371 134.14981842041016 212.47533798217773 155.93318939208984
0 0.0316 408.40641021728516 243.76552581787107 461.8686294555664 266.32137298583984
0 0.0304 0.0 -26.41118049621582 41.60079479217529 -3.5000801086425772
0 0.0298 396.5508270263672 104.76537704467772 453.5692596435547 125.30763626098631
0 0.0292 248.24535369873047 323.862190246582 302.01507568359375 346.2240219116211
0 0.0292 525.4330444335938 288.548355102539 564.7551727294922 321.5541076660156
0 0.0289 527.5803375244141 184.23770904541013 582.6227569580078 205.84407806396484
0 0.0288 186.87456130981445 44.59712982177734 243.27299118041992 65.47750473022461
0 0.0285 445.4905319213867 298.4048080444336 484.7042465209961 331.6853713989258
0 0.0278 219.99568939208984 182.63181686401367 270.4485321044922 207.44897842407227
0 0.0275 74.4599437713623 110.37384033203122 115.66256523132324 139.89521026611325
0 0.0267 77.7426528930664 259.26666259765625 223.98359298706055 320.66009521484375
0 0.0267 406.72279357910156 184.67845916748047 463.4114074707031 205.39569854736328
0 0.0266 8.485851287841797 183.72076034545898 61.795687675476074 206.36701583862305
0 0.0266 229.05298233032227 123.35142135620119 281.28408432006836 146.73681259155273
0 0.0259 229.3079376220703 293.17073822021484 281.05621337890625 316.91654205322266
0 0.0258 155.01960277557373 -74.58012342453002 214.9956178665161 -55.368373394012444
0 0.0254 0.0 -79.99999999999999 638.75 259.48570251464844
0 0.0251 158.67639064788818 173.59863281249997 211.62371158599854 196.4892578125
0 0.0248 215.44113159179688 -54.74608898162841 274.60079193115234 -35.1954984664917
0 0.0248 415.2460479736328 25.33686637878418 474.7821044921875 44.719247817993164
0 0.0243 207.9667091369629 74.02238845825195 262.2694969177246 96.06199264526367
0 0.0237 608.1170463562012 153.51497650146484 638.7500190734863 176.50943756103513
0 0.0236 268.28697204589844 153.8426399230957 321.9760513305664 176.2445259094238
0 0.0234 258.0421829223633 353.9847183227539 312.1993637084961 376.10095977783203
0 0.0227 534.2774200439453 25.71888923645019 595.6867218017578 44.32391166687011
0 0.0222 405.2979278564453 298.84571075439453 444.87831115722656 331.2826156616211
0 0.0218 608.8070678710938 213.09009552001953 638.75 236.93862915039062
0 0.0218 446.7832946777344 134.64933395385742 503.35548400878906 155.42551040649414
0 0.0218 456.03355407714844 154.99248504638672 514.0511322021484 175.07270812988278
0 0.0212 159.47797775268555 203.04544448852536 210.90482711791992 227.0408821105957
0 0.0211 226.2480926513672 -35.10255813598633 283.85169982910156 -14.829330444335938
0 0.0211 205.24478912353516 318.9584350585937 244.92698669433594 351.1798095703125
0 0.0209 69.02517318725586 193.36883544921875 121.30939483642578 216.71920776367188
0 0.0206 229.60006713867188 262.95356750488276 280.7963562011719 287.13195800781244
0 0.0205 356.40857696533203 44.82856750488281 413.70174407958984 65.24225234985352
0 0.0203 115.45963287353516 218.48370552062985 154.73148345947266 251.61318778991696
0 0.0201 18.86286735534668 213.4782791137695 71.45527839660645 236.60991668701172
0 0.0198 217.05242156982422 4.51197624206543 273.1081771850586 25.564966201782223
0 0.0194 18.064980506896973 153.96867752075195 72.17920780181885 176.11669540405273
0 0.0188 324.97406005859375 389.9990081787109 638.75 558.75
0 0.0187 547.1428680419922 134.4689178466797 603.0242156982422 155.60932159423825
0 0.0184 474.5435333251953 15.618066787719727 535.4376220703125 34.42858695983887
0 0.0184 215.7877540588379 -74.90329265594482 274.2805290222168 -55.03526449203491
0 0.0182 586.2922668457031 -5.129985809326172 638.75 15.197486877441404
0 0.0180 75.42072534561157 218.56807708740232 114.76714849472046 251.5361404418945
0 0.0179 225.32659530639648 208.78532409667966 264.8519706726074 241.33773803710935
0 0.0177 386.4312744140625 164.8121452331543 443.6821746826172 185.25800704956052
0 0.0177 35.42228579521179 268.5582733154297 74.76636052131653 301.5451049804687
0 0.0176 288.4867477416992 293.7144088745117 341.79615020751953 316.37256622314453
0 0.0172 308.28951835632324 323.8305282592773 361.97606086730957 346.2550735473633
0 0.0172 155.3515863418579 228.7333297729492 194.8288869857788 261.38515472412104
0 0.0170 574.3924140930176 244.83680725097653 638.7499809265137 294.74700927734375
0 0.0168 0.0 389.9971199035644 320.47874450683594 558.7499809265137
0 0.0164 78.17365407943726 163.90384674072263 132.080500125885 186.18186950683594
0 0.0164 597.9316520690918 -65.96371173858641 638.7500190734863 -43.95303726196289
0 0.0162 96.73870086669922 -80.0 153.49021911621094 -64.2579984664917
0 0.0157 45.39264917373657 308.61171722412104 84.7945761680603 341.49631500244135
0 0.0156 387.3089599609375 134.37833786010742 442.87261962890625 155.70066452026367
0 0.0154 0.0 59.44008350372314 25.424482822418213 90.74309825897215
0 0.0153 19.596943855285645 242.9556655883789 70.79918384552002 267.12985992431635
0 0.0152 114.36477661132812 130.5199432373047 155.75347900390625 159.76333618164062
0 0.0150 518.733024597168 -76.44265651702881 571.573600769043 -53.47005844116211
0 0.0149 259.22266006469727 93.22641372680664 311.13351821899414 116.86044692993164
0 0.0149 347.1150588989258 74.48776721954346 403.04874420166016 95.59092998504639
0 0.0147 170.66600799560547 321.72935485839844 198.95111083984375 368.2630920410156
0 0.0147 356.8985366821289 14.589252471923828 413.2499313354492 35.48624038696289
0 0.0146 199.5753288269043 352.9740905761719 250.81796646118164 377.11189270019526
0 0.0144 140.6181526184082 321.4014053344726 169.00875091552734 368.52893829345703
0 0.0142 490.7609558105469 321.8338394165039 539.8040771484375 348.2201766967773
0 0.0141 415.80333709716797 5.100154876708983 474.2634963989258 24.96315002441406
0 0.0141 268.42738151550293 203.75787734985352 321.84849739074707 226.32986068725586
0 0.0140 0.0 268.46580505371094 34.732253551483154 301.629638671875
0 0.0137 374.9169158935547 269.5979690551758 415.2311706542969 300.5979537963867
0 0.0136 597.2943878173828 -35.62034606933594 638.75 -14.301729202270508
0 0.0136 288.4525394439697 263.7411499023437 341.8259334564209 286.3465118408203
0 0.0134 308.1526565551758 -6.081116199493407 362.09903717041016 16.167137622833252
0 0.0130 574.3924140930176 304.83680725097656 638.7499809265137 354.74700927734375
0 0.0130 110.64462661743164 321.5798568725586 138.9768409729004 368.38367462158203
0 0.0129 53.632192611694336 -78.44766139984131 96.45734786987305 -51.16476058959961
0 0.0128 318.4751033782959 363.72100830078125 371.8068027496338 386.3658142089843
0 0.0126 5.463935136795044 308.4724807739258 44.727715253829956 341.62349700927734
0 0.0126 485.09559631347656 -4.603054523468018 544.9227142333984 14.656898975372314
0 0.0125 608.9285469055176 542.6861763000488 638.7499809265137 558.7499809265137
0 0.0125 268.9826488494873 63.39641571044921 321.34793281555176 86.6914939880371
0 0.0124 298.2308864593506 23.87351036071777 352.02759742736816 46.213006973266594
0 0.0123 288.34278106689453 123.79220962524413 341.9290542602539 146.2927436828613
0 0.0122 268.67740631103516 233.60234260559076 321.6218566894531 256.4861583709716
0 0.0119 365.16529083251953 309.1164016723632 405.00072479248047 341.03588104248047
0 0.0114 357.1501159667969 214.46632385253906 413.01734924316406 235.61214447021484
0 0.0113 0.0 102.7511978149414 18.88997197151184 147.54867553710938
0 0.0113 458.4355926513672 -76.26400470733643 511.84471130371094 -53.650660514831536
0 0.0110 410.71964263916016 332.1559906005859 438.88683319091797 377.9285430908203
0 0.0108 445.5617141723633 338.2269287109375 484.64107513427734 371.84822082519526
0 0.0108 130.8226776123047 173.24558258056638 158.76502990722656 217.12169647216797
0 0.0107 485.91251373291016 -24.953842163085938 544.1635513305664 -4.982471466064453
0 0.0106 287.9154968261719 -35.944457054138184 342.3153305053711 -13.970894813537598
