0 0.0673 155.4128265380859 588.5923767089844 194.77367401123047 621.5139007568359
0 0.0654 158.91162872314453 533.4494400024414 211.4105987548828 556.639289855957
0 0.0597 149.82234954833982 562.7785873413086 200.60001373291013 587.3048782348633
0 0.0563 195.46518325805664 598.467903137207 234.7267723083496 631.6276931762695
0 0.0462 115.2979278564453 588.846435546875 154.87823486328122 621.2819671630859
0 0.0443 157.81389236450195 504.11441802978516 212.4077796936035 525.9698104858398
0 0.0436 235.4257583618164 598.5613250732422 274.7621536254883 631.5422821044922
0 0.0424 199.7890567779541 572.8063583374023 250.62911033630374 597.2775650024414
0 0.0421 139.32214736938477 622.6648139953613 191.14568710327148 638.7499809265137
0 0.0340 165.6021499633789 68.12872171401978 204.6048355102539 101.9381308555603
0 0.0330 218.67020606994623 533.6024856567383 271.62932395935053 556.4854049682617
0 0.0326 99.66026306152342 562.9039764404297 150.74371337890622 587.1806335449219
0 0.0325 275.39539337158203 598.6317825317383 314.78946685791016 631.4779281616211
0 0.0312 114.96149063110352 529.5163345336914 155.18945693969727 560.6721115112305
0 0.0309 125.69091796875 77.87792921066284 164.52838897705078 112.1680760383606
0 0.0304 249.6874237060547 572.8863143920898 300.7189178466797 597.1985244750977
0 0.0303 205.4113483428955 68.5984992980957 244.77473258972168 101.5083122253418
0 0.0303 268.48232269287104 513.7231826782227 321.79882049560547 536.364631652832
0 0.0299 157.34992980957028 474.3616485595703 212.83390045166016 495.7184600830078
0 0.0286 155.7085418701172 117.82339096069336 194.5136260986328 152.21813201904297
0 0.0281 215.51147460937497 108.35867881774902 254.68509674072263 141.7275905609131
0 0.0262 217.5724411010742 494.2422866821289 272.6298904418945 515.8395004272461
0 0.0260 120.64268112182616 111.5440559387207 148.97905349731445 158.4090232849121
0 0.0258 300.7657623291015 569.4638442993164 369.67620849609375 600.5932235717773
0 0.0255 238.75267028808588 3.5521602630615234 291.5542602539062 26.536221504211426
0 0.0254 -79.99999999999999 299.8858642578125 558.75 638.75
0 0.0249 249.75475311279294 72.83424139022827 300.65929412841797 97.25012063980103
0 0.0245 79.20341014862059 622.7623176574707 131.24985218048096 638.7499809265137
0 0.0240 255.49110412597653 118.40690612792969 294.7034454345703 151.6834831237793
0 0.0240 328.45298767089844 513.738899230957 381.82594299316406 536.3484573364258
0 0.0237 279.2969512939453 543.1826782226562 331.06513977050776 566.9052124023438
0 0.0236 90.62938690185547 81.45548820495605 118.99505615234375 128.48130226135254
0 0.0229 -79.99999999999999 0.0 430.91228485107416 281.5149688720703
0 0.0228 209.74681854248044 42.84160137176514 260.6660461425781 67.2429895401001
0 0.0216 215.4797649383545 148.4342384338379 254.7135639190674 181.65849685668945
0 0.0214 319.91504669189453 602.6996231079102 370.5191421508789 627.3823165893555
0 0.0213 338.7788772583007 543.5336685180664 391.5309524536133 566.5545272827148
0 0.0212 75.07805347442628 589.2908096313477 115.08132457733153 620.8771133422852
0 0.0208 98.5709571838379 503.6679458618164 151.7185401916504 526.4200973510742
0 0.0205 150.66566467285156 151.71181201934814 178.951416015625 198.2747983932495
0 0.0204 160.23931503295898 42.41204261779785 210.2377128601074 67.66382217407227
0 0.0201 298.3059692382812 3.8277673721313477 351.9595336914062 26.258959770202637
0 0.0196 277.77587890625 484.1307067871094 332.4436950683594 505.95252990722656
0 0.0196 180.68897247314453 151.8936586380005 208.92345428466794 198.13144207000732
0 0.0192 295.4668426513672 118.46790313720703 334.7248840332031 151.62769317626953
0 0.0192 169.6633720397949 232.90000915527344 220.74125289916992 257.1843719482422
0 0.0186 165.4239845275879 198.56266021728516 204.7640037536621 231.54109954833984
0 0.0185 110.59160232543944 52.04482078552246 159.94092941284177 78.01880836486816
0 0.0183 179.5948600769043 12.960057258605957 230.80045700073242 37.125864028930664
0 0.0181 260.1700973510742 152.46881008148193 310.29880523681635 177.6076364517212
0 0.0179 90.65258026123045 131.62609100341797 118.96720886230467 178.3448600769043
0 0.0175 300.02269744873047 92.60892868041992 350.42491912841797 117.47148513793945
0 0.0175 368.9960479736328 573.3927154541016 421.3346862792969 596.6959381103516
0 0.0172 98.18761825561523 473.89881134033203 152.06708908081055 496.1874771118164
0 0.0170 357.9059600830078 484.0602111816406 412.32421875 506.0242462158203
0 0.0167 60.69608688354491 81.95996284484863 88.91500473022461 128.08083534240723
0 0.0167 169.3242645263672 263.15635681152344 221.04217529296875 286.93050384521484
0 0.0167 269.1276550292969 43.299498558044434 321.2171936035156 66.78852558135986
0 0.0162 157.5487518310547 444.2539596557617 212.65190124511716 465.8274459838867
0 0.0160 217.57450103759766 464.23885345458984 272.6285934448242 485.8425521850586
0 0.0160 120.68738937377927 161.88676834106445 148.9253807067871 208.13764572143555
0 0.0155 388.45325469970703 513.7356948852539 441.8263626098633 536.351203918457
0 0.0154 335.35789489746094 118.7164306640625 374.8234558105468 151.4006233215332
0 0.0152 205.2048110961914 199.03913497924805 244.96395111083982 231.10628128051758
0 0.0152 125.3603172302246 218.7065315246582 164.821720123291 251.40966415405273
0 0.0149 369.8672485351562 602.7411270141602 420.5606842041015 627.3416519165039
0 0.0149 129.8780632019043 12.733349800109863 180.55097579956052 37.34947681427002
0 0.0147 358.2813644409179 3.8403797149658203 411.98238372802734 26.245930194854736
0 0.0145 245.24066925048825 178.96408081054688 284.93106842041016 211.17469787597656
0 0.0144 418.51165771484375 13.701162338256836 471.77307128906244 36.38617515563965
0 0.0141 30.709066390991207 72.06132888793945 58.89945030212402 118.00117492675781
0 0.0141 285.0872802734375 179.26925659179688 325.0730895996093 210.89675903320312
0 0.0139 357.31578826904297 454.3800354003906 412.8651046752929 475.69984436035156
0 0.0138 319.3999481201172 63.107614517211914 370.9733581542969 86.97975158691406
0 0.0134 308.85807037353516 213.47993850708008 361.45992279052734 236.60802841186523
0 0.0134 -10.26399612426758 2.84623384475708 40.6764030456543 27.23792791366577
0 0.0132 74.87926483154297 529.6595764160156 115.2671432495117 560.5420684814453
0 0.0132 310.0654983520508 152.56513595581055 360.3889846801757 177.51367568969727
0 0.0132 65.52289962768555 48.32287788391113 104.67569351196289 81.76037788391113
0 0.0130 219.53766822814936 242.9985237121582 270.8522701263427 267.0871162414551
0 0.0129 119.76362228393553 252.82291412353516 170.6523323059082 277.26078033447266
0 0.0128 19.490318298339844 613.0270767211914 70.89576721191406 637.0579147338867
0 0.0127 75.37330627441406 178.67469787597656 114.81018066406249 211.43875122070312
0 0.0127 159.28211212158203 293.18933486938477 211.07925415039062 316.8980598449707
0 0.0124 159.06837463378903 323.33824157714844 211.27082824707028 346.74957275390625
0 0.0124 398.67832183837885 543.5934829711914 451.6228103637695 566.4938735961914
0 0.0124 -80.0 12.565083503723145 -39.61137771606445 37.513771057128906
0 0.0121 45.42015075683593 128.5641860961914 84.76819992065428 161.5397071838379
0 0.0121 419.66804504394526 612.8850936889648 470.73944091796875 637.1977615356445
0 0.0120 38.502273559570305 563.7055206298828 91.78192138671874 586.3816070556641
0 0.0120 338.2421112060547 243.8626480102539 392.0183563232422 266.2232971191406
0 0.0119 495.47071456909174 604.7563171386719 558.7500190734862 638.75
0 0.0118 85.28287887573242 218.87489318847656 124.89236831665038 251.2560272216797
0 0.0113 325.04276275634766 179.3520164489746 365.1148605346679 210.82147598266602
0 0.0112 249.57942962646482 212.97128677368164 300.81424713134766 237.1146583557129
0 0.0111 115.17530441284181 279.1010093688965 154.9909782409668 311.04990005493164
0 0.0109 219.40727233886716 273.0985641479492 270.9676361083984 296.9882583618164
0 0.0108 328.5743713378906 33.6657190322876 381.71546936035156 56.42232418060303
0 0.0108 218.59130859375 323.64871978759766 271.7015075683594 346.43848419189453
0 0.0108 15.44090270996094 38.529367446899414 54.748172760009766 71.57149314880371
0 0.0107 158.78023147583008 353.5316467285156 211.5299415588379 376.556396484375
0 0.0106 79.70306873321533 2.873098850250244 130.70533275604248 27.211496829986572
0 0.0106 148.17626953124997 413.90132904052734 202.0783233642578 436.1842727661133
0 0.0105 98.2452392578125 443.86280059814453 152.01507568359375 466.2234878540039
0 0.0104 279.3368911743164 243.1513214111328 331.0300827026367 266.93603515625
0 0.0104 5.27279853820801 118.89345169067383 44.90187644958496 151.23910903930664
0 0.0103 350.01480102539057 92.61226654052734 400.43251037597656 117.46782302856445
0 0.0102 356.81541442871094 424.6306610107422 413.32649230957026 445.44403076171875
0 0.0102 227.90059089660642 434.06105041503906 282.3295879364013 456.0231018066406
0 0.0101 375.50350189208984 118.36942672729492 414.69310760498047 151.71777725219727
