0 0.5395 139.4108235836029 81.5906503200531 284.41330790519714 142.08534145355225
0 0.3948 108.1608235836029 19.090646594762806 253.16330790519714 79.58534517884254
0 0.3859 86.50410175323486 143.1390696167946 259.01663303375244 220.63927882909775
0 0.1202 41.45510494709015 76.5892096757889 131.39961659908295 115.37815415859222
0 0.0929 0.0 236.88909196853635 165.26663303375244 314.3892564773559
0 0.0599 37.59263455867767 23.608023017644886 103.5958081483841 75.1923636496067
0 0.0486 256.34264945983887 148.6079969406128 322.3457932472229 200.1923599243164
0 0.0467 141.13324880599976 -3.8633889555931002 179.60965633392334 16.59431093931199
0 0.0464 281.6239595413208 112.3964914083481 304.0456175804138 150.18068039417267
0 0.0408 254.53054904937744 54.25542378425598 284.8028540611267 83.37434911727905
0 0.0361 101.79810225963593 -3.5452119112014677 140.77064394950867 16.289679050445564
0 0.0343 21.967634558677673 117.35802674293518 87.9708081483841 168.9423599243164
0 0.0338 184.12962555885315 -7.054547131061544 214.48177099227905 19.776289999485023
0 0.0306 282.0238471031189 89.4438602924347 320.0397491455078 110.75901770591736
0 0.0283 105.79042136669159 116.72383332252501 136.71037554740906 145.90585017204285
0 0.0253 62.660135328769684 4.3414660692215055 101.77239030599594 24.03020644187928
0 0.0246 140.28587937355042 -26.484549328684796 180.33328652381897 -7.635910347104063
0 0.0227 166.45511239767075 232.83919477462766 256.39960914850235 271.6281690597534
0 0.0207 215.30643105506897 -6.830627381801596 245.7931935787201 19.570922195911418
0 0.0204 254.58329916000366 23.651702046394355 284.6851348876953 51.52636551856995
0 0.0199 0.0 361.6479315757751 164.15248811244965 415.5234375
0 0.0194 305.22602796554565 113.30163264274597 327.28368043899536 149.40863633155823
0 0.0193 93.21549162268639 -26.338013172149648 133.63179937005043 -7.7810755968093765
0 0.0193 4.37593087553978 55.6662210226059 34.84807163476944 82.07376086711884
0 0.0189 0.0 86.81829059123994 27.01932191848755 113.41361486911774
0 0.0188 253.88598442077637 283.68672513961786 499.0234375 415.52343749999994
0 0.0183 285.68965196609497 55.47377252578735 316.0443902015686 82.25023531913759
0 0.0174 398.00840616226196 28.27229508757592 438.2253885269165 46.98306480050088
0 0.0157 303.9952516555786 -83.49999999999999 499.0234375 26.424055635929115
0 0.0155 4.189927130937576 24.86704075336457 35.01424193382263 50.41144573688508
0 0.0147 187.2558891773224 -26.557075142860405 227.12397575378418 -7.564040184020987
0 0.0145 54.190441966056824 -18.55427986383437 94.53621506690979 0.05978876352311126
0 0.0141 0.5229376256465912 113.20152664184569 22.615011781454086 149.49062252044678
0 0.0141 22.871151566505432 4.9308815002441495 63.34855407476425 23.4495975971222
0 0.0138 0.0 170.33919477462766 84.52461659908295 209.12816905975342
0 0.0130 398.14865589141846 51.603210806846626 438.1009340286255 70.5261059999466
0 0.0125 250.188410282135 4.3141075372696 289.2482280731201 24.056790113449104
0 0.0118 0.0 -83.49999999999999 101.14660859107971 -28.906723767518983
0 0.0110 118.64746361970901 -83.49999999999999 289.3747612833977 -29.111909031867974
0 0.0109 166.45511239767075 279.71419477462763 256.39960914850235 318.50316905975336
0 0.0105 256.34264945983887 211.1079969406128 322.3457932472229 262.6923599243164
0 0.0103 475.691556930542 402.9987283945083 499.0234375 415.5234225988388
0 0.0101 316.58685207366943 64.14654636383057 347.60892391204834 89.2759838104248
