0 0.0404 286.85401916503906 298.1131134033203 343.2905578613281 318.9621887207031
0 0.0320 495.8110046386719 -9.02426147460936 534.4302368164062 26.03755569458009
0 0.0293 460.59410095214844 4.734960556030285 489.03770446777344 52.16404533386231
0 0.0290 270.57458877563477 4.623743057250992 299.061336517334 52.258325576782234
0 0.0266 535.7882690429688 -8.940834045410144 574.4482421875 25.96084213256837
0 0.0254 0.0 193.38586425781247 638.75 532.25
0 0.0242 510.6321334838867 24.97882461547853 538.991813659668 71.96309661865236
0 0.0240 500.4159164428711 -34.26516914367674 550.0878524780273 -8.664430618286119
0 0.0240 240.60243606567383 -15.215095520019517 269.02761459350586 32.122245788574226
0 0.0232 300.58974266052246 4.70806694030763 329.04297828674316 52.18643760681153
0 0.0229 0.0 -106.49999999999999 510.9122848510742 175.01496887207034
0 0.0217 287.32861518859863 267.8626403808594 342.8557872772217 289.21571350097656
0 0.0204 445.68981170654297 -28.62282419204711 484.5296859741211 5.6687722206115865
0 0.0201 430.6304168701172 4.961858749389661 458.99383544921875 51.97599983215333
0 0.0195 270.6100082397461 -45.16982460021971 299.01844024658203 2.084318161010755
0 0.0193 465.7219696044922 51.27080535888673 504.50340270996094 85.76642608642578
0 0.0190 210.6207275390625 -35.10145568847655 239.00550842285156 12.027927398681653
0 0.0181 599.4426155090332 -33.42350387573241 638.7499809265137 -9.489311218261705
0 0.0178 425.4983139038086 111.88998794555664 464.6969223022461 145.19893264770508
0 0.0176 270.6405448913574 55.03646469116211 298.9816474914551 101.91630935668947
0 0.0175 240.6077003479004 34.81681919097902 269.02124404907227 82.09559535980226
0 0.0172 550.2935028076172 -34.141859054565415 600.1917266845703 -8.783926010131822
0 0.0164 430.6815719604492 65.3387794494629 458.93238067626953 111.67510604858398
0 0.0164 465.4622268676758 91.97383499145509 504.72949981689453 125.12229537963869
0 0.0163 300.6356906890869 55.00192260742189 328.98749351501465 101.9441375732422
0 0.0162 410.6645202636719 145.19963836669925 438.9527893066406 191.7839584350586
0 0.0161 512.6921272277832 -106.49999999999997 638.7499809265137 -36.65076160430907
0 0.0158 19.2495059967041 -3.286937713623032 71.10830307006836 20.37450408935548
0 0.0154 574.3924140930176 -1.6631832122802588 638.7499809265137 48.24701881408693
0 0.0153 540.6602096557617 25.179568290710463 568.9580154418945 71.801739692688
0 0.0153 330.60386657714844 24.791980743408214 359.02587890625 72.11600875854494
0 0.0152 288.20061683654785 327.3917160034179 342.05512046813965 349.6947250366211
0 0.0150 380.63133239746094 154.9669990539551 408.99269104003906 201.97162246704102
0 0.0148 210.63331604003906 14.982491493225108 238.99032592773438 61.959372520446784
0 0.0145 240.65176010131836 -64.89131355285642 268.96814346313477 -18.142951965332013
0 0.0145 400.6733703613281 65.27211761474611 428.9421844482422 111.72723388671875
0 0.0144 470.0038528442383 126.124454498291 520.4414749145508 150.9561882019043
0 0.0141 305.7519245147705 -28.814786911010728 344.4775676727295 5.845018386840834
0 0.0140 0.0 -43.734532833099344 40.59257507324219 -19.182840824127187
0 0.0140 440.7130813598633 145.5933723449707 468.89461517333984 191.47609329223633
0 0.0137 180.65338134765625 -34.875616073608384 208.96621704101562 11.845079421997085
0 0.0136 385.6782913208008 111.4153060913086 424.53914642333984 145.6337890625
0 0.0136 475.3260803222656 -67.71157646179196 514.8522186279297 -35.165103912353494
0 0.0134 400.6263732910156 4.933315277099624 428.99871826171875 51.99903106689454
0 0.0133 350.6148910522461 154.86085510253906 379.01256561279297 202.05892181396484
0 0.0131 469.9199676513672 156.19220352172852 520.5155181884766 180.88920211791995
0 0.0131 288.96697998046875 236.89263916015625 341.3650131225586 260.1932678222656
0 0.0129 320.5999755859375 144.76869201660156 349.0306091308594 192.13552093505862
0 0.0127 505.42274475097656 72.06039047241211 544.765625 105.04317855834961
0 0.0127 410.7045364379883 195.53044891357422 438.90491485595703 241.52608489990232
0 0.0125 405.71224212646484 -28.686906337738023 444.51038360595703 5.727571010589613
0 0.0125 508.9845657348633 206.89370727539065 561.3464736938477 230.19403076171878
0 0.0124 0.0 -93.89799737930296 40.42428016662598 -69.02231359481809
0 0.0124 350.6187057495117 104.88309478759767 379.0079116821289 152.04019165039062
0 0.0119 195.67054748535156 -68.56525325775145 234.54601287841797 -34.3840398788452
0 0.0116 569.3532943725586 206.63594818115232 621.0161209106445 230.45087432861325
0 0.0115 370.61038970947266 44.83190155029298 399.01798248291016 92.08276367187501
0 0.0114 435.3921127319336 -67.85798454284667 474.7922134399414 -35.031436920166
0 0.0114 290.6325340270996 154.97905349731445 318.9912986755371 201.96250534057617
0 0.0114 380.7304382324219 205.7635269165039 408.8739776611328 251.34763336181638
0 0.0113 608.9791679382324 516.1478767395018 638.7500190734863 532.2499809265137
0 0.0112 340.72967529296875 205.7649669647217 368.8749694824219 251.34756660461426
0 0.0110 0.0 26.293750762939464 50.61356544494629 50.79019165039063
0 0.0110 459.70645904541016 196.37034034729007 510.7023239135742 220.71419334411624
0 0.0106 608.6833381652832 236.66944122314453 638.7499809265137 260.3587112426758
0 0.0105 180.6655502319336 15.209828376770036 208.95156860351562 61.77620983123781
0 0.0104 519.4003677368164 176.6001091003418 570.9744644165039 200.48625564575195
0 0.0103 295.41847229003906 202.05929374694827 334.7705841064453 235.04423713684082
0 0.0101 189.99588012695312 -103.86947059631345 240.4486083984375 -79.04987716674802
0 0.0101 290.6755256652832 105.29025650024414 318.9396095275879 151.71313858032227
0 0.0100 240.64254760742188 85.04262542724611 268.97918701171875 131.9101104736328
0 0.0100 574.3924140930176 58.33682632446291 638.7499809265137 108.24702835083008
