0 0.0515 21.961029052734382 593.4150314331055 74.36644363403322 616.673469543457
0 0.0431 -47.651416778564446 593.1404495239258 4.0201263427734455 616.9465255737305
0 0.0416 72.35611724853516 613.1291580200195 124.01463317871095 636.9569778442383
0 0.0389 12.05622005462647 622.8774261474609 64.3799524307251 638.75
0 0.0357 11.252029418945318 563.8592529296875 65.00876235961914 586.2271118164062
0 0.0312 -48.44300460815429 563.6684799194336 4.7329788208007875 586.418342590332
0 0.0306 71.2275390625 573.8726425170898 125.03132629394531 596.2134170532227
0 0.0278 -47.829448699951165 622.7890205383301 4.278724670410165 638.7499809265137
0 0.0254 -106.99999999999999 299.8858642578125 531.75 638.75
0 0.0232 -97.35307884216307 602.9203414916992 -46.24574851989745 627.1651840209961
0 0.0229 -106.99999999999996 0.0 403.91228485107416 281.5149688720703
0 0.0226 132.31451797485352 613.1597137451172 184.05165481567383 636.9266510009766
0 0.0203 -106.99999999999999 573.1195449829102 -56.01292324066162 596.9679641723633
0 0.0201 1.0472755432129008 533.9807510375977 55.194938659667976 556.1047744750977
0 0.0188 -59.03642845153807 534.0195465087891 -4.726612091064448 556.0641479492188
0 0.0167 -106.99999999999999 532.8772354125977 -66.2898941040039 557.2073745727539
0 0.0165 61.226127624511726 543.8726425170898 115.03277587890625 566.2133407592773
0 0.0141 -106.99999999999999 502.7890396118164 -66.38719272613524 527.2944259643555
0 0.0121 405.6921272277831 0.0 531.7499809265136 69.84923839569092
0 0.0119 50.872447967529304 514.0779876708984 105.35509872436523 536.0060882568359
0 0.0118 -106.99999999999999 472.78724670410156 -66.38967704772948 497.2962188720703
0 0.0115 192.50839042663574 613.0103302001953 243.8804035186768 637.0741271972656
0 0.0115 -59.31767654418945 504.1777038574219 -4.469654083251945 525.9041595458984
0 0.0111 131.63725662231445 583.6248779296875 184.6588020324707 606.4631652832031
