0 0.0254 0.0 219.8858642578125 638.75 558.75
0 0.0234 49.15565490722656 43.27444076538087 101.19330406188965 66.812744140625
0 0.0231 129.7091293334961 62.86928176879882 180.69976806640625 87.21538543701172
0 0.0229 0.0 -79.99999999999999 510.9122848510742 201.51496887207028
0 0.0218 239.00699615478516 83.37839126586914 291.32633209228516 106.70927047729491
0 0.0216 119.6858549118042 92.88497924804686 170.72086811065674 117.19955444335936
0 0.0215 49.290828704833984 83.17716598510742 101.07272148132324 106.90935134887695
0 0.0210 99.8009204864502 32.792558670043945 150.61955451965332 57.290678024291985
0 0.0209 189.3345832824707 63.14799785614014 241.03315353393555 86.93867206573485
0 0.0199 328.5441589355469 103.67385864257811 381.7451477050781 126.41254425048827
0 0.0193 179.06240463256836 93.34207534790039 231.27626419067383 116.74573898315428
0 0.0192 249.17530059814453 53.26545715332031 301.17469787597656 76.82233810424805
0 0.0179 389.1523742675781 43.28117370605469 441.19529724121094 66.806640625
0 0.0178 268.4138870239258 113.7588310241699 321.8623352050781 136.3278007507324
0 0.0177 38.7990403175354 113.51511001586913 91.51389837265015 136.57232284545896
0 0.0176 299.10877227783203 73.31085681915283 351.2344741821289 96.77695751190186
0 0.0175 159.46815490722656 33.05445671081543 210.91323852539062 57.03215599060058
0 0.0163 48.648481369018555 13.611555099487303 101.65000915527344 36.4755916595459
0 0.0161 308.95705223083496 43.414115905761726 361.37078285217285 66.67387008666992
0 0.0161 388.4430694580078 113.73958587646484 441.83616638183594 136.3469696044922
0 0.0160 359.2007064819336 73.24661254882812 411.1521530151367 96.84097290039062
0 0.0156 338.04203033447266 133.98035049438474 392.2005081176758 156.10464096069333
0 0.0139 0.0 63.07567596435546 50.93161106109619 87.01175689697266
0 0.0136 109.24955368041992 123.20789337158203 161.1093521118164 146.87896728515625
0 0.0135 209.19378280639648 23.254346847534176 261.15774154663086 46.83365821838378
0 0.0135 29.625530242919922 192.9331588745117 80.77397346496582 217.15206146240232
0 0.0131 599.0493011474609 -66.64697170257568 638.75 -43.26492786407471
0 0.0130 208.77155303955078 123.53443145751952 261.53839111328125 146.55319213867188
0 0.0128 445.03429412841797 39.378623962402344 485.1216506958008 70.79725265502928
0 0.0127 415.0025177001953 69.43355560302734 455.15174865722656 100.7473373413086
0 0.0125 0.0 99.05269622802736 34.97032165527344 131.09394073486328
0 0.0123 574.3924140930176 84.83682632446289 638.7499809265137 134.74702835083008
0 0.0122 398.40320587158203 143.7681007385254 451.87137603759766 166.31891250610352
0 0.0122 388.82972717285156 13.498649597167969 441.4854431152344 36.58933639526367
0 0.0117 608.8067626953125 -36.91111087799072 638.75 -13.060364723205565
0 0.0115 0.0 33.23898315429687 41.13585948944092 56.84917449951171
0 0.0113 165.00146865844727 119.44135665893555 205.15214920043945 150.74022293090817
0 0.0113 338.25122833251953 163.85896682739255 392.0096969604492 186.2272834777832
0 0.0112 28.824691772460938 143.50448608398438 81.48944854736328 166.58386230468747
0 0.0111 448.59691619873047 113.64273071289062 501.6969680786133 136.444091796875
0 0.0109 608.9717864990234 542.6535034179686 638.75 558.75
0 0.0106 574.3924140930176 144.8368263244629 638.7499809265137 194.74702835083008
0 0.0105 278.2486629486084 143.86154174804688 332.0118045806885 166.2248611450195
0 0.0104 109.62460041046143 2.934589385986326 160.7746458053589 27.1507453918457
0 0.0103 79.1545581817627 183.28338623046872 131.19254112243652 206.80492401123047
0 0.0102 574.3924140930176 24.836816787719723 638.7499809265137 74.74701881408691
0 0.0101 608.8189506530762 203.08095932006836 638.7500190734863 226.94761276245117
0 0.0101 38.0832314491272 -16.04670524597168 92.16363668441772 6.131458282470703
0 0.0100 328.7179183959961 13.573131561279295 381.5859603881836 36.51498794555664
