0 0.2101 154.98058319091797 -41.55180883407591 215.02883911132812 -22.39512872695922
0 0.1760 134.7441291809082 -61.46079730987548 195.25033950805664 -42.48986911773681
0 0.1734 95.10598182678223 -41.60075378417968 154.9113941192627 -22.344181060791005
0 0.1351 125.53838729858398 -21.781618118286126 184.50885772705078 -2.1577854156494074
0 0.1210 114.72518920898438 168.54819107055664 175.26763916015625 187.5011329650879
0 0.1120 195.1528549194336 -61.62623596191405 254.8693084716797 -42.31912803649901
0 0.1098 115.08925914764404 148.40054321289062 174.9284029006958 167.6533966064453
0 0.1090 75.50354957580566 -61.76879596710204 134.54176902770996 -42.17138004302978
0 0.1073 114.57258224487305 188.60892105102542 175.40992736816406 207.43849563598633
0 0.1010 105.24654388427734 -81.66382145881651 164.78174209594727 -62.28013110160827
0 0.0825 104.66793060302734 208.57266235351562 165.32060623168945 227.47624206542966
0 0.0815 115.69222927093506 128.14516830444336 174.36758518218994 147.91621017456055
0 0.0788 185.78485488891602 -21.889745712280266 244.2801856994629 -2.046854019165031
0 0.0736 165.3997802734375 -81.72916722297668 224.63939666748047 -62.21303057670592
0 0.0671 96.22233390808105 -102.09503364562987 153.87660026550293 -81.83783960342404
0 0.0658 174.73772048950195 178.53831100463867 235.25720596313477 197.5103645324707
0 0.0644 116.28872394561768 107.87888336181642 173.8140058517456 128.18970489501953
0 0.0629 215.54779052734375 -41.79017257690429 274.50122833251953 -22.14986038208007
0 0.0607 85.55069923400879 228.21541595458982 144.4968318939209 247.84569549560547
0 0.0606 175.43046951293945 158.25148391723633 234.61244583129883 177.80566024780273
0 0.0562 66.34977102279663 -22.142011642456044 123.7557053565979 -1.7875118255615157
0 0.0551 106.5034294128418 87.7807502746582 163.6147689819336 108.29062271118164
0 0.0549 56.246795654296875 167.90514755249023 113.85116577148438 188.16408920288086
0 0.0525 56.30809545516968 187.876708984375 113.794424533844 208.19317626953125
0 0.0515 116.56471252441406 -2.2423954010009686 173.55669021606445 18.31537055969239
0 0.0513 174.5991325378418 198.59708595275876 235.38549423217773 217.4504451751709
0 0.0504 56.1585259437561 147.94457244873047 113.93317937850952 168.12348175048828
0 0.0437 609.5077323913574 -44.42400407791137 638.7500190734863 -19.550151348114
0 0.0431 176.2410545349121 137.8935890197754 233.85992050170898 158.17332077026364
0 0.0409 96.41284942626953 67.82263565063478 153.69874954223633 88.24759292602539
0 0.0394 56.2087345123291 127.9189567565918 113.88731956481934 148.14925003051758
0 0.0354 76.71653747558594 247.68616485595703 133.41604232788086 268.3886795043945
0 0.0353 46.24345779418945 -82.09780883789061 103.85534286499023 -61.83371734619139
0 0.0342 164.8911476135254 218.48404693603516 225.11228561401367 237.56783294677734
0 0.0321 156.12667560577393 -102.05274534225461 213.96560192108154 -81.88146305084227
0 0.0321 167.33552932739258 87.3653678894043 222.84799575805664 108.71401596069336
0 0.0318 0.0 136.86171340942383 52.00275421142578 159.22549057006833
0 0.0318 609.3871879577637 -74.32629776000977 638.7500190734863 -49.6464557647705
0 0.0307 36.890504360198975 207.5959758758545 93.2567048072815 228.47986030578613
0 0.0303 56.39814376831055 107.83013153076173 113.71219635009766 128.24005889892578
0 0.0283 176.26686096191406 -2.106906890869133 233.8332748413086 18.175914764404304
0 0.0271 0.0 166.72833251953128 51.80455207824707 189.3595962524414
0 0.0261 0.0 107.08102035522461 52.34913349151611 129.00397109985352
0 0.0257 26.94255828857422 -102.43700218200682 83.21038246154785 -81.48774814605713
0 0.0254 0.0 192.88586425781247 638.75 531.75
0 0.0243 565.443115234375 -48.48079872131347 604.7466278076172 -15.419198989868155
0 0.0235 599.4819641113281 -103.9505214691162 638.75 -79.96221971511841
0 0.0233 608.98193359375 115.97040939331056 638.75 140.05835342407227
0 0.0231 145.46136379241943 238.25020599365232 204.58075046539307 257.8092269897461
0 0.0229 0.0 -107.00000000000001 510.9122848510742 174.5149688720703
0 0.0219 156.9922637939453 57.54507827758789 213.16295623779297 78.53171157836915
0 0.0216 608.9408111572266 86.00041198730469 638.75 110.02857971191406
0 0.0215 609.3980598449707 -14.33927726745605 638.7499809265137 10.36584663391114
0 0.0215 36.46836280822754 -42.19946098327636 93.64642143249512 -21.729051589965813
0 0.0213 77.38006591796875 17.345111846923835 132.80637741088867 38.735130310058594
0 0.0211 525.0625991821289 -57.68638086318969 565.0963973999023 -26.14357900619506
0 0.0207 46.38578414916992 87.83682632446289 103.72342109680176 108.23336410522462
0 0.0199 0.0 -73.80108547210692 41.08502388000488 -50.11090946197508
0 0.0199 608.8787651062012 146.04147720336914 638.7500190734863 169.98728561401367
0 0.0196 17.183995246887207 237.44778442382812 72.98641681671143 258.63079833984375
0 0.0193 146.71545028686523 17.682750701904308 203.41798782348633 38.39144515991212
0 0.0192 66.83948278427124 47.614696502685554 123.30528497695923 68.45961380004884
0 0.0186 207.61398315429688 107.21890258789062 262.59204864501953 128.86303710937497
0 0.0184 226.18921279907227 -82.07945060729979 283.9071846008301 -61.85373973846434
0 0.0175 589.3430328369141 176.14512252807617 638.75 199.94196701049805
0 0.0172 0.0 67.21714782714845 52.57730484008789 88.86585998535156
0 0.0165 236.71913146972656 177.6748924255371 293.41602325439453 198.39838790893555
0 0.0164 531.1894226074219 -97.97919940948485 599.2698669433594 -65.99110317230223
0 0.0154 0.0 37.10634994506837 52.395381927490234 58.9779167175293
0 0.0153 589.5271301269531 206.0079936981201 638.75 230.07791328430176
0 0.0150 608.7123870849609 56.15174102783204 638.75 79.87664031982422
0 0.0146 257.2445487976074 -62.59495449066161 312.933406829834 -41.32764530181885
0 0.0138 5.512862205505371 391.3595657348632 44.683451652526855 424.7267990112304
0 0.0138 36.96171760559082 -2.441055297851556 93.1914234161377 18.517349243164066
0 0.0130 228.05580139160156 76.96869659423828 282.18875885009766 99.11583709716797
0 0.0127 508.9958190917969 -23.617660522460927 561.3371276855469 -0.2951736450195242
0 0.0126 609.1192626953125 235.87307739257812 638.75 260.1554565429688
0 0.0122 236.89434051513672 207.59008216857907 293.25408935546875 228.48514366149902
0 0.0121 237.23146438598633 147.41947937011716 292.9436683654785 168.65898895263672
0 0.0118 0.0 515.6556396484374 51.13827705383301 531.75
0 0.0118 0.0 192.92894172668457 35.40759563446045 223.29772758483887
0 0.0117 608.9980316162109 15.956171035766605 638.75 40.07215309143067
0 0.0112 216.59448623657227 -102.27152776718138 273.5327339172363 -81.65752601623535
0 0.0110 246.87755584716797 -22.40302276611327 303.2699203491211 -1.5221138000488215
0 0.0110 484.8225402832031 -57.23727655410766 525.3202056884766 -26.55156087875365
0 0.0109 136.53820514678955 257.7681808471679 193.5816526412964 278.3041458129883
0 0.0108 0.0 -23.441001892089833 41.563754081726074 -0.4706306457519456
0 0.0105 0.0 365.7661514282226 50.582451820373535 390.3175430297851
0 0.0103 508.84937286376953 206.4852600097656 561.4678573608398 229.60263061523435
0 0.0102 59.5201849937439 515.4871826171874 110.97458124160767 531.75
0 0.0101 479.0013885498047 -83.6173267364502 531.3312530517578 -60.294935226440415
