0 0.0535 526.549186706543 -103.24883747100826 583.574333190918 -82.6805381774902
0 0.0375 587.8052520751953 -103.89420318603511 638.75 -82.02361869812009
0 0.0364 17.747249603271484 116.14699554443362 72.46976852416992 137.93612670898438
0 0.0308 27.232646942138672 146.4195556640625 82.94241905212402 167.6590270996094
0 0.0298 516.0847854614258 -83.02664089202877 574.0026473999023 -62.90691661834713
0 0.0297 466.2971878051758 -103.1282978057861 523.8069534301758 -82.80352401733396
0 0.0269 18.17488670349121 85.90277862548831 72.07945823669434 108.18289947509768
0 0.0261 587.9599761962891 56.022979736328146 638.75 78.06086730957033
0 0.0254 0.0 191.88586425781253 638.75 530.75
0 0.0229 0.0 -107.99999999999997 510.9122848510742 173.51496887207034
0 0.0222 257.0201873779297 -33.46980857849118 313.13743591308594 -12.453248977661103
0 0.0219 28.47670555114746 55.71917724609377 81.80556297302246 78.36753082275393
0 0.0216 78.25662612915039 115.85545730590822 132.00483322143555 138.2307929992676
0 0.0204 608.2612419128418 85.43030929565431 638.7500190734863 108.59528732299806
0 0.0200 27.63188362121582 176.21325683593753 82.57472038269043 197.86944580078125
0 0.0193 598.1873321533203 -74.10556125640865 638.75 -51.808836936950655
0 0.0178 407.1641159057617 -103.5458068847656 463.0055618286133 -82.37633991241451
0 0.0178 598.2403564453125 25.863420486450224 638.75 48.2224864959717
0 0.0178 527.2406768798828 56.412956237793 582.9356384277344 77.66532135009768
0 0.0174 78.32626342773438 85.81179809570314 131.94194793701172 108.27445220947267
0 0.0156 88.79300117492676 55.51957321166995 141.51925086975098 78.56793594360354
0 0.0152 516.4424133300781 -63.19075393676755 573.6712646484375 -42.73859786987302
0 0.0142 297.0732116699219 -53.49742698669431 353.08876037597656 -32.42524909973142
0 0.0140 217.3375701904297 -13.630493164062472 272.8449249267578 7.710678100585966
0 0.0140 608.5758209228516 -44.760940551757784 638.75 -21.211278915405245
0 0.0138 88.53474617004395 145.686637878418 141.75219535827637 168.4007568359375
0 0.0138 456.0865783691406 -83.02391338348386 514.0001678466797 -62.909057617187464
0 0.0135 9.078617095947266 25.33332061767581 61.26120567321777 48.75477981567385
0 0.0134 226.68575286865234 -53.3048229217529 283.4458923339844 -32.6216011047363
0 0.0124 608.9585876464844 514.6637268066406 638.75 530.7500000000001
0 0.0124 608.4781646728516 -4.701240539550753 638.75 18.728305816650415
0 0.0124 527.4161529541016 26.322576522827177 582.7740478515625 47.757436752319364
0 0.0121 608.1271553039551 115.50902557373048 638.7499809265137 138.51546478271487
0 0.0116 487.2475051879883 76.41688537597659 542.9275894165039 97.66257476806642
0 0.0115 609.4937324523926 484.5910568237304 638.7499809265137 509.43541717529297
0 0.0112 28.667449951171875 215.60565185546872 81.63150787353516 238.48239135742188
0 0.0111 68.99162292480469 25.391351699829126 121.33960723876953 48.69669151306155
0 0.0111 287.2569751739502 -103.5964875221252 342.92086601257324 -82.32525157928464
0 0.0106 277.21160888671875 -3.5684375762939164 332.9615020751953 17.64700126647952
0 0.0101 347.56282806396484 -103.75631141662595 402.6395797729492 -82.1625642776489
0 0.0100 547.3273468017578 86.36998367309573 602.8554534912109 107.70936203002933
