0 0.0426 505.02113342285156 -54.57037925720215 564.9915313720703 -35.37636756896972
0 0.0379 515.134162902832 -34.617204666137695 574.886360168457 -15.328168869018556
0 0.0337 505.18978118896484 -74.64145421981812 564.8349380493164 -55.303423404693596
0 0.0271 515.1708984375 -14.63155746459961 574.8519897460938 4.68677520751953
0 0.0254 0.0 159.8858642578125 638.75 498.74999999999994
0 0.0229 0.0 -140.0 510.9122848510742 141.5149688720703
0 0.0198 445.6019973754883 -64.8114013671875 504.4503402709961 -45.12762069702147
0 0.0174 515.895881652832 -94.9469518661499 574.1791152954102 -74.98963832855225
0 0.0166 455.52093505859375 -34.77643013000488 514.5256805419922 -15.163564682006836
0 0.0150 515.3610610961914 5.290188789367675 574.6746444702148 24.767603874206543
0 0.0148 566.4678192138672 -55.206050872802734 623.6486053466797 -34.723548889160156
0 0.0142 445.8552932739258 -84.92403507232665 504.21558380126953 -65.01224994659424
0 0.0135 208.30682754516602 -96.17556571960449 261.95940017700195 -73.73811721801758
0 0.0117 455.5788803100586 -14.80154037475586 514.4718551635742 4.862213134765624
0 0.0116 187.62516021728516 4.211769104003905 242.5820541381836 25.87011337280273
0 0.0112 258.6075210571289 -116.35838508605957 311.68617248535156 -93.55395793914794
0 0.0104 188.07819366455078 -66.04203462600707 242.16785430908203 -43.87299299240112
0 0.0103 197.8416633605957 34.094314575195305 252.38344192504883 55.989418029785156
0 0.0100 198.2897186279297 -126.1656141281128 251.9750213623047 -103.74818801879883
0 0.0100 609.0750885009766 312.90687561035156 638.75 337.1220397949218
