0 0.0545 49.244743347167976 467.7058410644531 87.98371887207031 502.3260498046875
0 0.0507 89.22080612182619 467.7872085571289 128.00315475463867 502.2513198852539
0 0.0462 79.26366424560548 427.6448059082031 117.9680404663086 462.3821258544922
0 0.0454 129.16965103149414 467.9368209838867 168.0468330383301 502.1140670776367
0 0.0416 39.181576728820815 427.89501190185547 78.03734874725343 462.1524429321289
0 0.0414 119.155574798584 427.97882080078125 158.05877304077148 462.07550048828125
0 0.0412 9.053512573242198 468.24962615966797 48.14817047119141 501.82743072509766
0 0.0406 74.12433242797853 381.4204406738281 102.50114059448244 428.5096740722656
0 0.0397 39.09726238250734 508.1254577636719 78.1106767654419 541.9411468505859
0 0.0376 99.16310882568358 507.9542541503906 138.0526123046875 542.0980834960938
0 0.0370 159.2600212097168 427.65052795410156 197.9716453552246 462.3768615722656
0 0.0365 109.1850814819336 387.89390563964844 148.0334625244141 422.1533966064453
0 0.0348 44.16684246063233 381.7239761352539 72.45004749298096 428.2656478881836
0 0.0343 149.17169189453128 387.92591094970703 188.04559326171875 422.12406158447266
0 0.0341 139.10474395751953 508.11676025390625 178.10304260253906 541.9490814208984
0 0.0338 169.22250366210938 467.7793884277344 208.00199127197266 502.25852966308594
0 0.0317 194.1349277496338 381.4922332763672 222.4883327484131 428.45123291015625
0 0.0283 -0.9675159454345548 428.30360412597656 38.166719436645515 461.7780303955078
0 0.0281 -1.0518302917480322 508.5076141357422 38.24208831787111 541.5914154052734
0 0.0275 199.29171180725098 427.54100799560547 237.94602012634277 462.47753143310547
0 0.0271 69.24928283691406 347.69336700439453 107.97978973388672 382.33753204345703
0 0.0267 179.06358337402344 508.2224655151367 218.13939666748047 541.8523025512695
0 0.0261 -31.21432924270628 468.8595962524414 8.390739917755141 501.27002716064453
0 0.0260 109.16188812255861 347.9631042480469 148.05314636230466 382.0899200439453
0 0.0259 14.198471069335948 381.9720458984375 42.41210556030275 428.07037353515625
0 0.0254 -106.49999999999997 299.8858642578125 532.25 638.75
0 0.0249 224.1587982177734 381.65809631347656 252.45965576171875 428.3171844482422
0 0.0244 159.05473327636722 348.2524871826172 198.14649200439453 381.8247985839844
0 0.0233 198.9364776611328 348.53904724121094 238.25219726562497 381.5626525878906
0 0.0229 -106.49999999999997 0.0 404.4122848510742 281.5149688720703
0 0.0217 33.5580406188965 542.5620651245117 83.89735794067383 567.5156021118164
0 0.0215 29.074107170104995 348.19732666015625 68.1299409866333 381.87530517578125
0 0.0215 209.09853553771973 468.1345748901367 248.10837364196777 501.9327926635742
0 0.0211 183.4310302734375 322.68604278564453 234.00518035888672 347.39566802978516
0 0.0198 238.86312103271482 348.70765686035156 278.3184585571289 381.4086151123047
0 0.0192 83.73923873901367 542.3969268798828 133.74080276489258 567.6769256591797
0 0.0191 138.82577514648438 308.7870407104492 178.35271453857422 341.33617401123047
0 0.0188 233.3112106323242 322.7811050415039 284.1111526489258 347.30159759521484
0 0.0186 84.18244934082031 301.83764457702637 112.4312744140625 348.1748676300049
0 0.0182 -41.44165182113645 509.3154525756836 -1.3989892005920261 540.8547592163086
0 0.0175 -15.76808357238768 382.27603912353516 12.37225151062013 427.83802032470703
0 0.0174 -41.38765716552732 429.20997619628906 -1.4490737915038943 460.9507751464844
0 0.0173 239.14899444580075 427.9929733276367 278.06485748291016 462.0625686645508
0 0.0171 253.6992416381836 382.44922637939453 303.77225494384766 407.62752532958984
0 0.0171 133.76439666748047 542.3782348632812 183.7181625366211 567.6956939697266
0 0.0169 54.20602416992188 302.0384979248047 82.40308380126953 348.0192565917969
0 0.0169 123.07410812377931 612.9598236083984 174.32220077514648 637.1240234375
0 0.0168 178.95658111572266 288.48182678222656 218.235107421875 321.614990234375
0 0.0165 62.99695587158204 613.0207061767578 114.3901596069336 637.0640563964844
0 0.0162 218.8911209106445 508.6384963989258 258.29366302490234 541.4718246459961
0 0.0162 -57.008744716644266 613.0239486694336 -5.60455942153929 637.0607376098633
0 0.0160 138.75213241577148 268.939151763916 178.4206352233887 301.19741439819336
0 0.0155 -11.288055419921859 549.0205764770508 28.457771301269542 581.1232376098633
0 0.0150 406.19212722778315 0.0 532.2499809265136 69.84923839569092
0 0.0147 182.92452430725098 613.077507019043 234.45396995544434 637.0080947875977
0 0.0147 32.90879821777345 573.0928802490234 84.46721649169922 596.9933319091797
0 0.0147 -11.042303085327134 348.48304748535156 28.233724594116225 381.6138458251953
0 0.0143 3.0708465576172 612.9629898071289 54.32492828369142 637.1210098266602
0 0.0142 24.223533630371104 302.1885585784912 52.38217926025391 347.90337562561035
0 0.0141 219.05236816406247 288.2375240325928 258.15065002441406 321.8385410308838
0 0.0133 143.26072311401367 242.82798767089844 194.15431594848633 267.2561264038086
0 0.0132 98.90390014648438 268.6152648925781 138.281494140625 301.4929962158203
0 0.0128 88.59754180908205 569.2483520507812 128.56370544433594 600.9157562255859
0 0.0126 278.86956787109375 348.68900299072266 318.31300354003906 381.42566680908203
0 0.0125 -106.49999999999997 602.8752136230469 -55.79584980010985 627.2097015380859
0 0.0122 198.89145469665525 248.63601684570312 238.2935581207275 281.4740753173828
0 0.0121 128.66067504882812 569.1247940063477 168.50507354736325 601.0282516479492
0 0.0121 502.47050857543945 622.6548004150391 532.2499809265136 638.75
0 0.0121 -67.8944339752197 573.6386108398438 -14.811138153076156 596.4484405517578
0 0.0120 164.23616027832034 72.30703353881836 192.36714935302734 117.81341552734375
0 0.0120 -105.76377773284909 462.3119354248047 -77.63289356231688 507.8102111816406
0 0.0118 144.24888229370117 152.4303436279297 172.35206222534177 197.72045135498047
0 0.0117 183.4284839630127 542.68310546875 234.00845146179196 567.3979187011719
0 0.0117 58.92097091674805 268.57189178466797 98.26648330688478 301.53263092041016
0 0.0116 172.7837142944336 163.18639755249023 224.5782241821289 186.90073013305664
0 0.0115 -5.7695236206054545 302.2563171386719 22.37393951416017 347.8522491455078
0 0.0112 114.24110031127931 222.35336303710938 142.36129379272458 267.77828216552734
0 0.0111 248.80536651611328 468.8294982910156 288.3714828491211 501.2974548339844
0 0.0110 18.859363555908214 268.7140655517578 58.3220443725586 301.4027786254883
0 0.0109 114.24125289916992 172.3537826538086 142.36110305786136 217.77786254882812
0 0.0108 278.8317642211914 408.77410888671875 318.34722137451166 441.34796142578125
0 0.0107 -67.8905620574951 543.6328887939453 -14.813922882080064 566.4537048339844
0 0.0107 -106.49999999999997 508.71978759765625 -71.67229080200192 541.3975524902344
0 0.0106 -67.86001586914061 403.6103820800781 -14.840873718261703 426.475830078125
0 0.0106 242.8423080444336 613.1393051147461 294.5268783569336 636.946907043457
0 0.0105 -71.88311958312987 470.1108169555664 -30.98536872863768 500.13309478759766
0 0.0104 152.7955780029297 203.1822967529297 204.56666564941406 226.90540313720703
0 0.0102 212.35364532470703 223.48648071289062 264.9631271362304 246.60202026367188
0 0.0101 134.24363708496094 92.37966537475586 162.35826110839844 137.7586555480957
0 0.0101 158.76582717895508 38.915839195251465 198.40751266479495 71.21866703033447
0 0.0100 405.4039154052735 89.84180450439453 532.25 189.6270751953125
0 0.0100 -106.49999999999997 432.5199890136719 -66.15406417846677 457.55775451660156
