0 0.2877 310.7252502441406 63.098018646240256 531.5412902832031 162.2983055114746
0 0.1538 298.4458541870117 164.31603240966797 484.04903411865234 241.74923706054688
0 0.0785 378.4458541870117 -15.683972358703603 564.0490341186523 61.749241828918464
0 0.0550 533.062572479248 57.91418838500977 638.7500190734863 107.56403732299803
0 0.0464 493.0625534057617 157.91418838500977 608.1914901733398 207.56403732299805
0 0.0388 253.06254386901855 17.914174079895023 368.191499710083 67.5640516281128
0 0.0380 528.5029220581055 206.70738029479978 581.7808151245117 229.3800525665283
0 0.0323 228.11857223510742 90.09827423095705 312.60263442993164 156.126220703125
0 0.0253 249.03671264648438 66.35844039916992 301.2995910644531 89.72922134399414
0 0.0230 525.6195068359375 111.06686401367188 564.5911407470703 144.99485778808594
0 0.0229 0.0 250.02486038208005 510.9126281738281 531.7499809265137
0 0.0224 574.3924140930176 237.83680725097656 638.7499809265137 287.7470092773437
0 0.0207 588.8584899902344 206.47274780273435 638.75 229.61422729492188
0 0.0201 113.06253433227539 -82.08583068847656 228.19150924682617 -32.43595314025878
0 0.0192 249.83739852905273 155.7621841430664 300.58759689331055 180.32051849365234
0 0.0190 609.4882392883301 485.59597778320307 638.7499809265137 510.43064880371094
0 0.0189 574.3924140930176 -2.163183212280266 638.7499809265137 47.74701881408692
0 0.0184 478.8358688354492 226.49746704101565 531.4793014526367 249.59095764160153
0 0.0178 118.08277130126953 -33.04498863220214 172.16373443603516 -10.870058059692376
0 0.0177 512.6921272277832 -106.99999999999999 638.7499809265137 -37.15076160430907
0 0.0159 208.11857223510742 190.0982360839844 292.60263442993164 256.126220703125
0 0.0150 608.9438056945801 515.6750183105468 638.7499809265137 531.7499999999999
0 0.0148 88.2171630859375 -103.1240243911743 142.04137802124023 -80.79034996032713
0 0.0148 574.3924140930176 357.83680725097656 638.7499809265137 407.7470092773437
0 0.0143 178.6427879333496 76.61875534057619 231.65437698364258 99.46890640258789
0 0.0142 565.4013824462891 111.61373901367188 604.7844696044922 144.4944076538086
0 0.0137 574.3924140930176 297.8368072509765 638.7499809265137 347.7470092773437
0 0.0132 313.06254386901855 -62.085830688476555 428.191499710083 -12.435953140258778
0 0.0124 608.9279937744141 -33.991970539093 638.75 -9.979209423065178
0 0.0122 117.98344135284424 -2.9863853454589764 172.25402355194092 19.070976257324226
0 0.0121 178.80308151245117 -33.486587524414055 231.51006698608398 -10.42582702636718
0 0.0117 198.84174346923828 46.48901271820069 251.47499084472656 69.59872531890869
0 0.0113 534.7527313232422 232.88842010498047 575.3855133056641 263.3344345092773
0 0.0111 27.665367126464844 -102.81257820129393 82.5457763671875 -81.10559654235838
0 0.0108 0.0 103.09801864624023 211.54129028320312 202.2983055114746
0 0.0105 57.56608009338379 -42.7536768913269 112.63562202453613 -21.164516925811764
