0 0.0790 197.32479095458984 58.37238693237307 252.85755157470703 79.7071113586426
0 0.0618 257.22389221191406 58.4261169433594 312.9499816894531 79.65269470214845
0 0.0503 166.20548248291016 78.91514205932619 223.8916015625 99.15218734741212
0 0.0488 156.90847396850586 38.5809316635132 213.24155807495117 59.49414157867434
0 0.0450 216.81535720825195 28.63375091552736 273.3258247375488 49.441436767578146
0 0.0444 17.27015972137451 118.4027900695801 72.90730953216553 139.67651748657227
0 0.0426 126.54935836791992 58.759502410888686 183.5721778869629 79.31244277954103
0 0.0421 17.222824096679688 148.4279479980469 72.9506778717041 169.65105438232422
0 0.0382 27.20283269882202 88.43672180175783 82.96941995620728 109.64186096191406
0 0.0374 237.92644500732422 88.04975891113284 292.30525970458984 110.03500366210939
0 0.0370 457.39749908447266 158.33210372924805 512.7912521362305 179.74769973754886
0 0.0367 7.929019927978516 178.0483283996582 62.30288505554199 200.03647232055667
0 0.0342 447.5392532348633 128.2547416687012 502.66162872314453 149.82593917846683
0 0.0328 97.11706161499023 78.48286056518556 153.04780960083008 99.59526443481447
0 0.0324 457.2555160522461 188.40769195556643 512.9214096069336 209.67108154296875
0 0.0301 27.28048324584961 58.39626693725588 82.8980827331543 79.68296432495119
0 0.0287 277.05718994140625 28.509286880493185 333.10386657714844 49.56765556335451
0 0.0280 87.63856887817383 38.20656204223635 142.56929397583008 59.875740051269545
0 0.0278 166.52320861816406 98.77128982543948 223.59649658203125 119.3002738952637
0 0.0274 0.0 -42.69458627700803 51.22054100036621 -19.216969966888403
0 0.0271 0.0 207.43552589416504 51.389031410217285 230.65343284606936
0 0.0254 0.0 193.88586425781253 638.75 532.75
0 0.0245 48.2082462310791 -22.112871170043924 102.04818725585938 0.199312210083029
0 0.0243 0.0 -72.9031476974487 40.959224700927734 -49.00945758819577
0 0.0230 508.3301544189453 77.81322860717775 561.9375610351562 100.2735939025879
0 0.0229 0.0 -102.57132625579831 51.38249397277832 -79.3399677276611
0 0.0229 0.0 -105.99999999999996 510.9122848510742 175.5149688720703
0 0.0220 498.1332778930664 107.92477035522461 552.1178817749023 130.1603355407715
0 0.0218 186.9647216796875 8.559364318847678 243.1882095336914 29.517253875732443
0 0.0216 87.95207977294922 8.03545379638674 142.28178024291992 30.049518585205096
0 0.0216 397.38037109375 178.3446159362793 452.80616760253906 199.73556900024414
0 0.0213 308.5391616821289 77.68696212768556 361.74755096435547 100.40085220336915
0 0.0213 0.0 -3.117109298706034 50.71018695831299 21.20238685607912
0 0.0211 397.73975372314453 148.1538238525391 452.4760055541992 169.92964172363284
0 0.0206 438.09635162353516 97.94090652465822 492.15274810791016 120.14320755004886
0 0.0204 417.3025131225586 208.38786506652832 472.87715911865234 229.69201469421387
0 0.0197 28.1728458404541 27.897762298584006 82.08270072937012 50.187000274658224
0 0.0197 246.89802169799805 -1.413131713867166 303.2510185241699 19.48820495605471
0 0.0187 507.93853759765625 138.03728485107422 562.2954559326172 160.04675292968753
0 0.0187 77.53737449645996 108.26290512084962 132.66167640686035 129.81884384155276
0 0.0184 598.4187316894531 57.755950927734396 638.75 80.33071899414064
0 0.0171 588.4074592590332 87.76092910766603 638.7499809265137 110.32543563842775
0 0.0169 317.7540969848633 48.14498805999759 372.4631118774414 69.93843936920169
0 0.0167 477.95650482177734 218.03038024902344 532.2783279418945 240.05422973632815
0 0.0165 107.18177795410156 -21.548572540283182 162.9878807067871 -0.37244415283201004
0 0.0162 608.5733795166016 27.239936828613303 638.75 50.78773880004884
0 0.0160 388.05225372314453 117.97817611694337 442.1903610229492 140.10742568969727
0 0.0160 57.51466751098633 -51.72521686553953 112.68257141113281 -30.193253517150854
0 0.0157 267.86643981933594 218.08245086669928 322.36034393310547 240.00177764892578
0 0.0145 258.0613136291504 117.96913528442386 312.1829414367676 140.11597061157227
0 0.0141 77.57087707519531 138.24404144287112 132.6311492919922 159.83786010742188
0 0.0140 5.339840650558472 232.75808715820315 44.8397171497345 265.36260986328125
0 0.0139 608.6325263977051 -92.79767131805417 638.7499809265137 -69.1743812561035
0 0.0139 608.6902046203613 -2.835651397705056 638.7499809265137 20.86370849609377
0 0.0139 137.23717212677002 118.42251205444337 192.93700695037842 139.65690994262698
0 0.0138 508.0483627319336 47.97815704345705 562.1944046020508 70.1071014404297
0 0.0138 608.7932586669922 -32.90170526504514 638.75 -9.069741725921608
0 0.0136 358.270263671875 217.8505554199219 411.9917297363281 240.23619079589847
0 0.0128 207.8385353088379 218.0990447998047 262.38561630249023 239.985107421875
0 0.0128 0.7907342910766602 26.871108055114767 28.802554607391357 71.39359378814699
0 0.0126 448.6408233642578 67.6177444458008 501.6566467285156 90.46957397460939
0 0.0123 518.2597732543945 177.84836196899417 572.0031356811523 200.23712539672852
0 0.0117 277.68330574035645 188.18052673339847 332.5286388397217 209.9018707275391
0 0.0115 216.72382354736328 -21.324468612670874 273.41102600097656 -0.6017360687255642
0 0.0113 307.65212059020996 -1.805015563964823 362.55784034729004 19.886783599853537
0 0.0112 588.6756896972656 117.5928535461426 638.75 140.49415969848636
0 0.0112 608.71826171875 -62.851835250854464 638.75 -39.119735717773416
0 0.0108 608.9445304870605 516.6740837097168 638.7500190734863 532.7500190734863
0 0.0108 197.56996154785156 128.24098968505862 252.6327896118164 149.84037780761722
0 0.0106 267.5687026977539 158.24325942993167 322.6335906982422 179.83833694458008
0 0.0104 67.85763740539551 168.0875244140625 122.36834526062012 189.99666595458984
0 0.0102 338.5421371459961 187.68156433105472 391.74556732177734 210.40575408935547
0 0.0100 608.6776924133301 347.17554473876953 638.7499809265137 370.8529129028321
0 0.0100 318.8745880126953 107.47167968750001 371.44447326660156 130.6166687011719
