0 0.0961 257.0249938964844 -23.471143722534148 313.1327438354492 -2.4517040252685263
0 0.0674 236.02157592773438 -42.995174407958956 294.06055450439453 -22.938650131225558
0 0.0543 216.81177139282227 -3.3678894042968466 273.3299446105957 17.44250488281253
0 0.0540 196.2196159362793 -23.085325241088835 253.87704849243164 -2.8462390899657906
0 0.0386 278.22421073913574 5.875188827514676 332.034273147583 28.21096611022952
0 0.0356 296.4820861816406 -43.20643234252927 353.6338806152344 -22.72201347351071
0 0.0349 175.9497833251953 -42.962673187255824 234.12708282470703 -22.971942901611296
0 0.0293 255.72900772094727 -62.867067337036104 314.3324851989746 -43.07049560546872
0 0.0258 17.398691177368164 16.33572769165042 72.7891731262207 37.74472427368167
0 0.0254 0.0 191.88586425781253 638.75 530.75
0 0.0234 227.54257202148438 26.256763458251978 282.65769958496094 47.82452774047854
0 0.0229 195.74241638183594 -62.873542785644496 254.32018280029297 -43.06396293640134
0 0.0229 0.0 -107.99999999999997 510.9122848510742 173.51496887207034
0 0.0213 17.436962127685547 -13.682373046874972 72.75354385375977 7.763473510742217
0 0.0201 156.71945571899414 -3.319547653198213 213.41436386108398 17.39372444152835
0 0.0186 247.65127182006836 196.19986724853516 302.5575828552246 217.88256835937503
0 0.0181 7.873363494873047 46.0813493728638 62.35337257385254 68.00333690643313
0 0.0162 248.07891845703125 165.95923614501956 302.1668243408203 188.12598419189453
0 0.0146 17.113142013549805 -43.51414251327511 73.05118560791016 -22.407618045806853
0 0.0145 608.2924652099609 215.41297149658206 638.75 238.61304473876956
0 0.0145 608.5572624206543 -34.74962043762204 638.7500190734863 -11.222742080688448
0 0.0139 228.39693069458008 135.77489089965823 281.87646865844727 158.31250381469727
0 0.0137 588.005542755127 35.998332023620634 638.7499809265137 58.08601093292239
0 0.0133 126.95608139038086 -23.435209274291964 183.19589614868164 -2.4880962371825888
0 0.0132 608.9454650878906 514.6737213134767 638.75 530.75
0 0.0131 512.6921272277832 -107.99999999999997 638.7499809265137 -38.150761604309054
0 0.0127 167.04055786132812 26.52220916748049 223.11813354492188 47.555286407470724
0 0.0124 198.0553436279297 215.97510528564456 252.18780517578125 238.11034393310547
0 0.0123 608.5049438476562 -4.717948913574191 638.75 18.74516677856448
0 0.0122 257.8243637084961 226.10655975341797 312.398681640625 247.97743988037112
0 0.0120 0.0 -104.71025276184078 41.19819164276123 -81.20116996765132
0 0.0119 609.5151519775391 484.5738143920898 638.75 509.4524307250976
0 0.0119 587.8724670410156 66.0745544433594 638.75 88.0090255737305
0 0.0118 177.05795288085938 -103.49599409103391 233.1043243408203 -82.4278001785278
0 0.0118 228.09978485107422 55.94742965698245 282.14771270751953 78.13798141479494
0 0.0117 228.04866790771484 105.97893905639651 282.19390869140625 128.10643386840823
0 0.0116 597.8113555908203 186.10850524902344 638.75 207.97461700439453
0 0.0113 307.4546813964844 196.30625915527344 362.73773193359375 217.77468872070312
0 0.0113 77.51199960708618 16.27408218383792 132.68550634384155 37.80709457397463
0 0.0112 188.34409713745117 185.79985809326172 241.92598342895508 208.28631591796875
0 0.0112 196.1020851135254 -83.03577709197994 253.9869499206543 -62.897789955139125
0 0.0112 0.0 -74.70583724975583 41.2045955657959 -51.20563316345212
0 0.0109 0.0 75.4776306152344 51.44625186920166 98.61128997802737
0 0.0109 608.4430122375488 245.32149505615234 638.7499809265137 268.7055130004883
0 0.0105 136.49457931518555 -63.21350383758542 193.6225700378418 -42.71498012542721
0 0.0102 307.49794006347656 166.27988052368164 362.6988220214844 187.80091476440433
0 0.0101 255.9111213684082 -82.94989275932309 314.1640281677246 -62.98590588569638
0 0.0100 287.9799556732178 136.01687622070315 342.25693702697754 158.06788635253906
