0 0.0687 363.35811614990234 -30.439363956451402 426.54613494873047 -12.529527187347398
0 0.0661 406.31237030029297 38.372417449951186 463.79100799560547 58.69716262817384
0 0.0616 352.9954147338867 -50.315703392028794 416.8870162963867 -32.65862369537352
0 0.0592 376.8759536743164 58.10390090942384 433.2699203491211 78.97189712524415
0 0.0554 405.28717041015625 18.82201766967775 464.7431945800781 38.234992980957045
0 0.0540 383.96793365478516 -10.660089492797837 445.9749221801758 7.6995143890381
0 0.0464 345.9016418457031 38.5591278076172 404.1716766357422 58.50574111938477
0 0.0396 343.1212615966797 -70.35984063148497 406.76918029785156 -52.612893819808946
0 0.0364 345.3981018066406 18.777194976806655 404.63951110839844 38.281513214111335
0 0.0329 325.35030364990234 -11.198591232299789 384.6829605102539 8.2573757171631
0 0.0313 418.14537048339844 77.42021179199219 472.1063232421875 99.66535186767578
0 0.0303 294.96718406677246 -41.0408248901367 355.0399112701416 -21.905349731445295
0 0.0301 337.3227310180664 77.87683105468751 392.8586959838867 99.20316314697267
0 0.0284 424.1359329223633 -40.72613859176634 485.8186721801758 -22.232738971710187
0 0.0263 334.5527648925781 -100.89420700073241 395.43128967285156 -82.0604815483093
0 0.0254 0.0 193.38586425781247 638.75 532.25
0 0.0231 445.6810760498047 -1.3483943939208844 504.3775177001953 18.409887313842788
0 0.0229 0.0 -106.49999999999999 510.9122848510742 175.01496887207034
0 0.0196 445.2188491821289 -21.15272903442381 504.80762481689453 -1.7916526794433447
0 0.0196 296.81957244873047 58.1340560913086 353.32141876220703 78.94155120849611
0 0.0185 608.0821418762207 217.03569030761722 638.7499809265137 239.98849487304688
0 0.0184 284.69303131103516 -60.934413909912095 345.2964401245117 -42.01589012145995
0 0.0178 367.9833221435547 207.5103530883789 422.25486755371094 229.57372283935547
0 0.0168 348.0372619628906 177.47932052612305 402.2056579589844 199.60509872436523
0 0.0154 413.85467529296875 -70.62321567535399 476.0822296142578 -52.33976268768309
0 0.0149 286.1291027069092 28.454128265380874 343.96138191223145 48.61297225952149
0 0.0147 394.68849182128906 -100.94981038570401 455.3050994873047 -82.00345957279204
0 0.0136 284.6913146972656 -80.93654060363768 345.29876708984375 -62.014259338378885
0 0.0135 348.50658416748047 107.20635986328128 401.77722930908203 129.88126373291016
0 0.0133 609.0095710754395 516.1241302490234 638.7499809265137 532.25
0 0.0133 526.3661956787109 218.34180450439453 583.7425231933594 238.72747039794925
0 0.0129 266.7730712890625 -21.843389511108384 323.3643341064453 -1.0815181732177588
0 0.0127 608.2445526123047 186.93921661376953 638.75 210.08611297607422
0 0.0121 608.2902336120605 246.91487884521482 638.7500190734863 270.11121368408203
0 0.0118 427.94544219970703 217.53980255126956 482.28771209716797 239.54518890380857
0 0.0106 276.7934799194336 8.139329910278333 333.3472442626953 28.934827804565444
0 0.0105 275.8400344848633 -101.4235254526138 334.2313003540039 -81.51394689083097
0 0.0104 328.8045883178711 147.0076904296875 381.5097427368164 170.07920837402344
0 0.0100 87.75345802307129 197.64302825927732 142.46420860290527 219.44005584716797
