0 0.0728 -8.728945255279541 0.0 59.048464298248284 52.83125877380371
0 0.0568 -60.52484512329101 13.047628402709961 -9.092664718627926 37.03871726989746
0 0.0497 59.68143939971924 2.8899168968200684 110.72444438934325 27.194857597351074
0 0.0472 -74.46622014045715 38.30441355705261 -35.334833860397346 71.77724957466125
0 0.0372 155.80751419067383 387.49279022216797 194.43262100219727 422.52185821533203
0 0.0360 115.55999755859374 8.232560157775879 154.6424865722656 41.843037605285645
0 0.0352 -79.99999999999999 78.18724632263184 -45.36568164825439 111.88458442687988
0 0.0346 195.74390411376953 407.70748138427734 234.48451995849607 442.3245620727539
0 0.0339 290.6001663208007 401.2701416015625 319.0303421020508 448.63433837890625
0 0.0337 15.675544738769531 57.91813611984253 54.541969299316406 92.13120698928833
0 0.0333 115.79996109008789 387.52002716064453 154.43864822387695 422.49683380126953
0 0.0328 235.77465057373044 407.59754180908203 274.4600296020507 442.42557525634766
0 0.0327 135.68084716796875 427.89051055908203 174.53857421875 462.1565628051758
0 0.0326 175.6487274169922 7.995985746383667 214.56489562988278 42.0598042011261
0 0.0319 325.84896087646484 407.31964111328125 364.401741027832 442.6811981201172
0 0.0316 68.11857223510742 57.0982551574707 152.6026344299316 123.126220703125
0 0.0312 -24.534912109374996 58.454933166503906 14.72813606262207 91.63959503173828
0 0.0296 60.33626556396485 32.31593608856201 110.1552963256836 57.75702953338623
0 0.0293 325.9071350097656 367.02423095703125 364.36286926269526 402.9534149169922
0 0.0290 145.61073303222656 348.10150146484375 184.59774017333982 381.9630432128906
0 0.0285 195.6869888305664 367.8879165649414 234.53189849853516 402.15892791748047
0 0.0280 95.63163757324219 428.0300521850586 134.5809555053711 462.0286178588867
0 0.0269 215.6601333618164 7.96785831451416 254.5546722412109 42.085580825805664
0 0.0266 235.6921768188476 367.86571502685547 274.5280838012695 402.1792984008789
0 0.0261 155.65786361694333 47.972049713134766 194.55682754516602 82.08174705505371
0 0.0258 105.5644989013672 348.2238006591797 144.63825225830078 381.8510437011719
0 0.0256 -80.0 118.03009033203125 -45.413670539855964 152.0285987854004
0 0.0254 -79.99999999999999 299.8858642578125 558.75 638.75
0 0.0253 365.77491760253906 387.6060104370117 404.45892333984375 422.4177932739258
0 0.0252 175.43132781982422 448.53759765625 214.75818634033203 481.56402587890625
0 0.0243 215.40713310241696 448.5940170288086 254.77993965148923 481.51248931884766
0 0.0239 255.42526245117188 0.0 294.7624969482422 31.540443897247314
0 0.0239 285.79418182373047 357.5350570678711 324.44377899169916 392.48302459716797
0 0.0237 75.63661575317383 388.0219268798828 114.57609176635742 422.0360565185547
0 0.0231 275.60623168945307 448.0980682373047 314.6031951904297 481.96624755859375
0 0.0227 395.5543899536133 348.25172424316406 434.6469497680664 381.8254852294922
0 0.0226 209.88404273986816 342.7234649658203 260.5467128753662 367.35862731933594
0 0.0226 -24.467563629150387 98.28871726989746 14.668216705322264 131.7916774749756
0 0.0225 159.8283767700195 322.77587890625 210.59425354003903 347.3078155517578
0 0.0222 115.25329589843751 468.9350128173828 154.91973876953125 501.201171875
0 0.0221 25.654821395874023 97.98220634460449 64.55929756164551 132.07242012023926
0 0.0218 315.6015014648437 448.11458587646484 354.60693359375 481.9511032104492
0 0.0214 365.667610168457 427.9362106323242 404.5492172241211 462.1146011352539
0 0.0214 405.62137603759766 388.0765914916992 444.58812713623047 421.9858932495117
0 0.0209 75.25002002716063 468.9447784423828 114.92244243621826 501.19232177734375
0 0.0205 90.64878463745117 121.5888261795044 118.97172927856445 168.37321758270264
0 0.0203 209.3647289276123 313.1220531463623 261.0071277618408 336.9639301300049
0 0.0202 110.02456665039061 322.60597229003906 160.42354583740234 347.4742126464844
0 0.0193 195.62913894653317 48.050880432128906 234.5817756652832 82.00947761535645
0 0.0191 150.66032409667966 91.6696548461914 178.95782470703125 138.3080291748047
0 0.0190 35.23588180541993 468.9755630493164 74.935302734375 501.1642074584961
0 0.0189 120.65811157226561 121.65834903717041 148.96049499511716 168.31780910491943
0 0.0187 65.27576446533202 348.8848876953125 104.89940643310547 381.2469482421875
0 0.0185 55.47637939453124 428.43433380126953 94.71738815307616 461.65843963623047
0 0.0180 -4.755554199218752 468.95511627197266 34.92769241333008 501.18289947509766
0 0.0179 60.67403316497802 131.78117752075195 88.9414072036743 178.22067260742188
0 0.0177 325.7918167114257 327.5411605834961 364.44591522216797 362.47737884521484
0 0.0173 188.86881828308103 283.4710121154785 241.45062446594238 306.61672592163086
0 0.0172 235.47271728515625 48.44789743423462 274.72023010253906 81.64600133895874
0 0.0170 25.24960517883301 508.9493942260742 64.922456741333 541.1880874633789
0 0.0167 280.677490234375 311.80370330810547 308.9372253417969 358.2022476196289
0 0.0167 65.22135257720947 509.0088653564453 104.94832515716551 541.1338806152344
0 0.0165 405.6008529663086 428.12618255615234 444.6065902709961 461.9404983520508
0 0.0164 109.59577560424805 502.9555892944336 160.80041885375977 527.1297836303711
0 0.0164 -20.24063110351562 612.806396484375 30.660152435302734 637.2746276855469
0 0.0161 15.341701507568361 548.7496948242188 54.838447570800774 581.3702392578125
0 0.0159 15.560531616210938 138.22622299194336 54.64250564575195 171.84885025024414
0 0.0158 180.68599700927734 91.86929702758789 208.92704010009766 138.1505012512207
0 0.0158 159.6788215637207 482.88890838623047 210.7274055480957 507.19547271728516
0 0.0157 309.1139221191406 0.0 558.75 140.70279121398926
0 0.0157 129.5942115783691 612.9437255859375 180.80450057983398 637.139892578125
0 0.0155 -79.99999999999999 488.4676742553711 -45.26935100555419 521.6279220581055
0 0.0154 29.33088302612305 622.6577568054199 81.13801956176756 638.7500190734863
0 0.0149 355.4087829589843 468.59790802001953 394.7776794433594 501.50890350341797
0 0.0149 129.76802825927734 292.82249450683594 180.64781188964844 317.26158142089844
0 0.0148 219.69326019287107 482.8744888305664 270.7152938842773 507.20935821533203
0 0.0148 -80.0 622.6966857910156 -28.821220397949215 638.75
0 0.0145 385.4521179199219 308.4991931915283 424.7384643554687 341.5990734100342
0 0.0143 215.47039031982422 98.45728874206543 254.72190856933594 131.63739204406738
0 0.0142 105.11661529541016 529.2183685302734 145.04524230957028 560.9430694580078
0 0.0142 -80.0 528.5313034057617 -45.24471282958985 561.5697860717773
0 0.0141 189.642972946167 612.9030990600586 240.76199531555173 637.1797561645508
0 0.0141 55.38505554199219 548.6574172973633 94.79862213134766 581.4545059204102
0 0.0141 -79.31879520416258 151.85222625732422 -51.06709480285644 198.1668472290039
0 0.0140 -79.2794895172119 442.1723937988281 -51.114153861999505 487.91709899902344
0 0.0140 -24.532861709594727 138.45648288726807 14.72566604614258 171.6381597518921
0 0.0139 15.398712158203125 428.62308502197266 54.78660583496093 461.4858627319336
0 0.0137 290.67836761474604 261.8075370788574 318.93619537353516 308.1988334655762
0 0.0136 155.4549217224121 138.48952770233154 194.73623275756836 171.60793781280518
0 0.0136 59.66798782348632 322.8976821899414 110.7369041442871 347.18685150146484
0 0.0135 435.4944992065429 338.40030670166016 474.70020294189453 371.68949127197266
0 0.0134 365.49743652343744 198.39141845703125 404.69779968261713 231.6976547241211
0 0.0133 -14.87351655960083 509.1964340209961 25.036346912384033 540.963020324707
0 0.0132 -14.759228229522703 578.9650726318359 24.930832386016842 611.1737823486328
0 0.0132 350.7417678833008 602.3963737487793 378.8607406616211 638.7500190734863
0 0.0131 249.5573806762695 162.98664093017578 300.8340835571289 187.0992660522461
0 0.0130 245.30033111572266 268.8343620300293 284.87674713134766 301.2930107116699
0 0.0130 259.8543167114258 612.7235794067383 310.5778121948242 637.3556137084961
0 0.0126 395.3557586669922 468.7162780761719 434.8258972167969 501.4007568359375
0 0.0126 95.43445587158203 168.53378295898438 134.75502014160156 201.56749725341797
0 0.0126 320.74657440185547 602.4420928955078 348.85501861572266 638.75
0 0.0125 35.42170524597168 588.5725784301758 74.76559638977051 621.5320205688477
0 0.0125 255.19100189208984 119.06998634338379 294.9763870239258 151.0781764984131
0 0.0123 -80.0 572.5327301025391 -39.63517665863038 597.5447082519531
0 0.0123 380.74169158935547 602.3945808410645 408.8608169555664 638.7499809265137
0 0.0122 320.69053649902344 261.90441131591797 348.9215850830078 308.12278747558594
0 0.0121 285.467300415039 228.46014022827148 324.725112915039 261.6348075866699
0 0.0121 35.30269622802734 388.8340377807617 74.87407684326172 421.29329681396484
0 0.0121 275.33821105957026 488.7565231323242 314.84169006347656 521.3640213012695
0 0.0121 -45.038862228393555 469.50965881347656 -4.809455871582033 500.6781768798828
0 0.0120 205.28849601745603 138.86301517486572 244.8872089385986 171.26683712005615
0 0.0120 259.76638793945307 82.82184600830078 310.64964294433594 107.26198196411133
0 0.0118 495.47071456909174 604.7563171386719 558.7500190734862 638.75
0 0.0118 85.21244049072267 609.0063667297363 124.95864868164061 638.7499809265137
0 0.0118 365.50506591796875 238.37238311767578 404.6910095214844 271.71504974365234
0 0.0117 99.57277297973631 562.9755020141602 150.8203315734863 587.1104049682617
0 0.0115 145.06704330444333 529.313850402832 185.09138107299802 560.8562088012695
0 0.0115 445.465087890625 388.46927642822266 484.7267150878907 421.62647247314453
0 0.0114 178.82383346557617 253.50255966186523 231.4907646179199 276.5854072570801
0 0.0114 85.20156860351564 289.04643058776855 124.96688842773436 321.0996723175049
0 0.0110 315.3406143188476 488.7523651123047 354.8394393920898 521.3677978515625
0 0.0110 325.58441162109375 228.1747055053711 364.6204376220703 261.8960189819336
0 0.0109 -80.0 0.0 -61.06853246688842 37.82167434692383
0 0.0109 235.12705802917478 509.1937255859375 275.03598213195795 540.9654998779297
0 0.0109 285.3076934814453 188.82471084594727 324.86938476562494 221.30178451538086
0 0.0107 -40.56854248046875 553.0738067626953 10.94752311706543 577.0119476318359
0 0.0106 109.70659255981444 262.8712463378906 160.7019996643066 287.21343994140625
0 0.0106 355.3180694580078 158.80502223968506 394.85961914062494 191.31975650787354
0 0.0106 355.27763366699213 508.88858795166016 394.8969268798828 541.2435531616211
0 0.0105 185.0469970703125 509.3524932861328 225.11001586914062 540.8209991455078
0 0.0104 350.7263946533203 282.2150135040283 378.87878417968744 327.88317680358887
0 0.0104 410.73764801025385 602.3588562011719 438.86562347412104 638.75
0 0.0104 275.31688690185547 48.80377531051636 314.8611068725586 81.3209080696106
0 0.0104 135.3065490722656 178.82522583007812 174.87060546874997 211.3013458251953
0 0.0102 199.7518253326416 172.8333282470703 250.66252708435056 197.2506332397461
0 0.0101 -24.762039184570312 428.9649200439453 14.934024810791016 461.17393493652344
0 0.0101 55.24822235107422 178.94054412841797 94.92490768432617 211.19617462158203
