0 0.0741 197.47390747070312 -20.70122241973877 252.7194595336914 0.7827425003051747
0 0.0637 157.04614162445068 -40.480213165283196 213.11289310455322 -19.442176818847653
0 0.0604 186.4415168762207 -60.188913345336914 243.67177963256836 -39.740228652954094
0 0.0598 257.44314193725586 -20.683512687683105 312.74736404418945 0.7649946212768546
0 0.0514 157.07351684570312 -80.4976749420166 213.08853149414062 -59.42502021789551
0 0.0448 117.54226684570312 -60.73980331420899 172.6572036743164 -39.178409576416016
0 0.0429 216.5668487548828 -80.25186538696289 273.55674743652344 -59.676475524902344
0 0.0428 246.2786102294922 -50.11299133300781 303.8225555419922 -29.8179817199707
0 0.0418 137.6103973388672 -10.778217315673826 192.5951385498047 10.86027145385742
0 0.0336 97.93766021728516 -90.95970153808594 152.29570388793945 -68.95589828491211
0 0.0328 316.88880920410156 -20.401577949523926 373.2579040527344 0.47764301300048934
0 0.0279 188.3832550048828 8.77704620361328 241.89022064208984 31.30939483642578
0 0.0271 276.55009269714355 -70.24443626403807 333.572359085083 -49.68417167663574
0 0.0264 249.17407989501953 8.269386291503904 301.17515563964844 31.818847656249996
0 0.0254 0.0 134.8858642578125 638.75 473.75
0 0.0254 87.98232078552246 -30.982704162597656 142.25438117980957 -8.93226623535156
0 0.0250 306.4977264404297 -50.21740913391114 363.62022399902344 -29.711427688598633
0 0.0241 187.51497268676758 -110.73074340820314 242.6835060119629 -89.18853759765625
0 0.0229 307.9520797729492 9.038352966308594 362.2811508178711 31.047058105468754
0 0.0229 0.0 -165.0 510.9122848510742 116.51496887207031
0 0.0196 257.30628967285156 -100.62240600585938 312.87559509277344 -79.29893493652342
0 0.0181 57.75752067565918 -60.85931777954101 112.46050834655762 -39.057598114013665
0 0.0176 127.40233898162842 19.332103729248047 182.78622150421143 40.74811935424804
0 0.0172 366.9252014160156 -40.42559623718262 423.2257080078125 -19.498891830444336
0 0.0169 366.837158203125 -0.3803062438964832 423.30650329589844 20.455188751220707
0 0.0164 512.6921272277832 -165.0 638.7499809265137 -95.15076160430908
0 0.0163 337.10205078125 -70.51631927490234 393.0632019042969 -49.40673828124999
0 0.0149 608.2848358154297 228.4172439575195 638.75 251.60869598388672
0 0.0142 608.6221504211426 258.21117401123047 638.7499809265137 281.81705474853516
0 0.0139 609.1409301757812 287.8605270385742 638.75 312.1683120727539
0 0.0138 98.39171409606934 -121.22761249542235 151.88244819641113 -98.68582248687744
0 0.0134 608.2653045654297 198.42845916748047 638.75 221.59725189208984
0 0.0126 78.03250312805176 -1.0131835937500013 132.2089672088623 21.098251342773438
0 0.0123 37.63734579086304 -90.7943344116211 92.57076501846313 -69.12361145019533
0 0.0122 268.61496925354004 168.63685607910156 321.6794490814209 191.4508056640625
0 0.0118 511.90391540527344 -75.15819549560547 638.75 24.6270751953125
0 0.0115 317.7984619140625 -100.8874988555908 372.42431640625 -79.02994155883788
0 0.0109 407.4528503417969 -20.69612503051758 462.74017333984375 0.7765579223632816
0 0.0108 608.2443237304688 168.44081878662107 638.75 191.5847396850586
0 0.0108 407.6166534423828 -60.78458786010742 462.59010314941406 -39.13373947143555
0 0.0107 328.2913589477539 168.83762359619138 381.97261810302734 191.24919891357422
0 0.0106 608.5083770751953 28.280429840087884 638.75 51.746883392333984
0 0.0102 356.9884490966797 29.54730987548828 413.1663513183594 50.529518127441406
