0 0.0373 597.7490425109863 -23.358659744262695 638.7499809265137 -1.5589046478271484
0 0.0329 597.3655700683594 16.842565536499023 638.75 38.235998153686516
0 0.0326 337.13253021240234 56.97410583496094 393.0337905883789 78.10401916503906
0 0.0295 98.42520713806152 36.24961853027344 151.85254096984863 58.83672714233399
0 0.0254 0.0 192.3858642578125 638.75 531.25
0 0.0249 297.3031997680664 76.88634872436523 352.8767776489258 98.19337844848633
0 0.0249 296.86378479003906 37.10812091827392 353.28155517578125 57.967257499694824
0 0.0245 98.83419036865234 5.992145538330078 151.4822006225586 29.0953254699707
0 0.0243 607.713623046875 46.241302490234375 638.75 68.77910614013673
0 0.0238 597.6986694335938 -53.333730697631836 638.75 -31.58462524414062
0 0.0229 0.0 -107.5 510.9122848510742 174.01496887207034
0 0.0215 376.7994689941406 37.1397590637207 433.3409118652344 57.93498992919922
0 0.0202 88.00647735595703 66.49969100952148 142.23318099975586 88.58491897583008
0 0.0192 98.61420631408691 -23.86087417602539 151.67973518371582 -1.0512161254882806
0 0.0188 336.8738555908203 17.101554870605472 393.272705078125 37.973690032958984
0 0.0186 257.27378845214844 56.90288543701171 312.9035186767578 78.17676544189453
0 0.0173 515.450439453125 167.7497673034668 574.5922088623047 187.30871200561523
0 0.0168 377.4597930908203 76.8050765991211 432.7326965332031 98.27613830566406
0 0.0159 608.2583427429199 215.9332275390625 638.7500190734863 239.09248352050776
0 0.0158 515.9233474731445 187.5457000732422 574.1524124145508 207.51880645751953
0 0.0156 0.0 216.01963043212888 51.50983810424805 239.068717956543
0 0.0147 297.99320220947266 106.51134490966797 352.24437713623047 128.57379913330078
0 0.0147 516.3731002807617 207.34036445617673 573.7357711791992 227.72929191589353
0 0.0145 537.1974563598633 -23.061904907226562 592.9746627807617 -1.859779357910156
0 0.0143 78.14207077026367 96.42284393310547 132.1091651916504 118.66279602050783
0 0.0138 515.6064224243164 147.67786026000977 574.4484329223633 167.3817253112793
0 0.0136 67.76740789413452 136.63082122802732 122.45245218276978 158.45169067382812
0 0.0133 0.0 115.9360122680664 51.39415740966797 139.15252685546875
0 0.0132 37.887868881225586 36.56620502471924 92.34169006347656 58.51752758026123
0 0.0127 237.95616149902344 86.53339385986328 292.2779846191406 108.55163574218749
0 0.0126 266.8676280975342 17.10502624511719 323.27832221984863 37.970218658447266
0 0.0125 27.76179313659668 76.6385269165039 82.4565601348877 98.44463348388672
0 0.0124 328.5420227050781 216.18461608886722 381.7450714111328 238.90312194824222
0 0.0123 587.4151802062988 186.82388305664062 638.7499809265137 208.2562255859375
0 0.0123 456.06700897216797 207.48527526855466 514.0182113647461 227.58155822753903
0 0.0123 258.41129302978516 156.26043319702148 311.86466217041016 178.82619857788086
0 0.0122 455.8591079711914 187.57785797119138 514.2111587524414 207.4864959716797
0 0.0122 159.18686389923096 15.757856369018555 211.16424083709717 39.32997703552246
0 0.0121 149.01475429534912 55.87202072143554 201.3196039199829 79.21548843383789
0 0.0121 248.4394073486328 216.2444686889648 301.83887481689453 238.8424301147461
0 0.0119 308.4406566619873 186.24588012695312 361.83728218078613 208.84136199951172
0 0.0119 248.31192016601562 126.32406234741211 301.9541931152344 148.7626838684082
0 0.0115 536.4274597167969 17.313394546508793 593.6858367919922 37.756624221801765
0 0.0114 0.0 185.77709197998047 51.18563652038574 209.31110382080078
0 0.0114 608.9352416992188 515.1815032958986 638.75 531.25
0 0.0114 308.5730743408203 136.16416931152344 361.71714782714844 158.92353057861328
0 0.0113 248.34566116333008 186.30197525024414 301.923885345459 208.7846565246582
0 0.0112 0.0 245.9189224243164 51.36667251586914 269.17003631591797
0 0.0112 455.9265899658203 167.54611968994143 514.1490173339844 187.51873016357422
0 0.0110 607.7754974365234 76.20838165283203 638.75 98.81282806396484
0 0.0110 608.5235595703125 -94.23129081726074 638.75 -70.74163913726807
0 0.0110 608.4543037414551 245.81508636474607 638.7499809265137 269.21207427978516
0 0.0110 138.43428134918213 86.24534606933594 191.84403896331787 108.84120941162108
0 0.0109 387.8687286376953 216.5827178955078 442.3578643798828 238.50173950195307
0 0.0109 38.244943618774414 6.358585357666016 92.01630592346191 28.727035522460938
0 0.0108 417.22843170166016 56.923904418945305 472.9457473754883 78.15494537353516
0 0.0108 546.3567733764648 37.35111713409424 603.750114440918 57.718844413757324
0 0.0107 0.0 145.87820053100583 51.31463050842285 169.21049118041992
0 0.0105 367.93506622314453 186.54470443725586 422.29740142822266 208.54009628295898
0 0.0103 506.5253448486328 227.27104187011722 563.5943603515625 247.80067443847653
0 0.0102 0.0 -104.59854125976561 40.73464870452881 -80.31628608703613
0 0.0101 138.42985153198242 156.25205993652344 191.84717178344727 178.83506774902344
0 0.0100 496.91871643066406 -2.9208946228027335 553.2313537597656 17.996559143066406
