0 0.0570 227.19173431396484 -22.557241439819325 282.9795455932617 -1.364233016967766
0 0.0451 267.1224594116211 -42.52016258239745 323.04290771484375 -21.401702880859368
0 0.0444 418.3352279663086 56.8102149963379 471.93294525146484 79.27664566040039
0 0.0415 227.02428817749023 7.52771186828614 283.1337547302246 28.549211502075202
0 0.0383 187.40169525146484 -42.663261413574205 242.78579711914062 -21.255857467651357
0 0.0365 246.60823822021484 37.73149776458741 303.5177230834961 58.341095924377456
0 0.0357 357.1815490722656 47.4454574584961 412.989501953125 68.63259124755861
0 0.0331 216.79508209228516 57.642658233642585 273.3448028564453 78.43214797973634
0 0.0330 286.41273498535156 17.824676513671882 343.6983871459961 38.24587631225586
0 0.0325 296.9364929199219 57.57183837890625 353.2145690917969 78.50426483154298
0 0.0319 286.6674518585205 -12.297336578369134 343.4630870819092 8.370502471923835
0 0.0312 417.4948501586914 27.28507804870606 472.70084381103516 48.79623222351075
0 0.0285 187.31582641601562 27.37660217285157 242.86590576171875 48.702743530273445
0 0.0270 168.05538177490234 -13.024150848388665 222.18761444091797 9.10969543457032
0 0.0255 346.7760467529297 17.648847579956062 403.3631134033203 38.42529106140137
0 0.0254 0.0 192.88586425781247 638.75 531.75
0 0.0247 207.81919479370117 87.11212921142578 262.40278244018555 108.97225189208984
0 0.0229 0.0 -107.00000000000001 510.9122848510742 174.5149688720703
0 0.0229 226.95735931396484 -62.43925762176513 283.1955337524414 -41.48455333709716
0 0.0228 337.58777618408203 77.23646926879883 392.61531829833984 98.84577560424805
0 0.0199 429.5064926147461 86.0256462097168 480.8791732788086 110.06071853637695
0 0.0171 417.3793029785156 -2.6568622589111253 472.8076171875 18.736722946167
0 0.0164 267.8757858276367 87.07993316650392 322.35118865966797 109.00475311279297
0 0.0159 346.7860412597656 -12.35606384277343 403.3538818359375 8.430297851562507
0 0.0139 157.8091287612915 57.118270874023445 212.4118947982788 78.96611022949219
0 0.0129 369.3622589111328 216.12767028808597 421.00852966308594 239.9588470458984
0 0.0128 608.9398384094238 515.6777839660645 638.7499809265137 531.7499809265137
0 0.0126 326.57508850097656 -42.25284051895141 383.5484313964844 -21.674947261810296
0 0.0124 199.51385498046875 116.02017211914061 250.87261199951172 140.06615447998047
0 0.0122 512.6921272277832 -106.99999999999999 638.7499809265137 -37.15076160430907
0 0.0116 187.12249755859375 -102.52635192871094 243.04431915283203 -81.39645767211913
0 0.0114 478.4394836425781 56.747081756591804 531.8382263183594 79.3401985168457
0 0.0111 417.60498046875 -32.77697753906249 472.60047912597656 -11.14125442504882
0 0.0111 609.4074249267578 485.65945434570307 638.75 510.36785888671864
0 0.0104 339.03472900390625 186.3621597290039 391.30088806152344 209.72584533691406
0 0.0103 167.18690872192383 -72.55168628692626 222.9832649230957 -51.36935901641844
0 0.0103 609.2671012878418 -34.23423719406127 638.7500190734863 -9.737667560577384
0 0.0100 609.2187309265137 365.8023529052734 638.7500190734863 390.22602844238276
