0 0.4776 264.4970693588257 11.889209970831871 318.15996551513666 27.06480212509632
0 0.4389 156.02773213386536 12.601984664797783 203.0728437900543 26.503155007958412
0 0.3891 16.717256695032127 13.133581727743149 66.62535080313683 27.921751141548157
0 0.3655 211.69784450531006 11.936769355088472 262.33330154418945 27.445062529295683
0 0.3098 73.88086402416229 12.460082303732634 121.43604242801668 27.36658649519086
0 0.2325 10.139776110649116 164.12825882434845 28.180075526237495 209.5811516046524
0 0.1830 285.8277537822723 49.30585436522961 320.4405286312103 66.16725213825703
0 0.1484 281.36405134201044 35.650432109832764 318.99681472778315 52.59808897972107
0 0.1440 189.9796404838562 58.599503710865974 229.84298849105832 73.20178858935833
0 0.1408 156.9862642288208 28.705716133117676 198.28298473358154 42.47784614562988
0 0.1242 208.82609272003174 28.215385042130947 254.2254605293274 41.689240373671055
0 0.1225 161.8067600727081 234.9054515361786 191.53421902656555 259.136438369751
0 0.1185 96.25743114948274 58.82594920694828 136.550647854805 73.23231361806393
0 0.1098 10.740471720695504 96.98789939284325 28.204349517822276 144.1524662077427
