0 0.1754 7.801961898803711 174.12137985229492 62.4186372756958 195.96281051635742
0 0.1401 7.8371381759643555 144.09923553466797 62.38703727722168 165.9848403930664
0 0.1335 18.09825897216797 203.95416259765625 72.14780807495117 226.13208770751953
0 0.0873 38.844642639160156 313.48522186279297 91.47279739379883 336.60228729248047
0 0.0829 8.022909164428711 113.99396896362303 62.21735954284668 136.09128952026367
0 0.0803 28.80268096923828 233.51863861083982 81.50935173034668 256.5696334838867
0 0.0721 48.61515998840332 343.63391876220703 101.67988777160645 366.4533615112304
0 0.0705 67.6075005531311 184.22395706176758 122.59763479232788 205.8581733703613
0 0.0672 28.7921142578125 283.51966857910156 81.5201473236084 306.5677642822265
0 0.0657 8.1494140625 83.92206192016602 62.101688385009766 106.16411209106445
0 0.0492 98.84020805358887 313.4932327270508 151.47568702697754 336.59496307373047
0 0.0483 67.10079431533813 154.48879241943357 123.06333303451538 175.58883666992185
0 0.0467 77.5882339477539 214.2363739013672 132.61484146118164 235.84590911865234
0 0.0380 4.995450973510742 339.45362091064453 45.15768051147461 370.72910308837885
0 0.0376 8.076171875 53.96488189697265 62.16839790344238 76.12092971801756
0 0.0359 88.7971305847168 283.52249145507807 141.51430130004883 306.5658569335937
0 0.0346 38.61967086791992 373.63338470458984 91.67529106140137 396.4542007446289
0 0.0312 78.58014106750488 253.66355895996094 131.70992851257324 276.4247131347656
0 0.0273 0.774381160736084 232.69638061523435 28.821873664855957 277.52258300781244
0 0.0267 108.54538440704346 343.6810302734375 161.74232006072998 366.40655517578125
0 0.0254 0.0 219.8858642578125 638.75 558.75
0 0.0229 0.0 -79.99999999999999 510.9122848510742 201.51496887207028
0 0.0222 405.72425842285156 7.765159606933594 444.5013427734375 42.27161407470703
0 0.0213 66.95921897888184 124.55739974975585 123.19437980651855 145.51843643188477
0 0.0203 0.7908916473388672 282.87147521972656 28.802361488342285 327.3931884765625
0 0.0200 365.45013427734375 8.48752975463867 404.7418212890625 41.60980224609375
0 0.0197 608.8647270202637 -66.94953918457031 638.7500190734863 -43.02178382873535
0 0.0189 369.7221374511719 152.85717010498047 420.6886291503906 177.22713470458984
0 0.0183 499.13673400878906 313.2920837402344 551.2093353271484 336.7957305908203
0 0.0173 359.527587890625 183.0040740966797 410.86158752441406 207.08137512207028
0 0.0158 405.6800842285156 -32.09725379943848 444.53826904296875 2.145328521728516
0 0.0157 369.45430755615234 123.0635452270508 420.92578887939453 147.0229721069336
0 0.0154 0.0 23.5593318939209 51.56487464904785 46.52897834777831
0 0.0154 379.4744110107422 213.04283142089844 430.90911865234375 237.0427703857422
0 0.0154 319.76451873779297 152.82213211059567 370.6515121459961 177.26156234741208
0 0.0153 445.68016052246094 -2.093982696533203 484.5378875732422 32.14231491088867
0 0.0151 325.08544921875 9.270830154418945 365.0749969482422 40.89533805847167
0 0.0150 0.0 379.1325378417969 35.0050687789917 411.02119445800776
0 0.0148 608.8924407958984 -36.96744918823242 638.75 -13.003730773925781
0 0.0146 350.29293060302734 -17.650299072265625 400.19397735595703 7.723340988159181
0 0.0143 448.6648941040039 293.60328674316406 501.6347122192383 316.4842224121094
0 0.0142 574.3924140930176 64.83682632446288 638.7499809265137 114.74702835083006
0 0.0140 400.3972625732422 42.240915298461914 450.106201171875 67.82839775085448
0 0.0138 309.5014190673828 193.0260467529297 360.8843994140625 217.05986022949216
0 0.0138 608.8470649719238 303.0621337890625 638.7499809265137 326.9664764404297
0 0.0137 488.73828887939453 233.56093406677243 541.5673446655273 256.52733802795404
0 0.0136 98.69998931884766 373.5846328735351 151.60215377807617 396.5034866333007
0 0.0132 508.98597717285156 283.3967590332031 561.3442993164062 306.69151306152344
0 0.0132 379.14127349853516 243.282356262207 431.20662689208984 266.8045425415039
0 0.0130 609.0491485595703 32.923240661621094 638.75 57.10542678833008
0 0.0129 498.92398834228516 343.43345642089844 551.4011001586914 366.6541290283203
0 0.0129 349.6488952636719 42.90692329406738 400.7549285888672 67.17700004577637
0 0.0128 415.1289367675781 179.19517517089844 455.0337219238281 210.9641647338867
0 0.0127 559.4317626953125 323.08135986328125 610.9455871582031 347.0054626464844
0 0.0127 608.6979484558105 273.1614685058594 638.7500190734863 296.8669128417969
0 0.0126 319.04858589172363 223.34921836853025 371.2891674041748 246.73829078674314
0 0.0126 438.5675811767578 323.66485595703125 491.72271728515625 346.42242431640625
0 0.0125 429.4741439819336 233.0499267578125 480.9079360961914 257.0366668701172
0 0.0120 419.5756530761719 142.97359466552734 470.8177185058594 167.11231231689453
0 0.0119 608.949146270752 -7.006537914276123 638.7499809265137 17.03535795211792
0 0.0118 574.3924140930176 124.83682632446288 638.7499809265137 174.74702835083008
0 0.0117 325.0611877441406 119.32516098022461 365.09681701660156 150.84589004516602
0 0.0116 458.8955307006836 263.45458984374994 511.42627716064453 286.63330078125
0 0.0115 608.8744926452637 343.04389953613276 638.7500190734863 366.9847869873047
0 0.0115 608.4763336181641 243.30093383789062 638.75 266.72630310058594
0 0.0111 38.83256912231445 403.4983825683594 91.4825439453125 426.5898132324219
0 0.0109 445.4831314086914 -41.57306671142578 484.7105026245117 -8.334846496582031
0 0.0107 538.6119079589844 253.63975524902344 591.6819763183594 276.44805908203125
0 0.0107 548.6388397216797 223.61839294433594 601.6585540771484 246.46884918212888
0 0.0105 548.780517578125 -76.46705627441405 601.5293884277344 -53.44469785690307
0 0.0105 359.41455841064453 93.09135437011719 410.9614944458008 116.99516296386719
0 0.0104 608.7232208251953 183.14355850219727 638.75 206.88470840454102
0 0.0104 328.82659912109375 -76.49788618087769 381.4879608154297 -53.4139323234558
0 0.0103 608.5578918457031 213.24846267700195 638.75 236.77896499633786
0 0.0101 67.60893821716309 94.21655654907227 122.59783744812012 115.86458206176758
0 0.0100 0.0 -77.02157020568846 40.82095146179199 -52.892251014709466
