0 0.4977 -28.054145812988267 171.31603240966797 157.54903411865234 248.74923706054688
0 0.4434 -35.77474975585936 250.09803771972656 185.0412902832031 349.2982864379883
0 0.3941 -35.77474975585936 370.09803771972656 185.0412902832031 469.2982482910156
0 0.3061 -13.437465667724597 484.91416931152344 101.69150924682617 534.5640563964844
0 0.2219 -35.77474975585936 50.098018646240234 185.0412902832031 149.2983055114746
0 0.2077 21.61857223510743 537.0982360839844 106.10263442993164 603.126220703125
0 0.1365 -20.62461280822752 536.3872528076172 17.955919265747085 573.5427093505859
0 0.1335 -85.74195289611814 164.44351196289062 -27.87801170349119 256.5264129638672
0 0.1294 -50.622161865234354 466.6851043701172 -12.073291778564437 503.2670593261719
0 0.1274 101.61857223510744 477.0982360839844 186.10263442993164 543.126220703125
0 0.0908 -20.669588088989244 577.3610687255859 17.91891670227052 612.6431274414062
0 0.0898 48.74776458740235 618.3925628662109 88.47978210449219 638.75
0 0.0867 -70.65486216545104 427.2653579711914 -32.08892369270323 462.73128509521484
0 0.0846 109.419189453125 546.8424224853516 147.86569213867188 583.121337890625
0 0.0846 -60.792218685150125 507.7424621582031 -21.977869510650617 542.2926330566406
0 0.0757 8.717475891113295 618.4701538085938 48.506389617919936 638.75
0 0.0722 99.25075149536134 597.6638793945312 137.98087692260742 632.3646545410156
0 0.0698 -70.58956527709958 126.60760879516602 -32.10332298278807 163.33852767944336
0 0.0630 -70.6341209411621 387.1643829345703 -32.10315132141112 422.82432556152344
0 0.0613 -60.61166191101073 346.76395416259766 -22.092260360717756 383.19408416748047
0 0.0603 -106.49999999999997 127.04428195953369 -72.07714939117429 162.93530941009521
0 0.0571 -70.57412528991698 254.91886138916016 -32.660478591918924 314.8652648925781
0 0.0542 -106.49999999999997 447.5568389892578 -72.02621364593503 482.46315002441406
0 0.0524 -61.01914787292479 548.3856964111328 -21.7829074859619 581.7030334472656
0 0.0524 -31.342455387115464 618.6152839660645 8.559721469879165 638.7499809265137
0 0.0491 164.22525024414062 170.09801864624023 385.04129028320307 269.2983055114746
0 0.0471 -106.49999999999997 407.47230529785156 -72.04078340530394 442.5408935546875
0 0.0471 -100.70431256294249 487.53116607666016 -62.057564496994 522.4866104125977
0 0.0457 149.16547393798828 547.9395294189453 188.0513153076172 582.1115875244141
0 0.0444 139.02640914916992 598.3156204223633 178.17241287231445 631.7670059204102
0 0.0430 -105.9593286514282 251.02863311767578 -77.39704036712645 298.8582229614258
0 0.0388 191.36460876464847 34.587135314941406 356.8403778076172 165.88314056396484
0 0.0374 179.22928428649902 417.7552032470703 217.9966220855713 452.2807312011719
0 0.0358 174.34407806396484 451.7121124267578 223.24006652832028 478.3351135253906
0 0.0349 -76.80076980590819 582.8653335571289 -25.789083480834947 607.2178268432617
0 0.0334 174.01326751708984 340.83621978759766 202.63589477539062 389.0146255493164
0 0.0330 -106.49999999999997 528.1880950927734 -71.86036491394042 561.8838500976562
0 0.0300 -106.49999999999997 367.4660873413086 -72.041877746582 402.5466537475586
0 0.0295 184.36341857910153 391.6745376586914 233.2269058227539 418.3699417114258
0 0.0295 178.84584999084473 598.7427139282227 218.3344326019287 631.3766098022461
0 0.0284 183.91397094726562 290.51344871520996 212.75735473632812 339.3369388580322
0 0.0283 -71.48121738433836 618.9195442199707 -31.314095497131333 638.7499809265137
0 0.0283 -106.49999999999997 181.38652801513672 -87.39037179946897 228.62903594970703
0 0.0282 183.98664093017578 492.15484619140625 233.52944946289065 517.9122924804688
0 0.0266 -106.49999999999999 87.54948616027832 -72.02872180938719 122.46991157531738
0 0.0257 183.71530151367188 522.4314880371094 233.75897979736325 547.6445770263672
0 0.0244 -105.89985990524289 311.32129669189453 -77.46930742263793 358.60111236572266
0 0.0233 204.0271244049072 340.8994674682617 232.61902427673337 388.9577865600586
0 0.0227 219.41949462890625 274.91031646728516 257.3391876220703 334.86045837402344
0 0.0225 218.97634124755862 418.4446716308594 258.2164535522461 451.64894104003906
0 0.0215 -70.76825046539305 87.72273063659668 -32.00313472747801 122.31060981750488
0 0.0197 188.7993869781494 548.8411331176758 228.37708091735837 581.2868118286133
0 0.0194 223.6572036743164 452.4878692626953 273.8084945678711 477.5897979736328
0 0.0190 218.68669128417966 609.06005859375 258.4822998046875 638.75
0 0.0181 234.17150115966797 371.76822662353516 262.4445114135742 418.23184967041016
0 0.0172 -105.74899578094481 562.4624633789062 -77.6504030227661 607.6976013183594
0 0.0168 282.61308288574224 498.5731315612793 532.25 638.7500190734863
0 0.0151 259.4763717651367 275.00892639160156 297.3151168823242 334.79137420654297
0 0.0137 374.31422805786127 0.0 532.2499809265136 83.77708435058594
0 0.0131 -105.82621002197263 41.79389953613281 -77.55821132659909 88.21273803710938
0 0.0129 233.48348236083982 482.6426315307617 283.95909881591797 507.43839263916016
0 0.0124 -106.49999999999997 619.0325927734375 -71.26062297821044 638.75
0 0.0119 263.3841094970703 402.7224349975586 314.046875 427.35950469970703
0 0.0117 249.37352752685547 337.18517303466797 287.8862533569336 372.80506134033203
0 0.0115 233.4501419067383 512.6706695556641 283.98831939697266 537.4108123779297
0 0.0110 228.67929077148438 569.0873718261719 268.4878692626953 601.0623168945312
0 0.0109 263.8642272949219 372.27420806884766 313.6342010498047 397.79613494873047
0 0.0109 247.84864044189453 0.0 360.3692398071289 34.74421501159668
0 0.0102 264.2573699951172 602.5421905517578 292.3421630859375 638.75
