0 0.2100 15.931973457336426 68.54564285278322 74.14350986480713 88.51958847045898
0 0.1945 16.28819465637207 48.38346099853516 73.81344795227051 68.6858139038086
0 0.1928 15.820541381835938 88.59647369384766 74.24656867980957 108.46765136718749
0 0.1684 16.049222946166992 108.49666213989258 74.03388023376465 128.57051467895508
0 0.1184 26.16729736328125 28.43713378906251 83.92589569091797 48.63046264648439
0 0.1085 26.278257369995117 128.3937797546387 83.82126808166504 148.67629623413086
0 0.1005 75.30256509780884 58.812957763671875 134.72955465316772 78.24380493164062
0 0.0914 75.03542900085449 78.92274475097658 134.97849464416504 98.13050842285158
0 0.0654 74.85133171081543 98.99707412719727 135.1501750946045 118.05377578735352
0 0.0594 8.20643424987793 -2.615903854370103 62.05075263977051 19.701734542846694
0 0.0579 85.49450874328613 38.73405075073243 144.55042839050293 58.32549667358399
0 0.0411 0.0 156.4427719116211 50.77850818634033 180.64317321777344
0 0.0411 588.8351440429688 16.993776321411147 638.75 40.094018936157234
0 0.0378 599.0160942077637 -13.124927520751937 638.7500190734863 10.21298980712892
0 0.0332 569.122428894043 46.804858207702644 621.2215042114258 70.28341388702393
0 0.0319 348.1970977783203 57.39350891113283 402.05841064453125 79.69285583496095
0 0.0316 599.4873046875 -43.461641311645494 638.75 -19.45211791992186
0 0.0315 85.07580757141113 118.9081916809082 144.94038581848145 138.1459007263184
0 0.0287 85.72752952575684 18.6329803466797 144.3340015411377 38.42933273315431
0 0.0285 529.3300628662109 16.659236907959 581.0355377197266 40.42855834960939
0 0.0278 348.91910552978516 86.9425735473633 401.40430450439453 110.14585113525392
0 0.0274 0.0 -33.19631958007811 51.21915340423584 -9.715332031249984
0 0.0265 574.3924140930176 158.3368263244629 638.7499809265137 208.24702835083008
0 0.0254 0.0 193.38586425781247 638.75 532.25
0 0.0252 538.8413238525391 -13.00945663452147 591.4750671386719 10.097366333007825
0 0.0234 56.52083396911621 148.28002548217773 113.59686851501465 168.7927207946777
0 0.0232 569.0912246704102 76.8248519897461 621.2498092651367 100.26326751708986
0 0.0230 347.77854919433594 27.628274917602553 402.44140625 49.45484733581544
0 0.0229 0.0 -106.49999999999999 510.9122848510742 175.01496887207034
0 0.0220 574.3924140930176 -101.66318321228025 638.7499809265137 -51.75297164916991
0 0.0213 135.3708839416504 58.78293609619143 194.66630935668945 78.27447509765626
0 0.0208 329.0951919555664 116.82130432128905 381.24645233154297 140.2667007446289
0 0.0204 135.40494441986084 78.769775390625 194.63430881500244 98.28828430175783
0 0.0202 554.9872207641602 -47.04301977157591 595.1665878295898 -15.773951053619372
0 0.0196 288.3163070678711 77.3199806213379 341.9504928588867 99.76657485961914
0 0.0193 525.328254699707 42.284337043762214 564.8501968383789 74.83861064910889
0 0.0177 66.6926383972168 -1.8110885620117045 123.44022750854492 18.88427352905275
0 0.0177 287.9073238372803 47.559844017028816 342.32293128967285 69.52468967437744
0 0.0176 609.4232368469238 216.1424407958984 638.7499809265137 240.8841094970703
0 0.0161 589.0995979309082 126.82038879394533 638.7499809265137 150.26788330078125
0 0.0160 539.7394180297852 136.34372329711914 590.6733322143555 160.74042892456055
0 0.0159 0.0 -63.45559501647948 40.89846611022949 -39.45762062072752
0 0.0158 408.3560562133789 57.29400253295899 461.9148635864258 79.79240036010744
0 0.0156 277.7355098724365 -102.34982156753539 332.4812412261963 -80.567645072937
0 0.0155 135.70466995239258 98.64184951782227 194.35548782348633 118.42002487182617
0 0.0152 339.1896057128906 216.75592041015625 391.16180419921875 240.33189392089847
0 0.0142 287.74349212646484 17.649284362792983 342.47314453125 39.433837890625014
0 0.0140 469.1244125366211 36.79702854156495 521.2211227416992 60.29032802581788
0 0.0139 18.500957489013672 187.2051773071289 71.78336143493652 209.8817596435547
0 0.0136 268.4997081756592 107.2095069885254 321.78372383117676 129.87792587280273
0 0.0136 608.9961051940918 516.1348876953125 638.7500190734863 532.25
0 0.0134 525.2265548706055 82.49337768554688 564.9440383911133 114.6479949951172
0 0.0133 388.6146545410156 117.13918304443361 441.6792297363281 139.94878387451172
0 0.0131 329.2548370361328 146.7094955444336 381.103515625 170.37808990478516
0 0.0130 408.57295989990234 87.16025924682619 461.71810150146484 109.9268684387207
0 0.0130 27.863352298736572 217.58317565917972 82.36337423324585 239.5009002685547
0 0.0130 337.8947067260742 -2.4376907348632666 392.3354721069336 19.521461486816417
0 0.0129 498.87264251708984 -43.03081178665159 551.4470291137695 -19.88135480880736
0 0.0128 227.50150680541992 57.77886962890626 282.6953315734863 79.30211639404297
0 0.0125 0.0 -93.57697629928586 40.759644508361816 -69.33765077590941
0 0.0122 145.826678276062 38.585253715515144 204.2429780960083 58.47757434844972
0 0.0119 348.79344940185547 177.02115631103516 401.51844024658203 200.06661987304688
0 0.0119 535.4592895507812 161.98228454589844 574.7319793701172 195.11453247070312
0 0.0117 469.1832733154297 66.75263977050783 521.1690521240234 90.33414459228517
0 0.0114 408.19480895996094 27.389446258544933 462.0616912841797 49.696098327636726
0 0.0113 519.2359924316406 -73.28221225738524 571.1214447021484 -49.63085079193113
0 0.0112 620.7308769226074 46.36318302154542 638.7500190734863 90.96568202972414
0 0.0112 478.8365173339844 -3.005956649780259 531.4793395996094 20.093923568725597
0 0.0111 278.9944362640381 216.8911895751953 331.33667945861816 240.19708251953122
0 0.0106 389.3956756591797 226.60657501220706 440.97801208496094 250.4802474975586
0 0.0104 609.467601776123 366.1103591918945 638.7500190734863 390.9161911010742
0 0.0104 88.8547134399414 226.98529815673828 141.4622688293457 250.1031265258789
0 0.0103 277.941255569458 -72.4595203399658 332.291898727417 -50.455736160278306
0 0.0101 268.9980697631836 136.8878517150879 321.3336181640625 160.20030593872073
0 0.0100 609.6953582763672 485.91950988769526 638.75 511.1038360595702
0 0.0100 217.9203987121582 87.55197143554689 272.31103897094727 109.53260040283203
