0 0.1406 317.0195484161377 -3.4730510711669638 373.13883781433105 17.54944038391116
0 0.1114 295.979700088501 -22.98064994812009 354.10048484802246 -2.9543476104736053
0 0.0832 326.3309860229492 -43.13757705688474 383.7741470336914 -22.792852401733374
0 0.0726 286.46366119384766 16.79948997497561 343.6515426635742 37.27142524719241
0 0.0717 255.86219787597656 -2.923057556152315 314.2081832885742 16.987506866455107
0 0.0676 96.66566848754883 26.708213806152372 153.46363067626953 47.365676879882834
0 0.0659 108.53849411010742 205.68494987487793 161.7486572265625 228.40255928039548
0 0.0599 357.11910247802734 -23.518913269042937 413.0460739135742 -2.403057098388644
0 0.0555 265.65443992614746 -42.835259914398165 324.4019412994385 -23.103323459625212
0 0.0550 106.21009349822998 6.919080734252957 163.88588428497314 27.149259567260767
0 0.0496 235.96797943115234 -22.970464706420866 294.110107421875 -2.963884353637666
0 0.0492 167.82442092895508 216.1073989868164 222.39843368530273 237.97675323486325
0 0.0461 87.7802848815918 56.13440704345705 142.43824005126953 77.94978332519534
0 0.0433 106.14675521850586 -13.051803588867157 163.94451141357422 7.119438171386746
0 0.0405 108.75350952148438 235.54831695556646 161.55420303344727 258.5395736694336
0 0.0382 326.1277389526367 -63.04634380340573 383.96289825439453 -42.88674640655515
0 0.0380 357.8439712524414 16.095106124877958 412.38086700439453 37.98896980285647
0 0.0361 108.39004516601562 175.77771377563477 161.8830108642578 198.30945205688477
0 0.0315 106.11379623413086 -33.036742687225306 163.97504806518555 -12.895985126495331
0 0.0297 167.96491622924805 186.02467727661133 222.27083206176758 208.05985641479495
0 0.0291 226.8474578857422 16.61927413940432 283.2958984375 37.45644760131838
0 0.0281 265.88897705078125 -62.93860721588131 324.1842269897461 -42.99722003936764
0 0.0257 37.275521755218506 36.3997383117676 92.90245294570923 57.679588317871115
0 0.0255 227.6519775390625 216.19830322265625 282.5572204589844 237.88394165039062
0 0.0254 0.0 191.88586425781253 638.75 530.75
0 0.0252 46.96537256240845 6.556560516357451 103.18818807601929 27.51967620849612
0 0.0247 297.6438522338867 46.20307159423831 352.56458282470703 67.87917327880862
0 0.0229 0.0 -107.99999999999997 510.9122848510742 173.51496887207034
0 0.0221 78.50849390029907 85.70525360107425 131.77549123764038 108.3823699951172
0 0.0203 160.19906997680664 242.01808166503912 230.22390365600586 272.07347106933594
0 0.0203 147.0531415939331 46.513721466064474 203.1070375442505 67.56356430053712
0 0.0202 268.3081817626953 135.82041931152347 321.9588851928711 158.2654495239258
0 0.0199 166.5285873413086 -3.2289009094237993 223.5909652709961 17.30090332031253
0 0.0194 227.77658462524414 186.13013458251956 282.44306564331055 207.9531021118164
0 0.0194 206.21545791625977 -43.085659027099574 263.88147354125977 -22.846305847167937
0 0.0191 98.0402946472168 145.98527145385742 152.2011947631836 168.10029220581058
0 0.0191 588.0673027038574 95.96276473999025 638.7500190734863 118.12192153930665
0 0.0190 166.1888885498047 -23.071353912353487 223.9055633544922 -2.8605728149413774
0 0.0186 64.84405279159546 211.72549438476562 105.2998948097229 242.48217773437503
0 0.0186 27.501850128173828 66.27898406982423 82.6949405670166 87.80204010009768
0 0.0179 278.61427307128906 165.63014221191406 331.68163299560547 188.45648956298828
0 0.0178 116.1505937576294 -53.05669593811032 173.94172191619873 -32.876127243041964
0 0.0177 87.90987968444824 116.05601501464847 142.32108116149902 138.0282135009766
0 0.0173 268.0062484741211 105.99568557739259 322.2343063354492 128.0883140563965
0 0.0165 7.932806015014648 96.04695510864259 62.29926109313965 118.0379981994629
0 0.0163 47.110445499420166 -23.51743507385251 103.05474996566772 -2.40506935119626
0 0.0163 298.3268451690674 75.81391525268558 351.9408702850342 98.27271652221683
0 0.0160 217.85072326660156 156.09082412719727 272.3748016357422 177.99321365356445
0 0.0158 588.1908416748047 65.89268875122072 638.75 88.19298934936525
0 0.0157 137.56812572479248 76.24440383911136 192.63393878936768 97.83730697631837
0 0.0155 158.04455280303955 155.98012161254883 212.19790935516357 178.10506057739258
0 0.0150 316.2546157836914 -83.1069593429565 373.8460159301758 -62.825081825256305
0 0.0146 328.83384704589844 105.50097656250003 381.4806365966797 128.5877151489258
0 0.0146 608.8946533203125 -34.97019338607785 638.75 -11.001158237457245
0 0.0146 39.434053897857666 514.5665473937989 91.0486388206482 530.7499809265137
0 0.0144 528.5453796386719 75.67702484130862 581.7432403564453 98.40995025634767
0 0.0143 237.70668029785156 46.17348861694339 292.5059509277344 67.90993881225587
0 0.0143 588.0745124816895 125.95927429199222 638.7499809265137 148.12556457519534
0 0.0136 608.9758110046387 514.6505851745605 638.7500190734863 530.7500190734863
0 0.0134 512.6921272277832 -107.99999999999997 638.7499809265137 -38.150761604309054
0 0.0133 0.0 15.23392868041995 41.131839752197266 38.853981018066435
0 0.0131 329.38480377197266 135.11859130859378 380.98690032958984 158.9688415527344
0 0.0126 147.56959915161133 126.24318313598634 202.6326560974121 147.83845138549808
0 0.0126 608.4664154052734 165.30686569213867 638.75 188.72025680541992
0 0.0125 256.58302307128906 -83.25870800018306 313.54156494140625 -62.66931819915768
0 0.0124 0.0 420.3876419067383 34.70442295074463 453.70116424560547
0 0.0123 288.62586975097656 195.62282752990725 341.671142578125 218.4638423919678
0 0.0122 357.88707733154297 46.071788787841825 412.34127044677734 68.01270675659183
0 0.0121 207.83918380737305 126.09851074218753 262.38508224487305 147.9856414794922
0 0.0120 0.0 125.57183456420901 51.57691955566406 148.5169334411621
0 0.0115 528.4908294677734 105.7123489379883 581.7923736572266 128.37466430664065
0 0.0115 90.63482284545898 261.5930862426758 159.8031234741211 292.47183990478516
0 0.0114 10.712249279022217 484.0962142944336 38.89568567276001 529.9751968383789
0 0.0113 609.1082000732422 344.88272857666016 638.75 369.14603424072266
0 0.0113 237.80895233154297 76.11008834838869 292.41390228271484 97.97307205200198
0 0.0112 608.3528137207031 35.37581157684329 638.75 58.65050983428957
0 0.0111 49.14849281311035 185.2855796813965 101.19841575622559 208.80246353149417
0 0.0110 286.9538116455078 -103.44446468353269 343.20045471191406 -82.48046207427974
0 0.0110 0.0 -14.841773986816376 41.036152839660645 8.92939758300784
0 0.0110 508.3454132080078 135.8019943237305 561.9241333007812 158.28459930419922
0 0.0109 608.6748504638672 -4.826696395873994 638.75 18.854562759399442
0 0.0105 609.6130561828613 484.4916458129883 638.7499809265137 509.53322601318354
0 0.0105 99.47129249572754 514.5345611572266 151.01616859436035 530.7500000000001
0 0.0104 358.0075454711914 76.00239944458009 412.23148345947266 98.08270645141604
0 0.0104 608.4676361083984 195.30645561218262 638.75 218.72070503234866
0 0.0103 0.0 -44.94310188293454 40.91411590576172 -20.970085144042937
