0 0.0749 375.1039505004883 15.893676757812507 434.9148941040039 35.160301208496094
0 0.0654 364.9269485473633 35.96685695648194 425.0796127319336 55.08502292633057
0 0.0554 375.26344299316406 -4.171068191528312 434.7660827636719 15.22729682922364
0 0.0366 375.2592468261719 -24.16808319091796 434.76966857910156 -4.775554656982414
0 0.0359 314.7770690917969 16.02756309509278 375.2192687988281 35.02244758605958
0 0.0324 344.8955535888672 55.98137664794922 405.10841369628906 75.07038879394531
0 0.0313 609.6914482116699 -27.082216262817372 638.7500190734863 -1.8950290679931563
0 0.0311 304.6875762939453 36.06495189666748 365.3022766113281 54.984219551086426
0 0.0297 315.26612281799316 -4.170858383178704 374.76325035095215 15.227334976196298
0 0.0284 508.56273651123047 -35.83727312088012 561.7282485961914 -13.076190471649161
0 0.0254 0.0 190.38586425781244 638.75 529.2499999999999
0 0.0241 315.58640480041504 -24.30444908142089 374.46478843688965 -4.634725570678703
0 0.0238 599.7946929931641 -56.694871902465806 638.75 -32.22079467773436
0 0.0229 0.0 -109.49999999999999 510.9122848510742 172.0149688720703
0 0.0217 426.15604400634766 35.44300842285156 483.93611907958984 55.62458801269532
0 0.0216 375.33313751220703 -44.20018625259399 434.7011947631836 -24.74270772933959
0 0.0215 436.1880111694336 -24.57546424865722 493.90743255615234 -4.357187271118155
0 0.0212 436.1859893798828 -4.5745487213134695 493.9093780517578 15.641859054565439
0 0.0207 436.09874725341797 15.465572357177741 493.9900588989258 35.60080337524415
0 0.0193 315.34122467041016 75.80086517333984 374.6925735473633 95.257080078125
0 0.0193 285.2396297454834 55.84393310546875 344.78699684143066 75.21282958984375
0 0.0190 348.1789779663086 214.40140533447266 402.0754623413086 236.68442535400393
0 0.0184 609.7023010253906 2.905776977539069 638.75 28.11646270751954
0 0.0181 316.3499927520752 155.35143661499023 373.75704765319824 175.7180290222168
0 0.0179 518.8286209106445 -6.015312194824212 571.4896011352539 17.101200103759773
0 0.0175 406.4852523803711 55.29001998901368 463.6314010620117 75.7812385559082
0 0.0173 0.0 -106.18813705444336 51.22903823852539 -82.7234239578247
0 0.0171 197.5847625732422 54.7378044128418 252.6181411743164 76.34440231323242
0 0.0168 436.31080627441406 -44.63397216796874 493.79417419433594 -24.29759216308593
0 0.0166 511.90391540527344 60.34180450439453 638.75 160.1270751953125
0 0.0156 315.77174186706543 -44.385158538818345 374.2926502227783 -24.551794052124016
0 0.0151 337.59117126464844 184.73057556152344 392.61314392089844 206.3510971069336
0 0.0148 570.7291412353516 -47.254499912261956 598.8755035400391 -1.6393752098083414
0 0.0145 306.12659454345703 135.45237350463867 363.9644241333008 155.61423110961914
0 0.0143 236.8358612060547 35.125144004821784 293.30657958984375 55.95050144195557
0 0.0142 286.05968475341797 95.48891830444337 344.0249252319336 115.5779151916504
0 0.0142 287.5471878051758 214.7572784423828 342.6527786254883 236.3245086669922
0 0.0138 256.1972999572754 15.425746917724618 313.89753341674805 35.64257431030274
0 0.0136 147.9339838027954 34.54499530792237 202.29848384857178 56.539767265319824
0 0.0135 376.07349395751953 75.47793197631836 434.0132522583008 95.58829116821289
0 0.0134 0.0 -76.41048622131346 40.951828956604004 -52.50230979919432
0 0.0131 237.27439880371094 74.90313339233398 292.90283203125 96.17659378051759
0 0.0130 18.13870906829834 14.429109573364263 72.11126804351807 36.65714073181153
0 0.0126 575.2654266357422 -109.49999999999999 638.75 -74.62511253356934
0 0.0126 57.85769462585449 -105.41924190521239 112.36981391906738 -83.49758338928221
0 0.0123 276.4046096801758 115.32902526855469 333.70574951171875 135.74150848388672
0 0.0123 197.5612449645996 94.74781799316408 252.64032363891602 116.33377838134766
0 0.0122 256.5005111694336 -4.716531753540031 313.6171340942383 15.788076400756843
0 0.0122 276.51256561279297 175.27937698364258 333.6056137084961 195.79256820678714
0 0.0121 167.6845359802246 -105.32211017608641 222.52801895141602 -83.595778465271
0 0.0120 197.30737686157227 14.883935928344732 252.87298202514648 36.19579124450684
0 0.0116 508.48724365234375 -65.7883138656616 561.7961883544922 -43.12509250640868
0 0.0114 408.20030212402344 214.38702392578128 462.05650329589844 236.6986541748047
0 0.0113 148.01799774169922 74.49694442749023 202.22179412841797 96.5883140563965
0 0.0112 346.22631072998047 95.41319656372072 403.8705062866211 115.65558242797853
0 0.0110 227.2150993347168 214.9306945800781 282.9580497741699 236.14804077148438
0 0.0109 378.3173370361328 154.31542205810547 431.95045471191406 176.77056121826172
0 0.0106 256.59862518310547 155.23800659179688 313.5261535644531 175.83477783203125
0 0.0104 375.7705307006836 -64.38967418670653 434.29500579833984 -44.548108100891106
0 0.0104 608.9161682128906 513.1959419250488 638.75 529.2499809265136
