0 0.0754 306.017071723938 566.6831452846527 354.2235345840454 590.4558856487274
0 0.0752 228.7242397069931 538.6132550239563 278.4243689775467 561.1581444740295
0 0.0722 362.837277173996 548.0052931308746 412.08664727211 570.8902308940887
0 0.0677 229.44347727298737 566.7475290298462 277.78746235370636 590.3928880691528
0 0.0639 190.25223433971405 445.2585389614105 278.76419842243195 482.3043258190155
0 0.0639 358.97060465812683 572.4438672065735 396.64359498023987 603.848762512207
0 0.0584 186.88704371452332 514.9614758491516 224.48240876197815 546.5718884468079
0 0.0573 371.7193522453308 443.28307056427 422.2602639198303 465.2381830215454
0 0.0563 410.5262625217438 528.969554901123 460.00938391685486 551.6764798164368
0 0.0558 200.53590524196625 386.8519034385681 287.60840928554535 425.8718090057373
0 0.0535 397.1882121562958 572.5179541110992 434.9228503704071 603.7810957431793
0 0.0535 186.9096418619156 572.2944896221161 224.46097791194916 603.9852268695831
0 0.0533 314.8758008480072 538.5520083904266 364.4067814350128 561.219318151474
0 0.0531 229.19298255443573 509.5780463218689 278.00735199451447 532.8155808448792
0 0.0523 362.23783349990845 510.1700119972229 412.6242241859436 532.2266063690186
0 0.0519 310.8555557727814 591.7249020338058 349.15720868110657 610.8047057390213
0 0.0507 238.19266283512115 481.30676078796387 288.0705131292343 503.7152223587036
0 0.0500 224.79241740703583 591.72636115551 263.0952740907669 610.8047057390213
0 0.0497 181.5063865184784 547.7279505729675 230.08375811576843 571.1643633842468
0 0.0483 362.0967364311218 472.010586977005 412.7517514228821 493.88581252098083
0 0.0471 272.5905176997185 591.7571486234665 310.9209335446358 610.8047057390213
0 0.0469 162.2723354101181 423.50358152389526 211.0546771287918 446.7650456428528
0 0.0465 148.6653369963169 572.2806644439697 186.20590290427208 603.9978847503662
0 0.0459 148.4701566696167 448.40352988243103 186.38317251205444 479.28781056404114
0 0.0456 391.3916323184967 414.2199926376343 440.89437890052795 436.9251666069031
0 0.0455 152.62704393267632 375.7578363418579 201.5649371445179 398.886812210083
0 0.0437 314.46848702430725 443.20274591445923 364.7731668949127 465.3187265396118
0 0.0420 266.95784282684326 423.8707695007324 316.6898903846741 446.400119304657
0 0.0414 199.88504576683044 357.030775308609 249.87284088134766 379.36591601371765
0 0.0390 339.7319755554199 410.1072392463684 377.62449073791504 441.0801615715027
0 0.0380 286.6139540076256 509.5390148162842 335.3422899842262 532.8538098335266
0 0.0380 419.9034540653229 500.4120261669159 469.7379319667816 522.8594462871552
0 0.0373 110.41357237100601 572.2847864627838 147.95748513936996 603.9941275119781
0 0.0362 435.2535603046417 553.7811169624329 473.3423273563385 584.3020763397217
0 0.0355 148.64426636695862 495.82440161705017 186.22540497779846 527.4579412937164
0 0.0344 305.315133869648 471.61337757110596 354.84266728162766 494.2830219268799
0 0.0337 419.7302927970886 462.2784640789032 469.89372968673706 484.49300837516785
0 0.0334 286.5397029519081 394.84150671958923 335.4090995192528 418.05117201805115
0 0.0319 464.02620005607605 524.911883354187 501.9521291255951 555.7802596092224
0 0.0316 416.31299328804016 381.25234150886536 454.04967427253723 412.5453951358795
0 0.0314 142.71355676651 347.330242395401 192.3147211074829 369.94144892692566
0 0.0297 426.4145293235779 291.5774209499359 462.6696181297302 348.8931806087494
0 0.0296 190.30056774616241 328.35381746292114 240.3310421705246 350.6672902107239
0 0.0289 133.86956477165222 547.5783905982971 182.11794090270996 571.3111510276794
0 0.0279 257.641606092453 356.7559862136841 306.90753722190857 379.63888120651245
0 0.0272 549.2627459764481 138.50021517276764 610.8046692609787 186.22684586048126
0 0.0269 278.0655891895294 547.7738399505615 304.85852909088135 590.4076251983643
0 0.0267 119.72057104110718 419.8365168571472 157.75359964370728 450.4905481338501
0 0.0263 439.1568567752838 433.3784430027008 488.7491934299469 456.01686215400696
0 0.0260 378.0692675113678 381.2504081726074 415.79281640052795 412.54710960388184
0 0.0247 190.69777715206146 299.38526326417923 239.97574603557587 322.2595311999321
0 0.0245 72.22796295583248 572.1263988018036 109.65015305578709 604.1390182971954
0 0.0245 110.19446700811386 371.960435628891 148.1564546227455 402.7359387874603
0 0.0244 335.3167827129364 364.96205019950867 362.3810098171234 409.5781252384186
0 0.0231 435.1356632709503 591.7934807538986 473.49940180778503 610.8047057390213
0 0.0229 0.0 0.0 488.5598723888397 269.19868898391724
0 0.0218 549.2627459764481 195.87521517276764 610.8046692609787 243.60184586048126
0 0.0210 133.00955843925476 318.73970103263855 182.87938356399536 341.1570632457733
0 0.0210 243.88008213043213 324.5103449821472 282.20818161964417 354.59356784820557
0 0.0208 86.25769400596619 547.3989186286926 134.13156831264496 571.4866833686829
0 0.0206 454.5105743408203 400.49341464042664 492.34735107421875 431.56438994407654
0 0.0203 110.29234671592712 515.1890988349915 148.06685543060303 546.3639636039734
0 0.0199 388.1881670951843 282.05633264780045 424.4090394973755 339.2997016310692
0 0.0197 534.3867083787918 75.29491138458252 610.8046692609787 135.00944888591766
0 0.0196 412.0048999786377 355.3942244052887 458.7511467933655 380.95752596855164
0 0.0194 550.293870806694 578.298228263855 610.8047057390213 610.8046875
0 0.0193 94.9611908197403 452.471853017807 144.44912731647491 475.174254655838
0 0.0189 459.620600938797 345.7739067077637 486.70394253730774 390.5036473274231
0 0.0185 473.7904965877533 572.2778921127319 511.3309986591339 604.0004382133484
0 0.0185 190.62908899784088 270.75343787670135 240.03582537174225 293.51748740673065
0 0.0184 490.2618466615677 0.0 610.8046692609787 66.79333421587944
0 0.0182 489.5081191062927 277.1612620353699 610.8046875 372.5808906555176
0 0.0181 306.6851670742035 346.2985339164734 333.62668204307556 390.09348821640015
0 0.0180 426.36528396606445 255.48392987251282 463.19694471359253 289.5683562755585
0 0.0180 335.299929857254 317.0293550491333 362.4012916088104 361.8622555732727
0 0.0179 239.10758686065674 298.9007619023323 287.2631993293762 322.7367369532585
0 0.0178 435.453058719635 180.41711568832397 473.1599006652832 211.75357818603516
0 0.0176 473.622661113739 486.59089708328247 511.4834403991699 517.5949716567993
0 0.0174 95.4239330291748 490.37046003341675 144.03854870796204 513.7722916603088
0 0.0174 364.0024952888489 336.2604696750641 391.07066202163696 380.90171456336975
0 0.0174 85.69449126720428 347.06387972831726 134.6236023902893 370.20540404319763
0 0.0172 72.17434023320675 514.8884103298187 109.69741035997868 546.6386797428131
0 0.0171 142.64521059393883 289.9975113272667 192.37715783715248 312.5235963463783
0 0.0168 343.64176511764526 165.55681836605072 393.02449893951416 188.33903396129608
0 0.0166 306.63457202911377 288.4985647201538 333.6871991157532 333.0486145019531
0 0.0164 511.7027099132538 591.6481522321701 549.9382646083832 610.8047057390213
0 0.0164 81.5032280087471 400.6520941257477 119.47274833917618 431.41964507102966
0 0.0163 425.95103931427 218.5337154865265 463.54224586486816 250.12545132637024
0 0.0162 489.5081191062927 391.9112620353699 610.8046875 487.3308906555176
0 0.0159 549.2627459764481 521.0001969337463 610.8046692609787 568.72682762146
0 0.0158 248.45441043376923 270.40306627750397 297.01281344890594 293.86362755298615
0 0.0157 354.38801407814026 259.4146943092346 381.5708677768707 304.6841275691986
0 0.0157 38.95444571971893 575.997631072998 65.85385590791702 610.8046875
0 0.0155 502.56634640693665 524.2470710277557 539.9398519992828 556.3877284526825
0 0.0152 334.1604652404785 136.80929830670357 383.38977241516113 159.7110798060894
0 0.0152 397.02147102355957 161.67787098884583 435.0762405395508 192.27674746513367
0 0.0152 199.75299525260925 242.37058424949646 249.9913945198059 264.5263259410858
0 0.0151 435.49212670326233 142.08201241493225 473.1241886615753 173.58131289482117
0 0.0149 330.19307684898376 190.1467945575714 368.03765988349915 221.16345405578613
0 0.0145 301.51733189821243 161.42974734306335 339.3397909998894 192.502947807312
0 0.0144 133.04961133003235 261.33475255966187 182.8439633846283 283.811646938324
0 0.0143 267.2346017360687 241.9845553636551 316.44264221191406 264.91027557849884
0 0.0142 199.49834203720093 213.84557569026947 250.22182631492615 235.67567789554596
0 0.0139 325.77930665016174 240.84199011325836 352.7885248661041 285.1134206056595
0 0.0138 392.6827726364136 231.0227394104004 419.76684379577637 275.7547781467438
0 0.0137 267.0545461177826 213.4264794588089 316.60354685783386 236.09397161006927
0 0.0137 75.86704896390438 318.5734705924988 125.29680754244328 341.3223452568054
0 0.0134 382.244033575058 193.97480034828186 430.96235632896423 217.29324316978455
0 0.0134 473.8637080192566 180.03903901576996 511.26544761657715 212.09926235675812
0 0.0132 57.024245381355286 375.73372435569763 105.9217118024826 398.9098298549652
0 0.0131 190.10852909088135 185.04544973373413 240.5036745071411 207.1008403301239
0 0.0130 142.25420701503754 204.19957745075226 192.7284733057022 226.1969314813614
0 0.0128 142.45797336101532 232.75307536125183 192.54476988315582 255.01857948303223
0 0.0128 469.17358016967773 250.0774462223053 496.27793312072754 294.93562602996826
0 0.0128 469.6139795780182 113.90654557943344 534.8837034702301 144.31513434648514
0 0.0126 52.679008305072784 448.7404775619507 90.91147148609161 478.980920791626
0 0.0124 277.0320932865143 136.61683559417725 325.79692554473877 159.90115320682526
0 0.0124 582.4591326713562 251.3805695772171 610.8046875 274.5842524766922
0 0.0124 247.8175402879715 184.8207814693451 297.5782231092453 207.32536268234253
0 0.0123 382.13003969192505 127.12570488452911 431.06329107284546 150.26828706264496
0 0.0122 10.232758954167366 566.1001167297363 37.20694001019001 610.1349506378174
0 0.0119 132.4911370575428 175.63816380500793 183.34768411517143 197.38272500038147
0 0.0118 478.1893837451935 145.893917709589 526.3069131374359 169.7446025311947
0 0.0112 324.6019048690796 108.11892110109329 373.8236975669861 131.02645701169968
0 0.0111 84.82252013683319 223.36149322986603 135.40459728240967 245.28501570224762
0 0.0107 5.370256394147873 533.6739456653595 42.64197000861168 566.0743997097015
0 0.0107 477.467045545578 89.09313225746155 526.9438197612762 111.80299365520477
0 0.0104 464.33491373062134 218.20119988918304 501.6733274459839 250.42969644069672
0 0.0102 180.68004941940308 156.27012884616852 230.8202497959137 178.50130712985992
0 0.0101 75.38603353500366 251.968230843544 125.72813987731934 274.05353343486786
