0 0.0497 95.94366073608398 -101.4671149253845 154.134521484375 -81.4687314033508
0 0.0410 155.5815887451172 -101.31358528137206 214.4720458984375 -81.62748241424558
0 0.0324 36.80879354476929 -101.87121295928952 93.33383798599243 -81.0549392700195
0 0.0321 115.25077819824219 -81.16093540191649 174.77663040161133 -61.782201766967766
0 0.0277 357.5666046142578 -102.25939655303954 412.63641357421875 -80.65960788726805
0 0.0273 175.31492233276367 -81.19173431396482 234.71792221069336 -61.75125026702879
0 0.0271 216.46331787109375 -101.70863533020017 273.65386962890625 -81.2217559814453
0 0.0254 0.0 193.38586425781247 638.75 532.25
0 0.0250 0.0 -83.2807626724243 41.1093807220459 -59.63102722167967
0 0.0229 0.0 -106.49999999999999 510.9122848510742 175.01496887207034
0 0.0221 297.17601776123047 -102.05548191070554 352.99549102783203 -80.86710596084593
0 0.0184 175.6551170349121 -61.334289550781236 234.40095901489258 -41.60407447814939
0 0.0168 116.0266637802124 -61.493844032287576 174.05497074127197 -41.439341545104966
0 0.0167 56.79837226867676 -71.85735607147215 113.34137916564941 -51.06754207611082
0 0.0163 0.0 -53.267644882202134 41.12691879272461 -29.644178390502915
0 0.0153 357.47264862060547 -62.20407867431639 412.72144317626953 -40.71493530273436
0 0.0149 417.99869537353516 -102.49709033966063 472.24056243896484 -80.41852378845213
0 0.0145 512.6921272277832 -106.49999999999997 638.7499809265137 -36.65076160430907
0 0.0144 236.3256072998047 -81.63686060905455 293.77952575683594 -61.29391217231749
0 0.0126 196.2598991394043 -41.604885101318345 253.84000778198242 -21.326374053955064
0 0.0123 608.9229011535645 516.1908683776855 638.7499809265137 532.2500190734862
0 0.0122 574.3924140930176 158.3368263244629 638.7499809265137 208.24702835083008
0 0.0120 296.8002986907959 -71.86123275756835 353.34031105041504 -51.064104080200174
0 0.0116 258.12793731689453 17.43074989318849 312.1221160888672 39.654756546020515
0 0.0115 317.4400997161865 -42.18661689758299 372.7512454986572 -20.732645034790025
0 0.0109 237.3723602294922 -22.150339126586896 292.81333923339844 -0.7694187164306502
0 0.0108 308.0558395385742 37.47265911102296 362.1878433227539 59.61244678497316
0 0.0107 307.7772521972656 217.63089752197268 362.4421691894531 239.4524917602539
0 0.0106 608.9035224914551 -33.47620391845701 638.7499809265137 -9.49512863159178
0 0.0104 408.0231475830078 -42.506343364715555 462.21717834472656 -20.40841722488402
0 0.0104 609.4506072998047 476.12672424316406 638.75 500.9003601074218
0 0.0102 228.17838668823242 177.40125274658203 282.07616806030273 199.68453979492188
0 0.0102 227.90048599243164 127.5601921081543 282.3299217224121 149.5237693786621
0 0.0102 0.0 -23.249877929687486 41.14872932434082 0.3381881713867324
