0 0.0614 273.1861972808838 144.61993789672854 336.7076015472412 162.40863418579102
0 0.0526 263.1357955932617 124.63513946533205 326.7555236816406 142.39232635498047
0 0.0509 273.74815940856934 164.42172622680667 336.18042945861816 182.61489486694336
0 0.0448 284.36866760253906 224.18679809570312 345.60070037841797 242.85768127441406
0 0.0426 294.32727813720703 204.20276260375974 355.6393814086914 222.8412208557129
0 0.0417 284.92931365966797 243.9694747924805 345.0764846801758 263.08301544189453
0 0.0415 294.05582427978516 184.30659866333008 355.89290618896484 202.73391342163086
0 0.0404 273.56983184814453 104.48011016845705 336.3490676879883 122.5530014038086
0 0.0356 334.0804672241211 154.29540252685547 395.87032318115234 172.74510955810547
0 0.0352 274.23877716064453 84.23511123657228 335.7224655151367 102.80742263793947
0 0.0311 255.03063201904297 63.926497459411635 314.98252868652344 83.12698459625246
0 0.0307 334.0262222290039 124.31264495849611 395.9218978881836 142.7266082763672
0 0.0304 286.0274410247803 263.5061798095703 344.0541934967041 283.56072998046875
0 0.0303 215.04732131958008 153.92615890502933 274.96530532836914 173.12862014770508
0 0.0281 235.21974563598633 183.8525733947754 294.8053550720215 203.20399856567383
0 0.0267 355.42110443115234 183.76304244995117 414.61925506591797 203.29520797729495
0 0.0261 356.2348937988281 203.4042892456055 413.86375427246094 223.66380310058594
0 0.0260 334.82364654541016 94.00567626953126 395.1766586303711 113.04437255859376
0 0.0258 346.3508987426758 223.34870910644534 403.75675201416016 243.72041320800787
0 0.0254 234.9262809753418 203.96810150146484 295.0799751281738 223.0839309692383
0 0.0254 0.0 208.38586425781253 638.75 547.25
0 0.0245 204.7975730895996 134.0240631103516 265.198917388916 153.02701568603516
0 0.0244 335.07877349853516 73.90456771850587 394.93824005126953 93.14918136596681
0 0.0238 215.2911376953125 93.818660736084 274.73995208740234 113.23814010620117
0 0.0229 0.0 -91.49999999999999 510.9122848510742 190.0149688720703
0 0.0225 255.37071228027344 43.785425186157234 314.6658706665039 63.272386550903335
0 0.0220 225.05210876464844 243.92125701904297 284.9616241455078 263.13314056396484
0 0.0216 224.6705436706543 224.07090759277347 285.31835556030273 242.9779205322266
0 0.0209 204.98489379882812 113.94536590576173 265.0251007080078 133.10758209228516
0 0.0206 314.97036933898926 53.94836521148682 375.03939628601074 73.10389614105226
0 0.0200 346.38744354248047 243.33119964599612 403.72303009033203 263.7382278442383
0 0.0187 608.3527374267578 91.87619781494142 638.75 115.15016174316406
0 0.0184 196.29858016967773 73.37834930419923 253.8039207458496 93.69100189208984
0 0.0176 296.9527053833008 283.0686721801758 353.1985092163086 304.00830841064453
0 0.0173 226.12604141235352 263.4595260620117 283.9632225036621 283.6081466674805
0 0.0163 196.37340545654297 53.34535217285158 253.7342071533203 73.72512435913087
0 0.0153 297.98912048339844 332.51371002197266 352.2480773925781 354.5714340209961
0 0.0149 598.7190246582031 -77.92990827560423 638.75 -54.982291698455796
0 0.0139 608.4118843078613 121.84058761596681 638.7499809265137 145.18622970581058
0 0.0135 177.26966857910156 172.9085693359375 232.906494140625 194.1715774536133
0 0.0127 608.346996307373 61.87947845458985 638.7500190734863 85.14680480957033
0 0.0126 315.4439640045166 33.75134086608888 374.59845542907715 53.306890487670906
0 0.0125 255.79030990600586 23.6033115386963 314.27621841430664 43.45942115783692
0 0.0124 247.18433380126953 312.9412612915039 302.9875946044922 334.1364059448242
0 0.0122 547.8446578979492 102.59286499023439 602.3806381225586 124.4909439086914
0 0.0118 356.8650817871094 273.104721069336 413.28102111816406 293.97027587890625
0 0.0118 608.4522819519043 31.814523696899425 638.7500190734863 55.21235084533692
0 0.0118 608.9987182617188 531.1324272155762 638.75 547.2500190734863
0 0.0118 598.725414276123 -47.93200874328612 638.7500190734863 -24.979900360107404
0 0.0117 88.04890632629395 172.47457122802734 142.19462394714355 194.61019134521484
0 0.0116 375.96256256103516 53.526078224182136 434.1165542602539 73.53854274749757
0 0.0112 538.4838485717773 -87.7819719314575 591.7983627319336 -65.13083362579344
0 0.0111 196.28437042236328 33.38580703735353 253.8168716430664 53.68352508544923
0 0.0110 157.2286033630371 92.92537307739259 212.94527053833008 114.1537437438965
0 0.0107 396.48468017578125 163.2869873046875 453.6327362060547 183.7837371826172
0 0.0106 57.73336172103882 132.65315628051758 112.48281717300415 154.42962265014648
0 0.0105 608.6737251281738 -18.324247837066636 638.7499809265137 5.352343082427994
0 0.0105 574.3924140930176 153.3368263244629 638.7499809265137 203.24702835083008
0 0.0101 77.84855842590332 202.58788681030273 132.37772941589355 224.49554061889648
