0 0.1252 615.5319213867188 298.62348175048834 638.75 333.40352630615234
0 0.1106 598.7384796142578 -15.438980102539048 638.75 7.527309417724622
0 0.0996 610.1545524597168 272.87999725341797 638.7500190734863 299.11893463134766
0 0.0853 588.7365531921387 14.553829193115249 638.7500190734863 37.53327941894533
0 0.0822 517.6233673095703 25.21235084533693 572.5837707519531 46.86945533752443
0 0.0797 609.9652862548828 333.1140670776367 638.75 358.89600372314453
0 0.0773 609.620532989502 243.4773025512695 638.7499809265137 268.54642486572266
0 0.0696 509.7906494140625 223.79894828796387 560.6289672851562 248.28413581848145
0 0.0659 507.59647369384766 55.23080921173097 562.607536315918 76.8513593673706
0 0.0659 598.0155754089355 -45.00441932678221 638.7500190734863 -22.910741806030252
0 0.0577 518.0013275146484 -4.998458862304673 572.2381591796875 17.082878112792983
0 0.0543 517.7614974975586 85.13976669311525 572.4565505981445 106.94354629516603
0 0.0542 590.1983833312988 213.44873046875 638.7499809265137 238.6279067993164
0 0.0524 510.62564849853516 252.97959899902344 559.9178695678711 279.0791473388672
0 0.0494 509.5233154296875 194.0071067810059 560.865478515625 218.07834243774414
0 0.0482 588.3585929870605 44.78663063049318 638.7500190734863 67.29895210266115
0 0.0446 589.5978546142578 103.94950485229495 638.75 128.1352577209473
0 0.0404 565.8272552490234 238.37396240234375 604.4213104248047 273.63130187988287
0 0.0397 585.6435394287109 178.99087524414062 624.5712280273438 213.0645523071289
0 0.0376 609.131031036377 363.85339355468756 638.7499809265137 388.1735382080078
0 0.0375 539.163703918457 114.26950073242189 591.1859512329102 137.81774139404297
0 0.0372 588.5454559326172 74.67359161376953 638.75 97.41288757324219
0 0.0358 491.27017974853516 283.13417053222656 579.3036270141602 328.5830078125
0 0.0319 562.3208999633789 138.6705551147461 628.2065963745117 173.2754669189453
0 0.0314 517.6800918579102 -34.81504821777342 572.5310134887695 -13.10218238830565
0 0.0304 456.9630813598633 35.55326080322267 513.1913375854492 56.52227020263673
0 0.0292 456.9371795654297 75.57002639770509 513.2143402099609 96.5058479309082
0 0.0281 608.0854988098145 -75.46711826324461 638.7499809265137 -52.50878715515135
0 0.0279 574.3924140930176 395.83680725097656 638.7499809265137 445.74700927734375
0 0.0258 459.38865661621094 234.1101608276367 510.9846496582031 257.9765090942383
0 0.0253 457.4662780761719 5.294824600219742 512.728271484375 26.785436630249038
0 0.0247 509.7888946533203 163.80424118041992 560.6297302246094 188.27941513061526
0 0.0242 426.6197967529297 55.72769260406495 483.5066223144531 76.34528255462648
0 0.0241 459.29691314697266 204.1783103942871 511.0660934448242 227.9089698791504
0 0.0229 0.0 268.0248603820801 510.9126281738281 549.7499809265137
0 0.0229 467.93052673339844 105.04695510864259 522.3016357421875 127.03776931762697
0 0.0229 0.0 -88.99999999999999 510.9122848510742 192.5149688720703
0 0.0223 580.3888320922852 281.46825408935547 609.2882919311523 330.39449310302734
0 0.0194 457.67086029052734 -24.812082290649396 512.5399398803711 -3.1055297851562367
0 0.0179 459.3720245361328 174.1220626831055 510.99952697753906 197.96460723876956
0 0.0174 574.3924140930176 455.83680725097656 638.7499809265137 505.74700927734375
0 0.0173 500.51856994628906 334.32908630371094 589.9899291992188 377.4788055419922
0 0.0169 397.02392578125 15.528293609619155 453.1340026855469 36.548686981201186
0 0.0167 489.30267333984375 134.17718505859378 541.0603332519531 157.9104766845703
0 0.0166 575.4707145690918 515.7563171386719 638.7500190734863 549.75
0 0.0148 407.84725189208984 95.09515380859376 462.37743377685547 116.98922729492189
0 0.0138 449.41680908203125 264.08765411376953 500.9599304199219 287.9985580444336
0 0.0136 397.3188781738281 -14.624408721923814 452.86293029785156 6.703868865966811
0 0.0128 547.2675323486328 -64.59499740600585 602.9095458984375 -43.325585365295396
0 0.0125 428.3446502685547 144.80107879638672 481.9251251220703 167.2853240966797
0 0.0124 188.4014129638672 154.7706184387207 241.87271118164062 177.3165855407715
0 0.0117 477.35626220703125 -54.64069271087645 532.8278350830078 -33.279017448425286
0 0.0112 27.986929416656494 255.0120697021485 82.25074529647827 277.07261657714844
0 0.0112 398.37535858154297 184.78395080566406 451.89693450927734 207.30279541015625
0 0.0109 298.79329681396484 24.524761199951183 351.51782989501953 47.563510894775405
0 0.0107 178.0987548828125 124.94899368286133 232.1484375 147.136531829834
0 0.0106 398.3260726928711 224.8099670410156 451.9425582885742 247.27601623535156
0 0.0103 238.62924575805664 174.62783432006836 291.66650772094727 197.45986557006836
0 0.0101 168.29782485961914 234.8272476196289 221.96813583374023 257.2586593627929
0 0.0100 18.35651397705078 284.7981414794922 71.91343307495117 307.2889099121094
