0 0.0254 0.0 219.8858642578125 638.75 558.75
0 0.0247 25.79608917236328 335.104751586914 84.2698860168457 354.95872497558594
0 0.0239 246.01558685302734 325.00450134277344 304.0668487548828 345.06111145019526
0 0.0229 0.0 -79.99999999999999 510.9122848510742 201.51496887207028
0 0.0215 246.03336334228516 304.9975204467773 304.0501403808594 325.06847381591797
0 0.0202 16.35519027709961 354.8558044433594 73.75059127807617 375.2147674560547
0 0.0194 186.00616455078125 325.0094223022461 244.07543182373047 345.0561904907226
0 0.0192 26.023759841918945 315.0029754638672 84.05875205993652 335.06309509277344
0 0.0180 186.08688354492188 304.97425079345703 244.00028228759766 325.0925064086914
0 0.0177 255.95525741577148 345.03150939941406 314.12282943725586 365.0334167480469
0 0.0157 195.84022521972656 345.08426666259766 254.22916412353516 364.9795150756836
0 0.0157 306.27678871154785 324.88803863525385 363.8241481781006 345.1810073852539
0 0.0148 85.10642051696777 345.3959274291992 144.9117946624756 364.6586227416992
0 0.0147 246.0259246826172 285.0000762939453 304.05723571777344 305.06568908691406
0 0.0142 85.26779174804688 325.3275680541992 144.76190567016602 344.7288131713867
0 0.0135 186.01539611816406 285.0061798095703 244.06665802001953 305.0596618652344
0 0.0128 26.316945552825928 294.86846923828125 83.78725290298462 315.20088195800776
0 0.0127 306.1648178100586 304.93946075439453 363.9278793334961 325.12828826904297
0 0.0119 26.57705307006836 374.7536849975586 83.54479789733887 395.31970977783203
0 0.0118 512.6921272277832 -80.0 638.7499809265137 -10.150761604309086
0 0.0109 125.75934886932373 305.1173400878906 184.30485248565674 324.94506835937494
0 0.0108 256.20126724243164 264.9211502075195 313.8945198059082 285.14675140380854
0 0.0105 327.63214111328125 -75.7933759689331 382.57598876953125 -54.1248893737793
0 0.0105 316.59576416015625 344.73876953125 373.5289764404297 365.3339385986328
0 0.0104 0.0 -76.80454015731812 41.079535484313965 -53.10736656188965
0 0.0100 196.11997604370117 264.95784759521484 253.9699363708496 285.1090621948242
