0 0.2661 57.56253433227542 504.91416931152344 172.69150924682617 554.5640563964844
0 0.2568 207.2793788909912 517.0100021362305 272.2943515777588 552.8937149047852
0 0.2507 197.34557342529297 476.90746307373047 262.2360153198242 512.989616394043
0 0.2331 67.66631317138673 465.9464645385742 132.06492614746097 503.87088775634766
0 0.2294 215.375244140625 561.6703033447266 264.21527099609375 588.3748626708984
0 0.2186 187.1858901977539 437.14988708496094 252.37765502929688 472.76275634765625
0 0.2082 165.61268997192383 551.090202331543 214.07365036010742 578.9084243774414
0 0.1999 97.63610076904298 556.3204956054688 162.01194000244143 593.5337829589844
0 0.1894 230.26332092285156 587.6498031616211 268.96800231933594 622.3775100708008
0 0.1892 30.407955169677756 456.3960266113281 68.91823959350589 493.5343933105469
0 0.1869 180.37694168090823 587.1971130371094 218.8813133239746 622.7940368652344
0 0.1840 65.56086730957033 430.76229095458984 114.18685150146486 459.19200897216797
0 0.1715 20.415040969848658 496.4267349243164 58.9075107574463 533.5058975219727
0 0.1705 145.6125183105469 471.0934829711914 194.07321166992188 498.90552520751953
0 0.1665 195.4478664398193 401.5391159057617 244.1638584136963 428.49720001220703
0 0.1643 45.54265213012698 561.3211059570312 94.1048927307129 588.6981964111328
0 0.1610 264.6165771484375 552.5234603881836 314.84393310546875 577.5548934936523
0 0.1544 140.33156585693362 597.3612213134766 178.91761016845703 632.6429748535156
0 0.1513 15.526115417480497 420.7068634033203 64.23314285278322 449.23736572265625
0 0.1501 274.7268981933594 512.4222564697266 324.7486419677734 537.6537322998047
0 0.1433 65.59678268432619 401.1361312866211 114.08200454711915 428.8663864135742
0 0.1426 125.59832763671874 440.8620834350586 174.1297836303711 469.1078567504883
0 0.1404 -9.571693420410126 456.5678024291992 28.879978179931662 493.37520599365234
0 0.1387 100.34667205810548 597.2895812988281 138.9070816040039 632.7089691162109
0 0.1345 264.77252197265625 482.3785400390625 314.70957946777344 507.69622802734375
0 0.1300 184.97298431396484 372.17430114746094 234.5399398803711 397.89398193359375
0 0.1269 255.0151748657226 452.12223052978516 304.5059127807617 477.94361114501953
0 0.1265 145.6172866821289 410.9663391113281 194.09121704101562 439.0179443359375
0 0.1248 269.9638671875 578.4745025634766 309.2276306152344 611.6216278076172
0 0.1201 15.613119125366234 390.93284606933594 64.10158348083498 419.04701232910156
0 0.1199 313.0912322998047 473.6534881591797 366.20059204101557 496.434326171875
0 0.1198 60.27957630157472 597.5642013549805 98.95758342742921 632.4562454223633
0 0.1169 0.39007377624514383 537.0672607421875 38.87830924987795 572.913818359375
0 0.1144 323.98604583740234 503.0414581298828 375.39725494384766 527.0450592041016
0 0.1097 -19.599578857421843 496.9749450683594 18.874980926513697 532.9990386962891
0 0.1029 250.227424621582 417.7632141113281 288.9979476928711 452.2734069824219
0 0.0988 214.12749481201172 622.3848724365234 265.3828353881836 638.75
0 0.0986 493.1943054199219 463.58001708984375 543.2499999999999 486.5068817138672
0 0.0941 65.3164978027344 371.7560577392578 114.26066589355472 398.29383850097656
0 0.0931 20.20782661437991 587.8181838989258 59.014913558959975 622.2229385375977
0 0.0908 -29.597688198089568 416.99878692626953 8.87066793441775 452.9769515991211
0 0.0908 303.6701126098632 443.2608413696289 355.6810684204101 466.8258285522461
0 0.0906 372.6356048583984 483.93321990966797 426.61357116699213 506.1533737182617
0 0.0866 493.41878128051746 433.4353256225586 543.2499809265137 456.6520309448242
0 0.0860 373.76235198974604 513.2094192504883 425.5956954956054 536.8788528442383
0 0.0850 135.6143684387207 381.0188293457031 184.08478927612305 408.9714050292969
0 0.0797 269.6314163208008 618.6788749694824 309.58289337158203 638.7500190734863
0 0.0793 245.00128936767575 392.14595794677734 294.51583099365234 417.9215621948242
0 0.0780 362.2433395385742 454.15184020996094 416.9727249145507 475.93162536621094
0 0.0761 15.589248657226584 361.2208938598633 64.07441329956056 388.7910842895508
0 0.0726 493.0499382019042 493.6710739135742 543.2500190734863 516.4154434204102
0 0.0721 324.15209960937494 532.9080581665039 375.2514190673828 557.1763229370117
0 0.0690 -49.81860208511348 457.86598205566406 -10.959687709808318 492.1791076660156
0 0.0688 -29.63334131240841 377.2283172607422 8.890089511871365 412.7653503417969
0 0.0678 164.80841827392575 342.3434066772461 214.67898559570312 367.7303695678711
0 0.0611 422.03223419189453 464.26002502441406 477.1676559448242 485.8208465576172
0 0.0592 493.12258911132807 403.62903594970703 543.25 426.45824432373047
0 0.0578 240.12652587890622 358.0562210083008 279.08427429199213 392.0045852661133
0 0.0561 432.5355072021484 493.98387908935547 486.7064971923827 516.1010360717773
0 0.0556 292.3188705444336 364.1095733642578 346.9036788940429 385.97442626953125
0 0.0555 -20.118167877197237 578.6471176147461 19.30329513549807 611.4639663696289
0 0.0545 294.1903991699219 412.88719177246094 345.2156372070312 437.19810485839844
0 0.0538 -40.090551853179896 538.5585784912109 -0.7191519737243369 571.5449523925781
0 0.0523 422.1163864135742 404.2164993286133 477.0900650024414 425.8652877807617
0 0.0523 313.4568710327148 573.4150314331055 365.8708114624023 596.6730880737305
0 0.0515 115.40803146362308 351.6099166870117 164.19228744506836 378.4311294555664
0 0.0514 -9.638107299804659 327.26879119873047 28.891765594482447 362.7280044555664
0 0.0507 35.2907295227051 331.7942428588867 84.28038787841797 358.2577896118164
0 0.0500 412.00602722167963 434.27303314208984 467.1919555664062 455.80745697021484
0 0.0472 3.970233917236354 622.5330352783203 55.51758956909182 638.75
0 0.0468 492.9832000732422 523.7143325805664 543.2499999999999 546.3722610473633
0 0.0450 411.47746276855463 374.5510482788086 467.67687988281244 395.52539825439453
0 0.0448 -9.704998016357392 277.54037857055664 28.94234848022463 312.47812271118164
0 0.0440 309.76332855224604 598.9226150512695 349.40962982177734 631.2125015258789
0 0.0426 352.8796310424804 423.78501892089844 406.3922805786132 446.30226135253906
0 0.0426 -49.83365821838375 337.93460845947266 -10.949190139770481 372.11612701416016
0 0.0412 30.164329528808615 277.955265045166 69.05110549926759 312.0971488952637
0 0.0410 374.1931457519531 542.8839111328125 425.21342468261713 567.2011566162109
0 0.0401 283.54273986816406 333.3552932739258 335.79394531249994 356.7325210571289
0 0.0392 -49.91850662231442 298.16588401794434 -10.875375747680632 331.90415382385254
0 0.0388 364.17044830322266 592.8999710083008 415.23390960693354 617.1850967407227
0 0.0381 433.0871505737304 523.6556625366211 486.20436859130854 546.4321517944336
0 0.0376 -69.8375444412231 407.9550552368164 -30.946743965148894 442.0973587036133
0 0.0375 -60.12261199951169 498.65306854248047 -20.692270278930632 531.4585494995117
0 0.0374 24.970333099365256 252.1782684326172 74.54196166992189 277.8902816772461
0 0.0364 342.2828979492187 384.13089752197266 396.936294555664 405.9530258178711
0 0.0361 464.27737426757807 592.815055847168 515.1395721435546 617.2689437866211
0 0.0351 -24.777544021606413 251.87677383422852 24.33618736267092 278.1787300109863
0 0.0350 411.07318115234375 344.74754333496094 468.0502624511718 365.3245544433594
0 0.0347 85.07483673095705 322.06268310546875 134.45502471923828 348.0015563964844
0 0.0345 70.09709548950198 278.1420135498047 109.10927963256837 311.92596435546875
0 0.0342 493.1795234680175 553.5943984985352 543.2499809265136 576.4931869506836
0 0.0331 144.54735946655273 312.58721351623535 194.90349960327148 337.49274253845215
0 0.0329 414.4126052856445 602.7011871337891 465.02135467529286 627.3807525634766
0 0.0324 410.7818527221679 314.88255500793457 468.3202285766601 335.18603324890137
0 0.0324 60.0592727661133 218.2318115234375 99.14340209960938 251.84371948242188
0 0.0317 413.4495468139648 573.4194183349609 465.8775253295898 596.6686248779297
0 0.0315 70.12074661254884 178.06915283203125 109.08951950073244 211.9927215576172
0 0.0299 74.94504165649415 252.2031021118164 124.56357192993164 277.8661346435547
0 0.0297 -84.85348510742183 361.5690231323242 -56.525581359863246 408.38855743408203
0 0.0293 -95.49999999999996 298.1338119506836 -60.8789663314819 331.93355560302734
0 0.0288 -45.868137359619105 612.9116821289062 5.271780014038116 637.1712493896484
0 0.0287 410.716812133789 294.91098403930664 468.3808441162109 315.1566505432129
0 0.0286 -75.3453044891357 272.4882125854492 -25.188920974731417 297.5892639160156
0 0.0285 463.7729187011719 622.7071952819824 515.688507080078 638.7500190734863
0 0.0284 64.93962478637697 152.19757080078125 114.5703239440918 177.8704071044922
0 0.0281 215.19557189941403 331.9108581542969 264.35778808593744 358.1462097167969
0 0.0276 115.15200805664064 151.61062240600586 143.46781921386722 198.3555030822754
0 0.0275 19.96382904052737 218.4756088256836 59.22753524780275 251.62063598632812
0 0.0262 351.7977066040039 354.39090728759766 407.38143157958984 375.68904876708984
0 0.0256 100.055534362793 218.24665069580078 139.14618682861328 251.83013916015625
0 0.0254 -95.49999999999997 0.0 543.2499999999999 339.48570251464844
0 0.0252 400.6300659179687 274.95046615600586 458.4612579345703 295.11613845825195
0 0.0247 114.76693344116211 282.3844909667969 164.71429061889648 307.6905059814453
0 0.0244 400.90846252441406 254.82208251953125 458.2034606933593 275.24768829345703
0 0.0244 -19.973922252654997 218.31653594970703 19.172706127166773 251.76616668701172
0 0.0242 -84.82997703552243 441.7422866821289 -56.5538291931152 488.25023651123047
0 0.0241 363.75529479980463 622.7217292785645 415.7039947509765 638.7499809265137
0 0.0238 283.37935638427734 303.4721374511719 335.9393997192382 326.6167449951172
0 0.0237 29.78759002685549 178.86493682861328 69.38803863525392 211.26510620117188
0 0.0235 145.16497802734375 151.7052459716797 173.45225524902344 198.27983856201172
0 0.0223 472.25352478027344 374.14363861083984 526.9639892578124 395.9395217895508
0 0.0218 513.8137359619141 602.7294921875 543.2499999999999 627.2982025146484
0 0.0208 -75.73788452148433 242.8263282775879 -24.846799850463835 267.2576713562012
0 0.0208 124.51396179199219 252.6177978515625 174.93228149414062 277.4629211425781
0 0.0204 -76.38558673858638 573.3073425292969 -24.270632743835417 596.7805480957031
0 0.0201 174.5572967529297 142.57951736450195 224.89466857910156 167.5004005432129
0 0.0199 391.0302658081054 234.76619720458984 448.09035491943354 255.30517578125
0 0.0198 139.87702560424805 198.66559982299805 179.30688095092773 231.44704818725586
0 0.0198 100.10222625732422 118.1242561340332 139.1051788330078 151.94223403930664
0 0.0197 -95.49999999999996 331.99119567871094 -55.55659580230709 358.0663299560547
0 0.0188 164.15721130371094 282.9117774963379 215.24527740478516 307.1735954284668
0 0.0184 341.8170471191406 324.3822479248047 397.36331176757807 345.6980895996094
0 0.0179 292.0718688964843 274.24814224243164 347.129165649414 295.83444595336914
0 0.0177 13.993680000305202 153.03308010101318 65.39099407196046 177.05305576324463
0 0.0174 59.78989791870119 118.85528564453125 99.38641738891603 151.27391815185547
0 0.0166 -95.49999999999994 488.35018157958984 -60.807426452636676 521.7354202270508
0 0.0156 183.2799835205078 3.5312557220458984 236.0303039550781 26.55670166015625
0 0.0155 144.537841796875 112.59732246398926 194.91141510009766 137.48305320739746
0 0.0155 351.0480422973633 294.76449966430664 408.0723495483398 315.30813217163086
0 0.0150 -95.49999999999996 602.6453399658203 -45.03686237335202 627.4356079101562
0 0.0149 -25.52506494522091 192.64602661132812 24.967379093170187 217.4346160888672
0 0.0148 173.5151596069336 243.3786392211914 225.8177490234375 266.70982360839844
0 0.0147 174.6351833343506 172.50322341918945 224.82853126525876 197.57429122924805
0 0.0146 -80.33526229858394 539.1186904907227 -40.49889373779294 571.033821105957
0 0.0135 203.8863582611084 113.11384201049805 255.48626136779785 136.97307586669922
0 0.0135 331.0906524658203 254.74096298217773 388.03370666503906 275.3316307067871
0 0.0133 224.02999114990232 143.01013946533203 275.3578872680664 167.07635879516602
0 0.0132 242.91415405273438 253.76604080200195 296.3604278564453 276.32165908813477
0 0.0132 214.776517868042 302.36854553222656 264.7074146270752 327.7053451538086
0 0.0130 404.06821441650385 2.9807567596435547 455.3240127563476 27.105412483215332
0 0.0129 -76.17779064178463 213.16217422485352 -24.45688533782956 236.92529678344727
0 0.0126 401.5861434936523 204.4903564453125 457.5781936645508 225.5862045288086
0 0.0124 313.05312347412104 3.6749887466430664 366.23557281494135 26.412415504455566
0 0.0123 194.10559844970703 32.94863700866699 245.29158782958982 57.13676452636719
0 0.0123 179.5666618347168 199.30959701538086 219.59222030639646 230.86004257202148
0 0.0116 222.74007987976074 223.86651992797852 276.519624710083 246.21980667114258
0 0.0114 223.52503967285156 183.36599349975586 275.81011962890625 206.72163009643555
0 0.0111 64.27936267852785 92.80877113342285 115.13876628875734 117.27456092834473
0 0.0110 183.90587043762207 83.09465408325195 235.469877243042 106.99150085449219
0 0.0110 124.30817794799806 82.79085159301758 175.1123161315918 107.29286193847656
0 0.0108 301.6153259277343 234.48150634765625 357.54992675781244 255.59627532958984
0 0.0108 312.98934173583984 143.71033191680908 366.294319152832 166.3762617111206
0 0.0103 -95.49999999999996 408.25599670410156 -70.58505344390865 441.8232727050781
0 0.0101 143.90019607543945 43.104071617126465 195.47383499145508 66.98282718658447
