0 0.2304 394.99106669425964 406.3241744041443 505.0831124782562 453.8018789291382
0 0.1772 307.9725866317749 431.13923835754395 390.8156805038452 476.94457054138184
0 0.1660 364.49374508857727 547.251219034195 448.84506011009216 590.4262654781342
0 0.1578 390.2634029388428 456.22518825531006 471.05125093460083 519.3644485473633
0 0.1468 471.03990626335144 370.35667848587036 533.5491178035736 404.1320629119873
0 0.1461 449.76602125167847 556.8333806991577 497.3924102783203 581.1737923622131
0 0.1377 179.88838469982147 494.47518825531006 260.67626917362213 557.6144485473633
0 0.1324 397.0739994049072 591.3575316667557 435.08003425598145 610.8046692609787
0 0.1203 468.99837613105774 528.0276553630829 516.4282214641571 552.59992146492
0 0.1182 435.25567603111267 591.5274828672409 473.39047837257385 610.8047057390213
0 0.1087 307.9122154712677 479.03793597221375 390.84220004081726 524.6757609844208
0 0.1066 297.93944692611694 384.068482875824 381.58111810684204 428.4392795562744
0 0.1057 478.2869625091553 346.61840987205505 526.222466468811 370.6431405544281
0 0.1027 473.9957220554352 456.98768877983093 511.151015996933 489.7451899051666
0 0.0981 192.9078176021576 441.19014286994934 276.26857137680054 486.0499641895294
0 0.0978 502.4849638938904 553.136002779007 540.0122609138489 584.8908684253693
0 0.0918 358.788871049881 591.4451884031296 396.8610770702362 610.8047057390213
0 0.0912 168.20698463916779 570.7269551753998 205.00537741184235 605.4257447719574
0 0.0891 473.9341471195221 495.419312953949 511.203325510025 527.828667640686
0 0.0863 116.39424777030945 511.8594925403595 180.3600457906723 568.3816359043121
0 0.0802 288.363842189312 550.8176407814026 352.6336482167244 606.0248966217041
0 0.0785 206.45933747291565 570.6990129947662 243.25521326065063 605.4514982700348
0 0.0783 473.4368054866791 591.6839189529419 511.7026369571686 610.8046875
0 0.0764 507.2336025238037 403.73634910583496 554.6895661354065 428.26746797561646
0 0.0699 196.73409068584442 409.0221633911133 233.7954536676407 442.073166847229
0 0.0694 263.8397544622421 484.81616735458374 300.607833981514 519.2229866981506
0 0.0691 129.86423921585083 571.3053874969482 166.80750453472137 604.8924722671509
0 0.0683 244.7029173374176 570.7794835567474 281.50524973869324 605.377228975296
0 0.0671 404.6667945384979 369.1160967350006 466.20269894599915 405.2783854007721
0 0.0649 511.97516441345215 428.9919948577881 549.639910697937 460.42439460754395
0 0.0646 139.5425934791565 475.07853627204895 176.29378366470337 509.8221938610077
0 0.0613 296.9198035597801 355.8581521511078 344.2633600831032 380.51833033561707
0 0.0610 249.0173760652542 413.32883405685425 296.5262693166733 437.80100440979004
0 0.0599 521.8402132987976 514.2666056156158 558.9364128112793 547.2083938121796
0 0.0586 228.83376502990723 270.78504610061646 278.3265166282654 293.48591566085815
0 0.0585 296.3912823200226 327.67879128456116 344.7154233455658 351.3367717266083
0 0.0576 229.13567554950714 299.24572563171387 278.058421254158 322.3981204032898
0 0.0548 229.21605491638184 327.86982679367065 277.9874897003174 351.14821672439575
0 0.0536 431.06179547309875 336.38518810272217 477.9255745410919 361.7241497039795
0 0.0534 72.3572274595499 523.9527297019958 109.5386898368597 556.6574835777283
0 0.0533 296.2841007113457 299.07905745506287 344.8096917271614 322.56274580955505
0 0.0512 218.94577145576477 242.322487950325 269.0560233592987 264.57398450374603
0 0.0509 477.8163228034973 318.3283746242523 526.6340117454529 341.5651066303253
0 0.0506 101.14472061395645 475.8305675983429 138.14224702119827 509.12932991981506
0 0.0494 344.19444394111633 308.5545938014984 392.53755354881287 332.21016669273376
0 0.0491 511.6989161968231 591.6554478406906 549.9418394565582 610.8047057390213
0 0.0486 91.45603394508362 571.8379304409027 128.68638145923615 604.4033381938934
0 0.0482 286.6768147945404 270.4262115955353 335.2869436740875 293.84091997146606
0 0.0476 191.5345834493637 384.75168013572693 239.24235498905182 409.0067331790924
0 0.0472 181.66935217380524 337.2175805568695 229.9408918619156 360.9226176738739
0 0.0471 248.70423030853271 384.93687915802 296.7953131198883 408.8255467414856
0 0.0464 248.60869431495667 356.33284091949463 296.8784101009369 380.0561900138855
0 0.0458 158.3787056207657 418.89148020744324 195.63551795482635 451.3541657924652
0 0.0455 181.22880685329437 308.88417291641235 230.328799366951 331.8859133720398
0 0.0434 540.9741504192352 552.4923841953278 578.053642988205 585.4806454181671
0 0.0429 511.9971606731415 467.19687151908875 549.6195194721222 498.7155783176422
0 0.0427 171.2326376438141 270.94587779045105 221.15353202819824 293.3259959220886
0 0.0419 344.69495916366577 336.7609119415283 392.10948371887207 361.3654246330261
0 0.0407 449.65096950531006 203.13250350952148 497.49075508117676 227.25277018547058
0 0.0390 392.2648437023163 308.3119783401489 440.1289236545563 332.4461431503296
0 0.0387 114.06932428479195 251.67436373233795 163.5885498225689 274.3471816778183
0 0.0386 276.4553845524788 242.2302714586258 326.31019896268845 264.66598212718964
0 0.0377 226.86409664154053 118.96868562698364 280.1171507835388 139.29370379447937
0 0.0370 120.25318694114685 437.6477601528168 157.2796586751938 470.81753611564636
0 0.0366 464.11823415756226 228.2787698507309 501.8677554130554 259.52122843265533
0 0.0364 343.7182960510254 280.2532685995102 392.955774307251 303.1425837278366
0 0.0363 170.5014352798462 223.60168290138245 221.81425881385803 245.04398703575134
0 0.0362 62.62473978102207 486.1587781906128 100.12445484101772 517.989737033844
0 0.0349 133.7072694003582 318.21547508239746 182.25980857014656 341.67647409439087
0 0.0347 188.46309578418732 99.92624455690384 242.0048736333847 120.08556121587753
0 0.0341 124.06207823753357 280.0362060070038 172.76929342746735 303.35723876953125
0 0.0330 228.27962708473206 213.7858064174652 278.82451486587524 235.73562955856323
0 0.0325 256.1282688975334 147.35025796294212 308.2748892903328 168.29238429665565
0 0.0324 94.69014072418213 223.1600067615509 144.69218051433563 245.48657512664795
0 0.0324 401.3234360218048 222.68508088588715 450.13032746315 245.95661294460297
0 0.0319 324.5288393497467 222.92105734348297 373.88917565345764 245.7244666814804
0 0.0316 62.61287301778793 447.93821597099304 100.13499015569687 479.7127797603607
0 0.0316 188.80250573158264 138.00258627533913 241.69227504730225 158.51257547736168
0 0.0314 143.57591593265533 394.4520671367645 191.55537593364716 418.43492102622986
0 0.0312 148.5677536725998 362.13168239593506 186.29385602474213 393.41634607315063
0 0.0312 573.1010556221008 184.7159618139267 610.8046875 207.43072950839996
0 0.0310 458.56080436706543 174.99509239196777 507.6238446235657 198.02495741844177
0 0.0308 334.1630916595459 251.5599868297577 383.38685417175293 274.4607560634613
0 0.0306 246.534534573555 89.99118518829346 298.74125254154205 110.90101933479309
0 0.0286 179.8684859275818 195.0240000486374 231.5559389591217 216.24488246440887
0 0.0277 401.78634238243103 193.61432433128357 449.72396206855774 217.64660596847534
0 0.0276 492.7111830711365 257.1734833717346 530.6412706375122 288.0196444988251
0 0.0271 66.30714118480682 261.1987076997757 115.73155117034912 283.9473634958267
0 0.0270 390.69668912887573 252.12074553966522 441.5201597213745 273.8993407487869
0 0.0270 100.7531835436821 400.38153648376465 138.48371797800064 431.66649198532104
0 0.0269 324.41294860839844 194.3116203546524 373.9937582015991 216.95864832401276
0 0.0264 400.1292543411255 280.8985651731491 451.19829511642456 302.4975060224533
0 0.0262 487.41220021247864 289.61213904619217 536.1675117015839 312.9056856036186
0 0.0261 141.29317930340767 118.71173429489136 193.602318495512 139.5555614233017
0 0.0260 52.94660210609436 562.931342124939 90.66579186916351 594.2405920028687
0 0.0255 275.8385317325592 175.69437646865845 326.86679005622864 197.32629346847534
0 0.0254 198.29489493370056 71.09565943479538 251.32065439224243 91.54295200109482
0 0.0254 0.0 0.0 610.8046875 324.63320302963257
0 0.0248 525.7280795574188 346.94040155410767 574.3582713603973 370.32756900787354
0 0.0245 572.8323765993118 156.2125482559204 610.8046692609787 178.55925250053406
0 0.0245 285.11527186632156 118.48788678646088 336.6897341609001 139.7810869216919
0 0.0244 170.37872314453125 166.29759621620178 221.92635583877563 187.59719824790955
0 0.0240 502.36509704589844 218.72670257091522 540.1202359199524 249.94917118549347
0 0.0238 110.41088211536407 361.9195625782013 147.95957350730896 393.6101539134979
0 0.0238 81.6534172296524 285.5823276042938 119.33508932590485 316.9614329338074
0 0.0235 582.6850959062576 212.9637372493744 610.8046692609787 236.50013637542725
0 0.0234 71.99083743989468 362.2874436378479 109.86520935595036 393.27422761917114
0 0.0232 95.06667619943619 194.2094271183014 144.3546765446663 217.0614252090454
0 0.0229 91.24569243192673 323.76531744003296 128.87056821584702 355.27264308929443
0 0.0223 560.0834283828735 514.2963716983795 597.191300868988 547.1810352802277
0 0.0222 122.64368426799774 147.12828907370567 174.0430154800415 168.5170890390873
0 0.0222 540.5879938602448 371.79201650619507 578.3943479061127 402.8895478248596
0 0.0222 549.9928357601166 591.5562275648117 588.1520783901215 610.8047057390213
0 0.0214 373.6540746688843 193.58370101451874 400.52671909332275 236.8759514093399
0 0.0213 448.2077157497406 146.8580278158188 498.7697117328644 168.7889188528061
0 0.0210 281.87911319732666 210.22629725933075 320.69229769706726 239.4204043149948
0 0.0209 62.31196564435959 410.351313829422 100.40868490934372 440.8576090335846
0 0.0204 334.297075510025 165.38642942905426 383.2699420452118 188.50705182552338
0 0.0202 33.633200995624065 515.5145924091339 71.71379924565554 546.0672147274017
0 0.0201 141.54454037547112 80.31853973865509 193.3729536831379 101.45017862319946
0 0.0200 401.5733106136322 165.12238311767578 449.9074466228485 188.76847171783447
0 0.0194 75.67123483121395 165.71644628047943 125.4710631519556 188.18057334423065
0 0.0190 578.8726844787598 237.83904469013214 610.8046875 269.0857347249985
0 0.0187 582.3992357254028 366.173668384552 610.8046875 389.2913360595703
0 0.0187 75.21860843896866 127.76355993747711 125.87940520048141 149.63294899463654
0 0.0182 256.20620423555374 61.245748937129974 308.2031552195549 82.27268671989441
0 0.0177 581.8510254621506 12.72182223200798 610.8047057390213 35.11666837334633
0 0.0172 549.2627459764481 463.62519693374634 610.8046692609787 511.35182762145996
0 0.0172 233.89376199245453 181.8324637413025 273.0429457426071 210.466961145401
0 0.0171 52.814907252788544 324.1451632976532 90.78687161207199 354.9259922504425
0 0.0170 573.1919589042664 337.64627051353455 610.8046875 360.49954533576965
0 0.0167 506.9403190612793 193.6450023651123 554.9403891563416 217.61665749549866
0 0.0166 24.202962398529053 476.99527502059937 62.0291149020195 508.0626754760742
0 0.0163 531.0265517234802 257.02709698677063 568.8321762084961 288.15319061279297
0 0.0163 37.58659207820892 595.4367982149124 87.17121362686157 610.8046692609787
0 0.0162 573.7924786806107 270.22456097602844 610.8046692609787 294.03921461105347
0 0.0161 33.47215157747269 372.39510798454285 71.86285650730133 402.3402979373932
0 0.0161 47.126539528369904 203.86014926433563 96.65695470571518 226.53566658496857
0 0.0160 530.9058094024658 314.6644835472107 568.9421210289001 345.2888946533203
0 0.0154 84.96285116672516 98.95749717950821 135.27801847457886 121.06410294771194
0 0.0154 459.7597646713257 260.98821115493774 486.5382227897644 303.4686062335968
0 0.0152 334.2820830345154 136.7166212797165 383.281943321228 159.8028084039688
0 0.0150 52.445412039756775 229.23668324947357 91.12972873449326 258.64936673641205
0 0.0146 304.3608956336975 89.72912693023682 355.7049078941345 111.1654669046402
0 0.0142 208.44658827781677 42.08681067824364 260.34327936172485 63.18138787150383
0 0.0142 550.2072901725769 429.0393068790436 587.9054503440857 460.38116812705994
0 0.0141 573.3107861280441 308.86965465545654 610.8047057390213 331.9003586769104
0 0.0138 582.3976306915283 394.8624086380005 610.8046875 417.9775958061218
0 0.0138 447.8959014415741 118.36193722486496 499.0529272556305 139.90865975618362
0 0.0138 247.00927805900574 3.6550177931785583 298.3081305027008 25.115027457475662
0 0.0136 579.0466117858887 552.9830868244171 610.8046875 585.0307981967926
0 0.0136 572.5736560821533 51.1973340511322 610.8046875 73.19952142238617
0 0.0132 391.55760741233826 136.7959929406643 440.7443811893463 159.7247134745121
0 0.0130 144.24827921390533 204.2247655391693 170.91595351696014 245.6523313522339
0 0.0130 582.0454169511795 79.53665113449097 610.8046692609787 102.17780613899231
0 0.0128 43.14861810207367 286.1085324883461 81.31985288858414 316.4815916419029
0 0.0128 265.6848229765892 32.60352274775505 317.8428245186806 53.539064794778824
0 0.0126 588.0473316907883 591.70057117939 610.8047057390213 610.8046692609787
0 0.0122 506.5701034069061 165.27451479434967 555.2633292675018 188.6181274652481
0 0.0119 24.114611439406872 438.9339394569397 62.109905786812305 469.64064502716064
0 0.0118 572.9862957000732 127.42049306631088 610.8046875 149.97628945112228
0 0.0114 151.48798513412476 51.404128074645996 202.58905363082886 72.99125915765762
0 0.0114 0.0 381.241726398468 33.292095959186554 412.5550618171692
0 0.0112 540.7373714447021 218.44651472568512 578.2597074508667 250.2051740884781
0 0.0107 10.280273884534836 576.1224589347839 37.150501638650894 610.8046875
0 0.0105 27.54446053504944 146.79741498827934 77.94236916303635 168.8490209877491
0 0.0103 27.35849319398403 108.66700369119644 78.11036194860935 130.47915869951248
0 0.0100 5.105922818183899 343.06541204452515 42.87800574302673 374.2377233505249
0 0.0100 189.8390110731125 3.53217114508152 240.74681890010834 25.2389547675848
