0 0.1292 566.4926528930664 234.78739738464355 623.624382019043 255.28409004211423
0 0.1000 556.2353515625 214.90367889404294 613.8633728027344 235.16433715820312
0 0.0763 546.3162231445312 254.86568450927737 603.7886810302734 275.20313262939453
0 0.0652 504.39388275146484 235.67623138427734 565.5773544311523 254.36847686767575
0 0.0643 395.5080795288086 335.2314376831054 454.5370101928711 354.8288345336914
0 0.0594 106.76591873168945 224.65763092041016 163.37152481079102 245.41698455810544
0 0.0495 607.9903984069824 263.5889434814453 638.7500190734863 286.4344787597656
0 0.0486 335.79715728759766 335.1023483276367 394.26937103271484 354.96082305908203
0 0.0455 587.3161506652832 194.36624526977536 638.7499809265137 215.71157455444336
0 0.0450 494.3505859375 215.69244384765625 555.6179046630859 234.35161590576172
0 0.0436 395.12298583984375 315.3914260864257 454.8957824707031 334.6637344360351
0 0.0389 136.77565097808838 244.65267181396482 193.36259365081787 265.42201995849604
0 0.0372 136.8541145324707 204.60725784301758 193.2918357849121 225.46716690063474
0 0.0371 525.3327178955078 195.2950096130371 584.7028350830078 214.76125717163083
0 0.0360 386.21227264404297 354.92008209228516 443.8833236694336 375.14858245849604
0 0.0331 67.62265920639038 204.21573638916016 122.58375406265259 225.86650848388672
0 0.0323 336.0117721557617 315.00831604003906 394.06986236572266 335.0576019287109
0 0.0315 536.2211990356445 274.90806579589844 593.8769912719727 295.1594543457031
0 0.0296 67.79403686523438 244.12418365478513 122.42624282836914 265.9597396850586
0 0.0281 374.9767303466797 295.45188903808594 435.0318908691406 314.6015167236328
0 0.0269 326.1524200439453 354.9475860595703 383.9387512207031 375.12046813964844
0 0.0267 484.39727783203125 255.67768096923825 545.5735015869141 274.36756134033203
0 0.0254 0.0 219.8858642578125 638.75 558.75
0 0.0250 364.7401809692383 245.54267883300778 425.2535629272461 264.5069122314453
0 0.0244 97.44023323059082 174.3137741088867 152.75103569030762 195.76702117919922
0 0.0242 364.59888458251953 265.5989837646484 425.38524627685547 284.4488525390625
0 0.0238 598.2792663574219 163.83960723876953 638.75 186.24641418457028
0 0.0229 0.0 -79.99999999999999 510.9122848510742 201.51496887207028
0 0.0223 364.97020721435547 225.45022010803223 425.03902435302734 244.60234642028806
0 0.0211 177.2119903564453 224.42806243896484 232.96192169189453 245.64998626708982
0 0.0210 455.44727325439453 345.25390625 514.5943832397461 364.80499267578125
0 0.0207 536.0615539550781 174.97795104980466 594.0256500244141 195.08728027343747
0 0.0207 598.1342315673828 293.92578125 638.75 316.1595916748047
0 0.0204 444.49493408203125 235.63984870910645 505.4822540283203 254.4066905975342
0 0.0182 455.2374267578125 325.3384780883789 514.7905731201172 344.7172164916992
0 0.0172 375.32371520996094 205.3033447265625 434.7100830078125 224.7535705566406
0 0.0170 434.77039337158203 215.53016662597656 495.2254867553711 234.5197296142578
0 0.0161 127.59047985076904 274.23767089843744 182.61223316192627 295.8450317382812
0 0.0159 464.8439025878906 195.50004959106445 525.1570892333984 214.55068588256836
0 0.0159 316.4567184448242 294.8076248168945 373.6568069458008 315.2640151977539
0 0.0158 512.6921272277832 -80.0 638.7499809265137 -10.150761604309086
0 0.0157 18.005094528198242 224.0036392211914 72.23373413085938 246.08142852783206
0 0.0151 157.77557849884033 174.1280174255371 212.44460582733154 195.9547996520996
0 0.0150 424.5431137084961 255.61985015869138 485.43758392333984 274.4270706176757
0 0.0149 38.11382293701172 173.93953323364258 92.13486671447754 196.14599227905273
0 0.0143 435.11592864990234 295.390625 494.9032974243164 314.6638488769531
0 0.0142 574.3924140930176 4.836816787719727 638.7499809265137 54.747018814086914
0 0.0140 424.6724319458008 275.56919097900385 485.31688690185547 294.47948455810547
0 0.0138 385.91602325439453 185.04676818847656 444.1598129272461 205.01731872558594
0 0.0133 598.2354736328125 133.86613845825195 638.75 156.21973037719727
0 0.0133 306.276330947876 234.89029884338376 363.8240718841553 255.17905235290525
0 0.0130 475.32657623291016 175.30170440673825 534.7075271606445 194.75517272949216
0 0.0127 608.9858245849609 542.642650604248 638.75 558.7500190734863
0 0.0124 87.38815307617188 144.34249877929685 142.79857635498047 165.73806762695312
0 0.0123 306.26978874206543 254.8939514160156 363.8300037384033 275.17547607421875
0 0.0123 316.36109352111816 204.84724044799805 373.7465572357178 225.22249221801755
0 0.0119 525.9030532836914 155.05069732666016 584.172248840332 175.01293182373047
0 0.0118 588.4455680847168 323.7376403808594 638.7500190734863 346.348876953125
0 0.0113 127.88488388061523 344.07264709472656 182.3433494567871 366.0118103027343
0 0.0111 376.6794204711914 164.6940803527832 433.45272064208984 185.3787803649902
0 0.0110 306.4240550994873 274.8230743408203 363.6870288848877 295.2481842041015
0 0.0109 608.6788749694824 83.17123413085936 638.7500190734863 106.85672760009764
0 0.0107 526.1995697021484 294.9183654785156 583.8969421386719 315.1490020751953
0 0.0106 0.0 193.0718231201172 40.93583106994629 217.01477050781247
0 0.0105 68.1975269317627 273.891487121582 122.05838203430176 296.1946487426757
0 0.0104 446.2302780151367 364.91161346435547 503.8667678833008 385.1572799682617
0 0.0100 8.531332015991211 253.69319915771484 61.75432205200195 276.3948440551758
