0 0.0439 416.9688684940338 14.334131196141243 472.42483162879944 33.54131166636944
0 0.0399 417.34178352355957 42.85125821828842 472.07905626296997 62.40364408493042
0 0.0307 398.1756727695465 61.99662208557129 452.9918839931488 81.50799751281738
0 0.0301 203.741057574749 23.824174404144287 313.8331215977669 71.30186980962753
0 0.0290 475.46815824508667 4.229610800743103 528.7613382339478 24.53261674940586
0 0.0262 427.76297664642334 80.67472958564758 480.8499827384949 101.0885900259018
0 0.0260 359.248494386673 14.48778298124671 415.37018179893494 33.38365641608834
0 0.0254 0.0 286.7658576965332 610.8046875 610.8046875
0 0.0239 359.39641284942627 43.113663017749786 415.2320394515991 62.135074496269226
0 0.0236 581.9056330919266 12.68812108039856 610.8046692609787 35.1507206261158
0 0.0235 397.2587242126465 572.352963924408 434.8595609664917 603.9317865371704
0 0.0231 208.6206797361374 108.927967607975 260.18352377414703 130.21688157320023
0 0.0230 303.16777181625366 4.321736097335815 356.79713344573975 24.439264878630638
0 0.0221 475.9825716018677 32.64682674407959 528.2883639335632 53.4952774643898
0 0.0203 208.72176039218903 80.17668575048447 260.0924016237259 101.59307223558426
0 0.0203 358.9326310157776 572.5277302265167 396.6782126426697 603.7721221446991
0 0.0201 189.40701985359192 3.7869702726602554 241.14050817489624 24.981631815433502
0 0.0197 447.50146436691284 109.02863788604736 499.41271018981934 130.11451506614685
0 0.0197 340.94516229629517 61.93261907994747 395.48224353790283 81.57424391806126
0 0.0197 550.293870806694 578.298228263855 610.8047057390213 610.8046875
0 0.0195 435.39768505096436 582.1379252672195 473.2129397392273 610.8046692609787
0 0.0193 369.86816453933716 80.94336301088333 423.9523344039917 100.81587105989456
0 0.0190 227.8591446876526 137.55075100064278 279.2047255039215 158.96999189257622
0 0.0188 476.8087627887726 60.84538418054581 527.5365149974823 82.67565053701401
0 0.0181 372.95373272895813 547.5554823875427 421.1623842716217 571.3331108093262
0 0.0177 458.00834441185 146.69936200976372 508.11801266670227 168.94740226864815
0 0.0174 389.519980430603 109.36337864398956 442.59246826171875 129.77572524547577
0 0.0172 473.44191241264343 591.671881198883 511.69804072380066 610.8046875
0 0.0165 330.11366415023804 544.1205275058746 368.11109018325806 574.8289840221405
0 0.0160 391.2533075809479 452.5740644931793 441.0167992115021 475.0724079608917
0 0.0160 382.4034426212311 509.40762090682983 430.8222076892853 532.9835257530212
0 0.0157 305.8171355724335 585.9580700397491 354.40216755867004 609.4313986301422
0 0.0154 467.5356795787811 328.4065282344818 517.7129781246185 350.6147253513336
0 0.0154 468.28727316856384 174.86504817008972 517.041855096817 198.1532142162323
0 0.0150 582.1158742904663 41.242102324962616 610.8046875 63.97276532649994
0 0.0149 391.6024024486542 481.00928235054016 440.7052037715912 504.0107309818268
0 0.0149 582.2277706861496 442.791601896286 610.8047057390213 465.6733295917511
0 0.0148 257.5418842434883 595.4215868711472 307.09320133924484 610.8047057390213
0 0.0148 390.1133322715759 137.72735488414764 442.0488724708557 158.7912722826004
0 0.0145 265.49448055028915 109.2073985338211 318.0173354744911 129.93363869190216
0 0.0143 291.8733673095703 544.102324962616 329.8519706726074 574.8455815315247
0 0.0141 582.2822871208191 414.06572699546814 610.8046875 437.02405858039856
0 0.0140 511.69220423698425 591.6713887453079 549.947821855545 610.8046692609787
0 0.0140 210.1693550348282 585.9745216369629 258.79761350154877 609.4149470329285
0 0.0139 266.19774985313416 70.55590979754925 317.37505745887756 92.08965070545673
0 0.0139 238.1516250371933 165.7734979391098 288.10710060596466 188.1237405538559
0 0.0138 582.3763457536697 471.37794828414917 610.8046692609787 494.46220207214355
0 0.0138 486.8411364555359 356.9717903137207 536.675760269165 379.4243173599243
0 0.0137 582.403303027153 385.2946922779083 610.8047057390213 408.4201662540436
0 0.0137 492.7026472091675 457.9998815059662 530.6495146751404 488.8195230960846
0 0.0134 76.08159685134888 586.1504187583923 125.10877919197083 609.242259979248
0 0.0131 425.95435881614685 534.0876066684723 463.53936409950256 565.6958305835724
0 0.0130 409.96249437332153 165.97673535346985 460.51610040664673 187.9197735786438
0 0.0130 477.4641637802124 299.4671108722687 526.9469933509827 322.1786320209503
0 0.0130 582.4900660514832 499.9838469028473 610.8046875 523.2309386730194
0 0.0129 582.0469307899475 127.3489049077034 610.8046875 149.99064356088638
0 0.0129 582.4687628746033 356.5604639053345 610.8046875 379.779248714447
0 0.0127 331.92808198928833 128.59876120090485 385.41729497909546 148.78813576698303
0 0.0126 331.9980103969574 99.8746737241745 385.3531301021576 120.13775217533112
0 0.0125 343.44339752197266 471.69800662994385 393.2018551826477 494.1985387802124
0 0.0124 477.6222596168518 251.53926730155945 526.8060421943665 274.4807095527649
0 0.0123 334.52717900276184 519.0225763320923 383.0656650066376 542.494372844696
0 0.0122 582.4133709669113 528.7251155376434 610.8047057390213 551.8647429943085
0 0.0120 487.12099599838257 385.4625642299652 536.4250831604004 408.30795979499817
0 0.0120 151.83689305186272 108.5657588839531 202.2718451321125 130.5813884139061
0 0.0119 582.59920835495 327.7772455215454 610.8046875 351.18695640563965
0 0.0119 131.75621393322945 3.9439056515693665 184.01727506518364 24.82301616668701
0 0.0118 133.17826482653618 595.4640473127365 182.82551005482674 610.8047057390213
0 0.0118 582.391192317009 155.8057998418808 610.8047057390213 178.90938699245453
0 0.0116 430.3959617614746 509.24828481674194 478.478618144989 533.1393599510193
0 0.0115 391.3729190826416 423.79919958114624 440.91039276123047 446.47147035598755
0 0.0113 284.7067177891731 147.41408541798592 337.0613724589348 168.22826501727104
0 0.0112 171.17142748832703 137.1132105588913 221.20835852622986 159.4088090658188
0 0.0112 477.7111201286316 433.15227913856506 526.7286357879639 456.24105620384216
0 0.0111 253.6591705083847 544.028529882431 291.5689762830734 574.9128105640411
0 0.0110 521.3336791992188 324.24044394493103 559.3891053199768 354.83917450904846
0 0.0110 439.48373651504517 471.39498353004456 488.45653009414673 494.49959206581116
0 0.0108 333.62084555625916 443.18552827835083 383.873361825943 465.3360171318054
0 0.0107 582.1643171310425 98.58194661140442 610.8046875 121.38260185718536
0 0.0107 483.1950466632843 199.69802284240723 521.0364925861359 230.73627734184265
0 0.0106 549.2627459764481 253.25021517276764 610.8046692609787 300.97684586048126
0 0.0106 286.62417697906494 519.0958971977234 335.3327965736389 542.422146320343
0 0.0105 182.41799104213715 576.2414685487747 209.26039516925812 610.8046692609787
0 0.0105 342.1382131576538 156.94276571273804 394.3852758407593 177.82462120056152
0 0.0103 582.3150261640549 69.79538820683956 610.8047057390213 92.79472567141056
0 0.0103 0.0 0.0 123.80344891548157 66.82217010855675
0 0.0102 150.250066280365 42.530438393354416 203.72129559516907 62.73140385746956
0 0.0101 151.047749876976 80.35588413476944 202.98879826068878 101.41298013925552
0 0.0100 429.23260402679443 357.13510251045227 479.509560585022 379.2619535923004
