0 0.0405 444.5858383178711 155.6040000915527 505.39745330810547 174.44364547729492
0 0.0338 455.13267517089844 175.3860092163086 514.8870849609375 194.66903686523435
0 0.0331 434.4143295288086 135.66856384277344 495.5582046508789 154.37644958496094
0 0.0317 0.0 250.0980377197265 211.54129028320312 349.2982482910156
0 0.0312 177.63050079345703 154.21632766723633 232.57545471191406 175.86671829223633
0 0.0295 506.1580276489258 154.9394416809082 563.9349746704102 175.12773513793945
0 0.0273 495.64769744873047 135.16511917114258 554.4088363647461 154.89580154418945
0 0.0272 385.5592346191406 155.21183013916016 444.48890686035156 174.84939575195312
0 0.0267 438.4458541870117 291.3160705566406 624.0490341186523 368.7492370605468
0 0.0254 0.0 -79.99999999999999 638.75 259.48570251464844
0 0.0250 227.86901473999023 174.08554077148435 282.3569679260254 195.9993743896484
0 0.0249 455.89183807373047 195.06464004516602 514.1804885864258 215.00028610229492
0 0.0245 166.89495086669922 124.59390640258788 223.2525634765625 145.48200607299802
0 0.0220 396.25675201416016 174.9037742614746 453.8411331176758 195.16607284545896
0 0.0214 375.3917694091797 135.279483795166 434.6455383300781 154.7790718078613
0 0.0208 237.0198631286621 144.5308685302734 293.1376075744629 165.54615020751953
0 0.0201 424.8203659057617 115.50849914550781 485.17932891845703 134.54177856445312
0 0.0198 169.13000106811523 183.30217361450195 221.2141990661621 206.7864418029785
0 0.0193 558.8357734680176 378.7397766113281 638.7499809265137 441.1863708496094
0 0.0188 248.52867126464844 203.69655609130857 301.75636291503906 226.39167785644528
0 0.0173 466.8213653564453 214.6310806274414 523.3202362060547 235.44422149658203
0 0.0168 0.0 389.9971199035644 320.47874450683594 558.7499809265137
0 0.0162 517.1117401123047 184.48003768920896 573.0540466308594 205.59717178344727
0 0.0162 438.6602020263672 263.60939025878906 491.6382598876953 286.47857666015625
0 0.0157 485.5976104736328 115.18531799316405 544.4557189941406 134.8747634887695
0 0.0154 196.71024322509766 104.68238830566406 253.42350006103516 125.39131164550781
0 0.0151 118.78170013427734 143.53620529174802 171.5274429321289 166.5526008605957
0 0.0148 127.18461990356445 104.4476318359375 182.98582077026367 125.6310272216797
0 0.0140 574.3924140930176 244.83680725097653 638.7499809265137 294.74700927734375
0 0.0140 480.9901428222656 475.98112106323237 638.75 558.7500190734862
0 0.0139 365.84938049316406 115.07946014404297 424.22088623046875 134.98432159423828
0 0.0136 287.31736183166504 164.3791389465332 342.8636837005615 185.70074081420898
0 0.0132 415.5194854736328 95.22058486938477 474.52789306640625 114.83880996704102
0 0.0130 387.9184341430664 244.05532836914062 442.3123550415039 266.0295867919922
0 0.0129 407.1452331542969 214.46857452392578 463.0218505859375 235.6098175048828
0 0.0127 217.7426528930664 299.26666259765625 363.9836120605469 360.66009521484375
0 0.0125 308.1006622314453 203.94739151000977 362.14683532714844 226.13805770874023
0 0.0121 125.3857421875 168.65591049194336 164.79801177978516 201.45586013793945
0 0.0120 5.483460426330566 218.43036651611325 44.70977306365967 251.6619873046875
0 0.0119 316.6330623626709 134.72164154052732 373.49427223205566 155.35156249999997
0 0.0119 389.1937255859375 283.2544708251953 441.1577606201172 306.8335723876953
0 0.0118 389.2200469970703 323.228759765625 441.1357116699219 346.8582153320312
0 0.0117 488.49414825439453 243.71185302734372 541.7889785766602 266.3754272460937
0 0.0114 259.6049690246582 232.95380592346189 310.79118728637695 257.1322536468506
0 0.0106 257.2066879272461 114.43229675292969 312.96642303466797 135.64594268798828
0 0.0104 189.65686798095703 212.91194915771484 240.7455825805664 237.17342376708984
