0 0.0663 150.72525024414062 231.59803771972656 371.5412902832031 330.7982482910156
0 0.0417 429.90333557128906 84.21228790283203 480.52886962890625 108.87018585205077
0 0.0353 379.984130859375 84.14305114746092 430.4583740234375 108.93812561035155
0 0.0342 373.0625534057617 246.41416931152344 488.19149017333984 296.0640563964844
0 0.0341 479.3800735473633 104.6207275390625 530.9914016723633 128.466552734375
0 0.0321 608.5896301269531 -25.27249908447267 638.75 -1.700035095214858
0 0.0320 411.8317413330078 109.79490661621092 478.6598205566406 143.19025421142578
0 0.0314 439.18888092041016 54.75941085815428 491.1617660522461 78.3288230895996
0 0.0302 358.31825256347656 -134.6820459365845 411.9489288330078 -112.2315320968628
0 0.0284 608.3260345458984 4.891227722167953 638.75 28.13478851318358
0 0.0279 379.59362030029297 54.46020507812499 430.8017349243164 78.62562561035155
0 0.0273 190.72525024414062 111.59800910949707 411.5412902832031 210.79827690124515
0 0.0267 318.16959381103516 -54.591852188110366 372.08377838134766 -32.322164535522475
0 0.0250 495.4794692993164 249.93402862548828 534.7139358520508 283.1586685180664
0 0.0250 330.52337646484375 73.62114334106444 379.99755859375 99.44538497924803
0 0.0249 317.86593437194824 -84.42076301574708 372.36157417297363 -62.49554252624514
0 0.0242 489.01233673095703 74.88022232055663 541.3203811645508 98.20820236206053
0 0.0238 318.9572048187256 -25.083213806152358 371.37009620666504 -1.8283996582031392
0 0.0234 308.0613327026367 -114.53193283081058 362.18311309814453 -92.38313293457034
0 0.0233 470.09544372558594 224.03704071044922 520.3633117675781 249.04100799560547
0 0.0232 150.72525024414062 351.59803771972656 371.5412902832031 450.79824829101557
0 0.0231 609.0003776550293 -55.54452514648439 638.7500190734863 -31.427017211914077
0 0.0231 489.2670440673828 134.7050323486328 541.0916900634766 158.3830871582031
0 0.0230 418.47740173339844 -134.77857208251956 471.8043518066406 -112.13433837890628
0 0.0230 379.3080520629883 24.67190170288085 431.05587005615234 48.41553115844725
0 0.0229 0.0 -178.5 510.9122848510742 103.01496887207031
0 0.0217 439.1476058959961 24.785846710205064 491.19930267333984 48.302158355712876
0 0.0214 368.4607696533203 -104.76878976821901 421.8195343017578 -82.14423513412477
0 0.0211 330.2031707763672 43.94558334350585 380.26885986328125 69.13109207153319
0 0.0211 379.0976333618164 -45.18287277221681 431.2447738647461 -21.729484558105483
0 0.0204 369.1395950317383 -5.210376739501968 421.2068557739258 18.298152923583974
0 0.0203 597.9806518554688 35.51350021362304 638.75 57.57080459594725
0 0.0203 449.90291595458984 194.2084732055664 500.5300521850586 218.8734664916992
0 0.0201 319.78710174560547 4.307674407958972 370.6309127807617 28.77624893188475
0 0.0194 375.54290771484375 209.7788848876953 414.65728759765625 243.30061340332028
0 0.0193 308.51810455322266 -154.8044357299805 361.76761627197266 -132.10844135284427
0 0.0191 378.81561279296875 -74.9934825897217 431.4984893798828 -51.9187412261963
0 0.0189 373.0625534057617 306.41416931152344 488.19149017333984 356.06405639648443
0 0.0184 428.6302185058594 -104.87140274047853 481.66534423828125 -82.0407066345215
0 0.0179 609.2595672607422 -85.73016738891603 638.75 -61.24190902709962
0 0.0179 498.5881805419922 45.15188598632811 551.7041015625 67.93543243408202
0 0.0179 505.3641128540039 190.20521545410153 544.8175430297852 222.91082763671875
0 0.0177 440.2907180786133 143.8568344116211 490.1948928833008 169.2169418334961
0 0.0176 490.2635192871094 283.8837280273437 540.2179718017578 309.19081115722656
0 0.0175 269.44713592529297 -5.427776336669936 320.9314727783203 18.514789581298814
0 0.0174 512.6921272277832 -178.5 638.7499809265137 -108.6507616043091
0 0.0173 535.5585098266602 249.73856353759766 574.6435928344727 283.3375015258789
0 0.0169 608.7309455871582 194.63987731933594 638.7499809265137 218.38858032226562
0 0.0168 429.24659729003906 -5.286117553710951 481.11114501953125 18.373512268066392
0 0.0166 300.7054042816162 63.533405303955064 328.9038944244385 109.52320480346678
0 0.0165 595.4351425170898 250.0439682006836 634.7532272338867 283.05811309814453
0 0.0164 420.7170104980469 193.6309280395508 448.8899230957031 239.44757843017578
0 0.0164 0.0 391.10615158081055 129.28508758544922 460.2500190734863
0 0.0162 368.4929656982422 -164.7895488739014 421.79054260253906 -142.12350940704346
0 0.0159 258.50170135498047 -64.78783226013185 311.78104400634766 -42.12416267395021
0 0.0157 279.807710647583 34.286369323730455 330.61366081237793 58.79671478271483
0 0.0156 259.16786193847656 -35.22505855560304 311.18045806884766 -11.686554908752456
0 0.0153 520.432243347168 223.71931457519534 570.0738143920898 249.35072326660156
0 0.0153 608.3261108398438 64.8930206298828 638.75 88.13326263427733
0 0.0149 489.7012710571289 164.37757873535156 540.7062911987305 188.70741271972656
0 0.0149 609.137134552002 224.36144256591794 638.7499809265137 248.66716766357422
0 0.0145 258.1846046447754 -94.60022544860841 312.0699882507324 -72.3136386871338
0 0.0138 545.1784896850586 190.5976333618164 584.9877548217773 222.55297088623044
0 0.0138 435.05653381347656 -49.1680727005005 475.1013946533203 -17.660265922546404
0 0.0131 499.0306854248047 14.862541198730455 551.3050079345703 38.22512054443358
0 0.0129 439.11251068115234 -75.18877601623537 491.23050689697266 -51.72299003601076
0 0.0128 574.3924140930176 286.3368072509766 638.7499809265137 336.24700927734375
0 0.0127 480.9901428222656 377.4811210632324 638.75 460.2500190734863
0 0.0126 0.0 231.3092269897461 130.20777702331543 331.1696090698242
0 0.0122 250.06404876708984 64.0712203979492 300.3892517089844 89.0082778930664
0 0.0119 608.5861206054688 164.7320404052734 638.75 188.2957305908203
0 0.0113 258.5677909851074 -134.83477210998538 311.7224311828613 -112.07787132263186
0 0.0110 564.8827362060547 -28.844796180725112 605.263671875 2.0459833145141455
0 0.0109 608.5853576660156 94.73343276977538 638.75 118.29445266723633
0 0.0107 108.6306381225586 -74.87266159057619 161.6651725769043 -52.039581298828146
0 0.0104 534.8439025878906 101.22219467163085 575.3004455566406 131.98521041870117
0 0.0103 240.7313346862793 3.7582054138183456 268.8728904724121 49.35005569458007
0 0.0102 479.4291687011719 -15.41982269287111 530.9485626220703 8.506225585937488
0 0.0101 410.711669921875 143.58160400390622 438.8963317871094 189.4852294921875
0 0.0100 548.3808898925781 65.28524780273436 601.890869140625 87.80218505859374
