0 0.0462 390.6253433227539 151.9942855834961 439.9153518676758 178.066291809082
0 0.0393 0.0 -66.67053699493408 51.25113487243652 -43.24090480804443
0 0.0319 339.4194793701172 153.08332443237305 390.95802307128906 177.0025825500488
0 0.0319 395.4266357421875 178.54022979736328 434.7632598876953 211.5616226196289
0 0.0315 440.66627502441406 141.71392440795896 468.9506530761719 188.2727241516113
0 0.0281 390.16040802001953 122.47753143310547 440.3071975708008 147.5991058349609
0 0.0254 0.0 219.8858642578125 638.75 558.75
0 0.0254 18.83469581604004 -36.503257751464844 71.48068428039551 -13.408565521240233
0 0.0231 354.98252868652344 179.46393966674805 395.17120361328125 210.7197380065918
0 0.0229 0.0 -79.99999999999999 510.9122848510742 201.51496887207028
0 0.0200 574.3924140930176 144.8368263244629 638.7499809265137 194.74702835083008
0 0.0196 328.9588928222656 123.41121673583983 381.3694763183594 146.67652130126953
0 0.0187 435.36746978759766 188.6836051940918 474.8159408569336 221.43064498901367
0 0.0183 574.3924140930176 -75.16318321228027 638.7499809265137 -25.252971649169922
0 0.0167 574.3924140930176 84.83682632446289 638.7499809265137 134.74702835083008
0 0.0167 445.4622268676758 108.48079681396483 484.7288131713867 141.61590576171872
0 0.0166 58.751678466796875 -66.45201683044434 111.55620574951172 -43.46028804779053
0 0.0147 369.31957244873047 303.1623840332031 421.0457992553711 326.92481994628906
0 0.0144 379.2648696899414 213.19133758544922 431.09683990478516 236.89468383789062
0 0.0141 368.89915466308594 273.4520721435547 421.42303466796875 296.6358184814453
0 0.0133 314.7137451171875 179.9469184875488 355.42320251464844 210.28146743774414
0 0.0126 358.5080337524414 243.69979858398435 411.7771530151367 266.3870239257812
0 0.0126 470.71292877197266 142.09259033203122 498.8948440551758 187.97679901123047
0 0.0123 574.3924140930176 -15.163183212280275 638.7499809265137 34.747018814086914
0 0.0120 368.4115219116211 33.76335144042968 421.8638229370117 56.323719024658196
0 0.0120 418.9775085449219 243.39942932128903 471.3526153564453 266.6883850097656
0 0.0116 369.23316955566406 93.2225227355957 421.12335205078125 116.86479568481445
0 0.0115 609.5594024658203 202.5336647033691 638.75 227.49155044555664
0 0.0110 369.410400390625 333.0957794189453 420.9648895263672 356.990966796875
0 0.0110 318.62266540527344 213.6304664611816 371.6728210449219 236.45700454711914
0 0.0108 428.9609146118164 273.412971496582 481.3669967651367 296.6752243041992
0 0.0108 0.0 -7.025747299194337 50.81404209136963 17.112073898315426
0 0.0102 419.2993927001953 313.1778335571289 471.06361389160156 336.90959930419916
0 0.0102 309.07322883605957 283.33805084228516 361.2658214569092 306.7502212524414
0 0.0102 319.3705368041992 313.12564849853516 371.00032806396484 336.9614028930664
0 0.0101 575.4707145690918 524.7563171386718 638.7500190734863 558.75
0 0.0100 419.6238327026367 82.9349899291992 470.7753372192383 107.15030670166016
