0 0.1669 321.50012969970703 102.18255615234375 388.97266387939453 134.82656097412112
0 0.1273 92.02505111694336 44.425998687744155 178.72371673583984 92.20813369750978
0 0.1045 299.6167469024658 76.44178009033203 350.7813549041748 100.64378356933594
0 0.0783 340.5684280395508 135.57138061523438 389.9600601196289 161.49331665039065
0 0.0766 269.86148834228516 106.24425506591798 320.5660629272461 130.83840942382815
0 0.0748 181.05281829833984 64.67366790771486 229.6212387084961 92.32881164550783
0 0.0718 110.6901741027832 15.411296844482434 159.86339569091797 41.64531326293946
0 0.0697 359.21504974365234 76.73650360107423 411.1393356323242 100.35104370117188
0 0.0688 239.88922119140625 76.2241897583008 290.5411911010742 100.85851287841798
0 0.0607 113.06253433227539 98.41418838500978 228.19150924682617 148.06403732299805
0 0.0541 180.7686996459961 35.31888580322267 229.79877471923828 61.73402404785157
0 0.0501 60.55458068847656 44.537902832031264 89.08571243286133 92.33666992187501
0 0.0476 269.4391632080078 46.57523727416993 320.9391784667969 70.51143264770508
0 0.0441 75.92263221740723 100.0598487854004 114.3871021270752 136.88262557983398
0 0.0424 98.44585418701172 -95.18397712707518 284.04903411865234 -17.750753402709947
0 0.0394 389.26212310791016 106.70308685302734 441.0972213745117 130.38430786132812
0 0.0391 160.44069290161133 5.706172943115249 210.0675392150879 31.36300659179689
0 0.0372 290.44986724853516 135.6896743774414 340.06114959716797 161.37830352783203
0 0.0372 60.38969039916992 15.754629135131847 110.1114273071289 41.315713882446296
0 0.0330 85.5048656463623 211.86285591125488 124.69216346740723 245.22381401062012
0 0.0326 15.727953910827637 51.263714790344245 54.49728488922119 85.77290630340578
0 0.0324 329.2859649658203 46.68696975708009 381.07574462890625 70.40046310424806
0 0.0319 110.07463455200195 -13.937343597412095 160.3799057006836 11.016746520996108
0 0.0307 75.83329200744629 140.87531661987302 114.41433906555176 176.12998580932617
0 0.0300 35.8261775970459 90.87558364868165 74.4223690032959 126.1297950744629
0 0.0277 230.74087142944336 25.851551055908214 258.8615608215332 71.27971267700197
0 0.0258 5.338754653930664 302.2632369995117 44.84041690826416 334.85784149169916
0 0.0256 574.3924140930176 198.33680725097656 638.7499809265137 248.24700927734372
0 0.0254 45.38534879684448 192.13727569580078 84.80029344558716 224.97296905517578
0 0.0242 215.70405960083008 -8.680204391479476 254.51902389526367 25.72147941589357
0 0.0233 335.6605529785156 161.460205078125 374.5549011230469 195.5926284790039
0 0.0229 0.0 250.52486038208005 510.9126281738281 532.2499809265137
0 0.0228 259.8006248474121 16.287275314331065 310.6209373474121 40.79523658752443
0 0.0217 240.69374084472656 105.43202972412112 268.9177703857422 151.60142517089844
0 0.0216 125.58897018432617 211.6582546234131 164.6169090270996 245.41109657287598
0 0.0215 430.7252502441406 -56.401981353759744 638.75 42.798305511474624
0 0.0210 115.82347869873047 150.90867614746094 154.42235946655273 186.09929656982422
0 0.0210 0.0 276.4716110229492 50.81092357635498 300.6146774291992
0 0.0209 35.630221366882324 131.5290985107422 74.58264827728271 165.5294952392578
0 0.0208 574.3924140930176 138.3368263244629 638.7499809265137 188.24702835083008
0 0.0203 10.441393852233887 25.709444046020522 60.066165924072266 51.36023139953615
0 0.0203 5.2843475341796875 212.37630462646484 44.8905611038208 244.7546920776367
0 0.0199 608.8752937316895 -93.45725202560423 638.7499809265137 -69.51413297653197
0 0.0196 0.0 91.66017150878908 34.63524341583252 125.40944671630861
0 0.0185 279.1371154785156 -103.20515537261961 331.2083435058594 -79.70657730102536
0 0.0181 90.83236694335938 185.2273712158203 139.74945068359375 211.8205413818359
0 0.0180 389.97745513916016 136.14602661132812 440.4647445678711 160.93488311767578
0 0.0178 295.47000885009766 161.94980239868164 334.7230911254883 195.14426803588864
0 0.0178 0.0 246.39386749267575 50.72728157043457 270.69112396240234
0 0.0177 59.834022521972656 -13.73270416259764 110.59009552001953 10.815788269042983
0 0.0175 5.5076611042022705 171.8669662475586 44.688605070114136 205.22000885009766
0 0.0162 415.08583068847656 72.77305221557619 455.0743865966797 104.39330673217773
0 0.0157 315.1167297363281 12.713838577270524 355.04554748535156 44.44717979431154
0 0.0156 0.0 131.77835083007812 34.669692516326904 165.30118560791016
0 0.0152 574.3924140930176 78.3368263244629 638.7499809265137 128.24702835083008
0 0.0152 574.3924140930176 258.33680725097656 638.7499809265137 308.24700927734375
0 0.0150 255.62341690063477 -18.441080093383775 294.58749771118164 15.50213432312013
0 0.0143 245.3781509399414 152.1702537536621 284.8051452636719 184.94277572631836
0 0.0141 385.08056640625 42.78356170654298 425.0792694091797 74.38375091552736
0 0.0132 250.5738067626953 224.61999511718753 279.06227111816406 272.2615966796875
0 0.0132 5.81578254699707 340.9503707885742 44.427199363708496 376.06092071533203
0 0.0130 5.801717042922974 380.99603271484375 44.438875913619995 416.01892089843744
0 0.0129 333.0625534057617 -101.58583068847655 448.19149017333984 -51.93595314025877
0 0.0126 160.6326675415039 154.9902114868164 188.99120330810547 201.9551239013672
0 0.0126 15.328701734542847 -7.716821670532213 54.84978795051575 24.83967399597169
0 0.0126 375.6020736694336 161.62793731689453 414.60498809814453 195.43885803222656
0 0.0125 535.2194213867188 182.5114688873291 574.9502563476562 214.6315059661865
0 0.0124 44.935903549194336 313.0623397827148 85.21349906921387 344.1303024291992
0 0.0118 355.10894775390625 12.727781295776376 395.0529479980469 44.43449592590333
0 0.0117 280.64714431762695 225.07604217529297 308.9736747741699 271.8832931518554
0 0.0114 512.8874015808105 463.1266937255858 638.7500190734863 532.25
0 0.0112 549.0857696533203 -103.17002677917479 601.2544250488281 -79.74165582656858
0 0.0112 574.3924140930176 318.33680725097656 638.7499809265137 368.2470092773437
0 0.0112 80.11942863464355 246.01674652099607 130.3422451019287 271.06099700927734
0 0.0105 48.864591121673584 -103.0300130844116 101.45527124404907 -79.88279724121092
0 0.0105 489.0597152709961 -103.15341377258298 541.2781143188477 -79.75840711593627
0 0.0104 165.70327758789062 211.33283233642578 204.51866149902344 245.70951080322263
0 0.0103 519.7727584838867 216.31509399414062 570.6443405151367 240.76844787597656
0 0.0101 295.41083335876465 -27.901236057281476 334.77532386779785 5.008085727691665
0 0.0100 220.60510635375977 204.80202293395996 249.02437210083008 252.1081027984619
