0 0.1985 27.502784729003906 184.28184509277344 82.69330978393555 205.79967498779294
0 0.1726 78.3108901977539 203.82219314575195 131.95566177368164 226.2641716003418
0 0.1666 17.15813636779785 154.46069717407224 73.01029205322266 175.617618560791
0 0.1532 87.94333457946777 174.0359115600586 142.29077339172363 196.04835510253903
0 0.1270 18.400192260742188 213.7732696533203 71.87341690063477 236.31420135498044
0 0.1022 7.948513031005859 124.03429031372069 62.285757064819336 146.05020523071286
0 0.0913 77.51550674438477 144.27215576171875 132.68230438232422 165.8090591430664
0 0.0748 68.92436981201172 233.43834877014157 121.39968872070312 256.6499996185303
0 0.0638 8.327522277832031 93.81671905517578 61.939544677734375 116.27037048339844
0 0.0629 526.2939834594727 74.88391399383545 583.8073348999023 95.18593311309814
0 0.0624 536.4838027954102 94.79562759399413 593.6315536499023 115.27639389038086
0 0.0575 135.02317428588867 199.3825912475586 175.13376235961914 230.7937240600586
0 0.0556 526.13525390625 54.955101013183594 583.9547729492188 75.11266708374023
0 0.0524 9.365100860595703 243.1340026855469 61.004228591918945 266.9536590576172
0 0.0511 586.0238456726074 74.99679565429688 638.7500190734863 95.06828308105467
0 0.0489 567.2415161132812 114.4219970703125 622.9326629638672 135.65773010253906
0 0.0489 8.192229270935059 63.89697551727294 62.06268787384033 86.18946552276611
0 0.0485 33.06253433227539 264.91416931152344 148.19150924682617 314.5640563964844
0 0.0435 585.7392120361328 55.12223243713378 638.75 74.93931770324706
0 0.0418 516.6439056396484 34.71755027770997 573.4840393066406 55.35592079162597
0 0.0396 67.34962463378906 114.3611717224121 122.83432006835938 135.71882247924802
0 0.0385 508.38306427001953 123.7852096557617 561.8886184692383 146.3024139404297
0 0.0379 547.7066040039062 174.1664886474609 602.5076293945312 195.91590881347656
0 0.0349 0.0 179.32390213012692 25.364375114440918 210.84871292114255
0 0.0339 129.17760848999023 233.2557392120361 181.17433547973633 256.83093070983887
0 0.0337 498.6391830444336 153.62018585205075 551.657829284668 176.46732330322266
0 0.0331 585.7572174072266 35.113420486450195 638.75 54.94818687438964
0 0.0309 138.42453002929688 153.75446319580078 191.85218811035156 176.33251190185547
0 0.0300 596.5135955810547 14.764156341552734 638.75 35.30546188354492
0 0.0296 0.0 269.05391693115234 34.972782135009766 301.0927963256836
0 0.0289 536.2531661987305 14.898128509521486 593.8462448120117 35.17051696777343
0 0.0278 17.742652893066406 319.26666259765625 163.98359298706055 380.66009521484375
0 0.0273 468.7168884277344 183.57044219970703 521.5876007080078 206.51721954345703
0 0.0269 0.0 33.40389251708984 51.35289192199707 56.68447494506836
0 0.0260 558.3913040161133 143.77519607543945 611.8822860717773 166.31174087524414
0 0.0254 0.0 -79.99999999999999 638.75 259.48570251464844
0 0.0250 468.8313293457031 73.50097179412842 521.4833068847656 96.58749103546141
0 0.0241 439.7866439819336 152.80261993408203 490.63243865966797 177.28057861328125
0 0.0230 67.05047607421875 84.51677322387694 123.10909271240234 105.56074142456053
0 0.0226 127.35658645629883 124.35890197753905 182.82760620117188 145.72135925292966
0 0.0224 586.2313842773438 -5.097770690917968 638.75 15.165233612060545
0 0.0212 335.84278106689453 147.34460830688477 374.4063949584961 182.6582145690918
0 0.0206 516.7192077636719 -5.319967269897461 573.4147644042969 15.394067764282225
0 0.0199 375.7142639160156 137.80574798583982 414.5088195800781 172.23430633544922
0 0.0197 295.4944324493408 158.38022232055664 334.7022533416748 191.70793533325195
0 0.0188 324.97406005859375 389.9990081787109 638.75 558.75
0 0.0187 559.9530410766602 200.2433967590332 630.4638290405273 229.86207962036133
0 0.0186 468.4269714355469 213.75595092773438 521.8492889404297 236.33148193359375
0 0.0183 589.0087699890137 233.37780952453613 638.7500190734863 256.70992851257324
0 0.0182 458.2438278198242 43.8636589050293 512.0163345336914 66.22261047363281
0 0.0181 0.0 3.3395099639892556 51.2647819519043 26.749029159545895
0 0.0180 449.8098373413086 122.7885818481445 500.61107635498047 147.2949981689453
0 0.0175 477.87689208984375 14.078235626220703 532.3503875732422 36.00629806518555
0 0.0175 335.38028717041016 108.6617660522461 374.80358123779297 141.45053863525388
0 0.0174 425.0993347167969 179.24957275390625 465.0615692138672 210.9146499633789
0 0.0170 295.3342819213867 118.75999450683592 334.84580993652344 151.3608932495117
0 0.0168 175.3811264038086 198.66649627685547 214.8021697998047 231.4461898803711
0 0.0168 0.0 389.9971199035644 320.47874450683594 558.7499809265137
0 0.0155 608.4176445007324 163.33696365356445 638.7500190734863 186.6898536682129
0 0.0155 469.0470504760742 273.3575057983398 521.2890243530273 296.73099517822266
0 0.0154 488.29307556152344 243.836555480957 541.9710540771484 266.25026702880854
0 0.0153 375.6877136230469 177.87620544433594 414.53216552734375 212.16968536376953
0 0.0149 335.69461822509766 187.8419494628906 374.52762603759766 222.20115661621094
0 0.0146 0.0 -26.693572998046875 51.223769187927246 -3.2181644439697266
0 0.0144 375.28282165527344 98.87258529663086 414.8926544189453 131.2581443786621
0 0.0142 295.3811550140381 198.65764617919922 334.8030185699463 231.45431518554685
0 0.0139 0.0 -66.98744297027586 40.86167335510254 -42.926130294799805
0 0.0134 459.3418884277344 303.14907073974604 511.0253143310547 326.93843841552734
0 0.0133 254.91897583007812 139.58303451538083 295.23040771484375 170.61155319213867
0 0.0132 318.58875274658203 83.65621566772461 371.7025375366211 106.43178939819336
0 0.0130 586.3895416259766 -25.171165466308594 638.75 -4.7595977783203125
0 0.0126 66.69919013977051 54.68887329101562 123.43342781066895 75.38488388061523
0 0.0123 425.3099822998047 88.82230758666992 464.8670196533203 121.30399703979492
0 0.0123 574.3924140930176 264.8368072509765 638.7499809265137 314.7470092773437
0 0.0121 126.94820880889893 94.56764221191406 183.20342540740967 115.50880432128906
0 0.0121 409.3716049194336 273.12656402587885 460.9989547729492 296.96071624755854
0 0.0116 429.28699493408203 243.18653106689456 481.07471466064453 266.9009017944336
0 0.0115 608.9987182617188 542.6325225830078 638.75 558.7499999999999
0 0.0115 254.97005462646484 179.49291229248047 295.1822280883789 210.69339752197266
0 0.0113 238.39330673217773 103.77065658569336 291.881160736084 126.31578445434572
0 0.0110 408.5483169555664 63.68133544921875 461.7392349243164 86.40653610229491
0 0.0106 409.54174041748047 212.99932479858398 460.84781646728516 237.0868110656738
0 0.0105 415.23345947265625 298.98582458496094 454.9369812011719 331.15486145019526
0 0.0104 189.20696258544922 173.2473373413086 241.14547729492188 196.84093475341797
0 0.0102 385.12657165527344 239.1947078704834 425.03639221191406 270.9645938873291
0 0.0100 198.16522598266602 143.9112854003906 252.0876121520996 166.17477416992188
