0 0.0758 26.51763916015625 137.7760009765625 83.60115051269531 158.29582977294922
0 0.0658 36.35819435119629 157.85193252563474 93.74841690063477 178.2182960510254
0 0.0585 46.6517448425293 117.70670700073241 103.47845077514648 138.3657341003418
0 0.0493 86.2030029296875 137.9187469482422 143.89331817626953 158.14892578125
0 0.0486 17.69989013671875 187.17869567871094 72.5118350982666 208.90492248535156
0 0.0448 8.002824783325195 97.00325775146484 62.236175537109375 119.08154296874999
0 0.0381 106.6297721862793 117.71717834472656 163.49878311157227 138.35503387451172
0 0.0350 96.12117767333984 157.9571990966797 153.96886825561523 178.10971069335935
0 0.0341 438.20560455322266 -3.111669540405267 492.05066680908203 19.19805335998536
0 0.0325 18.11131477355957 66.94067764282227 72.13722229003906 89.14477157592775
0 0.0312 76.2877082824707 177.88414764404297 133.81378173828125 198.1852035522461
0 0.0301 18.54332447052002 216.68595123291013 71.74340724945068 239.40209197998047
0 0.0287 67.70179986953735 87.16702270507812 122.51250982284546 108.91499328613281
0 0.0256 427.8645706176758 -32.915250778198235 482.3617935180664 -11.000368118286127
0 0.0254 0.0 192.88586425781247 638.75 531.75
0 0.0245 28.19997549057007 246.88130187988284 82.05810785293579 269.2035369873047
0 0.0229 18.28230857849121 36.841400146484375 71.98119163513184 59.24513626098633
0 0.0229 0.0 -107.00000000000001 510.9122848510742 174.5149688720703
0 0.0228 78.41839075088501 56.756942749023445 131.8580412864685 79.32984161376953
0 0.0213 378.1730651855469 -3.0987949371337806 432.08168029785156 19.184091567993168
0 0.0192 88.56197357177734 26.669233322143562 141.72761917114258 49.41816139221192
0 0.0186 438.2096481323242 26.88337135314942 492.0475387573242 49.20265007019044
0 0.0179 27.38262176513672 277.3419647216797 82.80444145202637 298.7379913330078
0 0.0171 609.4425201416016 485.6318359375 638.75 510.3951721191406
0 0.0166 147.3243284225464 137.36872482299805 202.85889148712158 158.71016311645508
0 0.0165 608.9552116394043 515.6662445068359 638.7500190734863 531.75
0 0.0158 77.6260757446289 207.21746253967285 132.57980346679688 228.86539268493652
0 0.0154 378.3429718017578 26.79777908325196 431.9276428222656 49.287975311279304
0 0.0154 127.9817247390747 87.0040397644043 182.2579526901245 109.07896804809569
0 0.0146 367.49805450439453 -32.719702243804925 422.6985549926758 -11.199407100677483
0 0.0144 98.34851264953613 -3.2016677856445224 151.92173957824707 19.28801345825196
0 0.0138 318.4937286376953 16.718910217285163 371.7878723144531 39.36932373046876
0 0.0136 0.0 155.95934677124023 31.443989276885986 180.06758499145505
0 0.0132 298.45924377441406 -103.26915931701659 351.8212127685547 -80.64407062530516
0 0.0131 0.0 122.28388595581053 25.34426212310791 153.88510513305664
0 0.0129 139.17850494384766 56.25212478637696 191.17416381835938 79.83412551879883
0 0.0129 27.95557975769043 7.030284881591805 82.27930068969727 29.05424880981446
0 0.0127 398.1675338745117 156.91145706176758 452.0851516723633 179.17483139038083
0 0.0126 149.67220306396484 15.89636611938477 200.73280334472656 40.1883773803711
0 0.0117 269.8326110839844 35.77008056640626 320.5910110473633 60.31323242187501
0 0.0116 238.45672607421875 -103.2682819366455 291.8236541748047 -80.64505290985105
0 0.0115 317.58896827697754 -12.761785507202141 372.61366844177246 8.844411849975593
0 0.0113 609.3867492675781 365.6724243164062 638.75 390.3545837402343
0 0.0112 417.3112487792969 -62.61768531799315 472.8693389892578 -41.30250167846678
0 0.0110 488.1221389770508 -23.06403350830077 542.1269607543945 -0.8502120971679623
0 0.0110 48.05607795715332 306.97167205810547 102.18780517578125 329.11331939697266
0 0.0110 498.3180618286133 16.821105957031254 551.9484329223633 39.26575469970704
0 0.0110 159.31324005126953 -13.830358505249016 211.05091094970703 9.917982101440437
0 0.0108 358.07605743408203 -103.04181528091429 412.1699905395508 -80.87336492538451
0 0.0107 608.4872627258301 -93.70749664306639 638.7499809265137 -70.26546669006346
0 0.0105 259.1104507446289 6.313245773315435 311.23226165771484 29.775064468383796
0 0.0105 358.0806350708008 56.95944595336914 412.16495513916016 79.1259651184082
0 0.0104 219.61578369140625 55.93012619018556 270.78479766845703 80.15375900268555
0 0.0103 608.4848213195801 -33.70434951782225 638.7499809265137 -10.268394470214835
0 0.0103 398.4616470336914 186.73418807983396 451.8179702758789 209.3532829284668
0 0.0100 488.57494354248047 46.6617660522461 541.7157363891602 69.42574310302734
0 0.0100 377.61852264404297 127.21903610229491 432.58731842041016 148.86336135864258
