0 0.2397 -9.274749755859375 170.09801864624023 211.54129028320312 269.2983055114746
0 0.1593 110.72525024414062 50.098018646240234 331.5412902832031 149.2983055114746
0 0.1512 15.896272659301758 266.36322021484375 54.43436622619629 303.56483459472656
0 0.1382 59.55751419067383 270.7304382324219 110.58412551879881 318.99566650390625
0 0.1102 15.92155456542969 306.832914352417 54.3638801574707 343.13008308410645
0 0.1085 109.53063964843749 280.91419219970703 160.59669494628906 328.81446838378906
0 0.0924 61.092877388000495 320.86360931396484 109.63523387908936 349.10594940185547
0 0.0890 5.921878814697265 136.87988758087158 44.35926437377929 173.0866575241089
0 0.0820 -24.117648601531982 267.0725631713867 14.386565685272215 302.90897369384766
0 0.0744 115.9345245361328 336.71375274658203 154.35989379882812 373.2401657104492
0 0.0711 105.48738479614256 478.4055709838867 144.7077751159668 511.6847610473633
0 0.0666 45.93210220336914 136.6938018798828 84.36441421508789 173.25862884521484
0 0.0663 65.86978912353516 357.18406677246094 104.3906021118164 392.80616760253906
0 0.0638 165.7145309448242 297.7967166900635 204.5093536376953 332.2426509857178
0 0.0636 -44.195958375930786 227.46658325195312 -5.561007261276247 262.5460433959961
0 0.0627 35.53668975830079 528.2853317260742 74.66373443603516 561.7947769165039
0 0.0612 85.9304428100586 136.61611557006836 124.37324523925781 173.33049774169922
0 0.0606 25.714197158813473 347.7806091308594 64.51127052307127 382.25746154785156
0 0.0602 145.4439926147461 478.5158920288086 184.74597930908203 511.58382415771484
0 0.0575 65.55884838104247 468.23463439941406 104.64359760284422 501.84112548828125
0 0.0563 99.86543655395508 512.7363586425781 150.5635643005371 537.3456573486328
0 0.0547 155.76168060302734 337.65125274658203 194.46968078613278 372.37621307373047
0 0.0520 208.11858177185056 197.09827423095703 292.6026248931884 263.126220703125
0 0.0519 108.11857223510742 377.0982360839844 192.60263442993164 443.126220703125
0 0.0513 110.88207244873045 451.6318130493164 159.71538543701172 478.4092330932617
0 0.0505 -60.46788215637206 593.0064010620117 -9.143600463867188 617.0798110961914
0 0.0493 -44.22536015510559 187.5798797607422 -5.538281202316285 222.44186401367188
0 0.0476 -34.248046875 147.6521110534668 4.480628967285155 182.37550735473633
0 0.0476 192.28652954101562 147.72655487060547 258.2354736328125 182.22347259521484
0 0.0457 180.95455169677734 271.5174674987793 229.66083526611328 298.5168647766113
0 0.0455 -24.306752681732174 307.822265625 14.531037807464598 342.2193145751953
0 0.0445 99.62224960327148 542.9341888427734 150.77718734741208 567.15087890625
0 0.0444 60.78458786010743 441.78741455078125 109.78811264038086 468.26316833496094
0 0.0434 149.94829177856445 512.6700210571289 200.49039840698242 537.4112319946289
0 0.0430 65.7699728012085 397.6003646850586 104.4650888442993 432.42305755615234
0 0.0424 65.43350219726562 598.5419464111328 104.75528717041016 631.5599822998047
0 0.0424 -80.0 227.71852493286133 -45.49161911010743 262.31454849243164
0 0.0424 40.5344533920288 502.1083068847656 89.98846530914305 527.9576873779297
0 0.0421 5.722875595092773 97.77359962463379 44.50209617614746 132.26384162902832
0 0.0416 40.165467262268066 562.4729537963867 90.30282497406006 587.6035690307617
0 0.0415 -51.120595932006836 563.4603118896484 1.4418888092041038 586.6268920898438
0 0.0401 185.2687072753906 478.907470703125 224.90509033203122 511.2262725830078
0 0.0398 25.510444641113278 468.35811614990234 64.68631744384766 501.7280960083008
0 0.0397 205.49311637878418 298.40182304382324 244.70166206359863 331.6881275177002
0 0.0388 25.37265777587891 598.6795425415039 64.81044769287108 631.4342880249023
0 0.0370 89.64204788208009 572.9231643676758 140.75876235961914 597.1622848510742
0 0.0363 200.39634704589844 332.25704193115234 250.10398864746094 357.81429290771484
0 0.0362 160.49791336059567 452.13611602783203 210.0213050842285 477.92980194091797
0 0.0362 -79.99999999999999 187.75110244750977 -45.48480033874511 222.28464126586914
0 0.0353 75.76358318328857 97.63617515563965 114.46896076202393 132.39008903503418
0 0.0337 25.492448806762695 388.4018325805664 64.70240592956543 421.68811798095703
0 0.0332 230.56571006774897 262.04906463623047 279.96720314025873 288.0125045776367
0 0.0328 105.32909393310548 598.7803268432617 144.84962463378906 631.3422775268555
0 0.0324 195.70100784301758 357.8480911254883 234.51978683471677 392.19547271728516
0 0.0320 -50.808439254760735 622.7721405029297 1.2602329254150402 638.75
0 0.0316 149.49546813964844 553.0302810668945 200.88973999023438 577.0556259155273
0 0.0313 249.27547454833987 293.1868362426758 301.0866928100586 316.8995666503906
0 0.0296 -79.3394088745117 261.7039680480957 -51.04230403900146 308.2855415344238
0 0.0293 -79.33510780334471 141.73234462738037 -51.04749202728271 188.26242923736572
0 0.0289 -34.49865102767944 108.36721420288086 4.695718288421631 141.7198371887207
0 0.0287 190.7842445373535 391.8022918701172 239.78567123413083 418.2501220703125
0 0.0275 -4.725935459136962 528.89404296875 34.900400638580315 561.2385559082031
0 0.0267 249.3270492553711 323.1620407104492 301.03809356689453 346.9258499145508
0 0.0265 -80.0 532.8159713745117 -29.357490539550778 557.2678756713867
0 0.0265 215.37830352783203 448.66302490234375 254.8057174682617 481.4494323730469
0 0.0263 138.83850097656253 0.0 323.42578887939453 49.34922218322754
0 0.0262 259.654312133789 162.91149139404297 310.7483673095703 187.17357635498047
0 0.0260 -14.561300277709961 348.5128402709961 24.752283096313477 381.5866470336914
0 0.0258 30.70320129394531 422.01454162597656 58.90647888183593 468.0377960205078
0 0.0246 145.24921417236328 598.9507675170898 184.92275238037107 631.1867904663086
0 0.0245 190.68214416503906 421.9279098510742 239.86862182617188 448.12999725341797
0 0.0240 199.60399627685547 512.9512405395508 250.7927322387695 537.1343612670898
0 0.0228 235.58448791503906 358.17527770996094 274.620361328125 391.89544677734375
0 0.0217 229.4954204559326 483.03077697753906 280.8896350860595 507.0552062988281
0 0.0208 -79.99999999999999 108.18352699279785 -45.36643981933593 141.88799858093262
0 0.0207 -10.178699493408205 502.7684020996094 40.603179931640625 527.3136138916016
0 0.0201 0.22983551025390736 72.41976499557495 50.24608612060547 97.65616655349731
0 0.0190 240.28987884521484 392.35687255859375 290.1957321166992 417.7168273925781
0 0.0190 89.3548583984375 13.130805492401123 141.01558685302734 36.955440044403076
0 0.0187 259.6846771240234 452.8792953491211 310.72326660156244 477.2043228149414
0 0.0186 279.35909271240234 353.1379699707031 331.0097122192383 376.94969177246094
0 0.0179 299.06684875488276 203.3386993408203 351.27235412597656 226.74903869628906
0 0.0177 60.18909454345704 72.4577522277832 110.28118133544922 97.61913299560547
0 0.0174 199.30049896240234 543.1745529174805 251.06319427490232 566.9125747680664
0 0.0168 309.11308288574213 498.5731315612793 558.75 638.7500190734863
0 0.0167 288.7949752807617 483.51749420166016 341.51760101318354 506.56993865966797
0 0.0163 349.7574615478515 432.8287887573242 400.6575775146484 457.25513458251953
0 0.0161 185.19203186035153 599.0684509277344 224.97539520263672 631.0795593261719
0 0.0160 240.37284851074213 422.27893829345703 290.12428283691406 447.79285430908203
0 0.0157 280.0536346435547 262.5748062133789 330.39939880371094 287.5041198730469
0 0.0155 -80.0 308.13148498535156 -45.380904674530036 341.93565368652344
0 0.0152 299.45034027099604 233.07056427001953 350.92845916748047 257.0165252685547
0 0.0152 309.45655822753906 173.0525779724121 360.9257507324219 197.03264236450195
0 0.0152 365.20523071289057 459.0367126464844 404.96368408203125 491.1084747314453
0 0.0152 -14.864470958709715 469.1670608520508 25.029151439666744 500.9897994995117
0 0.0152 295.3779602050781 408.6733627319336 334.8050689697265 441.43993377685547
0 0.0151 345.19775390624994 399.0538024902344 384.97039794921875 431.09291076660156
0 0.0150 258.83968353271484 513.4930038452148 311.47624969482416 536.5951156616211
0 0.0147 339.4144058227539 353.0942916870117 390.9610366821289 376.9926071166992
0 0.0143 -80.0 498.78978729248047 -45.14430046081542 531.3336563110352
0 0.0142 -10.77201843261719 3.229351043701172 41.12733840942382 26.85842752456665
0 0.0142 -14.768781661987305 388.9759063720703 24.94053840637207 421.1639404296875
0 0.0139 289.9457168579101 382.67642974853516 340.49175262451166 407.40543365478516
0 0.0136 199.08228874206543 573.331298828125 251.25782966613767 596.7568969726562
0 0.0133 -80.0 82.30955123901367 -39.836030006408684 107.76187896728516
0 0.0132 308.9689636230469 323.40579986572266 361.3601684570312 346.68216705322266
0 0.0132 0.7502841949462885 422.4570846557617 28.8504695892334 467.7018356323242
0 0.0132 328.1185913085937 17.098257541656494 412.6026153564453 83.12621831893921
0 0.0125 69.49216842651366 43.03811550140381 120.89155197143555 67.04856395721436
0 0.0125 309.86865997314453 142.7302885055542 360.56140899658203 167.3512315750122
0 0.0121 432.69212722778315 0.0 558.7499809265137 69.84923839569092
0 0.0116 -80.0 558.8637542724609 -54.853849411010735 591.2678527832031
0 0.0114 359.8728561401367 162.73544311523438 410.55599212646484 187.3471450805664
0 0.0114 5.204019546508791 39.045538902282715 44.964189529418945 71.10043048858643
0 0.0114 -80.0 2.8967666625976562 -39.26868438720703 27.188167572021484
0 0.0112 -80.0 618.8699340820312 -54.66988325119018 638.75
0 0.0110 -80.0 52.45633125305176 -39.71089363098145 77.61963844299316
0 0.0110 44.91592407226563 0.0 85.23223876953125 30.59739589691162
0 0.0109 229.4741725921631 613.0400848388672 280.90989112854004 637.0451354980469
0 0.0108 304.9645233154297 289.50477600097656 345.1872253417968 320.68260192871094
0 0.0107 385.2965545654297 398.8479232788086 424.8796081542969 431.28063201904297
0 0.0107 -29.23027515411377 62.65157699584961 -1.1725950241088856 107.5562858581543
0 0.0103 365.2853393554687 128.87566089630127 404.8895263671875 161.25529766082764
0 0.0100 258.664436340332 543.6034774780273 311.63509368896484 566.4840316772461
