0 0.1120 36.284324645996115 134.62318420410156 103.06716156005861 195.00755310058594
0 0.0938 14.870769500732447 190.44307708740234 43.81058883666994 239.4310760498047
0 0.0906 4.882633209228542 140.4588508605957 33.79594039916995 189.4075584411621
0 0.0851 44.884516716003446 200.46087265014648 73.79363727569583 249.4041633605957
0 0.0802 -25.082767486572237 140.52967071533203 3.75342559814456 189.32266235351562
0 0.0802 70.43618392944337 426.6054916381836 108.86769485473634 463.3402633666992
0 0.0761 -15.090921401977509 190.50905227661133 13.763429641723663 239.34526443481445
0 0.0733 70.43706130981447 386.6826629638672 108.8597984313965 423.2688903808594
0 0.0698 74.90027618408206 200.48677444458008 103.7742156982422 249.36967849731445
0 0.0685 110.43406677246098 426.75628662109375 148.85657501220706 463.2008361816406
0 0.0662 40.409523963928244 96.45325660705566 78.91140651702882 133.48137855529785
0 0.0653 104.94191360473636 140.59144973754883 133.7231559753418 189.25466537475586
0 0.0626 35.04358005523684 420.9688186645508 63.59898281097414 468.89408111572266
0 0.0623 4.960605621337919 90.64081192016602 33.70021057128909 139.2014503479004
0 0.0588 110.4353828430176 386.7399215698242 148.8565559387207 423.21598052978516
0 0.0583 80.40677261352542 467.0054626464844 118.8650245666504 502.9707336425781
0 0.0553 -54.93227767944333 141.10700607299805 -26.430233001708956 188.77687454223633
0 0.0549 70.43029022216798 346.81671142578125 108.85543060302736 383.1449890136719
0 0.0538 14.967758178710962 240.66261291503906 43.691455841064474 289.17919158935547
0 0.0536 35.047733306884794 370.9855270385742 63.59391403198244 418.8785171508789
0 0.0536 80.42607498168947 96.68660163879395 118.87189102172854 133.26533317565918
0 0.0521 44.97540187835696 250.68805694580078 73.68211460113528 299.1539764404297
0 0.0518 -25.007141113281218 90.75855255126953 3.660823822021514 139.08828735351562
0 0.0504 -94.93439483642574 141.07646942138672 -66.42778205871579 188.7991714477539
0 0.0503 104.94193267822268 190.58792114257812 133.72309875488284 239.2569351196289
0 0.0498 -44.95244073867794 191.0109519958496 -16.405702114105193 238.8620948791504
0 0.0454 74.95593261718751 250.62286376953125 103.70589447021486 299.21844482421875
0 0.0443 150.35702896118164 427.2868347167969 188.89561843872073 462.71141052246094
0 0.0438 5.079853057861357 421.1557388305664 33.55496597290042 468.73157501220703
0 0.0421 -15.000150680541966 240.78224182128906 13.652269363403347 289.06497955322266
0 0.0420 120.3512306213379 467.30159759521484 158.9008445739746 502.69786834716797
0 0.0420 135.0450439453125 130.9751272201538 163.5972137451172 178.88834476470947
0 0.0419 40.297505378723166 477.51155853271484 78.94221019744876 512.5046157836914
0 0.0407 35.05241107940677 321.0092544555664 63.58824443817141 368.8577651977539
0 0.0389 5.056869506835965 371.03137969970703 33.58283233642581 418.83838653564453
0 0.0382 -104.87220335006711 91.48124694824219 -76.50279092788693 138.46637725830078
0 0.0382 110.41085433959962 346.99066162109375 148.86174392700198 382.98439025878906
0 0.0371 150.37871551513675 387.1900177001953 188.8799591064453 422.80059814453125
0 0.0364 -104.8869614601135 191.39299392700195 -76.48493814468381 238.54013442993164
0 0.0358 -54.871581077575655 91.46809577941895 -26.503642082214327 138.47420692443848
0 0.0351 125.10451507568361 81.29669189453125 153.52507781982425 128.61223220825195
0 0.0340 5.0473423004150675 320.9851837158203 33.59440040588382 368.87916564941406
0 0.0339 70.43618392944337 306.6980743408203 108.85941696166995 343.25462341308594
0 0.0328 155.07079315185547 71.10552787780762 183.56593322753906 118.77442359924316
0 0.0324 104.994499206543 240.76210021972656 133.6587829589844 289.0841293334961
0 0.0322 135.03028106689456 180.9072494506836 163.61514282226562 228.94916534423828
0 0.0298 -74.86916351318357 191.4685821533203 -46.50665092468259 238.47118377685547
0 0.0298 50.379626274108915 57.181196212768555 88.87973499298099 92.80871391296387
0 0.0294 165.09335708618164 131.23032093048096 193.5386009216309 178.66790294647217
0 0.0273 160.20734024047854 467.8211212158203 199.01517105102542 502.22023010253906
0 0.0269 5.147420883178742 471.5796661376953 33.47336006164553 518.3806610107422
0 0.0266 -24.874504089355437 401.4408493041992 3.499824523925809 448.4951400756836
0 0.0258 185.06884765625 71.09379768371582 213.56829833984375 118.78426551818848
0 0.0254 -105.49999999999997 299.8858642578125 533.25 638.75
0 0.0254 195.09660911560061 131.24866485595703 223.53466224670416 178.65232467651367
0 0.0253 -44.87897682189938 241.42431259155273 -16.494691848754854 288.5108757019043
0 0.0249 15.07499885559085 41.128129959106445 43.56083106994632 88.7549877166748
0 0.0248 190.28547477722168 427.568359375 228.9505786895752 462.452392578125
0 0.0246 115.07897567749025 291.1534786224365 143.5560340881348 338.73406410217285
0 0.0242 -24.884059906005827 351.37847900390625 3.5113639831543235 398.5462951660156
0 0.0242 95.13310623168947 41.4773154258728 123.49057388305665 88.4630036354065
0 0.0233 -24.907310485839815 291.2388229370117 3.539478302001981 338.66310119628906
0 0.0231 245.07861328125 51.1484169960022 273.5564727783203 98.7377142906189
0 0.0229 135.07685852050784 231.14309310913086 163.5586090087891 278.7431526184082
0 0.0227 150.26915740966797 347.6300811767578 188.96323394775393 382.3956298828125
0 0.0226 190.32566261291504 387.42347717285156 228.91847801208496 422.5856018066406
0 0.0226 -105.49999999999997 57.823543548583984 -70.969958782196 92.21809387207031
0 0.0222 165.1032943725586 181.28911972045898 193.5265655517578 228.61852645874023
0 0.0221 -105.49999999999996 237.65817642211914 -71.00724506378171 272.3699760437012
0 0.0220 -24.83352470397946 451.7303466796875 3.4505290985107697 498.26194763183594
0 0.0219 215.09844970703128 71.2624192237854 243.53244018554688 118.6412787437439
0 0.0215 125.1355667114258 31.498446464538574 153.48765563964844 78.44655513763428
0 0.0203 80.19974899291994 507.8335952758789 119.02260971069337 542.2088241577148
0 0.0199 225.15109252929688 141.6035270690918 253.46888732910153 188.3610725402832
0 0.0197 190.1346893310547 348.0390930175781 229.07664489746097 382.020263671875
0 0.0180 -14.91983222961423 41.15907669067383 13.554594039917019 88.72904777526855
0 0.0179 230.31130981445312 407.47745513916016 268.92977905273443 442.53597259521484
0 0.0178 -104.84403419494626 271.66751861572266 -76.53676319122312 318.3142852783203
0 0.0177 155.09663772583008 21.254987716674805 183.53467178344727 68.64818572998047
0 0.0175 250.17852020263675 97.90379524230957 289.0399856567383 132.14436531066895
0 0.0174 -104.81722640991208 401.86241149902344 -76.56899261474607 448.1584930419922
0 0.0173 275.1494903564453 51.59400701522827 303.4708709716797 98.3690857887268
0 0.0172 240.28525543212888 7.558096647262573 278.9517135620117 42.461854219436646
0 0.0172 195.1408977508545 181.53263092041016 223.48121833801272 228.41842651367188
0 0.0170 145.14697265625003 301.57283782958984 173.47388458251953 348.38558197021484
0 0.0170 20.070569038391138 518.2027435302734 59.13340282440188 551.8703460693359
0 0.0168 -15.712488174438448 612.7845001220703 35.13521385192873 637.2963714599609
0 0.0168 255.18294525146484 141.84226989746094 283.43070220947266 188.1713104248047
0 0.0167 -54.76705360412595 402.298583984375 -26.628883361816378 447.8224182128906
0 0.0165 -104.82583332061763 351.7974090576172 -76.5586595535278 398.21006774902344
0 0.0163 230.2286071777344 447.7561569213867 268.9972229003906 482.2798538208008
0 0.0158 -65.88353919982906 612.9249954223633 -14.7148685455322 637.1582412719727
0 0.0157 -105.49999999999996 448.20011138916016 -70.86156415939328 481.8728256225586
0 0.0153 230.2630157470703 367.6481628417969 268.9684600830078 402.3790740966797
0 0.0152 -105.49999999999997 528.4452056884766 -70.77738094329831 561.6484832763672
0 0.0150 165.15793991088867 231.66025161743164 193.46074295043945 278.3167839050293
0 0.0149 -105.49999999999996 568.5332489013672 -70.74440288543698 601.5679931640625
0 0.0148 -104.79410457611081 482.0464324951172 -76.59669685363767 528.0142974853516
0 0.0148 375.3142280578613 0.0 533.2499809265137 83.77708435058594
0 0.0147 -70.36450195312496 449.17163848876953 -30.47128486633298 480.98560333251953
0 0.0146 290.1352996826172 158.03656101226807 329.07618713378906 192.02260494232178
0 0.0145 -54.777610778808565 352.19810485839844 -26.616333007812468 397.8985595703125
0 0.0145 109.86127090454103 0.0 149.3209571838379 31.41270399093628
0 0.0143 -59.904563903808565 58.12013626098633 -20.886734008789034 91.9460678100586
0 0.0143 -19.981019973754854 518.3295822143555 19.179460525512724 551.754264831543
0 0.0143 -105.49999999999996 317.9256820678711 -70.94293403625485 352.1243667602539
0 0.0142 270.29864501953125 407.52220153808594 308.939926147461 442.49481201171875
0 0.0140 175.17859649658203 301.80726051330566 203.43589019775393 348.198766708374
0 0.0140 -54.79824352264401 292.0176601409912 -26.59171390533444 338.0374240875244
0 0.0140 -66.40049743652341 573.3140563964844 -14.25650405883786 596.7733001708984
0 0.0139 -104.79810523986812 2.014298439025879 -76.5919094085693 48.039398193359375
0 0.0137 225.16802978515628 191.7344093322754 253.44859313964844 238.25754165649414
0 0.0136 185.06404113769534 21.07046127319336 213.57413482666016 68.80485534667969
0 0.0136 270.3375549316406 367.37293243408203 308.9097137451172 402.6321792602539
0 0.0134 -105.49999999999996 602.5228881835938 -65.12785720825192 627.5527191162109
0 0.0133 120.08528900146489 508.1581115722656 159.1210861206055 541.9112396240234
0 0.0130 205.1960964202881 301.9512462615967 233.4149570465088 348.0864429473877
0 0.0123 235.1700134277344 321.74468994140625 263.44622802734375 368.2487487792969
0 0.0122 -10.247819900512667 568.9405059814453 29.42043495178225 601.1962127685547
0 0.0122 330.15052032470703 157.99375534057617 369.06302642822266 192.06182479858398
0 0.0121 194.2835445404053 272.80961990356445 245.13424110412598 297.274227142334
0 0.0120 310.2645416259766 407.6405334472656 348.96746826171875 442.38609313964844
0 0.0119 289.9737091064453 98.44263076782227 329.21961975097656 131.65082931518555
0 0.0119 65.18170547485354 11.83415412902832 93.43217086791994 58.177924156188965
0 0.0117 34.290992736816435 612.7804565429688 85.13240051269533 637.3001861572266
0 0.0116 284.75379180908203 132.3961067199707 334.72571563720703 157.67911911010742
0 0.0116 9.974491119384794 0.0 49.21883773803713 31.65194034576416
0 0.0115 -76.13115119934078 483.11954498291016 -24.49665832519528 506.96651458740234
0 0.0115 -76.08550834655757 3.0913496017456055 -24.53841972351071 26.99517250061035
0 0.0115 270.20228576660156 447.83992767333984 309.0191192626953 482.2029495239258
0 0.0114 270.2109832763672 327.816162109375 309.0115661621094 362.2247314453125
0 0.0111 469.9707145690918 604.7563171386719 533.2500190734863 638.75
0 0.0110 199.77873039245605 238.88042449951172 239.39651679992676 271.25099182128906
0 0.0109 255.1734848022461 191.7745590209961 283.4420700073242 238.22555541992188
0 0.0105 310.3526611328125 367.3066711425781 348.8987274169922 402.69317626953125
0 0.0105 406.40391540527344 89.84180450439453 533.25 189.6270751953125
0 0.0105 280.13114166259766 258.0412292480469 319.0804214477539 292.01831817626953
0 0.0102 -60.49113321304318 509.41162109375 -20.35309362411496 540.7672882080078
0 0.0102 285.1540298461914 191.62460327148438 313.46541595458984 238.3441925048828
0 0.0101 84.25046157836917 612.8163528442383 135.16740036010745 637.2652053833008
0 0.0101 305.19507598876953 51.941537857055664 333.416130065918 98.0937671661377
