0 0.0964 227.7175521850586 138.16757583618164 282.4959945678711 159.91596603393558
0 0.0686 266.8616199493408 118.61009979248047 323.28333854675293 139.46543121337893
0 0.0672 508.8789367675781 -32.537115573883035 561.4418029785156 -9.375356197357155
0 0.0651 187.99274444580078 -1.9882259368896276 242.24475860595703 20.073389053344748
0 0.0617 218.66374969482422 167.61072540283206 271.63429260253906 190.47773742675784
0 0.0541 296.74708366394043 138.66102600097656 353.3903217315674 159.4125213623047
0 0.0514 197.36156463623047 -31.643415451049783 252.8229522705078 -10.27624702453611
0 0.0509 498.97335052490234 -2.5966606140136514 551.356086730957 20.68466567993166
0 0.0471 207.72165298461914 108.16368484497072 262.492618560791 129.91962814331058
0 0.0459 198.2807159423828 27.843927383422873 251.98226928710938 50.24283790588381
0 0.0438 184.9667739868164 133.50811386108398 225.18436431884766 164.6795310974121
0 0.0433 248.05780410766602 -12.026821136474588 302.1856880187988 10.112194061279318
0 0.0361 307.34620094299316 98.35785293579104 362.838659286499 119.72134017944337
0 0.0352 277.26284980773926 168.4101905822754 332.9131603240967 189.6696128845215
0 0.0339 138.04405212402344 -22.015939712524393 192.19757080078125 0.101655960083028
0 0.0330 247.22286224365234 88.42533493041994 302.9512405395508 109.65324783325195
0 0.0312 139.05590057373047 17.352880477905295 191.28074645996094 40.73583030700686
0 0.0308 258.23373794555664 17.869590759277365 312.0255470275879 40.2166213989258
0 0.0299 447.9641342163086 -21.978059768676736 502.27230072021484 0.06213569641115364
0 0.0284 237.85001754760742 58.087924957275405 292.37619400024414 79.99561691284183
0 0.0257 499.03072357177734 27.35994720458986 551.3055038452148 50.727371215820334
0 0.0254 0.0 193.88586425781253 638.75 532.75
0 0.0248 509.10057067871094 -62.69096946716307 561.2434387207031 -39.222246170043924
0 0.0229 0.0 -105.99999999999996 510.9122848510742 175.5149688720703
0 0.0228 257.5151062011719 -41.72588205337522 312.68226623535156 -20.19265508651731
0 0.0228 179.046630859375 57.358249664306655 231.28925323486328 80.7303276062012
0 0.0223 368.75770568847656 97.54190826416017 421.55120849609375 120.54548645019533
0 0.0222 437.6591491699219 8.19318199157717 492.55096435546875 29.888948440551776
0 0.0206 560.7714462280273 -43.3280882835388 588.8253402709961 1.5413870811462627
0 0.0198 157.2397804260254 -51.580339431762674 212.9349708557129 -30.340448379516577
0 0.0197 297.6188373565674 68.21586990356448 352.58769035339355 89.8660697937012
0 0.0190 429.07032012939453 107.34197998046876 481.2680435180664 130.74655914306643
0 0.0187 448.0959701538086 -52.05352401733396 502.1519088745117 -29.861570358276342
0 0.0177 437.59803771972656 38.228591918945334 492.60643005371094 59.85340499877931
0 0.0176 149.23542022705078 107.22631835937501 201.12022399902344 130.8617630004883
0 0.0172 574.3924140930176 -101.16318321228026 638.7499809265137 -51.2529716491699
0 0.0171 208.88948440551758 197.4584712982178 261.43178939819336 220.62941932678223
0 0.0167 418.55918884277344 77.67652893066408 471.72889709472656 100.4116668701172
0 0.0148 160.4718017578125 166.1784019470215 210.04039764404297 191.89030075073245
0 0.0147 358.07308197021484 67.96167755126956 412.17235565185547 90.12339019775392
0 0.0144 129.93340015411377 46.6876497268677 180.50239086151123 71.39448070526126
0 0.0138 18.88134479522705 57.46323013305666 71.43924236297607 80.62458419799806
0 0.0138 88.98065567016602 -2.5981006622314244 141.34878158569336 20.686582565307635
0 0.0138 388.16341400146484 -22.088418960571264 442.0894241333008 0.17434501647951223
0 0.0137 488.4135055541992 57.754463195800795 541.8636703491211 80.33152008056643
0 0.0136 608.9655876159668 516.6583671569824 638.7500190734863 532.7500190734863
0 0.0133 608.6051940917969 187.22046279907227 638.75 210.80746078491214
0 0.0128 0.0 87.18986892700197 51.074323654174805 110.89802169799806
0 0.0128 145.32699584960938 132.78690719604495 184.8513412475586 165.3362693786621
0 0.0128 79.48081970214844 27.043460845947287 130.90229034423828 51.04286575317386
0 0.0128 307.6534175872803 38.19886112213136 362.555627822876 59.883612632751486
0 0.0120 589.9974822998047 -43.373158931732156 638.75 -18.546522617340067
0 0.0120 358.93707275390625 127.42184066772462 411.38999938964844 150.6653633117676
0 0.0119 377.8318405151367 38.10098552703859 432.3921585083008 59.982861518859885
0 0.0119 0.0 117.1573295593262 51.03260040283203 140.93052291870117
0 0.0117 19.00538921356201 27.381786346435568 71.32728099822998 50.706199645996115
0 0.0113 378.00559997558594 8.001693725585959 432.23365783691406 30.083145141601584
0 0.0113 608.7947082519531 217.0980300903321 638.75 240.9306564331055
0 0.0109 267.8952884674072 198.06631469726565 322.3338985443115 220.01810455322266
0 0.0109 307.8737258911133 -1.9243106842040805 362.35424041748047 20.008176803588885
0 0.0108 216.99668884277344 -61.45961380004881 273.1594467163086 -40.4639205932617
0 0.0107 609.5745658874512 486.52418518066406 638.7500190734863 511.501220703125
0 0.0100 554.9180221557617 3.589242935180685 595.230827331543 34.605897903442404
