0 0.1524 373.0625534057617 75.9141883850098 488.19149017333984 125.56403732299806
0 0.1066 319.85084533691406 83.75571823120119 370.5748748779297 108.32744216918945
0 0.0992 349.2713928222656 54.1989622116089 401.0884094238281 77.88873767852785
0 0.0914 408.961181640625 44.41495513916016 461.36627197265625 67.67354583740234
0 0.0779 320.4812240600586 113.16255187988284 370.03360748291016 138.90508270263672
0 0.0659 290.0522994995117 53.58277893066407 340.3992462158203 78.49708175659181
0 0.0651 405.8205795288086 128.429256439209 444.42371368408203 163.5803565979004
0 0.0641 460.56114196777344 123.0754623413086 509.9668884277344 148.98900604248047
0 0.0632 270.1370620727539 83.50499725341798 320.32615661621094 108.57293701171875
0 0.0566 358.86810302734375 24.47314834594728 411.4509582519531 47.61481857299806
0 0.0509 418.4891128540039 14.715000152587905 471.7935562133789 37.37224197387697
0 0.0506 469.3632507324219 54.13228607177735 521.0065460205078 77.9549560546875
0 0.0489 270.05833625793457 113.57173538208008 320.3950786590576 138.50726699829102
0 0.0466 299.56271171569824 23.98630714416505 350.82859992980957 48.100095748901374
0 0.0465 489.7394561767578 93.84685134887697 540.6726837158203 118.23772048950197
0 0.0428 359.4413757324219 -5.932659149169908 410.93849182128906 18.018470764160167
0 0.0419 430.7252502441406 161.09803771972656 638.75 260.2982864379883
0 0.0404 365.72620391845703 138.7631759643555 404.4993209838867 173.2734069824219
0 0.0386 299.53505516052246 -5.999130249023423 350.85450172424316 18.084846496582045
0 0.0383 250.39657592773438 23.25703239440919 300.103759765625 48.81430244445802
0 0.0374 245.6212043762207 49.073711395263686 284.588565826416 82.98854446411134
0 0.0359 325.58937072753906 139.14252853393558 364.6179962158203 172.9255256652832
0 0.0341 574.3924140930176 15.836816787719739 638.7499809265137 65.74701881408693
0 0.0313 418.9009475708008 -15.551094055175767 471.4218521118164 7.638717651367201
0 0.0305 250.08844375610352 -6.4480533599853365 300.36760330200195 18.527399063110362
0 0.0295 285.24375915527344 139.95357131958008 324.92862701416016 172.1842918395996
0 0.0276 574.3924140930176 75.83682632446289 638.7499809265137 125.74702835083008
0 0.0270 293.06254386901855 175.9141883850098 408.191499710083 225.56403732299805
0 0.0267 88.35643768310547 -75.20660781860349 141.91457748413086 -52.70702743530271
0 0.0264 30.725250244140625 -38.90198135375975 251.54129028320312 60.298305511474624
0 0.0253 240.68323135375977 82.84812545776369 268.9303398132324 129.16720962524417
0 0.0250 574.3924140930176 -44.16318321228026 638.7499809265137 5.74702835083009
0 0.0247 355.3069305419922 -40.17420196533202 394.8701477050781 -7.699197769165023
0 0.0229 0.0 268.0248603820801 510.9126281738281 549.7499809265137
0 0.0225 315.23895263671875 -40.032218933105455 354.93263244628906 -7.8286781311035
0 0.0224 379.83348846435547 223.76737213134763 430.5906295776367 248.31563568115232
0 0.0219 474.7890853881836 20.82026100158693 515.3518295288086 51.396261215209975
0 0.0197 399.88048553466797 253.72697448730466 450.5497360229492 278.3552703857422
0 0.0194 509.39903259277344 124.10497283935547 560.9748840332031 147.9819259643555
0 0.0188 245.25238037109375 139.93987655639648 284.92027282714844 172.1967658996582
0 0.0182 310.00816345214844 233.62039184570312 360.4377746582031 258.46009826660156
0 0.0178 275.1620292663574 -39.871629714965806 315.0031852722168 -7.975009918212876
0 0.0177 210.61782836914062 52.378269195556655 239.00901794433594 99.54433059692384
0 0.0176 393.0625534057617 -64.08583068847655 508.19149017333984 -14.435953140258775
0 0.0175 598.9629936218262 -75.5863513946533 638.7500190734863 -52.3251667022705
0 0.0170 255.17662048339844 180.09929275512695 294.98966217041016 212.05146408081055
0 0.0167 0.0 81.09801864624023 211.54129028320312 180.2983055114746
0 0.0166 149.35020923614502 -75.86261177062987 201.01905345916748 -52.05068016052245
0 0.0164 574.3924140930176 275.83680725097656 638.7499809265137 325.74700927734375
0 0.0154 27.851457595825195 -84.91399669647215 82.37512588500977 -63.00260925292967
0 0.0153 574.3924140930176 375.83680725097656 638.7499809265137 425.74700927734375
0 0.0151 259.8468589782715 223.7513885498047 310.57992935180664 248.33078002929688
0 0.0151 479.0684127807617 -5.665477752685533 531.2716293334961 17.752796173095717
0 0.0136 608.6764335632324 144.17373275756836 638.7500190734863 167.85434341430667
0 0.0130 512.8874015808105 480.62669372558594 638.7500190734863 549.7500000000001
0 0.0127 199.40834045410156 -85.89948320388793 250.96607208251953 -62.01331996917723
0 0.0124 259.99805450439453 253.62252807617188 310.44795989990234 278.457275390625
0 0.0124 310.1620101928711 263.4795913696289 360.30513763427734 288.5974655151368
0 0.0123 209.70693588256836 213.87033081054688 260.701847076416 238.2142791748047
0 0.0122 0.0 -55.865911483764634 41.00543022155762 -32.046522140502915
0 0.0122 450.0943374633789 263.53822326660156 500.3641891479492 288.5399017333985
0 0.0120 519.6098709106445 33.940464019775405 570.7888412475586 58.14424133300782
0 0.0119 399.62100982666016 283.93453216552734 450.7783889770508 308.1504592895508
0 0.0119 274.34864044189453 -88.99999999999999 386.8692398071289 -54.2557849884033
0 0.0115 370.74283599853516 253.37113952636716 398.85921478271484 298.76496887207037
0 0.0113 0.0 10.295005798339856 35.082080364227295 41.873317718505874
0 0.0110 519.6630477905273 63.89928436279298 570.7417678833008 88.1849822998047
0 0.0109 53.06253433227539 215.9141788482666 168.19150924682617 265.5640468597412
0 0.0108 215.11512756347656 180.22166824340823 255.04657745361328 211.94003677368164
0 0.0105 538.9617538452148 -85.58695697784422 591.3661575317383 -62.32476615905759
0 0.0104 210.6987762451172 102.98425292968753 238.91178131103516 149.06217193603516
0 0.0103 608.7224578857422 344.1449890136719 638.75 367.8833923339844
0 0.0102 468.66973876953125 -85.39831542968749 521.6300201416016 -62.51397037506103
0 0.0102 310.00415802001953 293.62123107910156 360.44185638427734 318.4590301513672
0 0.0101 565.0750350952148 130.29765701293945 605.0840377807617 161.87091445922854
0 0.0101 0.0 -29.710012912750226 35.07936477661133 1.8778786659240865
0 0.0101 209.67815399169922 243.89352416992188 260.72715759277344 268.19139099121094
