0 0.0405 446.2973403930664 39.87701892852784 503.80550384521484 60.19202709197998
0 0.0354 446.1972427368164 59.92254257202149 503.89835357666016 80.14524459838867
0 0.0331 436.4292907714844 19.81560707092285 493.6833953857422 40.25492668151856
0 0.0302 387.34996795654297 39.36246871948242 442.8336715698242 60.71775436401367
0 0.0265 456.11228942871094 79.96191024780273 513.9768981933594 100.10499954223633
0 0.0254 0.0 184.8858642578125 638.75 523.75
0 0.0253 505.8730697631836 40.06986141204834 564.1986465454102 59.994339942932136
0 0.0243 496.09508514404297 19.969310760498047 553.9929580688477 40.09735107421876
0 0.0241 597.2172355651855 29.419474601745605 638.7500190734863 50.657734870910645
0 0.0229 505.7475280761719 60.124149322509766 564.3154144287109 79.9384117126465
0 0.0229 0.0 -114.99999999999999 510.9122848510742 166.5149688720703
0 0.0228 386.82666778564453 69.62455749511719 443.3162307739258 90.4501724243164
0 0.0218 378.04195404052734 8.982744216918945 432.2000503540039 31.102590560913086
0 0.0216 608.1982231140137 338.4666442871094 638.7500190734863 361.5583038330078
0 0.0208 329.01538848876953 28.375096321105957 381.31824493408203 51.71290874481202
0 0.0207 456.62425994873047 -0.2781677246093752 513.5033798217773 20.350627899169922
0 0.0197 597.0320892333984 59.51272964477538 638.75 80.56257247924805
0 0.0183 328.63285064697266 58.625545501708984 381.66324615478516 81.46215438842773
0 0.0179 515.3855133056641 80.2779769897461 574.6524047851562 99.77981567382812
0 0.0177 328.9236831665039 -11.561641693115234 381.4004135131836 11.649913787841797
0 0.0175 456.014404296875 100.00614166259766 514.0676879882812 120.0596237182617
0 0.0175 597.5744819641113 -0.7659244537353509 638.7499809265137 20.846643447875977
0 0.0175 377.0486831665039 209.5159149169922 433.1111526489258 230.5612945556641
0 0.0167 386.1035919189453 99.96486663818361 443.98521423339844 120.10181427001955
0 0.0160 596.9718742370605 89.54269409179689 638.7500190734863 110.5319595336914
0 0.0155 376.1894989013672 119.92998123168944 433.9045715332031 140.1383399963379
0 0.0153 516.6284561157227 -0.28372764587402394 573.5003280639648 20.35567283630371
0 0.0152 597.7961540222168 -30.884218215942386 638.7500190734863 -9.032926559448242
0 0.0151 366.9559097290039 179.55883026123047 423.19751739501953 200.51692962646484
0 0.0148 376.9658660888672 149.5601463317871 433.1867980957031 170.51668167114258
0 0.0142 437.32765197753906 209.37240600585935 492.8545379638672 230.7073211669922
0 0.0138 608.9838409423828 507.6443672180176 638.75 523.7499809265137
0 0.0138 278.61392974853516 8.634710311889648 331.6809844970703 31.452550888061527
0 0.0137 515.3058624267578 100.31415939331055 574.7257995605469 119.74309921264648
0 0.0137 328.20308685302734 -41.10969543457031 382.0528793334961 -18.80386352539063
0 0.0136 387.80677795410156 -20.88174819946289 442.41432189941406 0.9659194946289068
0 0.0132 88.71418952941895 148.5713005065918 141.59024238586426 171.51620864868167
0 0.0131 108.22800159454346 88.87325286865236 162.03067302703857 111.2129592895508
0 0.0128 88.47176551818848 -31.27218246459961 141.80882453918457 -8.640327453613281
0 0.0128 89.09302711486816 178.31893920898438 141.2492275238037 201.7685317993164
0 0.0127 328.25313568115234 88.86024475097656 382.00740814208984 111.22638702392578
0 0.0127 486.88526153564453 -20.40451049804688 543.2622909545898 0.47981262207031283
0 0.0126 98.44900131225586 48.73775482177735 151.8303680419922 71.34906768798828
0 0.0125 435.9907913208008 120.01716613769531 494.08946990966797 140.04840850830075
0 0.0125 426.7892837524414 169.6477508544922 483.34957122802734 190.42736053466797
0 0.0124 88.91670227050781 8.440628051757812 141.4072036743164 31.647300720214844
0 0.0124 98.45449447631836 118.73630523681639 151.824951171875 141.35082244873047
0 0.0121 609.60693359375 477.4972152709961 638.75 502.52780914306635
0 0.0121 268.8322448730469 48.49607467651368 321.48338317871094 71.59177780151369
0 0.0120 436.1438751220703 149.9502754211426 493.9469909667969 170.11743545532227
0 0.0120 607.7738761901855 118.70933532714842 638.7500190734863 141.31187438964844
0 0.0116 268.4488010406494 -21.261520385742188 321.830358505249 1.3484382629394536
0 0.0114 79.12504196166992 208.29647064208984 131.22058868408203 231.79088592529297
0 0.0113 608.5855865478516 368.2346343994141 638.75 391.79344177246094
0 0.0113 512.6921272277832 -115.00000000000001 638.7499809265137 -45.15076160430909
0 0.0111 38.53147506713867 -11.311349868774414 91.75517082214355 11.398706436157227
0 0.0105 268.27488899230957 -51.1526894569397 321.98756217956543 -28.760583400726322
0 0.0105 268.9695739746094 78.40568542480469 321.3595199584961 101.68228149414064
0 0.0104 495.9771728515625 120.02643585205077 554.1013336181641 140.03948211669922
0 0.0104 48.06818962097168 88.9651107788086 102.17666625976562 111.11999511718751
0 0.0103 0.0 -112.09858417510988 40.733642578125 -87.81615257263184
0 0.0101 317.6002883911133 -70.77027797698976 372.60379791259766 -49.14736270904542
0 0.0101 37.84088373184204 -50.90451955795288 92.38397359848022 -29.011633396148685
0 0.0100 318.6788558959961 148.60084533691406 371.6206741333008 171.48761749267578
