0 0.1147 8.787643432617214 293.18872451782227 60.57360839843751 316.8990898132324
0 0.1032 8.601009368896513 263.3186340332031 60.74095916748048 286.76952362060547
0 0.0946 9.021322250366236 323.01647186279297 60.36558341979982 347.0700454711914
0 0.0889 69.04336166381839 282.98974990844727 120.34810256958008 307.09524154663086
0 0.0871 119.84210205078124 272.29984283447266 169.6523208618164 297.7716064453125
0 0.0824 59.16801166534426 312.893648147583 110.23771953582765 337.19035148620605
0 0.0812 -41.41762542724606 313.32756996154785 10.758497238159206 336.7600917816162
0 0.0786 -51.83196115493771 283.6042022705078 1.1312241554260523 306.48372650146484
0 0.0738 125.12265396118167 298.0614757537842 164.08810806274414 331.99978828430176
0 0.0690 8.461715698242216 233.4099578857422 60.86682510375979 256.67789459228516
0 0.0681 68.30474090576173 253.5157012939453 121.00783538818358 276.57238006591797
0 0.0633 -52.187834262847865 253.82354736328125 1.4540429115295712 276.26312255859375
0 0.0579 59.47203826904298 342.64827728271484 109.96997070312501 367.43236541748047
0 0.0561 109.86062240600586 332.2838592529297 159.63608932495117 357.7873992919922
0 0.0549 129.12081909179685 242.93193817138672 180.2791519165039 267.15267181396484
0 0.0535 165.18531036376953 297.8930377960205 204.03330993652344 332.15418815612793
0 0.0531 9.389659881591822 352.7224349975586 60.041057586669936 377.3600387573242
0 0.0527 -41.11225891113278 343.10935974121094 10.485746383667015 366.9770812988281
0 0.0527 170.1069564819336 272.0256042480469 219.42855072021484 298.037109375
0 0.0496 -80.49999999999996 308.33970069885254 -45.815771102905245 341.74498558044434
0 0.0462 68.69265747070314 223.23394775390625 120.6632537841797 246.8511199951172
0 0.0421 160.21489334106445 331.89083099365234 209.3414421081543 358.1657028198242
0 0.0394 -79.7739605903625 262.2184944152832 -51.62076520919795 307.8814125061035
0 0.0385 -52.46002006530758 223.98141860961914 1.7023868560791304 246.10353469848633
0 0.0364 18.65931701660159 203.26990127563477 70.69043350219728 226.81699752807617
0 0.0327 89.54261016845705 192.58991241455078 139.90790557861328 217.48992919921875
0 0.0302 179.6144027709961 242.5249481201172 229.8458786010742 267.55340576171875
0 0.0298 -80.49999999999996 348.2703399658203 -45.839035987853975 381.8084716796875
0 0.0297 225.10433387756345 268.1222152709961 264.10295677185053 301.94408416748047
0 0.0292 135.0898666381836 358.1549072265625 174.11620330810547 391.9141387939453
0 0.0284 97.44404983520509 164.0419578552246 151.78868484497073 186.04326248168945
0 0.0266 215.06274414062497 308.22985649108887 254.13966369628906 341.8455219268799
0 0.0258 64.87557601928712 368.6725616455078 104.30783462524415 401.44065856933594
0 0.0254 -80.49999999999997 299.8858642578125 558.2499999999999 638.75
0 0.0253 144.80967712402344 208.8187026977539 184.36774444580078 241.3072967529297
0 0.0242 348.3047790527343 593.5170745849609 401.00749206542963 616.5711975097656
0 0.0229 -80.49999999999994 0.0 430.41228485107416 281.5149688720703
0 0.0223 239.08247184753415 612.955207824707 290.3144092559814 637.1288681030273
0 0.0220 14.825927734375023 378.785400390625 54.352695465087905 411.33766174316406
0 0.0219 175.22471618652344 357.76729583740234 214.000617980957 392.2696304321289
0 0.0218 -35.434387207031214 369.3107604980469 4.593307495117214 400.85899353027344
0 0.0211 -79.75108194351192 212.4304962158203 -51.64799976348873 257.72029876708984
0 0.0201 -42.24178123474117 193.84807586669922 11.50480461120608 216.23722076416016
0 0.0201 229.99416542053217 342.1540832519531 279.52173423767084 367.9137420654297
0 0.0200 229.74440765380857 242.40571975708008 279.73365020751953 267.6698112487793
0 0.0195 8.423883438110376 173.43708038330078 60.900480270385756 196.65103912353516
0 0.0191 148.67779922485354 183.26417922973633 200.6723518371582 206.82367324829102
0 0.0191 136.43061828613278 144.57530975341797 192.7198715209961 165.50081253051758
0 0.0190 189.21721649169922 212.8615951538086 240.19290161132812 237.2228240966797
0 0.0190 265.0146026611328 268.351993560791 304.1822357177734 301.7337226867676
0 0.0186 194.66435623168942 609.1093254089355 234.50249862670896 638.7500190734863
0 0.0181 254.91717529296872 308.57887268066406 294.27012634277344 341.52626037597656
0 0.0173 238.75010681152338 583.2143020629883 290.6074066162109 606.8735122680664
0 0.0164 139.18898773193362 612.8690338134766 190.22086334228513 637.2136688232422
0 0.0162 289.1450424194336 602.921257019043 340.25603485107416 627.1642684936523
0 0.0145 348.36123657226557 623.0203247070312 401.0538024902343 638.75
0 0.0144 239.37167358398435 212.73653030395508 290.05702209472656 237.34609603881836
0 0.0139 528.5044403076172 622.6283264160156 558.2499999999999 638.75
0 0.0139 76.92261886596681 134.3258285522461 132.2665901184082 155.75525283813477
0 0.0137 279.83504486083984 242.31573104858398 329.65659332275385 267.7570915222168
0 0.0137 -80.49999999999996 382.21336364746094 -40.41254806518552 407.8546905517578
0 0.0137 79.12527751922609 612.9183578491211 130.27728748321533 637.1648025512695
0 0.0132 408.9264984130859 613.0730056762695 460.4528350830078 637.0121383666992
0 0.0129 18.892137527465845 613.1015014648438 70.48278999328615 636.9842529296875
0 0.0126 -1.841588497161839 143.61186504364014 51.139592647552504 166.4762544631958
0 0.0122 -80.49999999999997 172.65865325927734 -40.020668983459444 197.42233276367188
0 0.0115 304.87109374999994 268.6848449707031 344.3117065429687 301.42948150634766
0 0.0112 209.0458984375 182.99226760864258 260.34495544433594 207.09333419799805
0 0.0109 -80.49999999999996 612.8938293457031 -29.74966812133786 637.1890258789062
0 0.0109 294.8717422485351 208.68623733520508 334.3108291625976 241.42816543579102
0 0.0107 238.89704895019528 553.1019973754883 290.47755432128906 576.9842910766602
0 0.0106 124.8823471069336 398.6530303955078 164.30213165283206 431.45851135253906
0 0.0105 279.7030944824219 342.44361877441406 329.7693176269531 367.63282775878906
0 0.0104 138.38444900512695 573.4635543823242 190.9359092712402 596.6245651245117
0 0.0104 298.5645980834961 573.3404159545898 350.774299621582 596.7473983764648
0 0.0103 176.83537673950195 124.36541557312012 232.34814834594724 145.7139492034912
0 0.0102 59.39755630493166 402.7067184448242 110.0360221862793 427.3744583129883
0 0.0101 529.152862548828 592.4566650390625 558.25 617.5674438476562
0 0.0101 198.27144813537595 153.53095531463623 251.0392208099365 176.55617237091064
0 0.0100 -80.49999999999997 2.7406692504882812 -39.93430900573727 27.341623306274414
