0 0.6774 174.01409149169922 252.46405601501465 221.6220498085022 273.27316999435425
0 0.6694 174.01543259620667 157.2120487689972 234.6721589565277 180.73132634162903
0 0.6215 128.05086374282837 251.3415515422821 161.85936331748962 272.5882828235626
0 0.6166 180.1571249961853 125.41317939758301 229.24292087554932 151.38307213783264
0 0.6146 112.91579902172089 309.5986247062683 168.86381804943085 332.5013518333435
0 0.6054 203.66808772087094 96.92632406949997 245.65616250038147 118.15048009157181
0 0.5671 107.18356817960739 86.11167967319489 197.52181321382523 115.62004685401917
0 0.5289 129.61193919181824 124.69997629523277 173.82287979125977 144.9979580938816
0 0.4525 173.35203289985657 309.2752993106842 234.63472723960874 332.7634036540985
0 0.4459 118.15479397773743 156.28482401371002 161.80583834648132 175.9784370660782
0 0.4238 139.15963470935822 186.35353446006775 165.86266458034515 209.4443440437317
0 0.4012 171.46728187799454 188.13711404800415 198.82013648748395 212.03699707984924
0 0.2010 173.8271340727806 231.1413735151291 221.68193012475967 245.3773468732834
0 0.1264 199.85151290893552 188.20852041244507 225.50219297409055 213.4983241558075
