0 0.0497 144.91146802902222 365.9515380859375 175.5526065826416 391.93230867385864
0 0.0430 113.75002562999725 365.7269775867462 144.22427117824554 392.1378552913666
0 0.0388 113.86044323444365 334.15472507476807 144.13000643253326 361.1834645271301
0 0.0347 121.45654857158661 397.2432315349579 152.13073790073395 423.1441915035248
0 0.0333 175.94850808382034 366.4255738258362 206.99601620435715 391.49951934814453
0 0.0332 144.97685432434082 334.5390260219574 175.4944920539856 360.83105206489563
0 0.0306 82.54386484622954 349.97081756591797 112.93725669384003 376.6331076622009
0 0.0298 113.8319820165634 302.9961287975311 144.15358006954193 329.84957098960876
0 0.0295 152.6273936033249 397.4243402481079 183.4522932767868 422.9786992073059
0 0.0280 113.5714203119278 428.65797877311707 144.38404142856598 454.24363017082214
0 0.0275 82.62023329734801 318.5003399848938 112.87170648574828 345.5854654312134
0 0.0267 176.01388692855835 335.03660559654236 206.93618059158325 360.3762686252594
0 0.0255 300.9631037712097 366.3894832134247 331.98320865631104 391.53245091438293
0 0.0254 -62.499999999999986 234.28583145141602 436.5234375 499.0234375
0 0.0248 308.86685848236084 334.9449336528778 339.71214294433594 360.4598939418793
0 0.0244 90.11135995388031 397.4529206752777 120.96755206584929 422.9526221752167
0 0.0241 -3.486625850200653 311.16509437561035 27.08020061254501 337.33534812927246
0 0.0236 55.195774883031845 313.7529492378235 77.31995359063148 350.2824306488037
0 0.0236 144.95916664600372 303.33566665649414 175.509974360466 329.53834533691406
0 0.0229 109.2386394739151 478.7106513977051 148.90830218791962 497.91425466537476
0 0.0229 -62.499999999999986 0.0 336.6502225399017 219.93356943130493
0 0.0225 288.90249133110046 392.8108811378479 328.6128342151642 411.9417667388916
0 0.0225 187.27073073387146 392.8695023059845 227.11071372032166 411.8843376636505
0 0.0222 82.17623829841614 428.9669096469879 113.26700448989868 453.9618790149689
0 0.0218 144.81034874916077 428.6860525608063 175.64377188682556 454.2180001735687
0 0.0215 31.7908301949501 314.00415301322937 53.8434162735939 350.0839173793793
0 0.0211 46.65389657020568 478.7839651107788 86.48189902305602 497.84255027770996
0 0.0209 206.99423551559445 366.8198585510254 238.43598365783689 391.14081859588623
0 0.0205 148.33569526672363 478.68216037750244 187.94047832489014 497.9422688484192
0 0.0198 51.14505067467689 350.35520792007446 81.8183682858944 376.28114223480225
0 0.0198 82.47527480125427 287.6696586608887 112.99571394920349 313.95089626312256
0 0.0196 109.38674211502075 455.16476035118103 148.77542853355408 474.5852053165436
0 0.0195 70.37746906280518 376.98468565940857 109.6683144569397 396.5131938457489
0 0.0194 187.3783245682716 478.69810461997986 227.02052444219586 497.9265630245209
0 0.0192 50.881266593933105 436.87039613723755 82.05848932266235 461.6914987564087
0 0.0192 316.61638617515564 303.82898449897766 347.5823700428009 329.08758521080017
0 0.0190 -23.80838803946972 478.90505194664 16.300944611430168 497.72343039512634
0 0.0190 51.348090171813965 287.3223125934601 81.63997530937195 314.26939368247986
0 0.0188 -11.280156672000885 279.8653841018677 19.25107091665268 306.13088607788086
0 0.0187 277.4247229099273 343.1554436683655 308.63890051841736 367.90961027145386
0 0.0187 -61.94990500807762 306.27530813217163 -39.917632937431335 342.20725297927856
0 0.0186 176.07170343399048 436.468631029129 206.88390731811523 462.05785870552063
0 0.0184 86.5332931280136 470.77538073062897 108.46556723117828 499.0234225988388
0 0.0183 285.4308485984802 413.07008266448975 316.2729740142822 438.58474493026733
0 0.0178 -3.6516934633255005 342.7966833114624 27.2291898727417 368.23660135269165
0 0.0177 257.34955072402954 369.6095645427704 297.63054847717285 388.27094435691833
0 0.0176 176.0662570595741 303.673654794693 206.8883404135704 329.22932505607605
0 0.0175 117.48184263706206 283.02663564682007 156.34463727474213 302.96677350997925
0 0.0172 281.08346462249756 478.73735427856445 320.80942392349243 497.8882074356079
0 0.0172 226.40857100486755 478.7263870239258 266.11098647117615 497.8989362716675
0 0.0171 332.3289453983307 373.9510774612427 363.1274998188019 399.5738625526428
0 0.0169 11.871106922626494 444.57632303237915 42.947761714458466 469.6010947227478
0 0.0168 340.24354815483093 334.6509635448456 370.8479106426239 360.72859168052673
0 0.0167 -62.5 470.8426296710968 -23.049913346767422 490.15870690345764
0 0.0167 38.72145712375641 416.391521692276 78.77257466316223 435.23797392845154
0 0.0167 207.10021257400513 335.3693187236786 238.3372187614441 360.07311940193176
0 0.0164 -61.95559911429881 267.16622710227966 -39.9108175188303 303.18108201026917
0 0.0159 20.002633333206177 279.7812521457672 50.47211050987244 306.20792508125305
0 0.0158 -35.04449874162674 311.84154748916626 -3.889314830303192 336.71778440475464
0 0.0157 -62.5 342.4941599369049 -35.38789972662926 368.5130178928375
0 0.0155 207.3764204978943 412.9110276699066 238.08395862579346 438.73003125190735
0 0.0154 -62.5 447.51492142677307 -30.743140727281574 466.61290526390076
0 0.0154 24.03978258371353 470.8409160375595 45.95787078142166 499.0234524011612
0 0.0152 207.34676718711853 444.2256987094879 238.11110854148865 469.92096304893494
0 0.0150 254.16725873947144 397.47732877731323 285.03507375717163 422.9303002357483
0 0.0148 324.3057131767273 272.82947301864624 355.5085062980652 297.6093888282776
0 0.0148 316.737562417984 412.94214129447937 347.47156500816345 438.7015998363495
0 0.0146 59.002846479415894 256.5080523490906 89.58914875984192 282.6199531555176
0 0.0146 155.1971212029457 143.44662427902222 196.59843295812607 161.30924224853516
0 0.0143 285.34993529319763 444.4923400878906 316.3470923900604 469.6776270866394
0 0.0142 162.90607303380966 112.2615784406662 204.50470596551895 129.99401986598969
0 0.0140 295.8548069000244 244.9818179011345 337.1952772140503 262.898214161396
0 0.0138 129.20354306697845 256.77037239074707 160.00224649906158 282.3801636695862
0 0.0134 -19.575752317905426 444.95150446891785 11.881254613399504 469.2597687244415
0 0.0133 19.64371651411056 366.52982234954834 50.79729110002517 391.40456914901733
0 0.0132 90.10821580886841 256.84499740600586 120.96941471099852 282.3120355606079
0 0.0132 155.4790735244751 166.70067608356476 196.34386897087097 184.93060767650604
0 0.0132 156.34936094284058 283.21582078933716 195.573627948761 302.78295278549194
0 0.0132 -11.33577525615692 248.75721335411072 19.300162792205807 274.75103735923767
0 0.0131 285.1885259151459 312.00331449508667 316.49622321128845 336.5705609321594
0 0.0129 254.2082965373993 428.6331236362457 284.9980890750885 454.26633954048157
0 0.0128 279.6710431575775 268.761545419693 322.0769464969635 285.9918773174286
0 0.0128 320.90198993682856 470.7149267196655 342.8480625152588 499.0234375
0 0.0127 210.479199886322 111.7919385433197 250.75173377990723 130.46331703662872
0 0.0126 246.04713916778564 343.3988094329834 277.5076031684875 367.6883578300476
0 0.0126 413.25841844081873 486.44864559173584 436.52345240116114 499.0234375
0 0.0124 -62.5 423.97019267082214 -30.85312619805336 443.28054785728455
0 0.0124 -40.17967730760574 2.8612539172172546 1.3443231582641602 20.64434066414833
0 0.0123 348.04379940032953 303.43344807624817 378.671109676361 329.4488489627838
0 0.0123 -62.5 240.79212546348572 -35.43548099696636 267.0782506465912
0 0.0123 -61.936706304550164 368.88718605041504 -39.933405816555016 404.6207070350647
0 0.0122 30.909162014722824 392.95050501823425 70.96059992909431 411.8035137653351
0 0.0122 140.11900126934052 229.0172427892685 180.48115074634552 247.61365354061127
0 0.0121 -35.14841943979263 343.2929813861847 -3.79277765750885 367.7845299243927
0 0.0121 27.712471783161163 248.79243969917297 58.37533622980117 274.71885085105896
0 0.0121 162.66188770532608 88.97221833467484 204.7264203429222 106.40744119882584
0 0.0119 108.52599143981934 135.5036199092865 149.53899383544922 153.62775325775146
0 0.0119 -61.941012740135186 103.22434827685356 -39.92827236652374 139.0247829258442
0 0.0117 84.36036109924316 3.1356103718280792 126.7627477645874 20.3678160905838
0 0.0116 160.32132506370544 257.05552101135254 191.37299060821533 282.1199893951416
0 0.0114 241.60972237586975 322.8132426738739 282.10893273353577 341.31714701652527
0 0.0112 108.77221822738646 158.77312421798706 149.31783080101013 177.2330105304718
0 0.0112 202.7585208415985 135.16178727149963 242.857426404953 153.96803617477417
0 0.0112 116.22637510299683 112.14037239551544 157.45246410369873 130.1160305738449
0 0.0111 -62.5 56.573741137981415 -31.053878366947174 76.29724591970444
0 0.0110 218.32865476608276 80.51327615976334 258.5316300392151 99.24159198999405
0 0.0109 140.13031125068665 205.5671662092209 180.4719865322113 224.18807446956635
0 0.0109 -62.5 79.97051626443863 -31.088665127754215 99.77421909570694
0 0.0108 194.97179985046387 174.20467734336853 235.02206802368164 193.04993748664856
0 0.0108 107.92398452758789 81.19197189807892 150.08425712585446 98.5628068447113
0 0.0108 69.40191984176636 119.9207752943039 110.53165793418884 137.96080648899078
0 0.0108 257.51417875289917 64.79616463184357 297.48475551605225 83.70798826217651
0 0.0105 -62.5 33.21560099720955 -30.982971191406246 52.78261378407478
0 0.0105 58.832135051488876 225.6510928273201 89.74326029419898 251.01082772016525
0 0.0104 116.79770052433012 182.05401301383972 156.94071352481842 200.82589983940125
0 0.0103 7.119029760360718 2.587266266345978 47.83639311790466 20.919200032949448
0 0.0103 340.06235003471375 241.31396412849426 371.0118234157562 266.6012942790985
0 0.0102 242.1966791152954 455.1692605018616 281.58968687057495 474.5810031890869
0 0.0101 -61.94427236914634 142.25907623767853 -39.924375712871544 178.10873687267303
0 0.0101 288.15025091171265 221.47789597511292 329.28454875946045 239.52776193618774
0 0.0100 61.90017238259315 143.14690232276917 102.439995855093 161.60935163497925
0 0.0100 -61.95127964019775 204.7004997730255 -39.91599753499031 240.65420031547546
0 0.0100 316.64368510246277 444.3996846675873 347.55697846412653 469.7621166706085
0 0.0100 162.5669300556183 65.58925658464432 204.81321215629578 82.91473239660263
