0 0.1656 299.28027153015137 -16.80774450302124 351.08059883117676 6.895349025726318
0 0.1317 248.5630989074707 -36.330742835998535 301.72643661499023 -13.581757545471191
0 0.1290 319.868803024292 12.738475799560547 370.5595874786377 37.34413146972656
0 0.1290 249.38325881958008 -6.88251495361328 300.988712310791 16.969642639160156
0 0.0974 358.70594024658203 -16.41486167907715 411.5958023071289 6.503591537475586
0 0.0972 308.45455169677734 -46.25997543334961 361.8240737915039 -23.652353286743168
0 0.0854 257.9151916503906 -65.94533205032349 312.3158645629883 -43.97017717361451
0 0.0703 270.0939178466797 22.54672050476074 320.36293029785156 47.532472610473626
0 0.0655 197.6568603515625 -55.801558494567864 252.55210876464844 -34.11572456359863
0 0.0532 188.3966827392578 -26.226654052734375 241.87705993652344 -3.6861896514892583
0 0.0530 369.6018981933594 22.955923080444336 420.7939910888672 47.130117416381836
0 0.0457 319.94983673095703 42.667951583862305 370.4891586303711 67.41316795349121
0 0.0426 317.6094436645508 -75.77684879302979 372.59578704833984 -54.14095878601074
0 0.0375 199.36168670654297 3.1309223175048833 251.00845336914062 26.95599555969238
0 0.0328 367.56053924560547 -45.747098922729485 422.63988494873047 -24.17058944702148
0 0.0297 147.86880016326904 -75.92023372650146 202.3584794998169 -53.99573802947998
0 0.0258 207.84847259521484 -80.0 262.4648666381836 -63.67080807685851
0 0.0254 0.0 219.8858642578125 638.75 558.75
0 0.0229 0.0 -79.99999999999999 510.9122848510742 201.51496887207028
0 0.0216 225.37508010864258 28.67355346679687 264.808292388916 61.439781188964844
0 0.0196 275.47388076782227 48.44994068145752 314.7186851501465 81.64409160614012
0 0.0192 138.28274250030518 -46.155667304992676 191.9800901412964 -23.757319450378418
0 0.0165 369.8007583618164 52.79479980468749 420.6192398071289 77.28872299194336
0 0.0160 377.15770721435547 -75.54272651672363 433.01151275634766 -54.379510879516594
0 0.0147 599.0541839599609 -66.65002822875977 638.75 -43.26183319091797
0 0.0144 419.11773681640625 13.307771682739256 471.22581481933594 36.78046226501465
0 0.0138 574.3924140930176 -15.163183212280275 638.7499809265137 34.747018814086914
0 0.0134 315.2355194091797 68.97918224334718 354.9353790283203 101.16093158721922
0 0.0134 605.4560661315918 188.49199295043945 638.7500190734863 221.60566329956055
0 0.0130 519.5648574829102 42.976369857788086 570.8284378051758 67.1088695526123
0 0.0123 508.2387161254883 -76.13657474517822 562.0217514038086 -53.777661323547356
0 0.0121 609.480152130127 222.59654998779297 638.7499809265137 247.4293518066406
0 0.0118 39.07237768173218 33.33540916442871 91.26726388931274 56.75240516662597
0 0.0115 144.77834701538086 -20.155687332153317 185.36134719848633 10.374431610107422
0 0.0114 574.3924140930176 44.836812019348145 638.7499809265137 94.74700450897215
0 0.0114 418.2888412475586 -16.1611008644104 471.9749069213867 6.247885227203368
0 0.0107 48.38254928588867 -76.22138023376463 101.89062118530273 -53.691997528076165
0 0.0106 419.3421173095703 43.146514892578125 471.02561950683594 66.94067001342773
0 0.0103 275.5379104614258 198.29179763793942 314.6617126464844 231.7888069152832
0 0.0103 149.22225952148438 13.233642578124998 201.13239288330078 36.854190826416016
0 0.0103 609.649658203125 162.4559783935547 638.75 187.5677490234375
0 0.0100 447.59098052978516 -75.77178955078124 502.6138687133789 -54.14690971374511
0 0.0100 519.3456268310547 13.140659332275392 571.0231781005859 36.94606781005859
