0 0.0472 558.8357734680176 -45.76022338867187 638.7499809265137 16.686351776123054
0 0.0463 18.44585418701172 -93.18397712707518 204.04903411865234 -15.750753402709956
0 0.0434 597.9095649719238 219.54903411865234 638.7499809265137 241.53412628173828
0 0.0342 608.3740043640137 188.86231231689453 638.7500190734863 212.1640472412109
0 0.0323 608.0162048339844 249.07112884521484 638.75 271.95214080810547
0 0.0292 18.581562042236328 -10.843107223510735 71.70989990234375 11.930540084838874
0 0.0260 574.3924140930176 -99.66318321228026 638.7499809265137 -49.75297164916992
0 0.0254 0.0 195.38586425781244 638.75 534.2499999999999
0 0.0245 574.3924140930176 20.33681201934815 638.7499809265137 70.24700450897217
0 0.0232 607.5677490234375 279.3182067871094 638.75 301.7003326416015
0 0.0221 607.5130462646484 309.35009765625 638.75 331.66821289062494
0 0.0209 213.06254386901855 -99.58583068847655 328.191499710083 -49.935953140258775
0 0.0204 608.6640167236328 158.679931640625 638.75 182.34783935546875
0 0.0187 519.2873764038086 -101.31359767913817 571.0744094848633 -77.59892177581786
0 0.0172 537.1073913574219 209.976900100708 593.0592346191406 231.0994701385498
0 0.0144 609.7223091125488 487.89467620849604 638.7499809265137 513.1280593872069
0 0.0139 608.9975738525391 518.1335334777831 638.75 534.2499809265136
0 0.0138 75.11472702026367 -15.292255401611321 115.04846572875977 16.45277786254883
0 0.0137 608.223705291748 338.9555053710937 638.7500190734863 362.0702056884765
0 0.0134 458.6447525024414 -100.88432025909422 511.6530227661133 -78.02828502655028
0 0.0133 5.289740562438965 14.368951797485355 44.88521099090576 46.76141548156739
0 0.0120 546.3225936889648 240.36194610595703 603.7829208374023 260.7068710327149
0 0.0117 515.3777694702148 -65.83676052093506 554.8063278198242 -33.05078220367431
0 0.0117 48.59130859375 19.149883270263683 101.70126914978027 41.93745422363282
0 0.0110 497.56153106689453 189.7435264587402 552.6409530639648 211.33745956420898
0 0.0107 398.1648635864258 -100.5920476913452 452.08873748779297 -78.32242202758788
0 0.0103 328.53443145751953 -100.81130218505858 381.7520523071289 -78.10105037689208
0 0.0101 609.011058807373 128.44782638549805 638.7500190734863 152.58059310913086
