0 0.0686 597.1880912780762 74.43929672241211 638.7500190734863 95.638370513916
0 0.0497 378.0807113647461 43.96008491516114 432.1647262573242 66.12544059753418
0 0.0438 596.7081451416016 44.673995971679695 638.75 65.39819717407227
0 0.0434 598.2679557800293 103.85105133056639 638.7500190734863 126.23558044433592
0 0.0412 420.4779815673828 182.16983795166016 470.03562927246094 207.89840698242185
0 0.0401 378.67088317871094 73.60340595245361 431.62841796875 96.48467540740965
0 0.0373 387.66796112060547 14.191503524780273 442.54215240478516 35.89116096496582
0 0.0343 318.2929992675781 43.837833404541016 371.9708251953125 66.24916076660156
0 0.0332 537.2490692138672 74.41733837127686 592.9258728027344 95.66235065460205
0 0.0323 437.5923538208008 44.23112869262695 492.61173248291016 65.85073471069336
0 0.0319 429.9573516845703 212.65741348266602 480.4834747314453 237.42303848266602
0 0.0310 375.7625961303711 177.6449203491211 414.4692611694336 212.38204956054685
0 0.0307 400.4816436767578 152.16508865356445 450.03265380859375 177.90288925170898
0 0.0303 327.5834655761719 14.238815307617186 382.61924743652344 35.84341049194336
0 0.0301 469.1592788696289 183.27999114990234 521.1883163452148 206.80831909179685
0 0.0285 319.0735340118408 73.33948135375977 371.2652111053467 96.74901962280273
0 0.0271 467.879638671875 74.07549381256104 522.3481750488281 96.00888729095459
0 0.0254 0.0 219.8858642578125 638.75 558.75
0 0.0244 607.4625968933105 13.875169754028322 638.7500190734863 36.14232063293456
0 0.0239 447.8205871582031 14.103612899780273 502.40325927734375 35.979623794555664
0 0.0233 355.6459045410156 138.00596237182617 394.5671081542969 172.0506477355957
0 0.0233 449.3326187133789 153.15757751464844 501.03321075439453 176.93023681640622
0 0.0232 399.74048614501953 122.84711837768552 450.6715774536133 147.23760604858398
0 0.0229 0.0 -79.99999999999999 510.9122848510742 201.51496887207028
0 0.0227 285.7558822631836 177.66624450683594 324.47486877441406 212.36244201660156
0 0.0226 335.77728271484375 177.59475708007812 374.4573211669922 212.42813110351562
0 0.0222 268.49952697753906 23.71404647827148 321.7829132080078 46.37401580810546
0 0.0221 488.53851318359375 213.68362426757812 541.7489624023438 236.40365600585935
0 0.0219 380.25691986083984 212.3673439025879 430.22815704345703 237.70441055297852
0 0.0214 349.8635482788086 102.74490356445312 400.5637741088867 127.33806610107422
0 0.0206 497.14576721191406 44.468631744384766 553.0213165283203 65.6098175048828
0 0.0202 245.73863983154297 177.72130966186523 284.4892120361328 212.3118782043457
0 0.0199 315.6829357147217 137.90102005004883 354.53518867492676 172.14689254760742
0 0.0197 429.1698455810547 243.264045715332 481.18072509765625 266.8230056762695
0 0.0186 448.4880828857422 103.71793746948242 501.7939758300781 126.36964797973631
0 0.0178 205.64727783203125 177.99676895141602 244.56645965576172 212.05907821655273
0 0.0176 538.8708877563477 103.47484588623045 591.447639465332 126.61361694335936
0 0.0174 275.6934356689453 137.87031173706055 314.52625274658203 172.1750831604004
0 0.0173 277.8169250488281 -5.889453887939453 332.40550994873047 15.97339630126953
0 0.0168 274.9881172180176 59.46779251098632 315.1644706726074 90.71619033813475
0 0.0166 235.69541931152344 137.8607940673828 274.52491760253906 172.18379974365234
0 0.0165 608.7732696533203 133.1116485595703 638.75 156.91688537597656
0 0.0161 488.3046340942383 243.82682800292966 541.9611740112305 266.2596130371094
0 0.0159 305.4279613494873 98.55783462524414 344.7600269317627 131.54546737670898
0 0.0152 607.6777648925781 -16.24052762985229 638.75 6.260364055633544
0 0.0150 387.4760437011719 -15.706844329833984 442.718505859375 5.7877159118652335
0 0.0149 270.294885635376 212.33823776245117 320.19415855407715 237.73351669311523
0 0.0141 55.50874710083008 38.35893630981445 94.68816757202148 71.7273712158203
0 0.0133 0.6931400299072266 31.951160430908203 28.91862392425537 78.08979034423828
0 0.0133 330.2100372314453 212.41100311279294 380.2685546875 237.66181945800778
0 0.0131 195.4476547241211 138.50725173950195 234.7426986694336 171.591739654541
0 0.0129 265.4823303222656 98.42996597290039 304.71107482910156 131.6623878479004
0 0.0129 608.3152770996094 -66.60393714904784 638.75 -43.37034225463867
0 0.0129 165.53804397583008 178.28994750976562 204.66176986694336 211.7905044555664
0 0.0129 225.32466888427734 218.77479553222656 264.8551940917969 251.3473892211914
0 0.0127 458.4727478027344 273.726806640625 511.8080139160156 296.3606262207031
0 0.0127 369.0675354003906 243.33007812499997 421.27342224121094 266.75651550292963
0 0.0121 526.4304351806641 24.81601715087891 583.6820983886719 45.254669189453125
0 0.0113 95.69913864135742 37.85323143005371 134.52142715454102 72.19073295593262
0 0.0108 528.4022903442383 183.7657928466797 581.8729019165039 206.32080078124997
0 0.0108 279.2967224121094 243.17092895507812 331.06788635253906 266.91528320312494
0 0.0105 45.42736053466797 78.55106353759766 84.76133346557617 111.55170440673828
0 0.0105 39.647560119628906 12.912054061889648 90.75531005859375 37.172441482543945
0 0.0105 225.08926391601562 29.275531768798825 265.07022857666016 60.89101791381835
0 0.0104 398.63548278808594 273.6222839355468 451.6612243652344 296.46522521972656
0 0.0103 498.98677825927734 133.38920593261716 551.345100402832 156.69807434082028
0 0.0102 447.6487731933594 -15.800049304962158 502.56019592285156 5.882275104522705
0 0.0102 599.1036224365234 213.31653594970703 638.75 236.7715835571289
0 0.0102 408.87229919433594 303.47129821777344 461.44691467285156 326.6168212890625
0 0.0100 608.9582824707031 542.6634979248047 638.75 558.75
0 0.0100 279.14039611816406 303.2931900024414 331.2052536010742 326.79515838623047
