0 0.0501 588.5163879394531 147.19676589965823 638.75 169.89036178588867
0 0.0408 588.1233215332031 117.43312454223631 638.75 139.65232467651367
0 0.0401 608.7075996398926 176.65441131591797 638.7499809265137 200.37389373779297
0 0.0368 268.3360958099365 107.30458831787112 321.9332981109619 129.78154754638672
0 0.0337 248.9204216003418 76.93589782714845 301.4043617248535 100.15172576904297
0 0.0303 129.18053150177002 56.759582519531264 181.17045879364014 80.32788848876955
0 0.0301 588.0248832702637 87.48838043212892 638.7500190734863 109.59622955322266
0 0.0299 189.6002960205078 56.45427322387695 240.7959747314453 80.63136672973634
0 0.0289 267.94901847839355 137.53255462646487 322.2856616973877 159.5517120361328
0 0.0269 159.33102130889893 86.64985275268555 211.0364866256714 110.43674087524413
0 0.0254 0.0 193.38586425781247 638.75 532.25
0 0.0252 528.0752563476562 137.4594268798828 582.1705627441406 159.62548828125
0 0.0245 528.1490325927734 97.41670227050781 582.103271484375 119.66867065429686
0 0.0243 239.16828155517578 46.77144622802736 291.1807632446289 70.31652069091798
0 0.0237 119.4215726852417 26.58875083923341 170.9547472000122 50.49809074401856
0 0.0229 0.0 -106.49999999999999 510.9122848510742 175.01496887207034
0 0.0219 538.7242126464844 67.06113433837892 591.58203125 90.02587890625
0 0.0218 598.5208320617676 57.19245529174806 638.7499809265137 79.89448165893555
0 0.0216 309.1327381134033 76.79128265380861 361.21363639831543 100.29607391357423
0 0.0210 608.7179565429688 206.64796447753906 638.75 230.3804168701172
0 0.0207 149.23635482788086 116.7198524475098 201.12058639526367 140.36738967895508
0 0.0203 208.70513916015625 107.07959747314455 261.59786224365234 130.0082550048828
0 0.0188 538.3155822753906 167.31616592407227 591.9521331787109 189.7697410583496
0 0.0187 99.2381477355957 86.72210311889648 151.11825942993164 110.36563491821289
0 0.0179 267.5212097167969 167.76921844482422 322.67704010009766 189.3120346069336
0 0.0178 179.61894989013672 26.4397487640381 230.7794952392578 50.64573860168458
0 0.0176 119.21419143676758 156.73928833007812 171.13964080810547 180.3485641479492
0 0.0170 608.8736152648926 -33.45545196533201 638.7499809265137 -9.515842437744126
0 0.0170 85.18065452575684 52.59120559692384 124.98593330383301 84.55882644653322
0 0.0163 599.0561103820801 16.84995269775392 638.7499809265137 40.23835754394532
0 0.0153 18.254013061523438 227.35814666748044 72.0069408416748 249.72821807861325
0 0.0152 512.6921272277832 -106.49999999999997 638.7499809265137 -36.65076160430907
0 0.0149 69.6265697479248 16.432395935058608 120.77303886413574 40.652824401855476
0 0.0149 89.28125381469727 116.69087982177733 141.07982635498047 140.3966293334961
0 0.0148 549.4251251220703 36.5817222595215 600.9524536132812 60.50448989868165
0 0.0147 229.2214584350586 16.733242034912124 281.1333465576172 40.354457855224624
0 0.0146 257.76411056518555 197.64278984069824 312.45317459106445 219.4412097930908
0 0.0140 179.27080154418945 146.70068359374997 231.08869552612305 170.38720703125
0 0.0138 119.48089599609375 -3.4550514221191273 170.9018898010254 20.541587829589858
0 0.0135 329.05261993408203 106.84482192993163 381.28589630126953 130.2424201965332
0 0.0132 298.92823219299316 46.93165874481202 351.39708518981934 70.15607929229736
0 0.0130 0.0 256.7868957519531 51.19561195373535 280.3016052246094
0 0.0125 18.388376235961914 197.27552032470703 71.88522338867188 219.8111877441406
0 0.0123 239.0597152709961 226.8502960205078 291.2773132324219 250.2384338378906
0 0.0122 169.76221084594727 176.32844543457028 220.6526756286621 200.755859375
0 0.0119 125.26845932006836 182.4108943939209 164.90503311157227 214.72315406799316
0 0.0117 109.1925048828125 226.74176788330078 161.16174697875977 250.34436798095703
0 0.0117 608.7124443054199 236.65067291259768 638.7500190734863 260.37755584716797
0 0.0117 608.925609588623 516.1888275146484 638.7500190734863 532.25
0 0.0115 69.53943252563477 166.49936294555664 120.8502197265625 190.5865821838379
0 0.0114 609.0851020812988 366.399169921875 638.7499809265137 390.6296691894531
0 0.0114 165.335693359375 212.26205444335938 204.84397888183594 244.85894775390622
0 0.0108 369.4258499145508 76.58380126953126 420.9512710571289 100.50279235839844
0 0.0107 508.1818389892578 197.40151977539062 562.0725250244141 219.6846160888672
0 0.0106 478.93421173095703 76.92926025390626 531.3914108276367 100.15870666503908
0 0.0105 85.18891334533691 192.5669345855713 124.97908592224121 224.58092308044434
0 0.0104 489.15782928466797 46.77608585357667 541.1906814575195 70.31153774261476
