0 0.1247 256.0243034362793 159.50253677368164 314.0582847595215 179.56349563598633
0 0.1166 255.94390869140625 179.54095077514648 314.1322708129883 199.52450942993164
0 0.1015 246.39083862304688 139.33600616455078 303.71837615966797 159.73448944091797
0 0.0804 266.1032009124756 199.47112274169922 323.9841556549072 219.59651184082028
0 0.0753 197.1508026123047 158.96365356445312 253.0172348022461 180.1144714355469
0 0.0721 508.75377655029297 98.0533905029297 561.552848815918 121.03526306152345
0 0.0628 315.9208297729492 169.5455093383789 374.1550827026367 189.51876831054688
0 0.0584 256.3174247741699 119.36865997314455 313.786678314209 139.70076751708984
0 0.0561 305.8628177642822 139.57387161254886 364.208288192749 159.49013900756836
0 0.0517 187.6206398010254 128.71772003173828 242.58539199829102 150.3646392822266
0 0.0452 197.32154846191406 188.8787956237793 252.8594207763672 210.2013893127441
0 0.0429 326.1273956298828 189.4521827697754 383.963623046875 209.61445999145508
0 0.0419 276.4854431152344 219.29461669921875 333.6301040649414 239.77740478515622
0 0.0403 509.1634750366211 127.77495574951173 561.1850357055664 151.31304931640625
0 0.0328 236.8093490600586 99.13563919067384 293.3316421508789 119.93931961059572
0 0.0296 177.81671524047852 98.61058425903322 232.40571975708008 120.47333908081055
0 0.0292 507.7805709838867 68.63280487060548 562.4383163452148 90.4511947631836
0 0.0273 315.93411445617676 119.54100799560547 374.1424083709717 139.52365112304688
0 0.0254 0.0 214.3858642578125 638.75 553.25
0 0.0242 218.0691909790039 218.47040367126465 272.17445373535156 240.6155796051025
0 0.0237 336.24576568603516 209.39837646484372 393.85387420654297 229.669677734375
0 0.0232 448.46710205078125 98.22703552246095 501.8138122558594 120.85990142822266
0 0.0229 0.0 -85.49999999999996 510.9122848510742 196.0149688720703
0 0.0225 138.18623065948486 148.39673233032227 192.06897258758545 170.68909835815427
0 0.0212 296.29115104675293 99.37951278686525 353.81131172180176 119.68938064575198
0 0.0212 306.6633987426758 239.20916748046875 363.4657669067383 259.86468505859375
0 0.0184 366.6543197631836 139.2079086303711 423.4755325317383 159.86495208740237
0 0.0160 266.4754867553711 79.29562759399415 323.6402130126953 99.77570724487305
0 0.0159 387.2130584716797 108.927604675293 442.9608917236328 130.1504821777344
0 0.0159 128.39767456054688 118.2723159790039 181.87623977661133 140.8147735595703
0 0.0158 448.5829544067383 128.14877700805664 501.71024322509766 150.93762588500977
0 0.0151 187.45576858520508 68.80788040161134 242.73622512817383 90.27341079711915
0 0.0151 498.8690948486328 157.96817016601562 551.4509582519531 181.11918640136716
0 0.0132 137.7281951904297 178.65739059448242 192.48722076416016 200.4255790710449
0 0.0131 289.67803955078125 327.39066314697266 340.72784423828125 351.6938705444336
0 0.0129 248.1739616394043 248.40937805175778 302.07895278930664 270.6772155761719
0 0.0128 397.2726821899414 78.90059661865234 452.90515899658203 100.17859649658203
0 0.0125 307.9738998413086 268.5254592895508 362.26131439208984 290.55998992919916
0 0.0120 598.8594055175781 -72.02009487152095 638.75 -48.89179515838619
0 0.0114 376.9273376464844 169.07654953002927 433.22303771972656 189.9994773864746
0 0.0109 608.9756965637207 537.1505279541016 638.7499809265137 553.25
0 0.0106 239.32754516601562 317.6516647338867 291.03973388671875 341.43485260009766
0 0.0105 289.4814205169678 297.54615020751953 340.9011173248291 321.5405960083007
0 0.0102 366.94602966308594 229.06522941589353 423.2062530517578 250.01068305969238
