0 0.1200 285.6079864501953 188.68304824829102 344.44549560546875 208.37752914428708
0 0.1104 266.1172580718994 168.4578857421875 323.97276878356934 188.60879516601562
0 0.1015 295.4706859588623 208.74163246154782 354.5732593536377 228.31719017028806
0 0.0941 225.95335006713867 188.53168106079102 284.1247749328613 208.53309249877927
0 0.0872 246.7559814453125 148.15967178344727 303.38138580322266 168.91440963745117
0 0.0851 235.3902816772461 208.77651786804196 294.6478271484375 228.28146553039548
0 0.0825 326.3978576660156 168.32572555541992 383.7135314941406 188.7437400817871
0 0.0797 207.0329475402832 168.01982498168942 263.12658309936523 189.05662155151367
0 0.0775 346.63509368896484 188.21410751342773 403.4939956665039 208.8580665588379
0 0.0670 306.5184688568115 148.27115631103516 363.6014652252197 168.79998779296875
0 0.0638 285.1845932006836 228.86125183105466 344.83959197998047 248.19390869140625
0 0.0584 225.25386810302734 228.8357696533203 284.7742462158203 248.22084045410153
0 0.0534 188.212890625 137.3823699951172 242.0444107055664 159.70380401611328
0 0.0494 276.8686294555664 128.10254669189453 333.27789306640625 148.97241210937503
0 0.0448 356.7865753173828 218.14076995849607 413.3540344238281 238.9330062866211
0 0.0428 167.53997802734375 187.76023483276367 222.6595687866211 209.32136154174805
0 0.0423 245.2020263671875 248.85923004150388 304.8220443725586 268.1969985961914
0 0.0403 367.6748275756836 147.68277740478516 422.5369644165039 169.39920043945312
0 0.0349 407.4619674682617 197.80176734924314 462.73120880126953 219.2791042327881
0 0.0335 305.6624984741211 248.66105651855466 364.39441680908203 268.4004364013672
0 0.0325 166.89580917358398 218.09335327148438 223.2518196105957 238.98255920410153
0 0.0325 237.43608474731445 107.81554794311523 292.7549171447754 129.26517105102536
0 0.0291 138.73918533325195 157.05859756469727 191.56694412231445 180.02944564819336
0 0.0262 246.0258674621582 268.50659942626953 304.05569076538086 288.5602340698242
0 0.0260 178.3056640625 107.32795333862305 231.9598388671875 129.75875473022464
0 0.0254 0.0 193.38586425781247 638.75 532.25
0 0.0246 337.5609588623047 117.74257278442384 392.64183044433594 139.3382225036621
0 0.0243 286.5604782104492 328.25521087646484 343.56163024902344 348.8170394897461
0 0.0243 417.74192810058594 167.64533615112305 472.4756622314453 189.43706130981445
0 0.0229 0.0 -106.49999999999999 510.9122848510742 175.01496887207034
0 0.0201 186.56673431396484 248.25769042968747 243.55457305908203 268.8154754638672
0 0.0196 317.16739654541016 347.95621490478516 373.00167083740234 369.1222152709961
0 0.0189 306.120080947876 268.45960235595703 363.9694118499756 288.6076126098633
0 0.0186 417.50587463378906 227.7784881591797 472.6908874511719 249.30284118652344
0 0.0179 128.8368272781372 126.99376678466795 181.47910594940186 150.09420013427734
0 0.0177 256.79393768310547 288.1462631225586 313.3451461791992 308.92903900146484
0 0.0167 512.6921272277832 -106.49999999999997 638.7499809265137 -36.65076160430907
0 0.0161 398.33106994628906 117.30802154541018 451.9377899169922 139.7781524658203
0 0.0152 306.58313751220703 308.24170684814453 363.54137420654297 328.83031463623047
0 0.0150 227.45277404785156 327.8070220947265 282.7395248413086 349.2738494873047
0 0.0148 0.0 -93.82224464416501 40.498361587524414 -69.096378326416
0 0.0147 108.33175659179688 187.30735397338867 161.93719863891602 209.77878189086914
0 0.0147 367.03914642333984 248.01736450195312 423.12068939208984 269.05923461914057
0 0.0144 277.6212978363037 87.71184539794923 332.58606910705566 109.36971282958986
0 0.0137 178.5899543762207 77.15015029907227 231.70263290405273 99.93709182739258
0 0.0136 78.37667465209961 157.2841796875 131.89552307128906 179.80271911621094
0 0.0128 0.0 -57.78153800964354 34.82745170593262 -25.101217269897447
0 0.0124 107.96106815338135 217.527099609375 162.27429866790771 239.55743408203128
0 0.0123 467.62176513671875 197.71298980712888 522.5852966308594 219.3687591552734
0 0.0121 257.85017013549805 357.5950393676758 312.37443923950195 379.4895706176758
0 0.0120 99.1969108581543 -3.2512321472167827 151.1556625366211 20.338760375976573
0 0.0120 448.7190246582031 137.06704711914062 501.5861511230469 160.0203094482422
0 0.0118 338.14647674560547 87.4157485961914 392.1061325073242 109.66924285888672
0 0.0117 574.3924140930176 -21.663183212280256 638.7499809265137 28.24701881408693
0 0.0113 48.41374397277832 197.26017570495608 101.86217308044434 219.82664680480957
0 0.0110 109.25673007965088 36.70901393890382 161.10162258148193 60.37868595123292
0 0.0109 48.7596321105957 -102.95847320556638 101.54930114746094 -79.95400810241696
0 0.0109 310.1904296875 373.5238037109375 380.2330017089844 403.56797790527344
0 0.0108 575.4707145690918 498.2563171386719 638.7500190734863 532.25
0 0.0105 357.58331298828125 327.7342758178711 412.62046813964844 349.34728240966797
0 0.0105 118.91865253448486 96.93881607055664 171.4055585861206 120.14903640747069
0 0.0104 28.34381103515625 137.30470275878903 81.92523002624512 159.78215789794922
0 0.0101 99.29944038391113 -33.323072433471665 151.06377601623535 -9.58960914611815
