0 0.0727 8.70269775390625 68.58268737792969 61.59975051879883 91.5053939819336
0 0.0587 18.138647079467773 38.927555084228516 72.1116828918457 61.15846633911133
0 0.0515 8.653497695922852 98.6137008666992 61.64431571960449 121.47422790527342
0 0.0443 67.70198822021484 59.172458648681626 122.51108169555664 80.91039657592773
0 0.0318 428.0311584472656 68.98923873901367 482.20985412597656 91.0960578918457
0 0.0295 67.96165466308594 89.02921676635741 122.2732162475586 111.05569839477538
0 0.0262 8.482437133789062 8.72241973876953 61.79888725280762 31.365280151367184
0 0.0254 0.0 194.88586425781247 638.75 533.75
0 0.0253 8.861832618713379 128.4818458557129 61.45558834075928 151.60676956176755
0 0.0242 77.5408148765564 29.26081657409668 132.65857934951782 50.82093238830567
0 0.0239 127.68501281738281 59.18312072753906 182.52630233764648 80.89981079101561
0 0.0236 427.2093200683594 39.434852600097656 482.9631042480469 60.64399719238282
0 0.0229 0.0 -105.0 510.9122848510742 176.5149688720703
0 0.0221 418.49239349365234 98.71284484863283 471.7905807495117 121.37439727783205
0 0.0217 0.0 178.48464965820312 51.46480083465576 201.6034698486328
0 0.0215 187.8421401977539 59.095306396484375 242.3827362060547 80.98861694335938
0 0.0211 367.8493118286133 69.09120559692383 422.37621307373047 90.99275588989258
0 0.0174 187.95598983764648 89.02902603149414 242.27914810180664 111.05535507202148
0 0.0168 27.679901123046875 209.18533325195312 82.53111839294434 230.89744567871097
0 0.0160 367.38651275634766 39.34288024902344 422.80017852783203 60.737590789794915
0 0.0157 358.2463073730469 98.86281967163086 412.01393127441406 121.22354507446289
0 0.0149 348.63155364990234 188.62588882446292 401.66454315185547 211.46173477172852
0 0.0148 488.2247543334961 58.87550354003906 542.033576965332 81.2107467651367
0 0.0148 8.319406509399414 -21.177692413330075 61.94676399230957 1.2648582458496098
0 0.0148 137.10712432861328 29.487428665161133 193.05709838867188 50.590524673461914
0 0.0145 511.90391540527344 104.84180450439453 638.75 204.6270751953125
0 0.0144 478.8875198364258 88.46244812011719 531.432991027832 111.62582397460936
0 0.0141 128.03625106811523 88.98555755615234 182.2053337097168 111.09966278076172
0 0.0138 609.5435333251953 487.54997253417963 638.75 512.4758911132812
0 0.0136 248.29702377319336 198.83454322814939 301.9673728942871 221.2523555755615
0 0.0128 467.4427795410156 19.308557510375977 522.7495574951172 40.771684646606445
0 0.0127 307.7767562866211 59.13267135620117 362.4422836303711 80.95094680786134
0 0.0126 512.6921272277832 -105.0 638.7499809265137 -35.150761604309075
0 0.0125 608.9619445800781 517.6609992980957 638.75 533.7499809265137
0 0.0124 268.30501556396484 168.82192611694333 321.9618225097656 191.26386642456055
0 0.0123 409.1695022583008 188.27108383178708 461.1795425415039 211.81695938110352
0 0.0123 197.95949935913086 119.02692794799806 252.27598190307617 141.05745315551758
0 0.0122 197.33863830566406 29.36816215515137 252.84412384033203 50.7119083404541
0 0.0120 248.1283950805664 78.93173217773438 302.1214294433594 101.15394592285156
0 0.0119 198.91717910766602 218.44024658203128 251.40676498413086 241.64764404296878
0 0.0119 328.5739517211914 158.65894317626953 381.71741485595703 181.42807006835938
0 0.0119 298.1196594238281 98.9369583129883 352.1293640136719 121.14871978759767
0 0.0118 68.60592126846313 118.64559173583986 121.68697118759155 141.44248962402344
0 0.0117 0.0 238.1098937988281 50.975027084350586 261.9776153564453
0 0.0113 67.56988286972046 -0.7559394836425783 122.6321816444397 20.837745666503906
0 0.0109 188.63615036010742 188.62300872802734 241.6603660583496 211.46465301513672
0 0.0108 427.1122741699219 -0.5189704895019536 483.05320739746094 20.596389770507812
0 0.0108 218.1551742553711 148.91572952270508 272.0970916748047 171.17006301879883
0 0.0107 278.69361877441406 138.58638763427734 331.6084289550781 161.50135040283203
0 0.0106 418.9800262451172 128.40145111083987 471.3495635986328 151.68689727783203
0 0.0104 48.50513219833374 158.69873046875 101.78041696548462 181.38763427734375
0 0.0102 389.04430389404297 158.3526611328125 441.2929153442383 181.73492431640625
0 0.0102 247.90008544921875 49.063568115234375 302.3295593261719 71.02088928222656
0 0.0101 574.3924140930176 -20.163183212280273 638.7499809265137 29.747018814086914
