0 0.1244 77.7426528930664 92.76664352416994 223.98359298706055 154.1601142883301
0 0.1200 38.733062744140625 77.05393409729007 91.57432556152344 100.03286933898927
0 0.1112 29.174089431762695 106.76179027557376 81.17673873901367 130.32537555694583
0 0.1064 30.122413635253906 146.00442504882815 80.34159660339355 171.07198333740234
0 0.1060 28.13929557800293 47.42157554626466 82.11234092712402 69.6636257171631
0 0.0947 30.188884735107422 175.92612838745117 80.28767585754395 201.14657974243167
0 0.0933 55.66882371902466 211.41429519653323 94.54993009567261 245.6347999572754
0 0.0902 150.54378032684326 155.59163665771487 199.98192310333252 181.47317504882812
0 0.0863 15.464653968811035 221.97408294677737 54.72675323486328 255.12204742431643
0 0.0855 80.53800582885742 155.60424423217776 129.98552322387695 181.46159744262695
0 0.0839 90.13412475585938 66.00227928161623 140.32978057861328 91.0750255584717
0 0.0722 27.850799560546875 17.588039398193374 82.3753547668457 39.49559783935548
0 0.0692 95.86777687072754 220.74353790283206 134.38742637634277 256.2512741088867
0 0.0673 170.5299186706543 185.6090888977051 219.9930763244629 211.45656204223636
0 0.0664 33.06253433227539 258.41417884826666 148.19150924682617 308.06404685974127
0 0.0646 200.87141036987305 155.170036315918 249.7193717956543 181.8747100830078
0 0.0646 89.60427284240723 36.44916152954103 140.792875289917 60.63619232177736
0 0.0626 80.93401908874512 185.07428741455078 129.67175483703613 211.96496582031253
0 0.0496 225.77056884765625 181.11774063110354 264.46277618408203 215.90701675415042
0 0.0491 0.0 72.91864013671876 35.141282081604004 104.26087951660156
0 0.0470 140.30315399169922 65.85040664672853 190.18310546875 91.22375106811523
0 0.0446 135.75960159301758 211.16218185424808 174.47101593017578 245.86616134643558
0 0.0423 0.0 261.69217681884766 34.641687870025635 295.3800735473633
0 0.0413 220.54967880249023 125.58858489990237 269.9763298034668 151.47641754150393
0 0.0409 48.11857223510742 310.5982360839844 132.60263442993164 376.626220703125
0 0.0384 175.67211151123047 211.43357849121097 214.54437255859375 245.61700439453128
0 0.0370 250.7745361328125 155.3177032470703 299.7929000854492 181.73566436767578
0 0.0342 5.786800384521484 311.0666046142578 44.44918632507324 345.95399475097656
0 0.0336 88.64047050476074 7.122484207153333 141.6559886932373 29.96549224853517
0 0.0327 265.6805419921875 181.40582656860354 304.53746795654297 215.64250564575198
0 0.0325 0.7789468765258789 106.24343013763429 28.816468715667725 150.9876642227173
0 0.0310 17.563152313232422 -12.249859809875474 72.63778686523438 9.331980705261245
0 0.0302 145.81560611724854 250.96262550354004 184.4262456893921 286.04958152770996
0 0.0294 220.49571990966797 215.63777542114258 270.0232696533203 241.42810440063477
0 0.0287 0.772705078125 156.17986297607422 28.823866844177246 201.03498077392578
0 0.0272 149.55875873565674 36.4890823364258 200.8321714401245 60.59730148315431
0 0.0262 145.78101634979248 291.0828170776367 184.45419788360596 325.9390792846679
0 0.0259 17.435340881347656 -42.18604946136473 72.7560806274414 -20.733546257019032
0 0.0256 270.2682113647461 125.88311767578125 320.2132034301758 151.1918411254883
0 0.0253 0.8035755157470703 26.512151718139666 28.787407875061035 70.7900676727295
0 0.0253 229.29269790649414 96.68610668182376 281.06889724731445 120.4018602371216
0 0.0246 189.49871063232422 66.53602218627931 240.88516235351562 90.55099105834962
0 0.0244 185.73640823364258 251.23783683776858 224.4901466369629 285.796724319458
0 0.0228 347.8322982788086 -42.40067863464354 402.39208221435547 -20.51567697525023
0 0.0225 185.65776824951172 291.4719543457031 224.5569610595703 325.58183288574224
0 0.0216 138.17764282226562 310.52497482299805 638.75 592.2500190734863
0 0.0200 270.223388671875 215.9172019958496 320.25333404541016 241.15775680541995
0 0.0192 358.26210021972656 -12.644566535949695 411.99913024902344 9.73130321502687
0 0.0190 511.90391540527344 123.34180450439457 638.75 223.12707519531253
0 0.0185 225.43237686157227 242.04752540588382 264.7559928894043 275.05486106872564
0 0.0182 408.08727264404297 -42.54617118835448 462.15930938720703 -20.36862993240355
0 0.0178 10.647220611572266 345.0764999389649 38.97358417510986 391.8829116821289
0 0.0175 305.3597927093506 162.2136459350586 344.8215579986572 194.90316009521487
0 0.0169 135.67760467529297 331.4148864746094 174.5399284362793 365.63417053222656
0 0.0168 265.3033638000488 242.33567810058594 304.87314224243164 274.7917709350586
0 0.0165 511.90391540527344 3.3418045043945455 638.75 103.12707519531251
0 0.0160 225.4421043395996 292.0262680053711 264.7471046447754 325.07436370849615
0 0.0158 418.50704193115234 -12.794121742248521 471.77684783935547 9.8817071914673
0 0.0158 77.74442672729492 -22.350297212600694 132.47209548950195 -0.5664374828338493
0 0.0149 378.68438720703125 17.094789505004893 431.6162109375 39.99331092834474
0 0.0147 175.60394287109375 331.62049865722656 214.6036148071289 365.44564819335943
0 0.0146 0.0 523.1061515808107 129.28508758544922 592.2500190734864
0 0.0145 148.595929145813 7.1520290374756 201.69597148895264 29.93604278564455
0 0.0144 248.1549835205078 67.41591072082522 302.09728240966797 89.66988182067873
0 0.0143 305.11505126953125 242.72183990478516 345.04669189453125 274.43990325927734
0 0.0142 297.83992767333984 -22.40360641479491 352.38475799560547 -0.512494087219224
0 0.0142 408.38966369628906 67.2756633758545 461.88385009765625 89.81117820739746
0 0.0139 284.8791790008545 93.16691970825197 325.2665424346924 124.0353355407715
0 0.0138 608.4897613525391 -33.20817852020262 638.75 -9.764646530151355
0 0.0138 208.3141326904297 37.325941085815444 261.9514465332031 59.76126289367677
0 0.0137 318.4135913848877 17.259775161743182 371.86244010925293 39.82697105407716
0 0.0132 215.521240234375 331.8350372314453 254.67636108398438 365.24919128417974
0 0.0129 265.41149139404297 282.09729766845703 304.7747039794922 315.0094375610352
0 0.0127 328.4276580810547 107.2544393539429 381.8489074707031 129.83284091949466
0 0.0121 309.5253276824951 276.51227569580084 360.8622455596924 300.574089050293
0 0.0120 398.8290023803711 97.00249767303468 451.4854049682617 120.08596515655519
0 0.0120 319.3751525878906 136.62631607055664 370.9953308105469 160.4612693786621
0 0.0119 574.3924140930176 238.33681678771975 638.7499809265137 288.2469997406006
0 0.0118 399.4581985473633 166.5581092834473 450.92288970947266 190.52802658081058
0 0.0116 325.22815704345703 202.4912033081055 364.9424362182617 234.64997863769534
0 0.0115 608.9691352844238 576.1550292968751 638.7499809265137 592.25
0 0.0115 345.07640838623047 242.79295539855957 385.08296966552734 274.3751964569092
0 0.0110 265.3219795227051 322.29302978515625 304.85639572143555 354.8307189941407
0 0.0110 609.5338439941406 486.0531005859375 638.75 510.9722290039063
0 0.0109 338.53153228759766 77.18147850036623 391.75670623779297 99.9048480987549
0 0.0109 359.1059112548828 46.8141326904297 411.23680114746094 70.2738723754883
0 0.0108 505.51795959472656 501.84129333496094 544.6794891357422 535.2434692382812
0 0.0108 48.11857223510742 390.59823608398443 132.60263442993164 456.62622070312506
0 0.0107 268.2454013824463 37.35972976684572 322.01552391052246 59.726100921630874
0 0.0106 399.4364547729492 126.57876586914065 450.94127655029297 150.50813293457034
0 0.0106 428.64673614501953 37.114273071289084 481.6512680053711 59.97310256958009
0 0.0100 609.5562744140625 516.0357818603516 638.75 540.9893951416017
