0 0.2339 490.3070831298828 132.34661102294922 540.1797485351562 157.72743225097656
0 0.1658 495.55545806884766 158.2437705993652 534.6465682983398 191.83279037475586
0 0.1588 439.69459533691406 142.8728485107422 490.7142639160156 167.21088409423828
0 0.1181 439.6387481689453 112.92448043823242 490.76194763183594 137.1608543395996
0 0.1091 489.41673278808594 103.09329986572266 540.9588623046875 126.99371337890625
0 0.0832 455.0526428222656 169.3259620666504 495.1063537597656 200.8452033996582
0 0.0785 389.6885299682617 132.8776741027832 440.71956634521484 157.20613479614258
0 0.0589 389.9728775024414 102.65289306640625 440.46817779541016 127.42847442626953
0 0.0540 389.1949462890625 163.2501411437988 441.15745544433594 186.8373680114746
0 0.0493 438.3975601196289 83.77574920654297 491.87557220458984 106.31183624267577
0 0.0386 535.3585815429688 158.71688842773438 574.8226165771484 191.40018463134766
0 0.0345 240.18190383911133 92.45693206787108 290.28886795043945 117.61913299560547
0 0.0335 340.10414123535156 112.52906799316405 390.3557586669922 137.54878997802732
0 0.0334 290.3407669067383 102.30512619018555 340.15270233154297 127.76689529418947
0 0.0329 500.1646041870117 192.47196197509763 550.3039169311523 217.6043701171875
0 0.0306 189.5155143737793 83.00489425659178 240.87404251098633 107.07948684692381
0 0.0275 339.3920135498047 143.1020927429199 390.9828186035156 166.9837379455566
0 0.0270 245.5293083190918 58.31295013427735 284.6693992614746 91.76944732666016
0 0.0266 340.1626205444336 82.48287200927734 390.30384063720703 107.59468078613281
0 0.0266 448.6394500732422 203.6105918884277 501.6596221923828 226.47558212280273
0 0.0254 0.0 219.8858642578125 638.75 558.75
0 0.0254 497.8190231323242 74.10951137542725 552.4036026000977 95.97445011138916
0 0.0253 239.69898223876953 122.87084579467772 290.71006774902344 147.21303939819336
0 0.0250 539.3437576293945 133.14823150634766 591.0235214233398 156.9393539428711
0 0.0247 295.55895805358887 68.23960781097412 334.6429920196533 101.83657169342041
0 0.0241 189.19918060302734 113.2406234741211 241.15501403808594 136.8459701538086
0 0.0239 394.9717712402344 69.4997215270996 435.1795959472656 100.68716049194335
0 0.0233 295.19078254699707 129.0580940246582 334.97782707214355 161.08903884887692
0 0.0229 0.0 -79.99999999999999 510.9122848510742 201.51496887207028
0 0.0210 189.54710006713867 52.988739013671875 240.84440231323242 77.09648132324219
0 0.0209 436.9249725341797 54.58078384399414 493.2244873046875 75.49568176269531
0 0.0194 439.1428756713867 273.2897186279297 491.2034225463867 296.79840087890625
0 0.0180 405.00885009765625 189.42825317382812 445.1451873779297 220.75214385986328
0 0.0164 428.18931579589844 243.89831542968744 482.0654296875 266.18804931640625
0 0.0150 379.2003631591797 263.2495880126953 431.1518859863281 286.83837890625
0 0.0148 608.8291168212891 23.074359893798828 638.75 46.95426940917968
0 0.0145 239.7753143310547 32.81233787536621 290.6422805786133 57.27107048034667
0 0.0145 449.66041564941406 302.9054260253906 500.7432556152344 327.1794128417968
0 0.0138 339.70455169677734 52.87524223327636 390.7033157348633 77.20978736877441
0 0.0137 344.9095153808594 169.6101188659668 385.23826599121094 200.58691024780273
0 0.0135 290.1018524169922 42.53787994384765 340.35640716552734 67.54093170166016
0 0.0127 489.7270965576172 262.8522491455078 540.6845092773438 287.23182678222656
0 0.0127 128.4306001663208 103.74975204467773 181.84688091278076 126.33710861206055
0 0.0127 505.1641082763672 219.1143035888672 545.0022888183594 251.03782653808594
0 0.0127 289.21276092529297 163.23673248291016 341.14166259765625 186.85062408447266
0 0.0122 144.84144687652588 59.72732543945313 185.30263423919678 90.48055648803711
0 0.0116 505.3697204589844 288.68968963623047 544.8127746582031 321.42505645751953
0 0.0116 512.6921272277832 -80.0 638.7499809265137 -10.150761604309086
0 0.0115 574.3924140930176 184.8368263244629 638.7499809265137 234.74702835083008
0 0.0115 189.24598693847656 143.21508407592773 241.11156463623047 166.8724250793457
0 0.0113 188.99358749389648 23.391742706298828 241.33745193481445 46.696529388427734
0 0.0113 0.0 -76.92093133926392 40.93717575073242 -52.99175500869752
0 0.0112 389.8041534423828 292.7923583984375 440.61622619628906 317.2911834716797
0 0.0112 239.47134017944336 153.05194854736328 290.9104347229004 177.03460693359372
0 0.0110 608.7364196777344 -6.864070892333984 638.75 16.89250946044922
0 0.0108 497.4078369140625 44.325447082519524 552.7820587158203 65.7542610168457
0 0.0107 397.39246368408203 34.34443473815918 452.79361724853516 55.7367992401123
0 0.0106 608.9887809753418 542.6403617858887 638.7500190734863 558.7500190734863
0 0.0102 544.7630310058594 99.86845016479492 585.3760528564453 130.3525733947754
0 0.0100 608.897876739502 53.02824020385743 638.7499809265137 77.00050354003906
