0 0.0847 114.88912582397461 130.48498153686523 175.1141357421875 149.5668601989746
0 0.0800 114.8918867111206 110.48255920410156 175.11192798614502 129.56912994384766
0 0.0725 115.17435073852539 90.36737442016602 174.84865188598633 109.68793869018555
0 0.0722 105.74409484863281 70.12716293334962 164.31825637817383 89.93558883666992
0 0.0709 276.2582015991211 49.894657135009766 333.84185791015625 70.17385482788086
0 0.0644 105.99933624267578 50.014529228210456 164.08126831054688 70.0513505935669
0 0.0636 276.48563385009766 69.78679656982422 333.6317825317383 90.28400421142578
0 0.0631 115.2171516418457 150.35249710083008 174.80806350708008 169.70384597778323
0 0.0533 265.94905853271484 30.033950805664062 324.12864685058594 50.03082275390625
0 0.0514 336.9635772705078 59.55921173095704 393.18939208984375 80.51727294921876
0 0.0500 174.98285293579102 120.44446945190431 235.02744674682617 139.60817337036133
0 0.0496 215.65567016601562 70.16435623168947 274.4007110595703 89.89709854125977
0 0.0483 215.5909538269043 50.192108154296875 274.4609260559082 69.86852645874023
0 0.0472 174.96030807495117 90.45286178588867 235.0486183166504 109.59936141967773
0 0.0461 266.3167953491211 89.86650466918945 323.78787994384766 110.20250320434572
0 0.0452 106.29238605499268 29.880380630493168 163.80984783172607 50.188760757446296
0 0.0418 175.05096435546875 140.41717529296878 234.96383666992188 159.63642120361328
0 0.0393 327.2452926635742 89.41513061523439 382.93025970458984 110.66387176513672
0 0.0381 106.18637084960938 169.93473052978518 163.90668869018555 190.13408660888672
0 0.0363 256.060733795166 9.983720779418945 314.02509689331055 30.08234977722168
0 0.0360 57.13430166244507 89.47294235229492 113.03220987319946 110.60518264770509
0 0.0359 205.68252563476562 30.151729583740238 264.3760299682617 49.90989685058594
0 0.0358 326.45606994628906 29.803314208984375 383.6585235595703 50.267562866210945
0 0.0351 427.71034240722656 139.1705894470215 482.50282287597656 160.91272354125977
0 0.0320 47.34764099121094 59.361662864685066 102.83627510070801 80.71821689605714
0 0.0304 236.36798858642578 109.84636306762697 293.73958587646484 130.22382736206058
0 0.0291 57.10836410522461 119.48808670043947 113.05562973022461 140.5900764465332
0 0.0288 418.52378845214844 168.69626998901367 471.761474609375 191.3914680480957
0 0.0271 116.43029689788818 9.815521240234377 173.68235111236572 30.255088806152347
0 0.0267 175.20553588867188 160.35627365112305 234.81914520263672 179.69976425170898
0 0.0265 57.09674596786499 149.49329376220703 113.0664849281311 170.5846405029297
0 0.0255 266.32190704345703 -10.134363174438477 323.7827682495117 10.203676223754883
0 0.0254 0.0 204.88586425781247 638.75 543.7500000000001
0 0.0248 367.3268127441406 149.37149047851565 422.8556823730469 170.70804595947266
0 0.0245 195.9499168395996 10.03382682800293 254.12778854370117 30.031003952026364
0 0.0237 386.9691848754883 119.55646514892577 443.18424224853516 140.5200958251953
0 0.0237 316.39586448669434 9.831066131591797 373.7143802642822 30.23906707763672
0 0.0236 47.36553192138672 29.35123443603516 102.82007217407227 50.72864532470703
0 0.0229 0.0 -94.99999999999999 510.9122848510742 186.5149688720703
0 0.0224 357.5989532470703 179.22399520874026 412.60650634765625 200.85737228393558
0 0.0216 297.0212173461914 119.52854156494142 353.13671112060547 140.54824829101565
0 0.0216 108.14184188842773 238.9268493652344 162.10851669311523 261.1593627929688
0 0.0203 126.91070556640625 189.58919525146484 183.2373046875 210.4873275756836
0 0.0198 27.624568939208984 239.2152404785156 82.58187294006348 260.86708068847656
0 0.0187 307.2095489501953 159.43605422973633 362.9625701904297 180.64302444458008
0 0.0186 446.97349548339844 109.55379486083986 503.1803894042969 130.52272796630862
0 0.0185 67.87370681762695 189.08075332641602 122.35315322875977 211.00385665893555
0 0.0182 386.7918395996094 89.6429443359375 443.34808349609375 110.43163299560547
0 0.0178 408.49422454833984 198.70979309082034 461.7893600463867 221.37718200683594
0 0.0173 236.71144485473633 139.67960357666016 293.422908782959 160.3937530517578
0 0.0172 206.27525329589844 -10.114126205444336 263.8262939453125 10.182695388793945
0 0.0168 185.79938888549805 180.10482788085938 244.26645278930664 199.95891571044922
0 0.0168 246.75540924072266 169.65881347656253 303.38218688964844 190.41507720947266
0 0.0167 276.40570640563965 -30.172452926635742 333.7049961090088 -9.757137298583984
0 0.0167 326.43287658691406 -10.185832977294922 383.6799621582031 10.25644302368164
0 0.0166 57.52113103866577 -0.7300949096679688 112.67696619033813 20.81146240234375
0 0.0166 18.393354415893555 268.7778854370117 71.87952041625977 291.30962371826166
0 0.0166 17.758731842041016 209.14146423339844 72.45906829833984 230.94184875488284
0 0.0164 168.57473373413086 248.665771484375 221.71506881713867 271.42234802246094
0 0.0161 347.73956298828125 209.15180206298828 402.4766540527344 230.93132019042972
0 0.0156 367.54749298095703 249.2541885375977 422.65316009521484 270.82714080810547
0 0.0154 297.88676261901855 189.07201766967773 352.34150886535645 211.0124778747559
0 0.0154 598.6318206787109 208.6254119873047 638.75 231.46217346191406
0 0.0152 0.0 8.503446578979494 51.48439407348633 31.58522605895996
0 0.0147 5.268497467041016 293.9148712158203 44.90458965301514 326.21955871582037
0 0.0145 119.23381805419922 268.2253646850586 171.1220932006836 291.86244964599604
0 0.0141 0.0 78.18805694580078 51.07348442077637 101.89971923828125
0 0.0140 5.428694486618042 333.5607147216797 44.75887417793274 366.54281616210943
0 0.0139 608.8976287841797 -11.970853805541992 638.75 11.999692916870117
0 0.0137 0.0 48.10466766357422 40.969276428222656 71.98272705078125
0 0.0137 477.8767395019531 159.07878875732422 532.3504638671875 181.00582122802734
0 0.0135 136.4580535888672 -10.19770622253418 193.6566925048828 10.268583297729492
0 0.0135 357.7880859375 279.12689208984375 412.4317932128906 300.9568786621094
0 0.0134 386.768798828125 39.652233123779304 443.3698272705078 60.42181015014649
0 0.0133 609.0362358093262 17.932901382446293 638.7500190734863 42.09586143493652
0 0.0133 487.0643615722656 129.50902938842773 543.0964660644531 150.56852340698242
0 0.0130 308.43018531799316 248.75232696533203 361.8467617034912 271.33487701416016
0 0.0126 608.7028312683105 178.15683364868167 638.7500190734863 201.87135696411133
0 0.0126 248.03668975830078 228.98597717285156 302.2047805786133 251.09939575195312
0 0.0126 336.44283294677734 -30.19075393676758 393.6708450317383 -9.738569259643555
0 0.0125 163.13467025756836 57.1875 206.93719863891602 83.26789855957031
0 0.0125 237.18917846679688 199.44375991821292 292.9819869995117 220.63470840454102
0 0.0123 17.53382682800293 169.26586151123047 72.6646900177002 190.8160400390625
0 0.0123 45.18099784851074 334.0876007080078 84.98592376708984 366.0621643066406
0 0.0122 512.6921272277832 -95.0 638.7499809265137 -25.150761604309075
0 0.0121 8.145651817321777 -21.075966358184814 62.10516929626465 1.162102222442626
0 0.0120 417.9174041748047 229.05147552490237 472.3143005371094 251.0327529907227
0 0.0118 608.9859199523926 527.6424407958984 638.7499809265137 543.7500000000001
0 0.0116 187.31861114501953 219.38014030456543 242.86216735839844 240.6999683380127
0 0.0116 377.97679901123047 309.0184020996094 432.2598648071289 331.0662841796875
0 0.0114 608.6392402648926 238.19873809814453 638.7499809265137 261.82933807373047
0 0.0113 169.42262649536133 278.0890274047852 220.9535789489746 301.9979476928711
0 0.0112 306.3761520385742 -50.159740447998054 363.7325668334961 -29.770355224609375
0 0.0111 228.85950088500977 258.48278045654297 281.4578056335449 281.60572052001953
0 0.0109 376.63768768310547 9.715375900268555 433.4910202026367 30.357217788696286
0 0.0108 468.1047821044922 188.94384384155273 522.1433258056641 211.14149093627933
0 0.0107 327.2731399536133 -90.60622692108154 382.9063034057617 -69.31557178497314
0 0.0106 216.61863327026367 -30.27527093887329 273.50854873657227 -9.65228796005249
0 0.0106 574.3924140930176 49.83682632446289 638.7499809265137 99.74702835083008
0 0.0106 49.34826850891113 308.14353942871094 101.01980209350586 331.9438171386719
0 0.0104 608.7432670593262 358.13121795654297 638.7500190734863 381.8972396850586
0 0.0103 417.94158935546875 269.03995513916016 472.2917175292969 291.0447311401367
0 0.0102 608.8263702392578 148.07550430297852 638.75 171.95302963256836
0 0.0100 109.04994487762451 318.3520889282227 161.2871217727661 341.735954284668
