0 0.0673 7.72028923034668 66.66482925415039 62.493767738342285 88.41852188110352
0 0.0550 17.295594215393066 36.890835762023926 72.88362979888916 58.18889141082763
0 0.0536 7.687244415283203 96.68420791625977 62.523741722106934 118.39910507202148
0 0.0329 67.51555442810059 56.77316665649414 122.68202781677246 78.30820083618164
0 0.0310 0.0 125.9496307373047 51.4070987701416 149.139404296875
0 0.0309 453.0625534057617 197.41417884826657 568.1914901733398 247.06404685974118
0 0.0294 17.3592472076416 6.856193542480469 72.82546997070312 28.223876953125
0 0.0262 248.03932189941406 56.48162841796874 302.2030258178711 78.60328674316406
0 0.0245 67.98288345336914 86.51456832885742 122.25440979003906 108.57011795043945
0 0.0241 77.34457969665527 26.86214447021484 132.83934593200684 48.21754455566406
0 0.0229 0.0 249.52486038208008 510.9126281738281 531.2499809265137
0 0.0229 0.0 -107.5 510.9122848510742 174.01496887207034
0 0.0221 206.8088722229004 37.13539123535157 263.3321952819824 57.939491271972656
0 0.0198 176.65626525878906 17.209377288818363 233.47312927246094 37.863883972167976
0 0.0195 236.63286209106445 17.219457626342773 293.4950065612793 37.85336494445801
0 0.0191 308.7998294830322 56.02169036865234 361.5116786956787 79.0667724609375
0 0.0186 137.08051681518555 37.00023651123047 193.08172225952148 58.077354431152344
0 0.0185 248.8198471069336 86.00149154663085 301.49513244628906 109.08597946166992
0 0.0181 117.4687385559082 6.795721054077148 172.72554397583008 28.284883499145504
0 0.0175 58.15071105957031 116.41559600830077 112.1017837524414 138.6697769165039
0 0.0170 206.60078048706055 -2.7663898468017583 263.52495193481445 17.83867835998535
0 0.0168 368.11859130859375 189.59823608398435 452.6026153564453 255.626220703125
0 0.0159 479.77405548095703 165.31763076782227 530.6425094604492 189.7663688659668
0 0.0155 297.8029727935791 26.617422103881836 352.4185085296631 48.46627235412597
0 0.0150 0.0 155.48427581787107 50.824294090270996 179.60227966308594
0 0.0149 609.0057182312012 515.1273345947266 638.7500190734863 531.25
0 0.0146 309.40624237060547 85.60226440429688 360.96790313720703 109.48497772216797
0 0.0143 8.11488151550293 -23.55997085571289 62.13364601135254 -1.3543510437011728
0 0.0141 574.3924140930176 357.33680725097656 638.7499809265137 407.24700927734375
0 0.0138 187.5128173828125 66.77778244018555 242.6837921142578 88.30404281616211
0 0.0133 609.6894645690918 484.92443084716797 638.7500190734863 510.098991394043
0 0.0132 67.88811683654785 -13.434953689575195 122.34169960021973 8.518533706665039
0 0.0131 249.0927505493164 115.82088470458986 301.24908447265625 139.26681518554688
0 0.0129 368.7648391723633 56.042118072509766 421.5437698364258 79.04596328735352
0 0.0127 430.09620666503906 165.04508972167966 480.3608703613281 190.0341033935547
0 0.0126 574.3924140930176 197.33680725097656 638.7499809265137 247.24700927734375
0 0.0119 428.86051177978516 55.98114013671876 481.4570999145508 79.10724639892578
0 0.0119 177.1327781677246 -23.02734375 233.0338478088379 -1.8947219848632817
0 0.0118 127.62012004852295 66.71960830688477 182.5855302810669 88.36301803588867
0 0.0117 266.9017696380615 -2.913331985473632 323.2472324371338 17.988691329956055
0 0.0112 512.6921272277832 -107.5 638.7499809265137 -37.65076160430909
0 0.0111 229.20251846313477 145.7444953918457 281.1507225036621 169.34297561645508
0 0.0110 369.2437744140625 85.71613311767578 421.11366271972656 109.37129974365234
0 0.0106 529.9382019042969 165.17581939697263 580.4998016357422 189.90520477294922
0 0.0104 236.74421310424805 -22.834348678588867 293.39216232299805 -2.091646194458007
0 0.0104 309.1934299468994 115.75016021728514 361.15904808044434 139.3372344970703
0 0.0102 429.4585418701172 85.56331634521484 480.92140197753906 109.5235824584961
0 0.0100 574.3924140930176 417.33680725097656 638.7499809265137 467.2470092773437
0 0.0100 58.228721618652344 216.3678741455078 112.03115463256836 238.71765136718747
