0 0.0541 197.6296615600586 -75.28979492187499 252.57774353027344 -53.628155708312974
0 0.0452 574.3924140930176 -14.663183212280265 638.7499809265137 35.24701881408692
0 0.0412 549.9734687805176 34.661882400512695 638.7499809265137 76.21297645568846
0 0.0313 570.736255645752 79.9906997680664 638.7499809265137 111.06785583496094
0 0.0305 574.3924140930176 -74.66318321228026 638.7499809265137 -24.75297164916991
0 0.0284 258.09635162353516 -75.55270862579343 312.1513366699219 -53.36222839355467
0 0.0267 138.27674865722656 -75.65431308746338 191.98604583740234 -53.25903129577636
0 0.0254 0.0 220.38586425781247 638.75 559.25
0 0.0246 208.3261489868164 -45.68220806121825 261.9407272338867 -23.230664253234853
0 0.0230 574.3924140930176 125.33682632446288 638.7499809265137 175.24702835083005
0 0.0229 0.0 -79.49999999999999 510.9122848510742 202.01496887207028
0 0.0188 499.1258239746094 -76.2003297805786 551.2191009521484 -52.71180105209349
0 0.0166 609.0583038330078 183.41765213012692 638.75 207.6111488342285
0 0.0161 498.7607192993164 44.03856086730957 551.5488052368164 67.04864311218262
0 0.0161 468.4397888183594 144.24711990356445 521.8379211425781 166.8401985168457
0 0.0155 518.8823318481445 123.95630645751953 571.4397048950195 147.1305923461914
0 0.0153 419.4577407836914 163.56060791015625 470.92281341552734 187.52583312988278
0 0.0149 518.955078125 83.91268539428711 571.3731384277344 107.17490005493164
0 0.0147 398.0678176879883 224.46166801452634 452.17784881591797 246.6229419708252
0 0.0145 535.3708648681641 -0.8361358642578041 574.8139953613281 31.948688507080078
0 0.0140 398.7782669067383 194.02388381958005 451.53369903564453 217.0628623962402
0 0.0140 369.14886474609375 153.78006744384766 421.1991882324219 177.3072509765625
0 0.0140 535.4646682739258 -41.03845787048339 574.7279739379883 -7.8664608001708896
0 0.0137 148.60310077667236 -45.85235309600829 201.68944835662842 -23.059536933898915
0 0.0132 219.18155670166016 -16.23637390136718 271.1685562133789 7.324502944946295
0 0.0131 407.96661376953125 254.52568817138672 462.2688293457031 276.5591506958008
0 0.0130 425.1131057739258 129.72536849975586 465.0484848022461 161.43667984008786
0 0.0128 268.54161262512207 -45.81633281707763 321.7456340789795 -23.096081733703606
0 0.0124 608.9635467529297 543.159683227539 638.75 559.25
0 0.0122 469.0395736694336 103.85794448852538 521.2967300415039 127.22990798950195
0 0.0121 28.20465087890625 -75.61639976501463 82.0527172088623 -53.2980031967163
0 0.0119 495.0310516357422 -50.118786811828606 535.1250457763672 -18.70508861541747
0 0.0117 478.9804458618164 13.893993377685552 531.3506698608398 37.19336318969727
0 0.0117 369.44557189941406 123.56724548339841 420.93414306640625 147.5189666748047
0 0.0116 408.929443359375 283.9358215332031 461.39495849609375 307.152603149414
0 0.0116 338.43841552734375 184.24183654785156 391.84051513671875 206.84460449218747
0 0.0115 348.93775939941406 303.9253692626953 401.3885498046875 327.16236877441406
0 0.0114 459.09515380859375 303.8233261108398 511.24603271484375 327.2649459838867
0 0.0113 347.9500961303711 244.53507232666018 402.28389739990234 266.54969024658203
0 0.0111 459.2177963256836 73.73970794677734 511.13574981689453 97.34852600097656
0 0.0109 534.8831939697266 150.14618682861328 575.2641296386719 181.05419921874997
0 0.0106 328.32176208496094 274.31805419921875 381.9452667236328 296.76869201660156
0 0.0106 338.07289123535156 214.46257400512692 392.1723175048828 236.62260818481445
0 0.0105 478.8290786743164 174.00183486938477 531.485481262207 197.08655166625974
0 0.0104 400.00606536865234 313.1214981079101 450.4397964477539 337.9589920043945
0 0.0103 324.79454040527344 140.30785369873047 365.34698486328125 170.9075241088867
0 0.0101 609.0528678894043 213.4206275939941 638.7500190734863 237.60805892944333
0 0.0101 174.87014770507812 -19.823159694671624 215.2756118774414 11.02634954452515
0 0.0100 229.21661376953125 23.737257003784187 281.1375427246094 47.35053825378418
