0 0.0367 7.851243019104004 124.09385681152342 62.37357139587402 145.9906768798828
0 0.0332 8.284330368041992 153.8435935974121 61.97859764099121 176.24345779418945
0 0.0327 17.47079849243164 204.29693222045898 72.7231216430664 225.78405380249023
0 0.0308 7.899293899536133 94.06389236450194 62.330322265625 116.02052688598631
0 0.0262 17.748146057128906 234.15092468261716 72.46793746948242 255.9328460693359
0 0.0254 0.0 219.8858642578125 638.75 558.75
0 0.0229 0.0 -79.99999999999999 510.9122848510742 201.51496887207028
0 0.0211 8.203229904174805 63.88948440551757 62.05288887023926 86.19684219360352
0 0.0142 8.31263542175293 33.82444381713867 61.95335388183594 56.26241683959961
0 0.0138 18.3018159866333 263.8309860229492 71.96317195892334 286.2558364868164
0 0.0126 512.6921272277832 -80.0 638.7499809265137 -10.150761604309086
0 0.0122 57.37488031387329 174.34749603271482 112.81121969223022 195.73265075683594
0 0.0113 18.19180965423584 293.89305114746094 72.06399440765381 316.1927795410156
0 0.0113 608.9896965026855 542.6395416259764 638.7500190734863 558.75
0 0.0110 28.29331398010254 323.8289260864257 81.97248458862305 346.2568283081054
0 0.0108 511.90391540527344 129.84180450439453 638.75 229.6270751953125
0 0.0103 511.90391540527344 9.841804504394531 638.75 109.6270751953125
