0 0.1744 186.59664154052734 88.23787307739259 243.52825164794922 108.83472061157228
0 0.1521 245.58135986328125 98.69712448120119 304.4696044921875 118.36352920532228
0 0.1458 157.0347785949707 68.02320098876953 213.1239128112793 89.05393218994142
0 0.1346 255.82778930664062 118.59172439575197 314.24022674560547 138.4722480773926
0 0.1160 216.35198593139648 68.3526382446289 273.75471115112305 88.71717071533205
0 0.1149 196.6009521484375 118.23783493041992 253.52378845214844 138.83514022827148
0 0.1124 127.95852184295654 97.5340805053711 182.27539539337158 119.5512924194336
0 0.1076 306.08837127685547 98.47060775756836 363.99967193603516 118.5956916809082
0 0.0940 316.8497085571289 118.11282730102539 373.2950973510742 138.96209335327148
0 0.0908 275.817232131958 78.59088516235352 334.25135612487793 98.4720573425293
0 0.0880 98.1967544555664 67.39429092407228 152.05856323242188 89.69215011596681
0 0.0671 167.33171463012695 37.868114471435554 222.8513526916504 59.21134567260743
0 0.0661 256.2544250488281 138.39818572998047 313.8449478149414 158.67059326171875
0 0.0580 108.05307388305664 37.47480010986329 162.19024658203125 59.61038208007814
0 0.0557 138.4581184387207 127.23983383178711 191.82039260864258 149.8481330871582
0 0.0527 69.13681030273438 96.7961654663086 121.2083625793457 120.29225921630858
0 0.0520 336.77967071533203 78.14603424072267 393.36002349853516 98.92797088623047
0 0.0433 236.5636444091797 48.24925994873048 293.55979919433594 68.82230377197267
0 0.0404 38.50338935852051 67.20534896850586 91.78078651428223 89.88181686401369
0 0.0390 586.7728996276855 98.14788436889648 638.7500190734863 118.92581558227538
0 0.0386 378.1372833251953 97.42477035522462 432.1137237548828 119.66071701049805
0 0.0346 597.2426605224609 67.90834045410156 638.75 89.16940307617188
0 0.0330 296.4446544647217 58.3053550720215 353.6698627471924 78.76487350463867
0 0.0325 79.44596290588379 126.5721092224121 130.9327220916748 150.51478958129883
0 0.0324 196.77249908447266 148.15333938598633 253.36570739746094 168.921199798584
0 0.0322 397.93514251708984 57.539897918701186 452.2983932495117 79.54421615600586
0 0.0312 48.24257850646973 37.364574432373054 102.01744079589844 59.72171401977539
0 0.0304 317.6863765716553 147.67564392089847 372.5265598297119 169.4062957763672
0 0.0302 607.6596069335938 127.27113342285158 638.75 149.748779296875
0 0.0295 458.3983612060547 57.27248764038087 511.8754577636719 79.81471633911133
0 0.0290 9.094057083129883 96.82509994506836 61.24683856964111 120.26332473754883
0 0.0275 597.501049041748 37.77305698394776 638.7500190734863 59.306975364685066
0 0.0268 374.7496795654297 123.38843917846678 415.3889465332031 153.83445358276367
0 0.0265 118.54862213134766 7.1740303039550914 171.74049377441406 29.91281127929689
0 0.0254 507.8564453125 77.58922195434572 562.3692321777344 99.49508285522462
0 0.0254 0.0 193.38586425781247 638.75 532.25
0 0.0240 256.3718795776367 158.34241485595703 313.7364959716797 178.72747039794922
0 0.0236 178.2278823852539 7.364440917968764 232.03277587890625 29.720474243164077
0 0.0229 0.0 -106.49999999999999 510.9122848510742 175.01496887207034
0 0.0211 9.244704246520996 126.71725845336915 61.11243724822998 150.3704414367676
0 0.0210 607.8781890869141 157.15222930908203 638.75 179.8701629638672
0 0.0209 438.20552825927734 27.3865089416504 492.0511245727539 49.69958877563477
0 0.0199 58.21188926696777 7.3801860809326305 112.04594612121582 29.705568313598643
0 0.0186 0.0 46.56911468505861 40.92907428741455 70.51778411865236
0 0.0184 0.0 16.786561965942397 51.1961555480957 40.301824569702156
0 0.0182 517.6449203491211 47.70343399047852 572.563362121582 69.378963470459
0 0.0178 138.47302913665771 157.22787475585938 191.80750370025635 179.85974884033203
0 0.0177 0.0 156.66347122192383 51.0433292388916 180.42411422729495
0 0.0176 608.2592964172363 6.929899215698258 638.7499809265137 30.09546852111818
0 0.0173 438.6785125732422 87.09748840332033 491.6217803955078 109.99044036865236
0 0.0169 79.02131795883179 156.86858749389648 131.3134789466858 180.21903610229492
0 0.0167 608.6378288269043 -33.301347732543924 638.7500190734863 -9.670728683471664
0 0.0158 377.7651596069336 27.633157730102546 432.45426177978516 49.44948768615724
0 0.0149 119.1807222366333 -23.241056442260724 171.17042064666748 0.32845115661622387
0 0.0145 237.73412704467773 17.646327972412124 292.4835777282715 39.435497283935554
0 0.0137 547.9880523681641 117.51821136474612 602.2482299804688 139.56746673583984
0 0.0135 438.2570266723633 -2.644618988037096 492.00443267822266 19.730888366699233
0 0.0135 179.25958633422852 -23.301462173461896 231.10082626342773 0.3879795074463025
0 0.0132 512.6921272277832 -106.49999999999997 638.7499809265137 -36.65076160430907
0 0.0128 187.4123191833496 177.83259963989258 242.77570724487305 199.2485771179199
0 0.0127 497.6643371582031 17.693286895751967 552.5454711914062 39.38932037353516
0 0.0126 58.376827239990234 -22.71930122375487 111.89611434936523 -0.19429588317869673
0 0.0123 567.4253463745117 237.81896209716797 622.7653121948242 259.2612991333007
0 0.0122 0.0 -13.238662719726547 51.16417407989502 10.326915740966811
0 0.0122 379.3218231201172 156.66165924072266 431.0436248779297 180.42569732666016
0 0.0119 608.9472198486328 516.1722717285156 638.75 532.25
0 0.0118 428.2637405395508 -32.64623308181761 481.99779510498047 -10.267116069793685
0 0.0116 247.68049240112305 247.68415069580075 302.53076553344727 269.39855194091797
0 0.0114 297.32189178466797 27.869945526123058 352.8611373901367 49.208923339843764
0 0.0108 608.4172058105469 266.83831787109375 638.75 290.1886901855469
0 0.0108 608.2357788085938 186.94703674316406 638.75 210.07859802246094
0 0.0107 378.3242416381836 -2.6881828308105327 431.94400787353516 19.774261474609386
0 0.0104 0.0 -43.41125154495238 40.95238208770752 -19.5016779899597
0 0.0104 188.74547958374023 237.05453491210938 241.56122207641602 260.03350830078125
0 0.0102 0.0 227.02630615234372 51.51656150817871 250.06227111816406
0 0.0100 276.7545700073242 178.16106414794922 333.38253021240234 198.9131317138672
