0 0.3057 0.0 135.90744018554688 91.72182083129883 174.11781311035156
0 0.2576 9.48124885559082 103.04622650146484 60.90126991271973 127.04051971435547
0 0.2048 8.854789733886719 73.48758697509764 61.46169662475586 96.60118103027344
0 0.1996 0.10149955749511719 173.96705627441406 90.384521484375 215.8917236328125
0 0.1568 90.50882339477539 142.13661193847653 140.00978469848633 167.9304504394531
0 0.1244 70.0728440284729 112.56063461303708 120.38219213485718 137.5183296203613
0 0.0906 8.571381568908691 43.665628433227546 61.71860218048096 66.42212867736816
0 0.0849 150.72525024414062 -29.901981353759762 371.5412902832031 69.2983055114746
0 0.0769 95.58957099914551 168.15427780151364 134.61661338806152 201.91473007202148
0 0.0665 381.7818832397461 -80.0 448.55533599853516 -25.299301147460934
0 0.0562 64.9319839477539 79.56710815429688 105.2174186706543 110.62599182128905
0 0.0560 5.606169700622559 218.10943603515625 44.60214614868164 251.95583343505857
0 0.0523 311.51515007019043 -80.0 378.80810737609863 -26.391029357910156
0 0.0392 518.5636901855469 -76.3278818130493 571.7252349853516 -53.584151268005364
0 0.0375 8.97653579711914 13.401517868041992 61.35316848754883 36.68652534484863
0 0.0374 190.92557907104492 -77.3169994354248 279.6040153503418 -32.925310134887695
0 0.0359 0.25766849517822266 252.39414215087888 50.22205829620361 277.68123626708984
0 0.0319 45.405941009521484 218.59394073486328 84.78131294250488 251.5125274658203
0 0.0302 450.62686920166016 -78.54753494262694 478.9982223510742 -31.5139102935791
0 0.0271 365.7711410522461 -22.431738376617428 404.4667434692383 12.452604770660399
0 0.0271 89.9759578704834 202.6387023925781 140.46778678894043 227.4410629272461
0 0.0270 119.9730634689331 112.65209197998045 170.46814441680908 137.42919921874997
0 0.0262 139.79977130889893 142.79485702514646 190.62026500701904 167.28857040405273
0 0.0254 0.0 219.8858642578125 638.75 558.75
0 0.0242 68.4732437133789 53.72142791748047 121.80868148803711 76.36528015136719
0 0.0241 50.03853797912598 262.5945663452148 100.4112434387207 287.4855422973633
0 0.0230 265.8696746826172 67.22038269042969 304.3873977661133 102.7726364135742
0 0.0218 305.739221572876 67.72611141204835 344.48805809020996 102.30745792388915
0 0.0215 280.664119720459 -78.29970359802246 308.9532661437988 -31.716012954711914
0 0.0213 578.1369018554688 -76.0758638381958 632.1142578125 -53.838787078857415
0 0.0204 255.5287742614746 138.30781936645505 294.67050552368164 171.7741584777832
0 0.0201 5.609030723571777 278.1093215942382 44.598917961120605 311.95590972900385
0 0.0197 295.39459228515625 128.62783432006833 334.7908020019531 161.48153305053708
0 0.0197 225.86742401123047 67.22035884857176 264.38995361328125 102.77266025543211
0 0.0194 135.27583599090576 168.8930892944336 174.8984956741333 201.2394332885742
0 0.0175 405.79689025878906 -22.545349597930905 444.4482421875 12.55711793899536
0 0.0172 0.0 -16.957528591156002 50.894083976745605 7.044484615325927
0 0.0171 480.74283599853516 -77.62887477874754 508.85921478271484 -32.23499774932861
0 0.0168 345.4446792602539 68.5154914855957 384.7452926635742 101.58418655395506
0 0.0167 45.57915687561035 288.18595886230463 84.62532043457031 321.88568115234375
0 0.0166 290.66898345947266 101.94108963012694 339.87987518310547 128.11716079711914
0 0.0165 105.11370658874512 79.22502040863039 145.0478458404541 110.93698978424071
0 0.0162 365.3688049316406 18.692054748535156 404.81353759765625 51.422882080078125
0 0.0157 519.4136047363281 -46.90198063850402 570.9610748291016 -23.01066279411316
0 0.0155 215.49667358398438 138.3867263793945 254.6990966796875 171.70196533203122
0 0.0155 299.5823669433594 162.96424865722656 350.81268310546875 187.1210479736328
0 0.0154 335.22594451904297 128.99387359619138 374.9446487426758 161.14753723144528
0 0.0148 240.77110290527344 111.8105697631836 289.79785919189453 138.24153900146484
0 0.0145 160.69528579711914 -68.04956436157227 188.91595840454102 -21.912136077880856
0 0.0141 85.09641647338867 229.25636291503906 125.06414413452148 260.90850830078125
0 0.0139 340.05565643310547 102.57610321044922 390.3970718383789 127.50320434570312
0 0.0139 99.53605651855469 263.0060577392578 150.85235595703125 287.0804595947265
0 0.0135 608.7762451171875 43.11030387878418 638.75 66.918306350708
0 0.0130 85.50483703613281 288.3778381347656 124.69074249267578 321.7100524902343
0 0.0128 5.547738075256348 328.26564788818354 44.65314865112305 361.81270599365234
0 0.0123 249.5842742919922 172.95394897460938 300.8127975463867 197.130126953125
0 0.0122 599.4296455383301 73.08701992034912 638.7499809265137 97.00037479400633
0 0.0121 574.3924140930176 184.8368263244629 638.7499809265137 234.74702835083008
0 0.0118 598.7936592102051 -46.47356867790222 638.7499809265137 -23.437873125076297
0 0.0114 575.4707145690918 524.7563171386718 638.7500190734863 558.75
0 0.0112 45.3960919380188 328.6224365234375 84.78962659835815 361.48651123046875
0 0.0107 445.7444763183594 -32.32993125915527 484.4873809814453 2.3590087890624996
0 0.0107 609.0639495849609 242.91217803955078 638.75 267.1164321899414
0 0.0104 68.665771484375 23.596324920654293 121.63530349731445 46.490249633789055
0 0.0104 555.4423904418945 58.527507781982415 594.7466659545898 91.57318115234375
0 0.0103 608.6854362487793 13.167638778686523 638.7500190734863 36.86041831970215
0 0.0102 609.0361785888672 102.9319953918457 638.75 127.09665298461914
0 0.0102 495.56102752685547 298.2352447509765 534.6410751342773 331.840591430664
0 0.0101 479.62718963623047 262.93506622314453 530.7718276977539 287.1506118774414
0 0.0100 185.6151008605957 68.07772159576416 224.59508895874023 101.9849157333374
0 0.0100 609.0365791320801 152.93277740478516 638.7499809265137 177.09602355957028
