0 0.0887 409.54505920410156 112.98955917358396 460.8464050292969 137.09558486938474
0 0.0653 419.7972869873047 142.79363632202148 470.6230926513672 167.28940963745117
0 0.0652 409.11380767822266 83.30558776855467 461.23035430908203 106.7819595336914
0 0.0446 349.07039642333984 103.34085464477539 401.26819610595703 126.74753189086913
0 0.0402 318.2585144042969 -16.144320964813232 372.00279235839844 6.230762004852294
0 0.0399 348.76739501953125 73.54068756103514 401.54136657714844 96.54743194580077
0 0.0383 598.0035591125488 -66.00127935409546 638.7499809265137 -43.91451120376586
0 0.0375 497.7356719970703 -75.84641933441162 552.4803161621094 -54.07052516937256
0 0.0374 307.8108596801758 -45.886667966842644 362.4112319946289 -24.029532670974728
0 0.0369 398.6255645751953 53.63026618957519 451.6698455810547 76.45743370056151
0 0.0369 359.4960403442383 133.03543090820312 410.88802337646484 157.05123901367188
0 0.0356 317.5589370727539 -75.75234889984131 372.64270782470703 -54.166274070739746
0 0.0332 338.75770568847656 43.54575157165527 391.5503692626953 66.5421962738037
0 0.0328 257.48870849609375 -75.71460723876952 312.70713806152344 -54.20457124710082
0 0.0327 318.63739013671875 13.623828887939455 371.658935546875 36.46404266357421
0 0.0274 608.4489250183105 -36.68137550354004 638.7500190734863 -13.291473388671873
0 0.0268 247.9499053955078 -45.96161365509033 302.28336334228516 -23.953166007995602
0 0.0261 377.54032135009766 -75.74235439300537 432.65979766845703 -54.17642354965209
0 0.0257 215.64184188842773 138.01549911499023 254.5707893371582 172.04191207885742
0 0.0254 258.6741638183594 -16.396217346191403 311.6249084472656 6.484651565551757
0 0.0254 0.0 219.8858642578125 638.75 558.75
0 0.0250 409.70775604248047 172.86699295043945 460.7016372680664 197.21723556518552
0 0.0247 437.79823303222656 -75.88342666625977 492.4236297607422 -54.03342247009277
0 0.0238 289.13883209228516 63.293681144714355 341.20677947998047 86.79459095001219
0 0.0236 210.4358673095703 112.21130371093747 260.0715637207031 137.85804748535153
0 0.0234 459.4541549682617 103.06716918945312 510.92517852783203 127.01984405517577
0 0.0229 378.3987045288086 13.771076202392578 431.8754196166992 36.31593704223633
0 0.0229 0.0 -79.99999999999999 510.9122848510742 201.51496887207028
0 0.0227 608.8351249694824 23.070297241210938 638.7500190734863 46.95833206176757
0 0.0222 299.7074508666992 112.87343978881836 350.70064544677734 137.21162796020508
0 0.0216 368.1758499145508 -36.094794273376465 422.0779037475586 -13.819079399108887
0 0.0212 608.6774444580078 -6.825730800628661 638.75 16.853959560394284
0 0.0204 269.16308403015137 33.27521324157715 321.18542671203613 56.812772750854485
0 0.0194 175.61328887939453 138.09688568115232 214.59529876708984 171.96731567382812
0 0.0193 458.8703155517578 63.47132205963135 511.448974609375 86.61656856536865
0 0.0191 199.94888305664062 82.6700973510742 250.4897689819336 107.41119384765624
0 0.0180 255.62286376953125 138.07195663452148 294.5868682861328 171.9901466369629
0 0.0180 119.21720504760742 -6.7622947692871085 171.1368179321289 16.850204467773434
0 0.0176 508.23143005371094 -46.12584948539733 562.0269012451172 -23.78749012947082
0 0.0174 470.7536315917969 132.47642517089844 498.8463592529297 177.68569946289062
0 0.0173 365.26905059814453 158.91063690185547 404.9043655395508 191.2234115600586
0 0.0172 210.4631805419922 172.17737197875977 260.0496292114258 197.89033889770508
0 0.0166 448.88484954833984 33.459043502807624 501.4365005493164 56.62850379943847
0 0.0164 608.9809417724609 52.971458435058594 638.75 77.05734252929688
0 0.0158 189.51513290405273 53.01818847656249 240.8717155456543 77.06796646118164
0 0.0157 59.25610542297363 -6.792409420013428 111.10257148742676 16.879842281341553
0 0.0155 108.91483306884766 -36.55333518981933 161.4078712463379 -13.358058929443358
0 0.0151 310.09758949279785 142.54364013671875 360.3597164154053 167.53551483154297
0 0.0148 119.50447082519531 23.030414581298825 170.88029861450195 47.05638885498046
0 0.0148 37.97412872314453 -45.98228454589844 92.2628116607666 -23.933362960815433
0 0.0147 219.40057754516602 13.104295730590819 270.97341537475586 36.98267936706543
0 0.0147 98.27169418334961 -76.15219116210938 151.9908332824707 -53.761305809020996
0 0.0146 37.77077674865723 -75.87068557739258 92.44929313659668 -54.046730995178216
0 0.0145 198.06617736816406 -76.03165626525879 252.17803955078125 -53.882927894592285
0 0.0142 160.26697158813477 112.38451004028319 210.21425247192383 137.69048690795898
0 0.0138 199.2498016357422 -16.785142421722412 251.10763549804688 6.872975826263428
0 0.0138 260.73822021484375 92.32192993164062 288.8646697998047 137.8015899658203
0 0.0137 409.9193572998047 202.69731521606442 460.51513671875 227.3847389221191
0 0.0137 448.2445526123047 -46.13523364067077 502.0153045654297 -23.778268098831177
0 0.0134 554.1492462158203 -79.16014432907103 595.9598541259766 -50.525023937225335
0 0.0126 225.30418395996094 198.8298416137695 264.87281799316406 231.29711151123047
0 0.0124 511.90391540527344 129.84180450439453 638.75 229.6270751953125
0 0.0123 180.69318771362305 171.92794799804688 208.91843795776367 218.10466766357422
0 0.0120 265.41019439697266 178.5903549194336 304.7768783569336 211.51580810546875
0 0.0118 460.0529479980469 182.57684707641602 510.3997039794922 207.5023078918457
0 0.0117 175.06977081298828 9.307289123535154 215.08895874023438 40.86214065551758
0 0.0114 418.6625289916992 -16.393625736236572 471.63646697998047 6.481344699859619
0 0.0112 9.42629337310791 13.088140487670897 60.94992160797119 36.99908256530761
0 0.0112 155.28818130493164 78.87115955352782 194.88676071166992 111.25941753387451
0 0.0111 609.014720916748 542.6198577880858 638.7500190734863 558.75
0 0.0111 395.4973602294922 228.39481353759766 434.69757080078125 261.6945266723633
0 0.0110 564.6248626708984 -39.89440441131592 605.5062103271484 -9.862236976623533
0 0.0110 0.0 -16.783676147460938 51.10404968261719 6.8720245361328125
0 0.0110 59.784278869628906 22.806339263916012 110.63413619995117 47.27714538574218
0 0.0109 188.71021270751953 -46.420563459396355 241.59263610839844 -23.49112629890442
0 0.0108 355.31822204589844 218.79971504211426 394.86000061035156 251.32456779479978
0 0.0106 359.9522018432617 192.66633987426755 410.48702239990234 217.41479873657227
0 0.0104 509.2918014526367 33.18081855773925 561.0708999633789 56.90630912780761
0 0.0100 565.1803207397461 29.092950820922848 604.9861526489258 61.057233810424805
0 0.0100 609.228687286377 82.79386520385742 638.7499809265137 107.2343635559082
