0 0.0516 59.103446960449226 588.1222534179688 98.10399627685547 621.9440460205078
0 0.0378 98.89491653442383 608.5948944091797 138.29368209838867 638.75
0 0.0320 42.96067810058595 622.5433540344238 94.52550506591798 638.7499809265137
0 0.0282 53.82787322998047 562.32421875 103.66242980957031 587.7490234375
0 0.0254 -106.49999999999997 299.8858642578125 532.25 638.75
0 0.0251 -61.093660831451395 598.6029052734375 -21.72002935409544 631.5042877197266
0 0.0247 138.85017013549805 608.6993217468262 178.33388900756836 638.7500190734863
0 0.0243 18.953839302063 588.4964370727539 58.23678112030029 621.6016006469727
0 0.0233 103.6963996887207 582.451171875 153.77482986450195 607.6255798339844
0 0.0229 -106.49999999999997 0.0 404.4122848510742 281.5149688720703
0 0.0211 -21.02852249145506 598.4529876708984 18.22110748291017 631.6413116455078
0 0.0196 -76.97490835189818 573.0080795288086 -25.636602878570546 597.0776748657227
0 0.0194 163.2246265411377 2.857487201690674 214.18598747253418 27.227089405059814
0 0.0183 -101.06846356391905 598.5469436645508 -61.74297595024107 631.5554428100586
0 0.0163 406.19212722778315 0.0 532.2499809265136 69.84923839569092
0 0.0149 178.83252716064453 608.7408638000488 218.34970092773438 638.7499809265137
0 0.0143 -105.75319433212277 552.4182891845703 -77.6454391479492 597.7304840087891
0 0.0143 168.98593521118164 38.421268463134766 208.2078514099121 71.67033195495605
0 0.0134 58.9998016357422 528.3859252929688 98.19562530517578 561.7026519775391
0 0.0132 3.7272796630859553 562.4159622192383 53.749519348144545 587.6591873168945
0 0.0129 129.0024528503418 58.380374908447266 168.1932029724121 91.70774459838867
0 0.0126 118.89159774780273 8.643903732299805 158.29257583618167 41.46683692932129
0 0.0123 213.04339027404785 13.000097274780273 264.34593772888184 37.0863151550293
0 0.0121 168.92377471923828 78.56198310852051 208.2643280029297 111.54170036315918
0 0.0121 108.85799026489258 548.7094116210938 148.32404708862302 581.4070129394531
0 0.0113 405.4039154052735 89.84180450439453 532.25 189.6270751953125
0 0.0112 502.52879714965815 622.6090812683105 532.2499809265137 638.7500190734863
0 0.0104 223.1841812133789 612.8717041015625 274.2253646850586 637.2108459472656
0 0.0101 208.9404067993164 38.52813243865967 248.2488784790039 71.57263278961182
