0 0.0775 88.86563110351562 167.24767684936523 127.38945770263672 202.74747848510742
0 0.0599 128.58835983276367 188.16251754760742 167.6171760559082 221.90717697143555
0 0.0587 88.8983039855957 207.08126068115234 127.36769485473634 242.90084838867188
0 0.0576 53.55545806884767 161.02380752563477 82.08451080322266 208.84489059448242
0 0.0531 88.75496673583984 127.67629623413086 127.47494506835938 162.35319137573242
0 0.0489 128.41704177856442 148.58400344848633 167.7697639465332 181.52154922485352
0 0.0409 23.565090179443366 151.07299327850342 52.07283782958985 198.8020372390747
0 0.0355 53.61398983001708 111.35354042053223 82.01365756988525 158.56471061706543
0 0.0345 53.57449340820313 211.12747192382812 82.06147003173828 258.75598907470703
0 0.0341 128.76475143432617 227.64410018920898 167.46687698364258 262.3827934265137
0 0.0285 168.48444747924805 188.42357635498047 207.70933914184567 221.66824340820312
0 0.0259 -6.415941238403311 141.18022918701172 22.049863815307624 188.71089935302734
0 0.0254 -96.99999999999999 299.8858642578125 541.7499999999999 638.75
0 0.0240 23.585975646972663 201.18896484375 52.04752731323242 248.7030792236328
0 0.0237 23.611305236816417 101.33661270141602 52.016876220703125 148.5787010192871
0 0.0234 88.84459304809572 247.33844757080078 127.40492630004884 282.66387939453125
0 0.0229 -97.00000000000001 0.0 413.91228485107416 281.5149688720703
0 0.0220 132.90474700927734 122.70946502685547 183.52791595458987 147.3727798461914
0 0.0202 83.63678741455078 101.99252128601074 132.90371704101562 128.06899070739746
0 0.0186 168.02843856811523 149.39226627349854 208.1268196105957 180.78485012054443
0 0.0174 173.67132949829104 221.75254821777344 201.94460678100586 268.2421875
0 0.0173 -6.397935867309564 191.28719329833984 22.028100967407234 238.62117767333984
0 0.0146 -6.370927810668936 91.45484924316406 21.995466232299812 138.48207473754883
0 0.0142 133.6385040283203 261.5171432495117 161.98406982421875 308.4311294555664
0 0.0135 -96.99999999999999 612.9207611083984 -46.22101974487304 637.1625518798828
0 0.0133 2.356479644775399 613.1278991699219 54.01449966430665 636.9580841064453
0 0.0131 62.543757438659675 612.9837417602539 113.84892749786378 637.1004867553711
0 0.0124 -96.2992615699768 112.00371742248535 -68.09052658081053 158.04749488830566
0 0.0120 -36.30254936218261 141.99474334716797 -8.086483001708979 188.05694580078125
0 0.0119 211.5715103149414 153.66404056549072 264.71878814697266 176.42350673675537
0 0.0112 38.69910049438477 257.840576171875 77.52266693115236 292.20237731933594
0 0.0111 88.50840377807617 68.36798667907715 127.68767166137697 101.71906471252441
0 0.0109 122.56430435180664 612.9683303833008 173.83066940307614 637.1157455444336
0 0.0108 -96.99999999999999 582.9006958007812 -56.26141262054443 607.1839904785156
0 0.0107 208.51109313964847 198.3612823486328 247.68528747558594 231.7251968383789
0 0.0106 -96.29247856140135 62.06005096435547 -68.09864234924315 108.00371170043945
0 0.0105 -47.376710891723626 602.9373931884766 3.775432586669927 627.1482086181641
0 0.0104 53.68672180175782 61.871700286865234 81.92616271972656 108.14813613891602
0 0.0103 138.30790328979492 88.82699966430664 177.8689079284668 121.2997055053711
