0 0.0661 595.5373954772949 65.19964218139648 638.7500190734863 84.85780715942383
0 0.0624 595.3827095031738 45.264015197753906 638.7499809265137 64.791259765625
0 0.0589 595.3906059265137 25.2609920501709 638.7500190734863 44.79443550109863
0 0.0585 595.4932403564453 5.217418670654295 638.75 24.839305877685543
0 0.0540 344.10682678222656 175.78546524047852 405.84571838378906 194.2553901672363
0 0.0522 375.06568908691406 305.41007995605463 434.9504089355469 324.6435546875
0 0.0520 595.7579803466797 -14.89703893661499 638.75 4.957005977630615
0 0.0515 353.76991271972656 195.91014862060547 416.1610412597656 214.1261291503906
0 0.0510 334.85363006591797 155.49699783325195 395.14781951904297 174.55400466918942
0 0.0494 365.02315521240234 325.4266357421875 424.99027252197266 344.6263122558594
0 0.0481 374.7418975830078 285.54080963134766 435.2522277832031 304.5086288452148
0 0.0473 373.91204833984375 215.85910797119138 436.0276794433594 234.17930603027344
0 0.0468 596.0111236572266 84.99588012695311 638.75 105.06797790527344
0 0.0457 394.12071228027344 235.78301429748535 455.8319854736328 254.25848960876468
0 0.0454 384.61475372314453 265.5934143066406 445.3702926635742 284.45472717285156
0 0.0453 284.89234924316406 175.4786491394043 345.11241912841797 194.57239151000974
0 0.0443 275.6505584716797 155.16292572021484 334.4063949584961 174.8978805541992
0 0.0412 534.2702865600586 65.72844982147215 595.6915664672852 84.31545734405516
0 0.0412 365.3688430786133 345.28446197509766 424.66800689697266 364.77306365966797
0 0.0410 325.6706237792969 135.1577377319336 384.38682556152344 154.90390777587888
0 0.0408 413.75892639160156 185.9145927429199 476.1711883544922 204.12160873413086
0 0.0406 596.1642265319824 -35.07779598236084 638.7500190734863 -14.85724925994873
0 0.0390 403.8704299926758 165.87381362915036 466.06678009033203 184.16391372680664
0 0.0384 284.34386253356934 195.69583892822266 345.6240177154541 214.34825897216797
0 0.0381 333.7779998779297 245.90820312499997 396.15318298339844 264.1283416748047
0 0.0374 266.187105178833 134.92509841918942 323.9082622528076 155.14226913452148
0 0.0361 314.12132263183594 265.7836151123047 375.8312225341797 284.25804138183594
0 0.0356 314.02894020080566 225.81718444824216 375.9178829193115 244.22306060791013
0 0.0338 394.30896759033203 145.70953369140625 455.6565475463867 164.33414459228516
0 0.0335 533.8637542724609 45.87760925292968 596.0726928710938 64.16027069091797
0 0.0328 535.1858520507812 85.36762237548828 594.8366546630859 104.68868255615234
0 0.0326 324.97554779052734 -4.551420211791993 385.0339126586914 14.604158401489258
0 0.0322 314.3363571166992 285.70316314697266 375.62984466552734 304.3416213989258
0 0.0315 434.03419494628906 205.81245422363278 495.9136962890625 224.22737121582028
0 0.0315 335.0290298461914 15.428466796875 394.9837112426758 34.62522506713867
0 0.0294 276.637487411499 114.71572875976562 333.49114418029785 135.35690307617188
0 0.0288 314.61666107177734 305.59547424316406 375.3677749633789 324.45320129394526
0 0.0285 426.4583206176758 324.8027801513672 483.6562728881836 345.2681732177734
0 0.0284 355.74817657470703 365.12569427490234 414.3143844604492 384.9371719360351
0 0.0282 335.91320037841797 115.0515365600586 394.1615676879883 135.0130844116211
0 0.0279 435.7335662841797 295.1313781738281 494.3281555175781 314.9311828613281
0 0.0276 596.923828125 -65.4380464553833 638.75 -44.488492012023926
0 0.0272 586.1436462402344 104.94441986083984 638.75 125.12233734130861
0 0.0259 533.85498046875 25.88017463684082 596.0810089111328 44.15745735168457
0 0.0256 474.4118118286133 75.67241191864014 535.5598068237305 94.37305927276611
0 0.0255 394.7565460205078 125.53550720214841 455.23841857910156 144.51419830322266
0 0.0254 0.0 219.8858642578125 638.75 558.75
0 0.0254 225.44090270996094 175.2569580078125 284.60025787353516 194.80194091796875
0 0.0253 345.3647994995117 35.291404724121094 404.67044830322266 54.766921997070305
0 0.0252 254.88712310791016 215.48807144165036 315.1154327392578 234.56415176391602
0 0.0251 444.92156982421875 255.4694747924805 505.08453369140625 274.58240509033203
0 0.0250 325.10169982910156 -24.60316181182861 384.9164581298828 -5.342516899108887
0 0.0249 215.81687927246094 155.09412765502927 274.2509460449219 174.96931076049802
0 0.0247 27.245492935180664 14.416446685791017 82.92978286743164 35.66278457641601
0 0.0239 305.16170501708984 325.3755569458008 364.85965728759766 344.68013763427734
0 0.0239 533.8771057128906 5.871601104736327 596.0604858398438 24.166259765625
0 0.0235 445.3671646118164 275.2867126464843 504.66922760009766 294.7710418701172
0 0.0235 264.97802734375 245.44948577880862 325.0311279296875 264.6036148071289
0 0.0231 305.55134773254395 345.2115249633789 364.4970989227295 364.8490524291992
0 0.0229 0.0 -79.99999999999999 510.9122848510742 201.51496887207028
0 0.0228 474.2132568359375 55.74781417846679 535.7455444335938 74.29491043090819
0 0.0222 206.3198471069336 134.86705780029297 263.78456115722656 155.2022933959961
0 0.0221 216.49913787841797 114.78288650512695 273.6186981201172 135.28844833374023
0 0.0221 474.77622985839844 95.528564453125 535.2198791503906 114.52156066894531
0 0.0220 533.9665222167969 -14.162807464599608 595.9770965576172 4.201650619506835
0 0.0218 454.72740173339844 225.54633140563962 515.2658081054688 244.5028781890869
0 0.0216 275.496129989624 15.234746932983398 334.5485782623291 34.825048446655266
0 0.0216 255.24080276489258 265.3432083129882 314.7859001159668 284.7135543823242
0 0.0206 394.98558044433594 105.44528961181639 455.0244140625 124.60769653320311
0 0.0205 255.65301895141602 285.170669555664 314.401912689209 304.8915863037109
0 0.0204 336.1087417602539 94.9656295776367 393.9796829223633 115.1015853881836
0 0.0204 246.61163330078125 94.72930908203125 303.51470947265625 115.34324645996094
0 0.0202 296.05724334716797 364.9893569946289 354.0273666381836 385.07732391357416
0 0.0198 265.4920482635498 -4.765255451202392 324.55281257629395 14.824707508087156
0 0.0196 87.28168487548828 14.39756393432617 142.89653778076172 35.68197250366211
0 0.0196 285.95863342285156 35.03419876098633 344.11865234375 55.031414031982415
0 0.0194 225.42457580566406 195.2658653259277 284.6149444580078 214.79314804077146
0 0.0191 27.33253240585327 -15.629742145538328 82.85000085830688 5.709602832794189
0 0.0191 365.4106903076172 55.27172088623047 424.6278381347656 74.7871208190918
0 0.0188 404.76757049560547 75.53287506103514 465.22769927978516 94.51725006103514
0 0.0187 385.18898010253906 -4.639885425567627 444.8353576660156 14.695198535919188
0 0.0175 464.8461151123047 115.50012588500975 525.1548004150391 134.55080032348633
0 0.0175 394.9822235107422 15.4449462890625 455.0279235839844 34.60771560668945
0 0.0172 474.4544982910156 35.6539249420166 535.5204772949219 54.39177513122558
0 0.0170 416.9419479370117 364.56844329833984 473.20972442626953 385.50762176513666
0 0.0170 345.89195251464844 75.06314754486084 404.18067932128906 95.00154972076416
0 0.0165 265.7442092895508 -24.873871803283688 324.3183898925781 -5.063538551330566
0 0.0164 186.96781158447266 94.5574951171875 243.1854248046875 115.51910400390624
0 0.0164 586.6037750244141 124.72612380981445 638.75 145.34524917602536
0 0.0162 534.2823791503906 -34.282770156860344 595.6819915771484 -15.674324035644533
0 0.0162 256.0354804992676 305.00244140625 314.04672622680664 325.0645446777343
0 0.0160 325.2726745605469 -44.67362880706787 384.7571563720703 -25.26981830596924
0 0.0158 276.48024559020996 74.79358196258545 333.63579750061035 95.27782917022704
0 0.0158 404.8008346557617 35.518198013305664 465.19702911376953 54.53213691711425
0 0.0152 156.8643569946289 34.61045265197754 213.28044891357422 55.46536445617676
0 0.0152 27.32966423034668 -45.62791943550109 82.85255432128906 -24.29220080375671
0 0.0151 474.5349884033203 175.62328338623047 535.4450988769531 194.42359924316406
0 0.0150 286.2947177886963 54.87980842590333 343.80751609802246 75.1894474029541
0 0.0146 226.29947662353516 34.87913131713867 283.80279541015625 55.19042968749999
0 0.0143 385.40252685546875 -24.72858905792236 444.6363830566406 -5.213294029235839
0 0.0142 216.66366577148438 74.7053575515747 273.46641540527344 95.36792278289795
0 0.0140 186.57608032226562 54.74801063537597 243.54717254638672 75.32443046569824
0 0.0138 87.47217178344727 -15.703001022338865 142.72167205810547 5.784111022949219
0 0.0138 454.62512969970703 135.587043762207 515.361213684082 154.4608688354492
0 0.0135 27.698171138763428 44.17579650878906 82.51428842544556 65.90723037719727
0 0.0134 474.83768463134766 15.504636764526369 535.1623916625977 34.54638481140136
0 0.0133 464.30091857910156 155.7126808166504 525.6640625 174.3309211730957
0 0.0131 27.571258544921875 -75.76045513153075 82.63177871704102 -54.158291816711426
0 0.0130 216.1437225341797 14.94880676269531 273.94752502441406 35.11867523193359
0 0.0127 147.06905364990234 4.504766464233398 203.0925750732422 25.57251930236816
0 0.0127 366.8756103515625 384.60411071777344 423.270263671875 405.4717254638672
0 0.0126 205.6661033630371 245.1605987548828 264.3908500671387 264.90112304687494
0 0.0125 147.49994277954102 114.28388595581052 202.6957893371582 135.79771041870114
0 0.0123 97.69587516784668 44.17973518371582 152.51578330993652 65.90367317199707
0 0.0123 495.39928436279297 195.2722930908203 554.6395492553711 214.78569030761716
0 0.0123 265.991735458374 -44.98241424560546 324.0884494781494 -24.951868057250973
0 0.0122 597.9534721374512 194.02978897094727 638.7500190734863 216.0544776916504
0 0.0118 534.7903442382812 -54.48134303092956 595.2078247070312 -35.46908497810364
0 0.0115 336.0674285888672 -75.02588748931885 394.0205383300781 -54.90901470184326
0 0.0115 526.3753509521484 114.84258651733397 583.7328338623047 135.22760391235352
0 0.0114 474.95452880859375 -4.540491104125977 535.0529479980469 14.593362808227539
0 0.0111 457.2344207763672 344.4203186035156 512.9403686523438 365.6584930419922
0 0.0110 195.87081909179688 265.07354736328125 254.20005798339844 284.99107360839844
0 0.0109 609.00634765625 542.6263618469237 638.75 558.7499809265137
0 0.0108 286.87828063964844 384.60380554199213 343.2675552368164 405.47218322753906
0 0.0108 156.95074081420898 154.5647430419922 213.20146560668945 175.511474609375
0 0.0107 147.28176593780518 74.39849853515625 202.8962278366089 95.68119049072266
0 0.0107 576.1698150634766 144.93095397949216 633.9247894287109 165.13587951660156
0 0.0107 535.811767578125 -74.9150514602661 594.2584991455078 -55.02340793609619
0 0.0107 196.19247436523438 284.93022918701166 253.9014434814453 305.1384353637695
0 0.0107 206.4855194091797 -5.2113938331604 263.63147735595703 15.282461643218994
0 0.0102 246.6122055053711 324.73384857177734 303.5130310058594 345.33946990966797
0 0.0101 87.4828052520752 -45.707597732543945 142.71166801452637 -24.211044311523434
0 0.0100 166.78752899169922 184.6470069885254 223.35159301757812 205.42783737182617
0 0.0100 385.54256439208984 -44.787745475769036 444.5060348510742 -25.15231609344482
0 0.0100 608.3303833007812 223.3894348144531 638.75 246.63673400878903
