0 0.4693 34.220173954963684 32.6109305024147 124.95867908000945 100.47531872987747
0 0.4514 29.884636402130127 162.9035919904709 188.09732794761658 244.0386563539505
0 0.3738 111.47475242614746 386.8962526321411 165.4282808303833 492.1365976333618
0 0.3532 262.576699256897 185.76925992965698 358.3990931510925 255.58164715766907
0 0.2979 94.19687092304228 266.31808280944824 144.64764297008514 333.3240747451782
0 0.2828 267.7752375602722 141.1016434431076 368.142306804657 181.59721791744232
0 0.2727 171.06150835752487 186.57809495925903 207.1249559521675 252.61524319648743
0 0.2723 224.92903470993042 185.9404295682907 258.2487463951111 249.14638698101044
0 0.2703 251.215785741806 382.49439001083374 297.77470231056213 460.1132273674011
0 0.2499 196.0635781288147 24.94633197784424 399.19477701187134 131.41317665576935
0 0.2336 198.61546158790588 260.2016031742096 292.79330372810364 332.4505388736725
0 0.1750 110.44010519981383 132.00442492961884 279.96036410331726 185.20714342594147
0 0.1611 -62.50000000000001 36.832183599472046 296.2803840637207 400.5074203014374
0 0.1600 155.62372654676437 266.2874460220337 190.7273605465889 335.8730673789978
0 0.1540 -32.61536359786987 100.40359199047089 125.59732794761658 181.5386563539505
0 0.1316 -4.369257017970084 0.0 14.961464330554007 33.50488096475601
0 0.1254 122.61497974395752 196.53993099927902 148.99718761444092 251.77765637636185
0 0.1105 121.6578185558319 4.4343918561935425 146.94595336914062 33.510394394397736
