0 0.5544 373.4202575683594 73.80848693847656 442.03529357910156 103.77445983886719
0 0.5471 588.885498046875 159.2956428527832 638.75 206.68310928344724
0 0.5262 8.667187690734863 194.1382293701172 72.09668636322021 229.63146972656247
0 0.5233 240.13225555419922 108.20263671874999 352.80189514160156 144.21971130371094
0 0.4734 358.1211471557617 38.37683486938477 425.31803131103516 71.61680984497072
0 0.4579 182.48968124389648 186.53082656860352 255.40773391723633 211.2218360900879
0 0.4550 268.9894199371338 39.27004623413086 347.0506191253662 72.74233627319336
0 0.4270 128.70662212371826 76.9577865600586 232.0018434524536 113.04135131835936
0 0.4125 254.22447204589844 73.19941329956055 375.54813385009766 108.68899154663086
0 0.3809 4.025516510009766 124.86666488647462 107.23275184631348 151.56611251831055
0 0.3710 1.6970252990722656 39.09771728515626 116.50945663452148 70.99716949462892
0 0.3644 480.9687042236328 36.79789352416993 551.1930084228516 54.28894805908203
0 0.3588 137.4727439880371 40.267708778381355 250.96364974975586 76.29789638519287
0 0.3462 179.10770416259766 6.809938430786141 243.56781005859375 29.641035079956062
0 0.3302 57.5026273727417 5.409543991088873 179.06994342803955 34.706705093383796
0 0.3170 548.6912536621094 118.37580490112305 602.7313995361328 138.34780502319336
0 0.3116 315.0730228424072 2.5234012603759837 411.78282737731934 28.21843910217286
0 0.2759 476.6838073730469 58.31131744384767 539.52392578125 78.01777648925781
0 0.2695 231.23878479003906 5.762470245361334 309.39029693603516 28.274868011474613
0 0.2498 529.9798583984375 57.40706253051758 572.9652404785156 78.48955917358398
0 0.2393 80.85254669189453 84.78781509399414 121.27220153808594 109.9478416442871
0 0.2230 477.5292205810547 175.92940139770508 507.6390075683594 211.78522872924805
0 0.2116 456.4927673339844 114.2187385559082 492.7490234375 143.03019332885742
0 0.1755 261.7503356933594 183.8954620361328 432.4138641357422 223.08747100830078
0 0.1749 474.40868377685547 -2.175695419311517 535.5949020385742 18.345296859741218
0 0.1703 516.2499237060547 180.2774887084961 553.0855560302734 213.55896759033203
0 0.1605 181.93572998046875 219.88800811767578 252.69027709960938 237.31247711181643
0 0.1518 596.2950134277344 117.17806625366211 638.75 140.0754432678223
0 0.1375 8.036584854125977 68.21085739135742 98.67059707641602 117.91704940795898
0 0.1228 612.3531723022461 -6.165077209472651 637.6092147827148 38.74504852294922
0 0.1050 603.4576416015625 81.17264556884766 638.75 112.3362808227539
