0 0.0981 19.72063064575195 592.8534698486328 70.6909942626953 617.2301483154297
0 0.0971 78.90815258026122 553.4503555297852 131.41403675079346 576.6381454467773
0 0.0866 129.57689285278317 572.970085144043 180.81716537475586 597.1154403686523
0 0.0853 75.57907104492188 598.1787109375 114.62612152099608 631.8923950195312
0 0.0823 179.99298095703122 572.6356506347656 230.45059204101562 597.4453735351562
0 0.0808 230.13897895812988 592.5020599365234 280.3247356414795 617.57568359375
0 0.0723 175.5361557006836 598.2942581176758 214.66346740722653 631.7865371704102
0 0.0703 225.09716033935544 618.7548065185547 265.11402130126953 638.75
0 0.0669 115.57586669921874 598.1941604614258 154.62825775146484 631.8781661987305
0 0.0664 38.36669921875001 523.7898635864258 91.90465927124023 546.2969589233398
0 0.0655 229.52072143554685 563.0150604248047 280.86647033691406 587.0712280273438
0 0.0616 139.39718246459958 543.09814453125 190.97822189331052 566.9876861572266
0 0.0580 -31.05173349380493 583.4198760986328 21.378729343414307 606.6680908203125
0 0.0547 279.84615325927734 592.7585983276367 330.57918548583984 617.3244857788086
0 0.0544 265.0839614868164 618.7843322753906 305.1259231567383 638.75
0 0.0516 19.6776008605957 562.8940582275391 70.7276153564453 587.1909332275391
0 0.0514 188.85154724121094 515.7751083374023 281.62380218505854 554.2382431030273
0 0.0489 198.23227882385254 493.8716125488281 252.02658653259275 516.2147521972656
0 0.0470 109.22176361083983 513.2252502441406 161.13468170166016 536.8613433837891
0 0.0454 -80.0 592.7894973754883 -29.392671585083008 617.2945022583008
0 0.0425 -80.0 563.0216217041016 -29.128251075744625 587.0649719238281
0 0.0384 289.0421676635742 563.3587646484375 341.29383087158203 586.7294311523438
0 0.0366 -30.863931179046627 553.2811737060547 21.212308406829838 576.8051147460938
0 0.0361 8.555870056152342 493.6716079711914 61.733474731445305 516.4155960083008
0 0.0358 34.993104934692376 618.9718437194824 75.2095890045166 638.7500190734863
0 0.0351 -30.54656982421875 613.0561447143555 20.928249359130856 637.0293045043945
0 0.0348 -5.081701278686524 519.5966720581055 35.22974967956543 550.5990982055664
0 0.0313 257.8606033325195 494.0855026245117 312.36568450927734 515.998649597168
0 0.0285 -80.0 532.8754425048828 -29.291658401489254 557.2091674804688
0 0.0280 305.0111770629882 618.9384269714355 345.1926040649414 638.7500190734863
0 0.0277 139.55018997192383 482.9902648925781 190.8408546447754 507.0954895019531
0 0.0254 -79.99999999999999 0.0 558.75 339.48570251464844
0 0.0251 280.1691436767578 530.0439834594727 350.25360107421875 560.0490951538086
0 0.0242 339.3439483642578 593.1446075439453 391.0240936279297 616.9425201416016
0 0.0226 -75.00205516815184 618.9647102355957 -34.795145988464355 638.7499809265137
0 0.0218 208.40847015380857 463.76399993896484 261.8668365478515 486.3228988647461
0 0.0205 -79.99999999999999 498.7796401977539 -45.148229598999016 531.3429641723633
0 0.0189 170.06162643432617 202.56830215454102 220.39236068725586 227.51054763793945
0 0.0184 207.8758144378662 434.07615661621094 262.3519992828369 456.00799560546875
0 0.0181 219.9573230743408 182.65979766845703 270.48304557800293 207.42095947265625
0 0.0178 125.49077987670897 218.40642929077148 164.70384597778317 251.68390274047852
0 0.0176 -79.99999999999999 458.7331008911133 -45.16769886016845 491.38538360595703
0 0.0175 85.29520034790038 238.84979248046875 124.88096237182617 271.27891540527344
0 0.0173 -1.0518360137939464 463.42010498046875 51.378793716430664 486.66786193847656
0 0.0167 165.23996353149414 228.9659309387207 204.93165969848633 261.17300033569336
0 0.0166 349.1104888916015 622.8351020812988 401.33201599121094 638.7499809265137
0 0.0166 -35.31150817871093 489.98924255371094 5.447082519531251 520.2431488037109
0 0.0162 69.41198348999023 283.08874130249023 120.96475601196288 306.99716567993164
0 0.0162 219.5795440673828 212.9665184020996 270.81512451171875 237.11881637573242
0 0.0161 149.24411773681638 263.2115173339844 201.11427307128906 286.87530517578125
0 0.0160 69.84254837036133 212.7560806274414 120.58347702026367 237.3263168334961
0 0.0155 149.28375244140625 453.1923294067383 201.07692718505857 476.89563751220703
0 0.0154 432.88740158081055 569.6266937255859 558.7500190734863 638.75
0 0.0154 89.86358642578125 482.73712158203125 140.5653381347656 507.3448181152344
0 0.0154 120.54117202758788 192.09590911865234 169.98384475708005 217.96916961669922
0 0.0153 175.58774948120114 168.15950393676758 214.61816787719724 201.90996170043945
0 0.0149 208.61793518066406 263.6334419250488 261.6770935058593 286.4539909362793
0 0.0147 138.84593963623047 303.4875774383545 191.470947265625 326.6003894805908
0 0.0146 -80.0 418.7759017944336 -45.15048742294311 451.34632110595703
0 0.0141 79.09121036529541 313.3192443847656 131.25104427337646 336.7681121826172
0 0.0141 269.6778106689453 192.89066314697266 320.7280731201172 217.1938705444336
0 0.0139 225.45639038085935 148.49103927612305 264.7344207763672 181.60654067993164
0 0.0132 400.75874328613276 602.5572204589844 428.84048461914057 638.75
0 0.0131 45.15941619873046 239.12799835205078 85.00616073608397 271.02535247802734
0 0.0131 198.72857093811035 303.5670852661133 251.57614707946775 326.5211868286133
0 0.0130 349.56626892089844 562.9660034179688 400.8290863037109 587.1179962158203
0 0.0130 318.4510040283203 503.7369155883789 371.8284606933594 526.349983215332
0 0.0128 269.9359893798828 162.67812728881836 320.50163269042963 187.40297317504883
0 0.0128 258.5740661621094 243.6547088623047 311.7182159423828 266.4317321777344
0 0.0125 -80.0 392.68138885498047 -39.49761867523194 417.40001678466797
0 0.0123 148.85459899902344 333.4817123413086 201.4631652832031 356.6061782836914
0 0.0121 78.30943584442139 343.81458282470703 131.95885181427 366.2705612182617
0 0.0119 268.0361557006836 463.9848327636719 322.2056198120117 486.1003112792969
0 0.0118 75.35101413726805 178.72350692749023 114.83052730560301 211.3941764831543
0 0.0113 99.51957702636717 443.01883697509766 150.86692810058594 467.06783294677734
0 0.0113 8.955192565917965 283.4159851074219 61.37233734130859 306.6720962524414
0 0.0112 257.7002716064453 284.1748046875 312.5123596191406 305.90824127197266
0 0.0112 135.71292877197266 157.8071165084839 174.51019287109375 192.2330904006958
0 0.0111 158.09112548828125 413.9535903930664 212.15534210205078 436.1319351196289
0 0.0110 8.776750564575194 433.5353469848633 61.532793045043945 456.5529251098633
0 0.0109 209.00638580322263 333.3836364746094 261.3258361816406 356.7047119140625
0 0.0106 -80.0 362.6995849609375 -39.47856903076172 387.3821258544922
0 0.0105 -45.304946899414055 459.9793243408203 -4.559240341186523 490.2521514892578
0 0.0104 277.3884963989258 314.34337615966797 332.7980422973633 335.73734283447266
0 0.0102 18.680000305175778 313.5961151123047 71.62050247192383 336.4917755126953
