0 0.0254 0.0 219.8858642578125 638.75 558.75
0 0.0236 325.28560638427734 205.32163619995117 384.74491119384766 224.73520278930664
0 0.0232 325.59608459472656 185.18970489501953 384.4561767578125 204.8709487915039
0 0.0229 0.0 -79.99999999999999 510.9122848510742 201.51496887207028
0 0.0204 567.817268371582 324.10831451416016 622.4056625366211 345.97530364990234
0 0.0202 335.18383026123047 225.36540031433105 394.83936309814453 244.6903705596924
0 0.0180 326.0394287109375 164.99467849731445 384.04449462890625 185.0713539123535
0 0.0177 357.2518539428711 344.4157791137695 412.9233169555664 365.6638717651367
0 0.0170 114.47104930877686 265.65086364746094 175.50411701202393 284.3955993652344
0 0.0168 94.49576377868652 245.63938140869138 155.48151969909668 264.4070816040039
0 0.0158 385.45692443847656 205.24681091308594 444.586181640625 224.8117446899414
0 0.0155 385.6275939941406 185.17414093017578 444.4274139404297 204.88658905029297
0 0.0150 326.46881103515625 324.8011779785156 383.6457824707031 345.27046203613276
0 0.0150 512.6921272277832 -80.0 638.7499809265137 -10.150761604309086
0 0.0149 266.6268539428711 184.72078323364258 323.50093841552734 205.35173416137695
0 0.0147 355.2650833129883 245.33092498779294 414.76383209228516 264.7257614135742
0 0.0143 55.57365417480469 265.20446777343744 114.47576522827148 284.85679626464844
0 0.0138 527.2213745117188 304.4235229492187 582.9531860351562 325.65467834472656
0 0.0137 395.5013656616211 225.2285861968994 454.54471588134766 244.83061790466311
0 0.0136 385.75923919677734 165.11703491210935 444.3050765991211 184.9453353881836
0 0.0135 365.872802734375 305.07164001464844 424.1984558105469 324.9928283691406
0 0.0134 256.2639045715332 204.89191055297852 313.836612701416 225.17663955688474
0 0.0132 275.86668968200684 225.07301330566406 334.2044925689697 244.99118804931638
0 0.0132 396.64581298828125 324.7149276733398 453.482666015625 345.35831451416016
0 0.0131 154.34206008911133 245.69583892822266 215.62585830688477 264.34810638427734
0 0.0130 84.8926830291748 225.4816150665283 145.1113224029541 244.5699596405029
0 0.0130 35.691280364990234 245.15140533447263 94.36701774597168 264.9109268188476
0 0.0130 598.01513671875 293.9949035644531 638.75 316.08978271484375
0 0.0126 115.34345626831055 285.3028488159179 174.68971252441406 304.7555923461914
0 0.0118 297.1940612792969 344.44267272949213 352.9771423339844 365.6360626220703
0 0.0116 365.2687072753906 265.32806396484375 424.7608184814453 284.72846984863276
0 0.0115 365.3805923461914 285.2825164794922 424.65633392333984 304.7756195068359
0 0.0115 305.3550720214844 305.29361724853516 364.6800231933594 324.76428985595703
0 0.0113 326.5208053588867 144.77285385131836 383.59859466552734 165.29874801635742
0 0.0112 608.2646179199219 353.4298324584961 638.75 376.5960311889648
0 0.0111 26.017589569091797 225.00621795654297 84.06436920166016 245.05985260009763
0 0.0111 0.0 263.94969940185547 52.13895797729492 286.13674163818354
0 0.0109 144.57782745361328 225.6041717529297 205.40573120117188 244.44286346435544
0 0.0106 295.7285976409912 245.13324737548828 354.33281898498535 264.92923736572266
0 0.0105 174.79131698608398 265.5216598510742 235.20601272583008 284.5284652709961
0 0.0104 486.8470001220703 324.6158981323242 543.2971954345703 345.4592514038086
0 0.0103 56.50014877319336 284.78923797607416 113.61614227294922 305.28316497802734
0 0.0102 511.90391540527344 9.841804504394531 638.75 109.6270751953125
0 0.0100 267.3601531982422 154.35291290283203 322.82527923583984 175.72673797607422
