0 0.3702 278.4458541870117 25.316027641296408 464.04903411865234 102.74924182891847
0 0.1137 270.7252502441406 104.09801864624026 491.5412902832031 203.29830551147464
0 0.0659 213.06254386901855 -21.085821151733377 328.191499710083 28.564046859741232
0 0.0501 330.6080627441406 -3.984800338745096 379.92942810058594 22.04631233215334
0 0.0471 460.47142028808594 56.152271270751974 510.0459289550781 81.91303634643556
0 0.0465 230.48362731933594 36.1481513977051 280.0339126586914 61.917861938476584
0 0.0413 235.5420684814453 62.261470794677756 274.6599578857422 95.81661605834964
0 0.0390 380.3858184814453 -3.738847732543924 430.1142120361328 21.809648513793963
0 0.0378 317.7426528930664 213.2666530609131 463.9835739135742 274.6601047515869
0 0.0287 459.93316650390625 26.685375213623065 510.5030822753906 51.396430969238295
0 0.0271 229.9893569946289 96.61793136596681 280.4579544067383 121.4603843688965
0 0.0258 333.0625534057617 -61.08583068847655 448.19149017333984 -11.435953140258768
0 0.0244 429.96776580810547 -3.3420524597167742 480.47245025634766 21.423591613769553
0 0.0229 213.06254386901855 -81.08583068847653 328.191499710083 -31.435953140258768
0 0.0206 195.13870239257812 63.16934967041017 235.02532958984375 94.98770141601565
0 0.0197 179.5493507385254 36.98667907714846 230.8424949645996 61.09846496582033
0 0.0188 324.97406005859375 363.999008178711 638.75 532.7500000000001
0 0.0180 250.6940460205078 195.90756797790527 299.8600387573242 222.14896583557132
0 0.0168 0.0 363.9971199035645 320.47874450683594 532.7499809265137
0 0.0158 470.2290344238281 86.40688323974611 520.2494812011719 111.66727447509768
0 0.0153 235.14490127563477 123.15832519531253 275.019474029541 154.99773406982422
0 0.0146 175.22741317749023 -7.010093688964824 214.94340896606445 25.151161193847678
0 0.0144 512.6921272277832 -105.99999999999997 638.7499809265137 -36.15076160430906
0 0.0139 608.1536674499512 227.49285125732425 638.7500190734863 250.53179168701172
0 0.0137 179.45674896240234 97.06003570556642 230.92395782470703 121.02625274658203
0 0.0121 168.11857223510742 171.09827423095706 252.60263442993164 237.126220703125
0 0.0117 179.38201904296875 137.1163024902344 230.9902572631836 160.9705581665039
0 0.0114 468.57006072998047 227.66764068603516 521.7195510864258 250.42024993896484
0 0.0113 608.8264465332031 516.7616119384767 638.75 532.75
0 0.0112 193.0625343322754 238.9141693115234 308.1915092468262 288.5640563964844
0 0.0110 608.1873893737793 257.4756088256836 638.7500190734863 280.5496444702149
0 0.0110 334.34864044189453 -105.99999999999997 446.8692398071289 -71.25578498840329
0 0.0109 333.0625534057617 278.91416931152344 448.19149017333984 328.5640563964844
0 0.0105 0.0 -105.99999999999997 161.92270278930664 -22.15996360778806
0 0.0102 608.4239196777344 197.33194732666016 638.75 220.69475555419922
0 0.0102 511.90391540527344 -16.158195495605444 638.75 83.62707519531251
