0 0.0795 51.763034820556655 267.651424407959 90.46815490722658 302.3760414123535
0 0.0759 41.81476211547853 307.46482849121094 80.42701339721681 342.547607421875
0 0.0692 51.642070770263686 228.0192756652832 90.57017898559572 262.0384407043457
0 0.0580 91.56693553924562 258.2208251953125 130.6357774734497 291.85375213623047
0 0.0564 11.661125183105483 267.95101165771484 50.555149078369155 302.10105895996094
0 0.0540 81.70030212402345 307.8481674194336 120.52060699462892 342.19539642333984
0 0.0531 31.717964172363295 347.78587341308594 70.50649261474611 382.25257873535156
0 0.0526 56.23574352264406 202.41580963134766 106.24071216583253 227.6601791381836
0 0.0500 96.18304824829103 232.46421813964844 146.28619766235352 257.6129150390625
0 0.0463 11.55728912353517 228.23541641235352 50.645271301269545 261.8404197692871
0 0.0446 1.5967998504638814 308.120813369751 40.611654281616225 341.9454097747803
0 0.0400 71.69634914398195 347.85892486572266 110.5240640640259 382.18555450439453
0 0.0356 65.67998981475831 172.89443969726562 116.72505474090578 197.1908187866211
0 0.0348 105.68812942504883 202.8867530822754 156.71813583374023 227.19823837280273
0 0.0325 131.55904388427734 258.2236671447754 170.6444320678711 291.8512153625488
0 0.0317 31.589647293090835 388.1557083129883 70.6163845062256 421.91341400146484
0 0.0309 6.231256484985366 202.41182327270508 56.24619102478029 227.66321182250977
0 0.0284 31.423793792724624 458.56597900390625 70.76388931274415 491.5380096435547
0 0.0282 121.47441482543945 298.44494819641113 160.71857070922852 331.6486644744873
0 0.0254 -64.0 299.8858642578125 574.75 638.75
0 0.0254 21.300483703613295 168.84157180786133 60.87583160400392 201.2864112854004
0 0.0253 176.5956268310547 231.24500274658203 205.03583526611328 278.65577697753906
0 0.0250 -8.598665237426744 348.6050796508789 30.785413742065444 381.5023422241211
0 0.0229 -64.0 0.0 446.9122848510742 281.5149688720703
0 0.0213 75.23574447631837 143.22551727294922 127.1200523376465 166.86246871948242
0 0.0212 31.37817001342775 498.6684036254883 70.80531692504884 531.4445114135742
0 0.0206 161.76787948608398 297.61993408203125 200.46561813354492 332.40501403808594
0 0.0202 111.30900955200195 348.8201904296875 150.86833572387695 381.30592346191406
0 0.0197 26.38178443908693 432.26558685302734 76.11754035949708 457.8053665161133
0 0.0195 71.59169769287111 388.15380096435547 110.61423873901369 421.91516876220703
0 0.0182 65.74424362182619 612.8226089477539 116.67264556884767 637.2591781616211
0 0.0182 125.20049667358398 173.2486343383789 177.1519432067871 196.83921813964844
0 0.0178 156.12340545654297 202.50787734985352 206.3398895263672 227.5691032409668
0 0.0174 55.35604095458986 573.1349563598633 107.01348876953126 596.9519424438477
0 0.0173 206.61054229736328 231.3320541381836 235.01779174804688 278.5824966430664
0 0.0172 61.223903656005874 528.9994049072266 100.94642257690431 561.1425018310547
0 0.0170 115.7557258605957 612.8121185302734 166.66278457641602 637.2693634033203
0 0.0170 285.64317321777344 142.92459964752197 336.7572937011719 167.16115474700928
0 0.0169 251.72967529296875 237.7587127685547 290.4957733154297 272.2774887084961
0 0.0167 71.3432083129883 468.74889373779297 110.8368263244629 501.37096405029297
0 0.0161 171.2414894104004 608.9455986022949 210.93200302124023 638.7500190734863
0 0.0161 175.79957580566406 162.78339385986328 226.6228256225586 187.29846954345703
0 0.0160 -8.594402313232408 388.602294921875 30.78087425231935 421.50489807128906
0 0.0156 151.56711196899414 338.19568634033203 190.63800430297852 371.87686920166016
0 0.0150 21.031833648681655 618.8948822021484 61.17366409301759 638.75
0 0.0148 15.544372558593764 142.99619674682617 66.84571838378908 167.08978652954102
0 0.0146 281.41419982910156 168.5921859741211 320.7721862792969 201.51409149169922
0 0.0143 21.201492309570327 539.0448379516602 60.96711730957033 571.1011123657227
0 0.0142 256.6595993041992 211.962890625 305.8855209350586 238.09715270996094
0 0.0140 211.78266143798828 277.5679397583008 250.4537353515625 312.4528121948242
0 0.0139 -28.810676574707017 269.0675354003906 10.978551864624038 301.08043670654297
0 0.0135 215.66179847717285 612.8914642333984 266.74461936950684 637.1916198730469
0 0.0135 251.6595230102539 277.96056747436523 290.5560073852539 312.0923042297363
0 0.0135 74.92696380615236 113.43735694885254 127.39720916748048 136.65106773376465
0 0.0134 81.4711151123047 428.4529113769531 120.72152709960939 461.6413879394531
0 0.0130 155.22136306762695 133.22983741760254 207.13412857055664 156.85738563537598
0 0.0124 211.38427352905273 318.64720344543457 250.8005485534668 351.46388053894043
0 0.0124 -8.734075069427476 458.9090347290039 30.90808248519899 491.22486114501953
0 0.0123 211.7160186767578 197.7945899963379 250.50786590576172 232.24458694458008
0 0.0121 285.17423248291016 113.26915740966797 337.17504119873047 136.8190574645996
0 0.0121 105.58688735961914 582.9645156860352 156.80785751342773 607.1212387084961
0 0.0121 -28.899674654006944 229.24564361572266 11.0608265399933 260.9182357788086
0 0.0121 101.19342422485353 529.0621566772461 140.97446060180664 561.085319519043
0 0.0119 -63.297761917114244 302.01927185058594 -35.09230518341063 348.0358123779297
0 0.0117 173.92728424072266 94.04919624328613 228.30449676513672 116.03556632995605
0 0.0115 -63.999999999999986 622.7518463134766 -12.761720657348619 638.75
0 0.0114 75.97039318084718 502.6519775390625 126.470929145813 527.4290466308594
0 0.0113 448.6921272277832 0.0 574.7499809265137 69.84923839569092
0 0.0113 291.3150939941406 238.81109237670898 330.86236572265625 271.3142204284668
0 0.0113 -63.289035797119126 252.0919418334961 -35.102740764617906 297.9793930053711
0 0.0108 275.5376968383789 612.9904556274414 326.85384368896484 637.0940780639648
0 0.0107 -63.3023109436035 351.9820022583008 -35.08685970306395 398.0648422241211
0 0.0106 115.47772979736328 383.04737091064453 166.90469360351562 407.03922271728516
0 0.0104 5.807281494140639 592.79052734375 56.613307952880874 617.2930908203125
0 0.0101 -63.280207157134996 202.16733932495117 -35.11328840255736 247.92116165161133
0 0.0100 511.4707145690918 604.7563171386719 574.7500190734863 638.75
0 0.0100 151.31999588012695 488.7954330444336 190.85841751098633 521.3285446166992
0 0.0100 251.31092643737793 318.81309509277344 290.8668384552002 351.3124084472656
0 0.0100 165.69348907470703 582.8834533691406 216.71319580078125 607.2016143798828
