0 0.0409 340.7288110256195 90.71945106983185 395.6829092502594 110.15965783596039
0 0.0400 363.2541117668152 174.74085867404938 411.71840143203735 198.27568924427032
0 0.0377 349.8346424102783 71.79943943023682 405.6691746711731 90.82408833503723
0 0.0349 361.12740540504456 118.7683117389679 413.6344106197357 139.4981997013092
0 0.0336 315.1764163970947 174.95153760910034 364.13987159729004 198.06770968437195
0 0.0334 362.21186113357544 146.8149654865265 412.6470594406128 168.8320541381836
0 0.0320 411.08919167518616 174.72054040431976 459.5114586353302 198.2954968214035
0 0.0302 303.9600019454956 109.09610402584076 356.068302154541 130.0476508140564
0 0.0296 354.24564027786255 202.9102245569229 401.6796441078186 227.46804535388947
0 0.0291 399.2359070777893 90.15457946062088 452.0147466659546 110.73541814088821
0 0.0282 304.6784734725952 146.91412648558617 355.4157099723816 168.73230949044228
0 0.0264 420.0761411190033 127.35141277313232 469.5836298465729 150.04434835910797
0 0.0256 266.8634011745453 184.87433123588562 316.77444648742676 207.271812915802
0 0.0255 349.5773627758026 52.78471711277962 405.90865302085876 71.58538171648979
0 0.0254 0.0 286.7658576965332 610.8046875 610.8046875
0 0.0252 406.95841813087463 199.08333134651184 444.29931235313416 231.29814863204956
0 0.0243 292.9940457344055 71.56061540544033 347.79792737960815 91.06973375380039
0 0.0241 218.71176481246948 165.97813975811005 269.26657462120056 187.9184786081314
0 0.0232 359.2317509651184 227.53492784500122 396.4123606681824 260.2018539905548
0 0.0229 0.0 0.0 488.5598723888397 269.19868898391724
0 0.0224 306.05986046791077 212.82836723327637 354.1872389316559 236.68431401252747
0 0.0223 219.1242767572403 137.01242172718048 268.89583003520966 159.50875890254974
0 0.0220 408.2037420272827 61.77250099182129 462.12427139282227 81.73702490329742
0 0.0201 177.2107869386673 142.29581478238106 215.02148187160492 173.38607785105705
0 0.0196 397.54872465133667 236.89493823051453 434.60574674606323 269.95020961761475
0 0.0193 177.24166560173035 180.474933385849 214.99366736412048 211.70079445838928
0 0.0193 502.198282957077 591.5142230987549 540.3235280513763 610.8046875
0 0.0192 582.2369084358215 146.34746289253235 610.8046875 169.24243211746216
0 0.0191 256.2730137705803 89.89899605512619 308.1413796544075 110.99541538953781
0 0.0181 344.8301832675934 260.1171519756317 391.99585461616516 285.0043694972992
0 0.0178 257.53245466947556 213.40092658996582 307.00428611040115 236.11981630325317
0 0.0172 458.8882677555084 155.60657501220703 507.3357775211334 179.15964460372925
0 0.0172 425.9149260520935 448.11378479003906 463.57514905929565 479.55231285095215
0 0.0171 549.2627459764481 176.75021517276764 610.8046692609787 224.47684586048126
0 0.0166 296.65417045354843 241.37210726737976 344.4894509911537 265.51214504241943
0 0.0165 464.1590530872345 180.3800722360611 501.8302195072174 211.787411570549
0 0.0163 248.27375292778015 241.8597275018692 297.1720218658447 265.03389966487885
0 0.0160 215.08048510551453 190.85942959785461 253.62380504608154 220.51483798027039
0 0.0159 457.42633724212646 99.25927090644836 508.6439166069031 120.76161789894104
0 0.0157 477.4153926372528 127.37976533174515 526.9900009632111 150.01650649309158
0 0.0156 582.652849316597 432.92629766464233 610.8046692609787 456.4128313064575
0 0.0154 139.12099394202232 141.929132938385 176.62670508027077 173.7210602760315
0 0.0153 550.293870806694 578.298228263855 610.8047057390213 610.8046875
0 0.0151 292.7886378765106 52.528445184230804 347.9885981082916 71.84924107789993
0 0.0150 209.72063863277435 108.21729326248169 259.1902266740799 130.92906975746155
0 0.0148 483.3390254974365 448.00296449661255 520.9055728912354 479.6535758972168
0 0.0148 572.1607975959778 3.6399523615837097 610.8046875 25.13034139573574
0 0.0147 397.44771695137024 275.4371547102928 434.69223618507385 307.93210512399673
0 0.0146 582.6278983354568 404.2557599544525 610.8046692609787 427.70829606056213
0 0.0145 258.018168926239 270.399619102478 306.5746750831604 293.86674642562866
0 0.0141 416.45912432670593 409.6067605018616 453.91725897789 441.5373044013977
0 0.0141 582.2845305204391 308.87709617614746 610.8047057390213 331.83776235580444
0 0.0140 344.30832839012146 298.8938949108124 392.43826031684875 322.7440416812897
0 0.0139 406.95404076576233 371.21854519844055 444.30325198173523 403.4137737751007
0 0.0139 397.21195936203003 333.40110182762146 434.9014377593994 364.7682058811188
0 0.0139 425.9178078174591 486.35663509368896 463.5726320743561 517.8088059425354
0 0.0138 582.3388098478317 117.58983385562897 610.8047057390213 140.62506115436554
0 0.0138 139.04754996299744 180.3455822467804 176.69332766532898 211.8189468383789
0 0.0134 349.6488597393036 33.628081530332565 405.84233593940735 52.49277421832085
0 0.0133 344.2814075946808 327.6115987300873 392.4603660106659 351.40265107154846
0 0.0133 162.40529787540436 117.39629048109055 210.93769204616547 140.8708046078682
0 0.0132 200.29748475551605 222.86444342136383 249.50373780727386 245.78108060359955
0 0.0131 582.6942518949509 375.5176284313202 610.8047057390213 399.0709898471832
0 0.0129 401.01355504989624 595.3925503492355 450.5009078979492 610.8047057390213
0 0.0129 387.4468603134155 448.57902574539185 425.52475690841675 479.1279273033142
0 0.0128 306.71307277679443 576.0764236450195 333.59359645843506 610.8046875
0 0.0127 549.2627459764481 234.12521517276764 610.8046692609787 281.85184586048126
0 0.0127 95.03728401660919 595.3714842796326 144.480370759964 610.8046875
0 0.0127 502.77018570899963 313.27893805503845 539.7657058238983 346.55676198005676
0 0.0126 440.50194811820984 231.06494450569153 467.5712821483612 275.72001457214355
0 0.0124 463.90852189064026 591.6054911613464 502.10934948921204 610.8046875
0 0.0124 278.02157843112946 576.0393801927567 304.9108203649521 610.8046692609787
0 0.0124 445.30752897262573 370.93098878860474 482.4637713432312 403.67740058898926
0 0.0124 344.15709042549133 585.8788032531738 392.574250459671 609.5088415145874
0 0.0122 91.15135109424591 448.2838089466095 128.95670199394226 479.39702582359314
0 0.0122 563.9906644821167 337.3683078289032 610.8046875 360.7745897769928
0 0.0122 344.5831174850464 356.0174517631531 392.2008247375488 380.3647212982178
0 0.0122 466.4020149707794 70.90523493289948 518.7427532672882 91.73649537563324
0 0.0122 392.324339389801 308.2659430503845 440.0758481025696 332.4921054840088
0 0.0120 582.790280342102 461.5072088241577 610.8046875 485.20589876174927
0 0.0120 435.5883193016052 333.09818816185 473.03835582733154 365.04514718055725
0 0.0120 454.80823516845703 409.35210728645325 492.07982110977173 441.77050852775574
0 0.0120 464.32798290252686 485.9708797931671 501.6792368888855 518.1616580486298
0 0.0119 152.84081438183784 213.0183266401291 201.37786862254143 236.498184800148
0 0.0119 502.51166582107544 180.13827753067017 539.9879665374756 212.0084502696991
0 0.0117 350.3533236980438 4.6189044713974 405.19025444984436 24.13444295525551
0 0.0115 205.76136660575867 247.7673100233078 243.8349587917328 278.31467950344086
0 0.0115 349.2600767612457 448.4548909664154 387.21599078178406 479.2409727573395
0 0.0115 100.94836843013763 132.1738145649433 138.30795764923096 164.33500000834465
0 0.0113 525.7642292976379 146.09791660308838 574.3265719413757 169.54450678825378
0 0.0113 582.3751784563065 88.87830394506454 610.8046692609787 111.96175521612167
0 0.0113 316.252299785614 269.8281084895134 343.1836009025574 313.5693853497505
0 0.0112 152.40475130081177 595.3787798881531 201.86175441741943 610.8046875
0 0.0112 406.81520533561707 562.8087394237518 444.42705845832825 594.352616071701
0 0.0112 201.52559101581573 576.0748368501663 228.40604174137115 610.8046692609787
0 0.0111 249.33571994304657 576.0553393363953 276.22138702869415 610.8046875
0 0.0111 540.892767906189 304.10616034269333 578.1229877471924 336.6365674138069
0 0.0110 100.93965929746628 180.00593519210815 138.31591898202896 212.12955737113953
0 0.0110 469.20119404792786 221.5870006084442 496.2447016239166 266.08973836898804
0 0.0110 340.02719235420227 380.75383257865906 377.3563406467438 413.00122475624084
0 0.0109 493.06002259254456 409.34638023376465 530.328325510025 441.7757248878479
0 0.0109 258.2213607430458 298.91771507263184 306.39650720357895 322.72095108032227
0 0.0108 301.88685446977615 351.76148557662964 339.0114156603813 384.5931830406189
0 0.0107 474.02136611938477 275.2256003022194 511.12909269332886 308.12615007162094
0 0.0107 215.5311895608902 304.69987696409225 253.20771825313568 336.0932634472847
0 0.0106 425.92565059661865 524.5910224914551 463.56529998779297 556.0731053352356
0 0.0106 353.68949604034424 423.364563703537 402.1583819389343 446.9016559123993
0 0.0103 582.2665286064148 60.26627929508686 610.8046875 83.19883458316326
0 0.0103 435.65211939811707 275.56191873550415 472.9818513393402 307.8177738189697
0 0.0102 483.60440325737 351.66554832458496 520.674046754837 384.68131399154663
0 0.0102 278.1125364303589 127.58607602119446 304.8034472465515 169.25105917453766
0 0.0100 263.5348162651062 323.357638835907 300.8497745990753 355.645667552948
0 0.0100 502.5523753166199 227.85095536708832 539.9516344070435 259.91230952739716
