0 0.1706 66.66260957717896 19.77074146270752 113.05052042007446 34.96192395687103
0 0.1498 66.44438952207565 4.233233630657195 113.25446516275406 19.246183335781097
0 0.1405 74.9240517616272 35.203561186790466 120.44540047645569 50.784870982170105
0 0.1295 20.080357789993286 11.834152042865753 65.90306758880615 27.27731317281723
0 0.1226 20.484164357185364 27.278833091259003 65.52843749523163 43.08743029832839
0 0.1100 19.858799874782562 -3.69669497013092 66.10926240682602 11.555269360542296
0 0.1084 75.3273218870163 50.6441593170166 120.07182836532593 66.59886240959167
0 0.1071 28.661303222179413 42.729780077934265 73.00421595573425 58.89011919498443
0 0.0964 113.98160085082054 19.57523822784424 159.51386466622353 35.16224026679992
0 0.0930 66.43742322921753 -11.388542130589485 113.26085031032562 3.617929294705391
0 0.0912 44.40246522426605 66.1090761423111 88.52235972881317 82.38677680492401
0 0.0787 114.00607228279114 3.940150141716003 159.4909429550171 19.547760486602783
0 0.0767 19.743099808692932 -19.27374303340912 66.2170946598053 -4.119254648685456
0 0.0736 467.5561785697937 166.97214543819427 499.0234375 184.65833365917203
0 0.0704 91.21261537075043 66.14480912685394 135.45624911785126 82.35101401805876
0 0.0684 121.96989357471466 35.122349858284 167.16305911540985 50.86737871170044
0 0.0638 13.512589037418365 81.5579891204834 56.93930387496948 98.19224476814269
0 0.0631 0.0 57.78837203979492 40.7596156001091 75.09133219718933
0 0.0592 467.6024317741394 143.50682497024536 499.0234375 161.24892234802246
0 0.0571 459.66339111328125 190.45495986938477 499.0234375 208.0496549606323
0 0.0500 467.4881845712662 120.14041841030121 499.0234225988388 137.7400606870651
0 0.0499 122.18046188354492 50.65158009529113 166.9677197933197 66.59074127674103
0 0.0452 60.84246188402176 89.12308514118193 103.39768975973129 106.25548660755156
0 0.0443 475.7230430841446 17.97516644001007 499.0234225988388 36.734685301780694
0 0.0440 475.34459829330444 96.34485840797423 499.0234375 114.6135926246643
0 0.0437 12.352611869573593 -35.07852926850318 58.01200494170189 -19.559081643819805
0 0.0417 113.86433243751526 -11.620996519923208 159.6222221851349 3.8574021309614177
0 0.0401 475.63599050045013 41.4719432592392 499.0234524011612 60.11286377906799
0 0.0395 475.5136966705322 72.80083000659941 499.0234375 91.28345549106598
0 0.0369 475.7939428091049 -5.510551854968071 499.0234524011612 13.345493003726006
0 0.0368 66.38013571500778 -26.99025347828865 113.31424862146378 -12.031104415655136
0 0.0367 161.52562201023102 19.266866147518158 205.76892793178558 35.478539764881134
0 0.0291 0.0 -59.538546949625015 40.54924100637436 -41.95595346391201
0 0.0274 420.0006127357483 159.5473736524582 462.9729390144348 176.45342648029327
0 0.0273 0.0 104.27717864513396 40.19184410572052 122.35458195209503
0 0.0259 169.6576625108719 42.54487901926041 213.286891579628 59.07867103815078
0 0.0255 420.81767320632935 135.63433289527893 462.228000164032 153.4961760044098
0 0.0254 0.0 171.78583145141602 499.0234375 436.5234375
0 0.0243 146.26987278461456 65.95809757709503 189.8033767938614 82.5410932302475
0 0.0242 475.4433482885361 213.47182989120483 499.0234524011612 231.86230659484863
0 0.0233 475.7321923971176 -28.90486642718315 499.0234524011612 -10.135117918252945
0 0.0229 0.0 -62.499999999999986 399.15022253990173 157.43356943130493
0 0.0227 380.9818625450134 26.712663471698765 423.8700270652771 43.663717806339264
0 0.0225 107.75775089859962 89.09985423088072 150.23597702383995 106.27889633178711
0 0.0220 436.6375803947449 57.38526582717895 477.6765704154968 75.49580931663513
0 0.0220 428.98303270339966 26.026859879493713 469.7224497795105 44.35385763645172
0 0.0215 411.52501106262207 183.32772701978683 455.76995611190796 199.5423510670662
0 0.0210 428.81396412849426 104.27021980285643 469.8735177516937 122.3612129688263
0 0.0207 161.11290454864502 -3.9747208356857295 206.15041255950928 11.840730905532835
0 0.0199 208.90548825263977 26.824228465557095 252.17890739440918 43.551065027713776
0 0.0184 441.47658348083496 -0.5732756108045596 472.7112054824829 24.1402518004179
0 0.0179 428.68301272392273 80.91478049755096 469.99236941337585 98.84105622768402
0 0.0173 475.67903995513916 -52.306562662124634 499.0234375 -33.608514815568924
0 0.0171 0.0 127.7962327003479 40.30565172433853 145.7103192806244
0 0.0162 14.029935002326965 151.5851467847824 56.466199457645416 168.7934249639511
0 0.0160 0.0 22.975005209445953 19.849877804517746 47.478325664997094
0 0.0149 388.9010548591614 50.09475350379943 431.58406019210815 67.15790927410126
0 0.0149 58.68954956531525 -42.66581684350967 105.388343334198 -27.604099363088608
0 0.0149 201.15113258361816 58.04223194718361 244.3132996559143 74.83335956931114
0 0.0148 43.72420161962509 -58.57886001467705 89.15134519338608 -42.93373227119446
0 0.0146 208.39381963014603 3.6458000540733333 252.65007466077805 19.849620759487152
0 0.0145 154.52007949352264 89.16258811950684 197.21408188343048 106.21532797813416
0 0.0145 45.905016362667084 112.14424669742584 87.14836090803146 130.11188805103302
0 0.0141 397.3722457885742 2.825133502483369 438.79806995391846 20.68009227514267
0 0.0139 381.92206621170044 119.90283429622649 423.0145215988159 137.97809183597565
0 0.0137 113.64677548408508 -27.152489870786667 159.82449054718018 -11.863823980093002
0 0.0135 419.7632670402527 206.55322074890137 463.1897211074829 223.19632768630981
0 0.0132 373.7872242927551 143.5445249080658 415.4937267303467 161.21062636375427
0 0.0132 201.30112767219543 81.39988780021667 244.175523519516 98.35207462310791
0 0.0122 373.1725215911865 167.3362702131271 416.05454683303833 184.29018557071686
0 0.0122 310.43729186058044 26.841878890991214 353.7692725658417 43.533384799957275
0 0.0122 475.5067825317383 236.86924576759338 499.0234375 255.34018874168396
0 0.0120 255.77470660209656 19.016191363334656 299.0588843822479 35.73426604270935
0 0.0119 240.22099375724792 42.41378605365753 283.36891531944275 59.21195447444915
0 0.0112 341.7603373527527 11.174745857715607 384.9530220031738 27.95059233903885
0 0.0111 341.7326807975769 42.44221746921539 384.9777579307556 59.18331444263458
0 0.0111 0.0 -8.236266672611235 19.870121031999588 16.193129122257233
0 0.0110 429.3188154697418 -21.088719367980957 469.4223701953888 -2.2817477583885197
0 0.0109 295.41417956352234 49.947559833526604 337.5932276248932 67.30714440345764
0 0.0109 286.8536412715912 3.477126359939574 330.4668366909027 20.02136409282684
0 0.0109 61.14893965423107 151.44310891628265 103.11879403889179 168.9368337392807
0 0.0106 326.52169466018677 112.52926290035248 368.9733147621155 129.72454726696014
0 0.0106 295.8499789237976 80.93105256557463 337.19778060913086 98.82520139217375
0 0.0103 21.845102310180664 175.0207021832466 64.27635997533798 192.23283976316452
0 0.0102 248.25149774551392 65.73489308357239 290.9811735153198 82.76781439781189
0 0.0101 475.59213638305664 260.25131344795227 499.0234375 278.8334190845489
