0 0.3069 548.6075973510742 113.63813400268555 601.6868209838867 136.44903182983398
0 0.2759 538.576774597168 143.65169525146484 591.7160415649414 166.43455505371094
0 0.1853 548.0668640136719 83.96282196044922 602.1785736083984 106.121826171875
0 0.1564 322.2105407714844 147.82562255859372 388.3057403564453 182.13058471679688
0 0.1217 549.5036315917969 173.0174446105957 600.8838653564453 197.06750869750974
0 0.1112 350.25997161865234 182.3897933959961 400.2205276489258 207.68520355224607
0 0.1110 329.92095947265625 122.69527435302736 380.5138397216797 147.38666534423828
0 0.1033 486.8700408935547 124.59970474243163 543.2770538330078 145.4749488830566
0 0.0879 389.3864059448242 153.11628341674805 440.98567962646484 176.97099685668942
0 0.0727 387.81036376953125 124.11872863769531 442.41050720214844 145.9658432006836
0 0.0726 300.6684970855713 181.9425392150879 349.8801326751709 208.11582565307617
0 0.0714 594.9610137939453 139.51675415039062 635.1899719238281 170.67169189453125
0 0.0703 319.7051239013672 92.87450790405272 370.70289611816406 117.21048355102538
0 0.0690 280.71781158447266 121.8889808654785 329.8387145996094 148.16759109497067
0 0.0662 477.31346130371094 154.3834686279297 532.8667449951172 175.69671630859375
0 0.0634 350.0838088989258 212.54880905151367 400.3731155395508 237.52965927124023
0 0.0624 487.0927047729492 94.49028015136719 543.071403503418 115.58685302734375
0 0.0601 270.53022384643555 152.10567474365234 319.9934196472168 177.95955657958984
0 0.0551 270.6501007080078 91.97601318359375 319.89295959472656 118.08475494384766
0 0.0537 377.4061584472656 94.33471679687499 432.78167724609375 115.74623107910156
0 0.0515 400.1861572265625 182.4604225158691 450.2837371826172 207.61651992797852
0 0.0451 550.0 202.61346817016602 600.4477691650391 227.4653053283691
0 0.0447 289.7814464569092 62.81378269195556 340.63557624816895 87.27040767669676
0 0.0384 509.61681365966797 272.93704986572266 560.7822799682617 297.14786529541016
0 0.0358 348.1654739379883 63.91109466552734 402.08744049072266 86.17494583129883
0 0.0357 305.5764389038086 208.1783676147461 344.6291732788086 241.89270019531247
0 0.0352 548.2284545898438 53.86672973632812 602.0317077636719 76.21856689453124
0 0.0352 488.2046127319336 183.88921737670898 542.0515060424805 206.19718551635742
0 0.0351 519.6057891845703 302.9454040527343 570.7920837402344 327.1395874023437
0 0.0343 349.8751449584961 242.7334213256836 400.5540084838867 267.3491287231445
0 0.0341 529.7396469116211 242.83821105957028 580.6742477416992 267.24525451660156
0 0.0330 399.60453033447266 212.9439353942871 450.7937240600586 237.14071273803708
0 0.0328 600.833740234375 93.38565826416014 628.7520599365234 137.0214080810547
0 0.0317 240.43468475341797 62.21641540527343 290.0718307495117 87.85348892211914
0 0.0301 599.858570098877 182.7515983581543 638.7499809265137 207.33179092407227
0 0.0298 458.3420944213867 233.80658149719238 511.9266128540039 256.28039360046387
0 0.0287 509.6980667114258 332.8752899169922 560.7101058959961 357.20909118652344
0 0.0278 235.69332122802734 117.86033630371092 274.5273208618164 152.18425750732422
0 0.0275 459.31610107421875 263.1676864624023 511.04835510253906 286.9199752807617
0 0.0271 416.6786575317383 74.69508647918701 473.45325469970703 95.37785053253174
0 0.0254 0.0 219.8858642578125 638.75 558.75
0 0.0245 469.8289489746094 302.7734756469726 520.5941772460938 327.3099136352539
0 0.0244 443.71185302734375 121.45782470703126 486.3792419433594 148.91983032226562
0 0.0243 255.51523208618164 178.34823608398438 294.6818733215332 211.7371368408203
0 0.0242 585.5319595336914 228.30097198486325 624.6675491333008 261.7804336547851
0 0.0242 487.41405487060547 64.32567596435545 542.7755355834961 85.75462341308592
0 0.0226 380.1610565185547 332.48283386230463 430.30548095703125 357.59460449218744
0 0.0224 565.1965713500977 269.0562438964844 604.9715042114258 301.0906982421875
0 0.0216 345.3158950805664 268.81095886230463 384.86148834228516 301.31431579589844
0 0.0215 220.78153610229492 91.80309295654297 269.7883415222168 118.24913024902344
0 0.0215 335.48675537109375 318.4175491333008 374.70733642578125 351.6737747192382
0 0.0214 405.0506591796875 239.3481063842773 445.1063537597656 270.82500457763666
0 0.0205 608.6639595031738 63.1810998916626 638.7499809265137 86.84682369232178
0 0.0205 300.08411407470703 242.54722595214844 350.3731155395508 267.5310516357422
0 0.0200 397.47955322265625 44.291830062866204 452.71514892578125 65.78915596008301
0 0.0195 459.79026794433594 332.80094146728516 510.62896728515625 357.2823715209961
0 0.0193 269.36442375183105 33.13253402709961 321.0052967071533 56.95486068725585
0 0.0188 380.0292205810547 302.60410308837885 430.41908264160156 327.47631072998047
0 0.0184 608.6930656433105 -66.83643341064453 638.7500190734863 -43.13535690307617
0 0.0183 389.59014892578125 272.96180725097656 440.8049774169922 297.1238708496093
0 0.0169 305.50570487976074 278.3731460571289 344.69021797180176 311.71436309814453
0 0.0165 328.60774993896484 33.64221572875976 381.68582916259766 56.44554138183593
0 0.0165 295.5430221557617 318.27781677246094 334.65728759765625 351.8016052246093
0 0.0164 220.08678436279297 152.5272750854492 270.3742980957031 177.5486373901367
0 0.0158 569.6832275390625 312.89073944091797 620.7224273681641 337.19432830810547
0 0.0157 330.1284408569336 352.51045227050776 380.3340530395508 377.56736755371094
0 0.0146 430.76263427734375 312.56824493408203 458.83575439453125 357.61722564697266
0 0.0146 195.62986373901367 58.051433563232415 234.5808982849121 92.00895309448241
0 0.0144 609.3099212646484 262.7293014526367 638.75 287.29801177978516
0 0.0141 598.978271484375 33.40235710144043 638.75 56.68597221374511
0 0.0135 0.0 -80.0 255.4166603088379 60.70427894592286
0 0.0134 450.80257415771484 162.9977798461914 478.78856658935547 207.3002243041992
0 0.0131 195.4102325439453 118.58131408691406 234.77771759033203 151.52408599853516
0 0.0127 255.5139923095703 218.34701538085938 294.6833801269531 251.73828124999997
0 0.0125 265.37208557128906 278.68324279785156 304.8107147216797 311.43089294433594
0 0.0125 608.7511444091797 -36.87336921691894 638.75 -13.098106384277342
0 0.0123 380.1757049560547 362.4697494506836 430.29273986816406 387.60738372802734
0 0.0115 398.06907653808594 13.963251113891602 452.17613220214844 36.12168312072754
0 0.0114 215.04512786865234 179.34505462646484 255.11287689208984 210.82782745361325
0 0.0114 259.3182373046875 3.1663990020751958 311.04637145996094 26.921262741088864
0 0.0112 565.392951965332 338.6406707763672 604.791374206543 371.4698028564453
0 0.0109 609.0035820007324 542.6285552978514 638.7500190734863 558.75
0 0.0108 525.4413604736328 358.52367401123047 564.7482299804688 391.5767288208008
0 0.0104 608.8164520263672 3.083143234252929 638.75 26.945505142211914
0 0.0100 225.32575607299805 278.788833618164 264.85254287719727 311.33453369140625
