0 0.1689 144.2405128479004 37.736656188964865 205.72023391723633 56.306297302246115
0 0.1456 124.41693782806396 57.67007064819339 185.55513858795166 76.3754005432129
0 0.1219 204.2498779296875 27.732250213623075 265.71170806884766 46.31068420410159
0 0.1218 204.50136184692383 47.637359619140646 265.4762840270996 66.40921783447268
0 0.1216 144.35491561889648 17.691766738891623 205.61365127563477 36.352502822876
0 0.1062 85.53112030029297 37.220508575439474 144.5158576965332 56.83983993530276
0 0.0911 264.74059104919434 37.54391860961917 325.2528476715088 56.50593948364261
0 0.0773 114.83434677124023 77.50777435302737 175.16502380371094 96.54349517822267
0 0.0766 85.88519096374512 17.06465911865237 144.18736457824707 36.99973297119143
0 0.0760 184.99977111816406 67.4416084289551 245.0106430053711 86.61191177368165
0 0.0746 204.4845962524414 7.640020370483426 265.49293518066406 26.405698776245142
0 0.0685 264.6615505218506 17.572566986084013 325.3272342681885 36.475784301757834
0 0.0641 265.26768684387207 57.33103942871095 324.76115226745605 76.72587585449222
0 0.0598 135.14533519744873 -2.6238231658935263 194.87648487091064 16.67825889587405
0 0.0562 325.2488708496094 37.336227416992216 384.77928161621094 56.720001220703146
0 0.0532 66.22255563735962 56.91565704345705 123.87376546859741 77.15319824218753
0 0.0504 426.74007415771484 36.67042922973636 483.39534759521484 57.40395736694339
0 0.0444 325.1991271972656 17.35368919372561 384.82643127441406 36.70139503479007
0 0.0401 406.4234161376953 16.819803237915064 463.6884307861328 37.25088310241701
0 0.0380 325.8184814453125 57.09468078613284 384.2491149902344 76.96898651123048
0 0.0344 265.16124725341797 -2.6312713623046595 324.8618698120117 16.68576431274417
0 0.0344 195.1423454284668 -12.623184204101532 254.87943649291992 6.677467346191435
0 0.0321 76.9125747680664 -3.4183864593505566 133.23715209960938 17.49391746520999
0 0.0309 116.41561985015869 -23.178689956665007 173.69618892669678 -2.75104331970212
0 0.0274 437.2393798828125 66.41900253295901 492.93556213378906 87.66007614135744
0 0.0267 115.3689956665039 97.28900146484376 174.66672897338867 116.76924896240236
0 0.0267 245.82910537719727 77.09082794189456 304.23906326293945 96.97310638427737
0 0.0265 426.1962890625 206.9234771728516 483.89915466308594 227.14442443847656
0 0.0254 0.0 181.88586425781253 638.75 520.75
0 0.0253 416.51920318603516 -3.228624343872042 473.6006546020508 17.299863815307646
0 0.0229 0.0 -117.99999999999997 510.9122848510742 163.51496887207034
0 0.0224 175.7627296447754 87.12069702148439 234.30055618286133 106.9425506591797
0 0.0222 325.80089569091797 -2.905242919921846 384.2673873901367 16.967460632324244
0 0.0202 466.8972396850586 16.586706161499052 523.2519149780273 37.48827171325686
0 0.0201 56.691551208496094 76.69568252563478 113.43973159790039 97.37847518920901
0 0.0199 436.4326858520508 226.81529235839844 493.67992401123047 247.25550842285156
0 0.0185 436.4045715332031 186.82525825500488 493.7067413330078 207.24470329284668
0 0.0185 306.34082794189453 76.85965728759768 363.76461029052734 97.21030426025392
0 0.0178 27.2324538230896 36.422173500061064 82.94201135635376 57.656790733337424
0 0.0178 255.79381942749023 -22.900321960449187 314.2734718322754 -3.0372505187987997
0 0.0170 366.3712692260742 206.8454284667969 423.7363815307617 227.22491455078125
0 0.0151 175.90581893920898 -32.94750022888181 234.16894912719727 -12.988355636596648
0 0.0146 77.6791763305664 -43.81390142440793 132.53170013427734 -22.103243350982634
0 0.0141 376.22631072998047 186.9082660675049 433.8716506958008 207.15971183776855
0 0.0133 386.9007873535156 -23.412950515747042 443.2481384277344 -2.5117092132568075
0 0.0128 512.6921272277832 -117.99999999999997 638.7499809265137 -48.150761604309054
0 0.0121 316.43126487731934 -23.18968582153317 373.6825656890869 -2.7404479980468466
0 0.0115 383.73104095458984 43.427688598632834 426.3612747192383 70.94687652587893
0 0.0114 0.0 65.55535507202151 51.55673027038574 88.5331840515137
0 0.0113 217.60841369628906 206.22664642333984 272.59605407714844 227.85597991943362
0 0.0112 487.4515914916992 46.305496215820334 542.7411270141602 67.7750701904297
0 0.0112 426.49532318115234 166.78389739990237 483.62239837646484 187.28728485107422
0 0.0111 487.691650390625 206.17366027832034 542.5215911865234 227.90843200683597
0 0.0108 106.22004985809326 116.91743087768558 163.87596607208252 137.15150070190433
0 0.0104 366.96563720703125 76.55732345581056 423.1877136230469 97.51904678344728
0 0.0102 447.44049072265625 -33.69182395935055 502.7520751953125 -12.228200912475556
0 0.0102 608.885498046875 504.718677520752 638.75 520.7499809265137
0 0.0100 17.924041748046875 6.048395156860379 72.30805397033691 28.035966873168967
