0 0.0349 497.6991271972656 -114.32866907119748 552.5143432617188 -92.5888953208923
0 0.0334 197.7426528930664 -49.23334693908689 343.9836120605469 12.160123825073262
0 0.0326 117.83918380737305 15.599612236022967 172.38483428955078 37.484692573547385
0 0.0293 108.61370086669922 45.13874435424807 161.68035507202148 67.94906997680665
0 0.0290 137.78013229370117 -14.37625503540037 192.44081497192383 7.458843231201191
0 0.0290 148.13055038452148 -44.5741329193115 202.1204948425293 -22.34083747863767
0 0.0282 168.14336776733398 35.423854827880874 222.10760116577148 57.66205215454103
0 0.0272 217.32318878173828 95.87330245971683 272.85900115966797 117.20619583129884
0 0.0264 497.61180877685547 -84.27904701232907 552.593879699707 -62.638879776000955
0 0.0262 177.1542739868164 135.96331024169922 233.01368713378906 157.11508178710938
0 0.0257 198.0211639404297 65.49343490600587 252.21927642822266 87.59159469604494
0 0.0254 0.0 171.38586425781253 638.75 510.25000000000006
0 0.0234 237.09224700927734 125.99058532714844 293.0718231201172 147.0865478515625
0 0.0234 108.72993469238281 75.06204986572267 161.57583236694336 98.02561187744142
0 0.0230 437.17071533203125 -104.04890155792233 492.9994201660156 -82.87314033508298
0 0.0227 167.78850555419922 165.6303825378418 222.43061065673828 187.45396041870117
0 0.0227 158.10376644134521 105.44607543945315 212.14388370513916 127.63948822021487
0 0.0220 157.96575546264648 -74.47653865814206 212.27022171020508 -52.43902301788328
0 0.0218 87.63195037841797 -44.28910827636716 142.57518768310547 -22.628532409667947
0 0.0208 228.9619255065918 34.8938789367676 281.3700294494629 58.19172286987306
0 0.0206 77.71595239639282 -14.334197998046852 132.49805212020874 7.417320251464865
0 0.0199 397.1086120605469 -84.01436901092526 453.0559539794922 -62.9078207015991
0 0.0199 258.7068176269531 65.06712341308597 311.5988540649414 88.01912689208986
0 0.0194 118.3404541015625 135.30359649658203 171.92895889282227 157.78276824951175
0 0.0191 277.8639507293701 105.57632827758792 332.3643207550049 127.50675582885744
0 0.0185 347.9204559326172 -44.445987701415994 402.31048583984375 -22.469135284423807
0 0.0184 358.18389892578125 -4.598175048828103 412.0703125 17.684539794921896
0 0.0182 97.56123542785645 -74.25137138366696 152.64012336730957 -52.666898727416964
0 0.0180 226.82559967041016 156.12505340576172 283.3172607421875 176.9496765136719
0 0.0180 98.66764068603516 105.10254287719728 151.6320037841797 127.9851188659668
0 0.0178 219.01464462280273 -75.1228675842285 271.31860733032227 -51.788917541503885
0 0.0175 58.64006280899048 25.12417697906496 111.65605306625366 47.96401882171633
0 0.0172 328.94630432128906 24.924053192138697 381.3798522949219 48.16433334350588
0 0.0170 158.6746072769165 195.1025619506836 211.6247320175171 217.985710144043
0 0.0163 319.0737533569336 54.83595275878908 371.2656784057617 78.25205230712892
0 0.0156 407.3691940307617 -54.147764205932596 462.81604766845703 -32.77187919616697
0 0.0156 278.70548248291016 -74.91602516174314 331.59656524658203 -51.99545478820799
0 0.0151 285.42067527770996 10.072998046875021 324.76677894592285 43.031639099121115
0 0.0149 108.39740753173828 165.27315521240237 161.87633514404297 187.81404876708987
0 0.0143 337.6948928833008 -74.3219242095947 392.51720428466797 -52.59501075744626
0 0.0142 608.9770698547363 494.1497077941895 638.7499809265137 510.2499809265137
0 0.0142 297.7804183959961 135.6241455078125 352.4404525756836 157.4585189819336
0 0.0141 387.90069580078125 25.56377315521242 442.32887268066406 47.52076053619387
0 0.0139 407.7159118652344 -24.335809707641577 462.49847412109375 -2.581315994262673
0 0.0139 217.4018669128418 185.8369007110596 272.785587310791 207.244047164917
0 0.0134 328.5952377319336 85.14557266235353 381.69811248779297 107.94151687622073
0 0.0132 397.60562896728516 -124.27947139739987 452.6003646850586 -102.63907051086422
0 0.0132 609.5088005065918 454.07965087890625 638.7500190734863 478.946746826172
0 0.0130 48.721580505371094 55.0662078857422 101.58363342285156 78.02126312255861
0 0.0129 509.3730926513672 54.62122344970704 560.99853515625 78.46544647216798
0 0.0127 98.61909866333008 195.1336898803711 151.6758155822754 217.95389556884766
0 0.0125 157.66538619995117 -104.30937266349791 212.5450325012207 -82.6083252429962
0 0.0122 511.90391540527344 81.34180450439455 638.75 181.12707519531253
0 0.0121 347.93750762939453 115.53779983520508 402.2964096069336 137.54619979858398
0 0.0121 287.57533073425293 165.7391395568848 342.62768745422363 187.34241867065433
0 0.0120 507.91149139404297 -54.44393730163572 562.3193740844727 -32.47170066833494
0 0.0118 378.3380889892578 55.30952835083009 431.93016052246094 77.77748489379884
0 0.0118 213.06254386901855 -123.58583068847653 328.191499710083 -73.93595314025877
0 0.0115 609.5830535888672 334.01354217529297 638.75 359.0113296508789
0 0.0115 97.69613265991211 -104.32548141479491 152.51670837402344 -82.59187316894528
0 0.0113 358.040771484375 145.4826202392578 412.20130920410156 167.60260009765625
0 0.0109 562.0960235595703 -128.49999999999997 638.75 -16.033760070800767
0 0.0105 347.5910186767578 -104.26756596565245 402.6128387451172 -82.65048480033873
0 0.0100 48.429222106933594 85.24723434448245 101.8488883972168 107.83913040161136
