0 0.0993 518.2307052612305 56.871517181396484 572.0282363891602 79.21469497680665
0 0.0768 528.7185668945312 86.56834411621094 581.5863037109375 109.5191650390625
0 0.0709 518.1103134155273 26.93829345703126 572.138786315918 49.14671707153321
0 0.0425 526.9629669189453 207.556303024292 583.1907653808594 228.51968574523926
0 0.0371 528.6492156982422 116.61207962036133 581.649169921875 139.47520065307617
0 0.0325 458.66649627685547 36.60727310180665 511.63219451904297 59.48094177246094
0 0.0284 518.812255859375 -3.4985466003417907 571.5030670166016 19.585292816162113
0 0.0283 574.8622131347656 52.69375133514405 615.2828216552734 83.5110216140747
0 0.0283 517.4736785888672 177.29323196411133 572.720947265625 198.78744888305664
0 0.0270 586.4138793945312 217.81750488281247 638.75 238.25199890136716
0 0.0254 0.0 192.88586425781247 638.75 531.75
0 0.0252 469.1095733642578 76.31336975097656 521.2331390380859 99.77486419677734
0 0.0229 0.0 -107.00000000000001 510.9122848510742 174.5149688720703
0 0.0220 467.2795867919922 197.39403533935547 522.8995513916016 218.68477630615232
0 0.0218 399.30423736572266 36.17838668823243 451.05846405029297 59.90959930419923
0 0.0204 496.62750244140625 227.72198486328125 553.4999847412109 248.3507995605469
0 0.0199 518.1666946411133 146.9057731628418 572.0873641967773 169.1795997619629
0 0.0194 576.7858505249023 187.6416473388672 633.354606628418 208.4322052001953
0 0.0190 586.2641143798828 237.8882293701172 638.75 258.17974853515625
0 0.0185 519.3657684326172 -33.87376976013183 571.0051727294922 -10.039579391479485
0 0.0176 418.6819839477539 6.594999313354498 471.61869049072266 29.492910385131843
0 0.0164 512.6921272277832 -106.99999999999999 638.7499809265137 -37.15076160430907
0 0.0163 580.8047103881836 86.03348541259766 608.7861251831055 130.27535247802734
0 0.0163 409.62196350097656 65.9408073425293 460.77613830566406 90.14509963989258
0 0.0155 608.9490509033203 515.6710700988768 638.75 531.7499809265137
0 0.0149 355.40897369384766 51.601951599121094 394.77710723876953 84.50516510009766
0 0.0147 609.4955444335938 485.5902175903321 638.75 510.43633270263666
0 0.0146 484.8686218261719 102.6822166442871 525.2767944335938 133.52148818969727
0 0.0142 578.9011001586914 26.45002174377442 631.4214706420898 49.63777351379395
0 0.0134 349.6515655517578 25.914237976074222 400.7506561279297 50.170944213867195
0 0.0128 474.60052490234375 3.14026641845704 515.5298614501953 33.10641098022462
0 0.0124 418.7411117553711 -23.444444656372063 471.56558990478516 -0.4677791595458901
0 0.0119 607.5448799133301 266.8328552246094 638.7499809265137 289.1857604980469
0 0.0116 315.41497230529785 51.58697414398194 354.77179527282715 84.5188455581665
0 0.0112 458.4671401977539 166.7261962890625 511.81400299072266 189.36062622070312
0 0.0112 418.06034088134766 216.97300720214847 472.1830368041992 239.1125946044922
0 0.0104 350.68981170654297 84.89899444580078 378.9224624633789 131.12705993652344
0 0.0103 474.81922149658203 -27.234868526458737 515.3236770629883 3.4462599754333563
0 0.0103 359.2821502685547 -3.8092632293701105 411.0789489746094 19.896848678588874
0 0.0103 380.6957244873047 84.94808959960938 408.9154052734375 131.08887481689453
0 0.0103 574.3924140930176 137.8368263244629 638.7499809265137 187.74702835083008
0 0.0101 419.83577728271484 95.76851654052733 470.5880355834961 120.31491088867188
0 0.0100 607.7800750732422 296.70613098144526 638.75 319.3151550292969
