0 0.1904 -37.584023952484124 8.5007905960083 -4.478477716445915 22.80375361442566
0 0.1818 -0.183301448822015 8.567199110984802 33.110529899597175 22.737672924995422
0 0.1460 -43.65807700157165 27.137166261672974 -10.887461185455317 41.66771173477173
0 0.1280 -64.69215008616447 5.53835928440094 -39.948260813951485 25.79270601272583
0 0.1006 36.746818542480476 8.89531522989273 71.13049697875978 22.40612357854843
0 0.0954 -5.8392934799194265 26.916390657424927 26.326424598693855 41.88808798789978
0 0.0862 -61.30583810806273 26.29663795232773 -43.68904161453247 54.994286596775055
0 0.0723 -43.46107172966002 45.75019329786301 -11.06396842002868 60.55418998003006
0 0.0628 74.24776029586792 2.6422709226608276 108.63019895553589 16.15879237651825
0 0.0487 31.14087057113648 27.27160155773163 64.29316473007202 41.533586382865906
0 0.0446 -8.453130006790154 43.06076914072037 16.3118965625763 63.27227205038071
0 0.0402 68.22045516967775 21.27232253551483 102.1756477355957 35.030850768089294
0 0.0355 -68.0 55.13111352920532 -46.348958492279046 76.16496086120605
0 0.0324 -33.514737367630005 61.933016777038574 -8.630906820297236 81.91086053848267
0 0.0296 -43.174140930175774 370.5331325531006 -11.318557739257807 385.7691764831543
0 0.0281 -8.363824367523188 374.1117238998413 16.230828285217292 394.7039842605591
0 0.0259 16.636664390563972 374.10969734191895 41.23047065734864 394.70582008361816
0 0.0257 -8.375673770904534 349.137020111084 16.241712093353275 369.68088150024414
0 0.0254 105.62377643585206 15.074831247329712 139.76443481445312 28.727421164512634
0 0.0254 -68.0 187.4286651611328 331.21875 399.21875
0 0.0252 -43.47634243965149 389.20860290527344 -10.987668514251704 399.21875
0 0.0250 16.404656291008 43.34665387868881 41.44330990314484 63.011910021305084
0 0.0243 -43.4686489701271 352.00252532958984 -11.056546151638024 366.80145263671875
0 0.0229 -68.0 0.0 251.32017803192142 175.94685554504395
0 0.0226 44.36709356307984 382.9909324645996 76.14697885513306 398.30965995788574
0 0.0219 62.37757873535158 39.778466522693634 95.55552673339844 54.026465117931366
0 0.0204 -68.0 330.4166078567505 -46.24465036392211 350.90386867523193
0 0.0199 -5.436717748641961 64.08780813217163 25.97282004356385 79.71162796020508
0 0.0191 19.46277391910554 357.9251527786255 51.06033456325532 373.3760118484497
0 0.0190 -27.208685159683224 330.56492805480957 -2.432250261306757 350.768518447876
0 0.0189 -68.0 355.62074184417725 -46.15971076488494 375.7176160812378
0 0.0179 -68.0 305.25922775268555 -46.30510139465331 326.0477066040039
0 0.0177 99.71089434623718 33.63023102283478 133.20695233345032 47.674015164375305
0 0.0175 -68.0 376.70719623565674 -42.643546342849724 392.093300819397
0 0.0173 -2.0948522090911794 324.07052516937256 22.46344161033631 344.7416067123413
0 0.0169 81.73082542419434 383.10182094573975 113.76660537719727 398.2005834579468
0 0.0156 -67.55448657274245 276.31633281707764 -49.94060623645781 304.98011112213135
0 0.0149 252.43257951736453 0.0 331.21873807907104 43.655773997306824
0 0.0148 50.45184564590454 358.133339881897 82.54033994674683 373.1705904006958
0 0.0148 -8.363109111785882 292.86067485809326 16.230124950408943 313.4549379348755
0 0.0139 93.62841320037843 52.2769570350647 126.80500221252441 66.5278434753418
0 0.0135 43.829829216003425 58.397215604782104 76.62299346923828 72.90794253349304
0 0.0130 22.754210948944092 336.89990043640137 47.601074695587165 356.94103240966797
0 0.0130 -33.567229688167565 305.7844400405884 -8.582026541233056 325.5685567855835
0 0.0120 -68.0 255.24492263793945 -46.31029295921325 276.0607719421387
0 0.0114 87.59167861938478 77.1394670009613 120.36228847503662 91.66571497917175
0 0.0112 119.24656105041505 383.0885171890259 151.25292015075684 398.2136011123657
0 0.0109 -68.0 76.31351947784424 -42.995419383049004 92.4761414527893
0 0.0109 -33.539111196994774 280.7281017303467 -8.607975423336022 300.61984062194824
0 0.0109 312.6190609931946 389.1493320465088 331.2187380790711 399.21875
0 0.0105 251.93994712829593 56.15112781524658 331.21875 118.51692199707031
0 0.0100 -14.560549736022944 80.23570775985718 9.932965755462654 101.06920003890991
