0 0.0529 357.1358108520508 -79.0289268493652 413.03112030029297 -57.89311981201169
0 0.0431 118.49374771118164 10.214218139648457 171.78888320922852 32.87332916259767
0 0.0384 316.941614151001 -98.93195247650142 373.2101345062256 -77.99209690093991
0 0.0318 118.42195510864258 -19.74130249023435 171.85394287109375 2.828659057617208
0 0.0317 357.79701232910156 -49.3796691894531 412.42401123046875 -27.536731719970682
0 0.0292 377.2962188720703 -109.11426281929012 432.88414001464844 -87.80672526359555
0 0.0276 297.1549606323242 -69.0367851257324 353.0130386352539 -47.88478469848631
0 0.0267 178.0665397644043 0.46755218505861496 232.17782974243164 22.61778259277346
0 0.0266 98.83968353271484 39.99367141723634 151.47613525390625 63.094524383544936
0 0.0254 0.0 156.38586425781256 638.75 495.25
0 0.0244 257.26036071777344 -99.09298515319821 312.9165267944336 -77.82791709899901
0 0.0241 74.99661445617676 5.948280334472678 115.15692710876465 37.23394775390627
0 0.0241 348.90235900878906 19.951004028320334 401.41990661621094 43.13703918457033
0 0.0237 348.5251235961914 -19.805332183837866 401.7604446411133 2.8929748535156468
0 0.0229 0.0 -143.49999999999997 510.9122848510742 138.0149688720703
0 0.0220 217.41107940673828 -79.17167282104488 272.77801513671875 -57.74789428710935
0 0.0210 177.8820037841797 -29.425645828247045 232.34596252441406 -7.489934921264626
0 0.0206 168.22965621948242 30.37290954589846 222.02905654907227 52.71341705322268
0 0.0206 297.9234313964844 -39.448514938354464 352.30796813964844 -17.466722488403295
0 0.0205 128.11285018920898 -49.557958602905245 182.13531494140625 -27.356248855590795
0 0.0200 418.3097839355469 -79.67834806442258 471.9569396972656 -57.2354779243469
0 0.0196 337.3411178588867 -129.13817501068112 392.84297943115234 -107.78248882293697
0 0.0191 227.53032684326172 -49.233795166015604 282.6682662963867 -27.684589385986307
0 0.0180 511.90391540527344 -93.65819549560545 638.75 6.127075195312522
0 0.0169 238.0038070678711 -19.49676132202146 292.23514556884766 2.5816574096679896
0 0.0166 298.67671966552734 0.09629154205324265 351.6238784790039 22.99129390716555
0 0.0165 228.24726104736328 20.362018585205096 282.0131301879883 42.72430801391603
0 0.0164 349.1300582885742 49.79601287841799 401.2154769897461 73.29176330566408
0 0.0159 68.88081550598145 -40.03196334838864 121.43876075744629 -16.879592895507788
0 0.0155 157.87030696868896 -79.42149734497067 212.3572015762329 -57.49452209472654
0 0.0155 288.3768081665039 30.28135681152345 341.89598083496094 52.8051223754883
0 0.0152 399.26769256591797 -0.3047523498534949 451.09310150146484 23.391574859619162
0 0.0146 78.5513710975647 -69.82264137268064 131.73690557479858 -47.08977317810055
0 0.0137 405.0714874267578 25.803398132324237 445.0874328613281 57.365669250488295
0 0.0133 277.50240325927734 -129.222541809082 332.6947021484375 -107.69661998748776
0 0.0132 419.0745544433594 -50.16908264160154 471.2659454345703 -26.743522644042944
0 0.0131 511.90391540527344 26.341804504394545 638.75 126.1270751953125
0 0.0131 54.85835075378418 36.1959686279297 95.28690338134766 67.00899505615236
0 0.0118 34.930009841918945 6.067379951477072 75.21961212158203 37.125758171081564
0 0.0116 0.0 -64.74139785766599 34.8438286781311 -32.137866973876925
0 0.0116 197.8926658630371 -109.43454241752622 252.33686447143555 -87.48140072822568
0 0.0110 575.2654266357422 -143.49999999999997 638.75 -108.6251125335693
0 0.0107 88.72323989868164 70.06781005859376 141.5815544128418 93.02004241943361
0 0.0103 0.0 159.81008911132812 51.22821807861328 183.27822113037107
0 0.0102 0.0 39.518722534179695 50.868120193481445 63.56783294677736
0 0.0100 608.9482879638672 479.17164230346674 638.75 495.2500190734863
