0 0.3990 437.7426528930664 112.76664352416994 583.9835739135742 174.16011428833008
0 0.2141 510.2255630493164 85.91649627685547 560.2511978149414 111.15857696533205
0 0.2113 417.7426528930664 172.7666530609131 563.9835739135742 234.1601047515869
0 0.1771 460.9690475463867 84.87302398681642 509.6724319458008 112.14505767822266
0 0.1571 392.93956756591797 80.17924880981447 457.6736831665039 116.69963455200197
0 0.1364 371.7426300048828 118.20022201538085 438.6128234863281 178.46091842651367
0 0.0890 360.8217239379883 55.25109863281251 409.7561264038086 81.79872131347656
0 0.0744 560.0129318237305 86.11699676513673 610.4335403442383 110.96353149414064
0 0.0706 345.7921600341797 81.04180908203125 384.44541931152344 115.97680664062501
0 0.0657 330.65601348876953 25.462575912475597 379.8893356323242 51.5970859527588
0 0.0624 420.16387939453125 55.97970581054688 470.3031921386719 81.09757995605469
0 0.0548 469.9555969238281 56.16778945922854 520.4831695556641 80.91388320922852
0 0.0525 293.06254386901855 178.4141788482666 408.191499710083 228.06404685974118
0 0.0502 310.8074188232422 55.26239013671876 359.76898193359375 81.78735351562501
0 0.0458 310.0688934326172 -3.931917190551743 360.38482666015625 21.011472702026378
0 0.0435 340.6035614013672 124.80855560302733 369.0263366699219 172.10553741455078
0 0.0359 285.4659366607666 21.964241027832042 324.7262477874756 55.13105010986329
0 0.0353 529.4990158081055 56.52505493164063 580.8871078491211 80.56050872802734
0 0.0351 299.2942810058594 -33.316594600677476 351.06781005859375 -9.595686435699449
0 0.0311 397.7426528930664 232.76666259765625 543.9835739135742 294.16009521484375
0 0.0305 380.2940368652344 25.859008789062514 430.1909637451172 51.215358734130874
0 0.0302 259.89830017089844 -3.7885227203369003 310.5342483520508 20.870405197143565
0 0.0274 305.5795383453369 81.66890716552734 344.62653160095215 115.40135955810547
0 0.0242 360.0546646118164 -3.919576644897446 410.39722442626953 20.999361038208022
0 0.0227 260.05685806274414 56.06359100341797 310.39831161499023 81.01419067382812
0 0.0216 288.7046813964844 490.4805908203125 371.9566345214844 532.25
0 0.0211 310.69576263427734 125.46155548095705 338.91544342041016 171.5801773071289
0 0.0202 574.3924140930176 358.33680725097656 638.7499809265137 408.2470092773437
0 0.0202 349.40216064453125 -43.39869165420531 400.9723663330078 -19.514600276947004
0 0.0194 350.7252502441406 303.59803771972656 571.5412902832031 402.7982482910156
0 0.0193 245.28814315795898 22.366734504699718 284.8872184753418 54.76346111297608
0 0.0189 273.06254386901855 238.41416931152344 388.191499710083 288.0640563964844
0 0.0186 255.08121490478516 -37.20971488952635 295.07781982421875 -5.622400283813462
0 0.0173 609.3506622314453 -33.79819059371947 638.75 -9.174305438995345
0 0.0155 512.6921272277832 -106.49999999999997 638.7499809265137 -36.65076160430907
0 0.0153 259.32247161865234 146.65473556518555 311.0443878173828 170.43170547485352
0 0.0149 0.0 392.071548461914 255.418701171875 532.25
0 0.0143 588.6067390441895 110.51847076416017 638.7499809265137 176.6960678100586
0 0.0142 17.99036979675293 217.51206970214844 72.24717140197754 239.57292175292966
0 0.0140 574.3924140930176 -1.6631832122802588 638.7499809265137 48.24701881408693
0 0.0135 0.0 -106.49999999999997 255.4166603088379 34.204278945922866
0 0.0133 380.8809280395508 477.85493469238276 438.4689712524414 532.25
0 0.0131 265.03334045410156 82.86363220214845 305.1242446899414 114.31096649169925
0 0.0127 480.9901428222656 449.48112106323237 638.75 532.2500190734863
0 0.0125 298.5800075531006 -62.841290473937974 351.7111301422119 -40.07115268707274
0 0.0122 259.00978088378906 116.8696746826172 311.32530212402344 140.21703338623047
0 0.0122 429.67288970947266 26.396490097045913 480.7320785522461 50.688348770141616
0 0.0121 574.3924140930176 298.33680725097656 638.7499809265137 348.24700927734375
0 0.0119 574.3924140930176 178.33681678771973 638.7499809265137 228.24699974060056
0 0.0108 188.11857223510742 210.59823608398438 272.60263442993164 276.626220703125
0 0.0106 0.0 186.9739303588867 51.445579528808594 210.11460876464844
0 0.0105 233.06254386901855 298.41416931152344 348.191499710083 348.0640563964843
0 0.0101 0.0 63.59801864624024 211.54129028320312 162.7983055114746
