0 0.0552 318.43385100364685 -59.19517949223518 361.41321063041687 -42.30326786637306
0 0.0446 364.60816860198975 -58.839600533246994 408.9336395263672 -42.665768414735794
0 0.0414 271.6004252433777 -59.219527989625924 314.50051069259644 -42.27886721491814
0 0.0355 411.36062145233154 -58.783888816833496 455.92260360717773 -42.72327199578285
0 0.0300 458.8800072669983 -59.108376502990716 499.0234375 -42.39283688366413
0 0.0260 310.90810894966125 -35.914961248636246 353.3379137516022 -18.70618388056755
0 0.0254 0.0 171.78583145141602 499.0234375 436.5234375
0 0.0233 387.9008889198303 -43.14017295837402 432.50370025634766 -27.115948498249054
0 0.0229 0.0 -62.499999999999986 399.15022253990173 157.43356943130493
0 0.0179 224.82437640428543 -59.27298590540886 267.53466576337814 -42.22453758120537
0 0.0179 302.88150906562805 -12.36295700073242 345.72234749794006 4.614584147930144
0 0.0173 467.1153426170349 -35.89482232928276 499.0234375 -18.727209419012066
0 0.0154 263.8336718082428 -35.805176943540566 306.6456615924835 -18.817592412233353
0 0.0148 357.4463427066803 -27.91619300842285 400.52106976509094 -11.082343757152557
0 0.0143 302.55553126335144 11.251769959926605 346.0206687450409 27.872689068317413
0 0.0132 294.78636384010315 34.66590493917465 338.16853165626526 51.33382230997085
0 0.0132 475.4892736673355 33.75536948442459 499.0234225988388 52.20400542020798
0 0.0131 449.58649575710297 409.96587276458735 499.0234524011612 436.5234375
0 0.0128 263.72063159942627 50.19503831863403 306.74898624420166 67.05650687217712
0 0.0126 22.163555026054382 -59.5431886613369 63.98674100637436 -41.95189476013183
0 0.0119 475.558876991272 189.96042013168332 499.0234375 208.49919319152832
0 0.0115 14.4110769033432 237.298846244812 56.11894279718399 254.956841468811
0 0.0114 349.19583797454834 34.80806201696396 393.1118845939636 51.18908733129501
0 0.0114 294.7392165660858 65.94130396842957 338.21168541908264 82.55812525749207
0 0.0113 475.5406975746155 166.5343344211578 499.0234375 185.05018949508667
0 0.0109 255.99786639213562 18.89680325984955 298.85414242744446 35.855501890182495
0 0.0108 22.17692881822586 260.76215505599976 63.97438049316406 278.36793661117554
0 0.0107 475.6111055612564 57.1141093969345 499.0234225988388 75.72074234485626
0 0.0106 69.68480348587036 -59.95936878025532 110.27762293815613 -41.5344275534153
0 0.0103 287.17589378356934 89.24794197082518 330.170214176178 106.12875223159789
0 0.0103 475.6317287683487 213.3501172065735 499.0234225988388 231.98473453521729
0 0.0103 411.8465483188629 -27.767661958932873 455.4729759693146 -11.233668774366379
0 0.0101 6.683778017759323 205.99690079689026 48.22902753949165 223.75914454460144
