0 0.1442 136.55276596546173 238.69386315345764 183.75645577907562 253.53345274925232
0 0.1156 128.6318600177765 223.10936450958252 176.0457456111908 237.86610364913938
0 0.1018 137.17535138130188 254.06330823898315 183.17613005638123 269.4222927093506
0 0.0882 75.29151439666748 175.66034197807312 120.1050877571106 191.58217310905457
0 0.0806 82.62725546956062 191.5003657341003 128.35968658328056 206.98654651641843
0 0.0804 14.287672936916351 143.6217576265335 56.23145401477814 161.13315522670746
0 0.0795 120.92217803001404 207.4432075023651 168.13740134239197 222.2835123538971
0 0.0719 21.830178797245026 167.21686720848083 64.28994983434677 184.41161513328552
0 0.0706 60.657501220703125 151.7239660024643 103.56727242469788 168.65305602550504
0 0.0624 90.7905139029026 238.22146654129025 135.8460746705532 254.020094871521
0 0.0593 128.63945960998535 191.85671210289 176.03856325149536 206.61893486976624
0 0.0533 6.779409945011139 120.00037729740141 48.142194747924805 137.8810852766037
0 0.0507 75.19985735416412 206.9547474384308 120.18948793411255 222.78705239295957
0 0.0499 137.854665517807 269.3830728530884 182.54610896110535 285.36051511764526
0 0.0491 82.84885063767433 222.65484929084778 128.15335020422935 238.33516240119934
0 0.0488 68.13673675060272 128.4658908843994 111.68502271175385 145.03377676010132
0 0.0461 120.81041559576988 176.23745650053024 168.2417131960392 190.98783284425735
0 0.0394 105.61758652329445 160.43832898139954 152.2136889398098 175.54259300231934
0 0.0387 37.65380196273327 190.54228067398068 79.73319478332996 207.9627513885498
0 0.0313 91.79551899433136 261.1621022224426 134.91930067539215 277.96447277069086
0 0.0311 183.7686002254486 238.55230212211606 230.31452298164368 253.67894768714905
0 0.0299 105.88943585753441 144.6988433599472 151.96073427796364 160.03550589084625
0 0.0296 175.449401140213 223.129540681839 222.9749858379364 237.84473538398743
0 0.0279 3.885038197040558 187.10771203041077 35.2957546710968 211.47564053535461
0 0.0254 0.0 171.78583145141602 499.0234375 436.5234375
0 0.0248 167.58877038955688 207.52355456352234 215.20736813545227 222.20012545585632
0 0.0232 184.47847664356232 253.86908650398254 229.6549528837204 269.6208655834198
0 0.0232 90.73163941502571 113.24286460876465 135.90193912386894 128.99714708328247
0 0.0229 0.0 -62.499999999999986 399.15022253990173 157.43356943130493
0 0.0200 113.93178999423981 128.97256016731262 159.56000983715057 144.51438188552856
0 0.0193 107.45283588767052 284.5780849456787 150.5156196653843 301.4230728149414
0 0.0190 448.74407351017 -43.096236884593964 499.0234225988388 -4.103884100914001
0 0.0179 44.996343553066254 104.87063229084013 87.97494322061539 121.7564195394516
0 0.0159 0.0 96.29839658737183 39.97514396905899 114.7078275680542
0 0.0151 448.74407351017 113.15377056598663 499.0234225988388 152.146115899086
0 0.0142 448.74407351017 3.7787631154060364 499.0234225988388 42.7711084485054
0 0.0141 152.03383564949036 160.62135994434357 199.5169222354889 175.3533035516739
0 0.0137 0.0 213.2808268070221 39.72073644399643 232.09938406944275
0 0.0129 448.74407351017 66.27877056598663 499.0234225988388 105.271115899086
0 0.0116 0.0 142.7633762359619 14.759122394025326 177.7806282043457
0 0.0115 161.80381178855896 284.7553789615631 205.51201701164246 301.2430965900421
0 0.0114 175.53696036338806 191.8455958366394 222.8931188583374 206.6299319267273
0 0.0103 42.701996862888336 210.9749913215637 74.58943873643875 234.52335596084592
0 0.0102 475.3616899251938 158.8345170021057 499.0234524011612 177.1240532398224
