0 0.1766 -74.06969070434569 306.8075942993164 -35.64376354217529 343.1534194946289
0 0.1592 -74.07135486602783 346.5370559692383 -35.617680549621575 383.4036636352539
0 0.1357 -31.88142776489258 317.0982360839844 52.60263442993164 383.126220703125
0 0.1282 -74.15269374847412 267.3298454284668 -35.59733867645263 302.6717948913574
0 0.0942 -80.0 387.0426559448242 -45.57747364044189 422.9368209838867
0 0.0741 -34.24910545349121 277.6795196533203 4.47925567626953 312.3502731323242
0 0.0686 -46.93746566772461 384.91416931152344 68.19150924682617 434.5640563964844
0 0.0504 -80.0 228.00331115722656 -45.42098999023437 262.0531463623047
0 0.0496 5.7364559173583975 277.7313423156738 44.49072837829589 312.3026466369629
0 0.0361 -29.504251480102536 252.14765548706055 20.021324157714844 277.9195213317871
0 0.0356 60.55236816406249 321.0103988647461 89.08828735351562 368.8570785522461
0 0.0344 45.59413909912109 278.14531326293945 84.61229324340819 311.9229316711426
0 0.0330 -79.99999999999999 427.45922088623047 -45.5411410331726 462.55298614501953
0 0.0279 90.56421279907227 321.0688781738281 119.07388687133788 368.8056945800781
0 0.0254 -79.99999999999999 0.0 558.75 339.48570251464844
0 0.0254 -44.67820048332214 218.79287719726562 -5.143386125564575 251.3308334350586
0 0.0244 370.5457305908203 140.9769582748413 399.0963745117187 188.88636112213135
0 0.0244 120.5860137939453 321.18656158447266 149.0474700927734 368.7045669555664
0 0.0237 -79.30732488632202 181.9406509399414 -51.08085870742797 228.09707641601562
0 0.0231 20.393304824829098 252.25818634033203 70.10695457458496 277.81299591064453
0 0.0222 70.5516242980957 371.00887298583984 99.08922195434569 418.8589096069336
0 0.0219 150.59898376464844 321.26163482666016 179.0317916870117 368.64124298095703
0 0.0216 58.177642822265625 357.02497482299805 558.75 638.7500190734863
0 0.0207 85.6126022338867 278.09825897216797 124.595947265625 311.96605682373047
0 0.0197 -4.52726364135742 218.4522819519043 34.71975326538086 251.6419792175293
0 0.0187 340.5808639526367 141.15924835205078 369.05368804931635 188.7281036376953
0 0.0171 180.62171936035153 321.4023971557617 209.0043258666992 368.5243606567383
0 0.0171 235.56686401367182 58.21216344833374 274.6366882324218 91.86172723770142
0 0.0171 100.59331893920897 371.2327194213867 129.03863906860352 418.66634368896484
0 0.0170 365.83850860595703 97.36557960510254 404.40929412841797 132.6389217376709
0 0.0170 125.71720123291014 287.79128074645996 164.50687408447266 322.2476291656494
0 0.0166 129.37271118164062 613.1154632568359 181.0001754760742 636.9703674316406
0 0.0164 220.64208984374997 171.5435791015625 248.97975921630857 218.4099578857422
0 0.0160 400.54504394531244 140.97227096557617 429.0972137451172 188.89020919799805
0 0.0157 69.41049575805664 613.0881500244141 120.96639633178711 636.9975280761719
0 0.0157 280.58879852294916 131.20500564575195 309.04415130615234 178.68947982788086
0 0.0150 310.58341979980463 151.17323398590088 339.0505981445312 198.716139793396
0 0.0149 250.61916351318357 151.3877296447754 279.0073776245117 198.53666305541992
0 0.0148 195.4499816894531 58.505916595458984 234.74021911621094 91.59294128417969
0 0.0146 -80.0 569.6061515808105 49.28508758544921 638.7500190734863
0 0.0144 280.63388824462885 51.486568450927734 308.9896774291992 98.45608711242676
0 0.0143 240.66669464111325 91.72234535217285 268.95015716552734 138.26682090759277
0 0.0143 370.5757141113281 191.1345672607422 399.05998229980463 238.74996185302734
0 0.0140 130.6166648864746 371.3738250732422 159.0104103088379 418.5485076904297
0 0.0134 189.55001831054688 612.9790115356445 240.843391418457 637.1051406860352
0 0.0133 205.74044227600098 137.72411346435547 244.486837387085 172.30928421020508
0 0.0133 70.69856643676756 231.97280883789062 98.91199111938477 278.0698013305664
0 0.0130 339.21478271484375 622.7534675598145 391.23977661132807 638.7499809265137
0 0.0128 170.66572189331055 271.71146392822266 198.951358795166 318.2749557495117
0 0.0128 190.69845199584958 191.98165893554688 218.91218185424805 238.0642318725586
0 0.0125 199.33280944824216 3.1531381607055664 251.033935546875 26.934080123901367
0 0.0123 -79.99999999999999 148.24516773223877 -45.346662998199456 181.83154582977295
0 0.0123 210.69564819335938 91.94631576538086 238.9154815673828 138.09009552001953
0 0.0121 -4.546325206756593 178.49437713623047 34.73717451095581 211.60350799560547
0 0.0120 160.62793731689453 371.4459228515625 188.99681091308594 418.48915100097656
0 0.0119 279.19612884521484 622.768726348877 331.2561416625976 638.7499809265137
0 0.0119 -4.297084808349609 437.81978607177734 34.52032089233398 472.2214889526367
0 0.0117 210.6582260131836 321.65340423583984 238.96034240722656 368.32088470458984
0 0.0116 100.69463729858398 231.9367790222168 128.91668319702146 278.09736251831055
0 0.0114 400.54969787597656 190.9965705871582 429.09156799316406 238.86911392211914
0 0.0113 310.64502716064453 71.55920028686523 338.97617340087885 118.39654922485352
0 0.0113 40.715742111206055 202.1222686767578 68.89149665832518 247.95459747314453
0 0.0111 529.0006828308105 622.6312255859375 558.7500190734862 638.75
0 0.0110 250.6206130981445 201.3994598388672 279.00569915771484 248.52745056152344
0 0.0110 130.71138381958008 242.07908630371094 158.89665603637692 287.98717498779297
0 0.0108 280.6070327758789 181.31139755249023 309.0220260620117 228.59983444213867
0 0.0108 399.2126083374023 622.7555084228516 451.2416458129883 638.75
0 0.0107 200.68410873413086 261.85115814208984 228.92927169799805 308.16429138183594
0 0.0104 -44.36480045318603 438.0161666870117 -5.421738624572754 472.0413589477539
0 0.0103 340.6079864501953 191.32299423217773 369.0209197998047 238.59125137329102
0 0.0102 -79.29498434066771 92.03922271728516 -51.09564542770386 138.01990509033203
0 0.0100 430.5516815185547 161.00461959838867 459.08912658691406 208.86163711547852
