0 0.2276 534.3621444702148 195.68855285644528 595.6070327758789 214.3557357788086
0 0.2164 534.6308898925781 215.58380126953125 595.3560638427734 234.463996887207
0 0.1874 534.046745300293 175.80671310424802 595.902214050293 194.23311233520508
0 0.1700 534.9217224121094 235.46974182128903 595.0843048095703 254.58221435546872
0 0.1451 578.006591796875 304.0005874633789 632.2328948974609 326.0841751098632
0 0.1132 534.1561508178711 155.76353073120117 595.8004379272461 174.27740097045896
0 0.1115 555.7726287841797 255.1142120361328 614.2918395996094 274.94880676269526
0 0.1082 587.1712493896484 274.4486999511718 638.75 295.6289672851562
0 0.0757 596.7750549316406 234.6408939361572 638.75 255.43189048767087
0 0.0745 474.7904968261719 185.5274772644043 535.2053833007812 204.5236015319824
0 0.0739 596.6105842590332 204.71946716308594 638.7499809265137 225.35144805908203
0 0.0709 475.0330352783203 205.4292869567871 534.9793243408203 224.62488174438474
0 0.0691 578.9545059204102 333.41472625732416 631.3733291625977 356.67308807373047
0 0.0686 526.1074829101562 284.9650955200195 583.9811706542969 305.10196685791016
0 0.0649 516.7319107055664 304.6740341186523 573.4029769897461 325.40019989013666
0 0.0632 596.4800262451172 174.7797966003418 638.75 195.28940200805664
0 0.0596 474.5273971557617 165.63007354736328 535.4512405395508 184.41734313964844
0 0.0570 475.4673767089844 225.25097846984863 534.5742797851562 244.8090648651123
0 0.0515 495.8076858520508 255.10406494140622 554.2580032348633 274.96025085449213
0 0.0436 534.6498107910156 135.57262420654297 595.33935546875 154.47479248046875
0 0.0415 518.1872940063477 333.89961242675776 572.0672225952148 356.1867523193359
0 0.0362 596.8144989013672 144.61828231811523 638.75 165.45442581176758
0 0.0344 474.5854187011719 145.6045150756836 535.3977966308594 164.44316864013672
0 0.0268 417.0088195800781 174.54116821289062 473.14666748046875 195.53646087646482
0 0.0254 0.0 219.8858642578125 638.75 558.75
0 0.0233 466.9797897338867 284.5497512817383 523.1747817993164 305.5266952514648
0 0.0229 0.0 -79.99999999999999 510.9122848510742 201.51496887207028
0 0.0199 416.59420013427734 144.74328994750974 473.5294723510742 165.3299522399902
0 0.0184 457.8462219238281 314.0969467163086 512.3780822753906 335.9875869750976
0 0.0174 417.335205078125 204.3728446960449 472.8466033935547 225.70764541625977
0 0.0147 609.2040252685547 362.8135299682617 638.75 387.2150039672851
0 0.0146 574.3924140930176 -55.16318321228027 638.7499809265137 -5.252971649169921
0 0.0145 608.1247138977051 113.50673675537108 638.7499809265137 136.517219543457
0 0.0143 475.1422119140625 125.37858963012694 534.8790740966797 144.67599868774414
0 0.0136 609.0957450866699 22.889919281005863 638.7500190734863 47.13865280151367
0 0.0131 437.66895294189453 244.1958618164062 492.5400924682617 265.8875274658203
0 0.0121 535.5095291137695 115.21621704101562 594.5392990112305 134.8416519165039
0 0.0115 608.9965057373047 542.6343536376953 638.75 558.7499999999999
0 0.0114 609.1543579101562 52.847909927368164 638.75 77.18052864074707
0 0.0113 549.6030044555664 362.95310974121094 600.7934188842773 387.1326446533203
0 0.0107 407.0684814453125 114.50958251953124 463.092041015625 135.5683898925781
0 0.0102 608.8269805908203 83.07138442993164 638.75 106.95661544799805
