0 0.1207 497.10594177246094 91.48698043823244 553.0583953857422 112.59080123901369
0 0.0878 506.6659164428711 61.70191001892092 563.4648513793945 82.37100791931154
0 0.0828 497.72998809814453 121.15548324584962 552.4857711791992 142.9273338317871
0 0.0634 178.79899978637695 330.5182571411132 231.5132713317871 353.5696334838867
0 0.0551 436.25240325927734 91.90018844604492 493.84654998779297 112.16870498657228
0 0.0549 118.04973602294922 320.97720336914057 172.19316482543945 343.10801696777344
0 0.0526 446.0774230957031 71.97703552246095 504.0093994140625 92.0893783569336
0 0.0514 178.27667236328125 300.84658813476557 231.98589324951172 323.240234375
0 0.0481 187.68869400024414 251.17842864990232 242.52355575561523 272.9041213989257
0 0.0467 486.19327545166016 41.92529869079592 543.9017868041992 62.14260292053224
0 0.0406 188.65062713623047 360.61270904541016 241.64752960205078 383.4748001098632
0 0.0396 437.2254180908203 121.42882537841795 492.94776916503906 142.65052032470703
0 0.0376 187.2188377380371 221.42718505859375 242.95499801635742 242.6513214111328
0 0.0364 128.3674430847168 350.78940582275385 181.90397262573242 373.29741668701166
0 0.0342 228.22629928588867 280.8711166381836 282.0329475402832 303.2146377563476
0 0.0341 127.48730182647705 281.28787231445307 182.70801067352295 302.79322814941406
0 0.0325 238.55453491210938 320.67588043212885 291.7339324951172 343.41178131103516
0 0.0318 498.15460205078125 150.9156723022461 552.0977020263672 173.1700439453125
0 0.0306 127.294921875 251.3892955780029 182.88469314575195 272.6901264190673
0 0.0302 426.17053985595703 51.93595123291018 483.92284393310547 72.13174057006837
0 0.0301 496.1189651489258 21.95822906494143 553.9709091186523 42.10866165161135
0 0.0292 156.8829584121704 191.5975112915039 213.26417446136475 212.4779052734375
0 0.0275 557.9965591430664 81.00489807128908 612.242317199707 103.07959747314453
0 0.0273 248.38130950927734 250.78201484680173 301.89117431640625 273.30496025085444
0 0.0265 386.56131744384766 71.7557830810547 443.56067657470703 92.31660079956056
0 0.0258 488.8553237915039 210.4803771972656 541.4626693725586 233.6073989868164
0 0.0257 127.2063684463501 221.43649291992188 182.96578884124756 242.64235687255857
0 0.0254 0.0 236.8858642578125 638.75 575.75
0 0.0251 257.9871940612793 -58.9893178939819 312.25080490112305 -36.92618894577023
0 0.0244 248.5694122314453 350.6663436889648 301.7205047607422 373.4213180541992
0 0.0242 247.8630256652832 221.0847015380859 302.36337661743164 242.99952697753906
0 0.0239 416.40125274658203 31.830293655395533 473.7089157104492 52.24016380310061
0 0.0231 554.589729309082 107.1572608947754 595.5401229858398 137.09103775024414
0 0.0229 0.0 -62.999999999999964 510.9122848510742 218.51496887207034
0 0.0226 549.0484237670898 210.35426330566406 601.2882614135742 233.73393249511716
0 0.0224 547.4214172363281 41.31902885437013 602.7693939208984 62.760908126831076
0 0.0212 117.3593521118164 171.3570899963379 172.82514572143555 192.7231330871582
0 0.0208 108.3311128616333 380.81008148193354 161.93725109100342 403.2763595581054
0 0.0207 376.8479919433594 101.61641311645509 433.2960510253906 122.45888900756836
0 0.0207 68.27085494995117 340.8458251953125 121.99213027954102 363.24031066894526
0 0.0206 508.7938690185547 240.51931571960446 561.5184020996094 263.56826972961426
0 0.0204 528.5488128662109 330.67378234863276 581.7403411865234 353.4130401611328
0 0.0203 217.52979278564453 191.2642974853516 272.6692581176758 212.8169937133789
0 0.0200 488.6250305175781 180.6307716369629 541.6703033447266 203.45696640014648
0 0.0194 428.3195495605469 210.81793975830078 481.9475555419922 233.26861572265625
0 0.0183 238.68330001831055 380.59489440917963 291.61733627319336 403.4931488037109
0 0.0181 177.1122169494629 161.4818115234375 233.0531120300293 182.59574127197266
0 0.0180 197.86666870117188 -58.919916629791224 252.36061096191406 -36.99620056152341
0 0.0177 406.5618133544922 11.755246639251736 463.5602569580078 32.31709909439089
0 0.0177 548.9630508422852 180.41148376464844 601.3650894165039 203.67671203613284
0 0.0177 437.6905822753906 151.1773223876953 492.5218200683594 172.9052276611328
0 0.0170 87.74236679077148 201.15040969848636 142.47407913208008 222.93278884887695
0 0.0162 608.6905670166016 210.16570281982422 638.75 233.86256408691406
0 0.0162 609.3182373046875 519.7284240722656 638.75 544.2995758056641
0 0.0162 569.2528915405273 240.21370124816895 621.104621887207 263.87426567077637
0 0.0161 608.6052703857422 60.22015762329104 638.75 83.80772781372072
0 0.0161 68.26875448226929 300.8505554199219 121.9932770729065 323.2361145019531
0 0.0159 554.7531509399414 136.88300323486328 595.385627746582 167.33939361572266
0 0.0159 67.62443542480469 231.2144012451172 122.58220672607422 252.867805480957
0 0.0158 448.4454345703125 240.7396240234375 501.8336486816406 263.34716033935547
0 0.0155 518.2319259643555 360.86699676513666 572.0280075073242 383.21868133544916
0 0.0155 178.7624168395996 390.54236602783203 231.5462303161621 413.54552459716797
0 0.0154 588.7640190124512 340.54217529296875 638.7500190734863 363.5458679199218
0 0.0153 608.9579963684082 559.6638793945311 638.7499809265137 575.7499999999999
0 0.0151 609.0666961669922 489.9112243652344 638.75 514.117462158203
0 0.0149 608.555736541748 30.251571655273455 638.7500190734863 53.776084899902365
0 0.0146 377.2795867919922 131.39691543579102 432.89886474609375 152.68231582641602
0 0.0145 608.7071228027344 180.15385818481445 638.75 203.87433242797852
0 0.0144 298.3991241455078 330.7702178955078 351.87522888183594 353.31668090820307
0 0.0142 496.2031936645508 1.9182105064392367 553.8932418823242 22.14940500259402
0 0.0142 427.57862091064453 181.23828125 482.62439727783203 202.84342956542966
0 0.0141 318.02555084228516 -59.009619235992396 372.2153854370117 -36.905405998229945
0 0.0139 609.1182136535645 459.8743743896484 638.7499809265137 484.15423583984375
0 0.0139 267.6657772064209 61.189672470092795 322.5448703765869 82.89251518249515
0 0.0136 266.9904327392578 131.54647064208982 323.1645202636719 152.5303955078125
0 0.0136 608.7711334228516 100.11361312866212 638.75 123.91499710083008
0 0.0136 67.71572351455688 261.1676712036133 122.49786138534546 282.9157180786133
0 0.0132 518.4521102905273 300.73321533203125 571.8281173706055 323.35322570800776
0 0.0131 288.35930824279785 300.79558563232416 341.91107749938965 323.291389465332
0 0.0131 609.019775390625 429.9447937011718 638.75 454.08404541015625
0 0.0129 357.68856048583984 41.18104171752931 412.52307891845703 62.90190887451173
0 0.0129 518.7485122680664 270.54663848876953 571.5597915649414 293.5405654907226
0 0.0127 207.7249526977539 51.155359268188505 262.49107360839844 72.92700004577638
0 0.0127 358.47721099853516 330.7220001220703 411.8043899536133 353.36512756347656
0 0.0126 237.452392578125 161.30789947509766 292.7397155761719 182.77308654785156
0 0.0126 298.0484676361084 270.97960662841797 352.1939182281494 293.10584259033203
0 0.0125 599.0674018859863 130.34285736083984 638.7499809265137 153.74552917480466
0 0.0125 308.40428352355957 360.7657928466797 361.870756149292 383.3209533691406
0 0.0125 268.05328369140625 -29.024470329284636 322.1898651123047 -6.890233039855928
0 0.0124 97.87084579467773 141.0777015686035 152.35681533813477 163.00622177124023
0 0.0124 608.6800956726074 370.17264556884766 638.7500190734863 393.85558319091797
0 0.0123 276.9016647338867 101.58620071411134 333.2474136352539 122.48910140991211
0 0.0123 388.23734283447266 300.86909484863276 442.0219039916992 323.2173461914062
0 0.0122 307.56935119628906 241.24606323242188 362.6322937011719 262.8359909057617
0 0.0119 58.18992614746094 170.89589309692383 112.06533432006836 193.19016647338867
0 0.0119 467.7017593383789 321.17163848876953 522.5114822387695 342.9110641479492
0 0.0118 228.8139533996582 410.51127624511713 281.4991569519043 433.5769958496094
0 0.0117 578.9629364013672 310.4108734130859 631.3653564453125 333.67724609374994
0 0.0117 48.11128377914429 370.94176483154297 102.13701486587524 393.14383697509766
0 0.0117 417.9861068725586 271.0114974975586 472.2517776489258 293.07303619384766
0 0.0116 277.36255645751953 191.3557357788086 332.8221130371094 212.7245635986328
0 0.0115 608.4491729736328 0.31820487976077166 638.75 23.708908081054712
0 0.0114 608.9058113098145 270.0216979980469 638.7499809265137 294.0069122314453
0 0.0113 297.7872943878174 31.12603378295901 352.4328136444092 52.95754623413088
0 0.0112 608.8784980773926 400.0418014526367 638.7499809265137 423.9869613647461
0 0.0112 108.56128215789795 410.67153167724604 161.72783374786377 433.4161300659179
0 0.0111 367.85755157470703 221.08466339111328 422.3691177368164 242.99906921386716
0 0.0110 327.36454010009766 71.35116767883302 382.82115936279297 92.72861671447757
0 0.0109 97.63375282287598 61.20956611633303 152.5736141204834 82.8727550506592
0 0.0109 288.3405303955078 400.80699157714844 341.92813873291016 423.27990722656244
0 0.0106 27.724218368530273 -58.84307670593258 82.49147415161133 -37.07439708709713
0 0.0106 5.475368499755859 485.4462356567382 44.717369079589844 518.6475296020508
0 0.0106 0.0 559.7191162109375 51.20542526245117 575.75
0 0.0106 207.24227905273438 131.41602706909183 262.93323516845703 152.66286087036133
0 0.0103 608.3360481262207 -49.6149520874023 638.7499809265137 -26.358969688415492
0 0.0101 168.9406394958496 420.4246063232421 221.38566970825195 443.66328430175776
