0 0.0254 0.0 219.8858642578125 638.75 558.75
0 0.0234 379.6220397949219 22.93320655822754 430.777587890625 47.151689529418945
0 0.0229 0.0 -79.99999999999999 510.9122848510742 201.51496887207028
0 0.0184 389.7161102294922 -7.136981487274169 440.69374084472656 17.221477031707764
0 0.0184 368.16112518310547 163.91126632690427 422.0918655395508 186.17441177368164
0 0.0162 48.19636344909668 33.89256477355957 102.05936431884766 56.19359016418456
0 0.0161 379.3971252441406 53.101224899291985 430.9776306152344 76.98498725891112
0 0.0157 398.2392120361328 133.86524200439453 452.0207977294922 156.22081756591797
0 0.0154 329.06131744384766 33.34221839904785 381.27735137939453 56.745500564575195
0 0.0153 429.6326446533203 32.92782783508301 480.7676696777344 57.15735435485839
0 0.0152 338.4050750732422 193.76869201660156 391.8693542480469 216.31855010986328
0 0.0142 185.26994705200195 258.9073181152344 224.9036979675293 291.22642517089844
0 0.0134 329.12975311279297 3.289136886596679 381.2172317504883 26.797628402709957
0 0.0134 439.3638610839844 3.1353187561035134 491.0052490234375 26.952419281005856
0 0.0132 27.74179458618164 4.150695800781249 82.4746036529541 25.932483673095703
0 0.0131 428.50948333740234 163.70412826538086 481.7747116088867 186.3834190368652
0 0.0129 145.1108741760254 239.2290878295898 185.05060195922852 270.9332656860351
0 0.0128 608.3630180358887 3.370018005371094 638.7500190734863 26.656417846679684
0 0.0126 398.89156341552734 193.45884323120117 451.42955780029297 216.62931442260742
0 0.0125 398.51783752441406 103.6937141418457 451.7682647705078 126.39310836791991
0 0.0125 189.5854377746582 232.96756744384763 240.80877304077148 257.11849212646484
0 0.0122 512.6921272277832 -80.0 638.7499809265137 -10.150761604309086
0 0.0122 108.39416980743408 33.773479461669915 161.87964916229248 56.31345748901367
0 0.0120 318.12926292419434 -76.06925010681152 372.1207523345947 -53.84512424468994
0 0.0118 339.33258056640625 -26.845784187316895 391.033935546875 -3.066868782043458
0 0.0117 225.2313232421875 258.98868560791016 264.9391174316406 291.152229309082
0 0.0117 338.3116149902344 133.82373809814453 391.95457458496094 156.26293182373047
0 0.0113 608.5801887512207 33.236980438232415 638.7499809265137 56.79092407226562
0 0.0113 429.29676055908203 63.17338943481445 481.0673141479492 86.9131851196289
0 0.0112 78.3749771118164 63.784332275390625 131.8972396850586 86.30241394042969
0 0.0112 308.52535247802734 163.69256973266602 361.7606735229492 186.3947868347168
0 0.0111 249.08990859985352 223.32324981689453 301.2515449523926 246.76452636718747
0 0.0111 458.3781433105469 133.78149032592773 511.8946075439453 156.30514144897458
0 0.0111 145.3217887878418 278.79566192626953 184.8563575744629 311.3283157348633
0 0.0111 0.0 163.49569320678708 51.47221088409424 186.59311294555664
0 0.0110 608.9756774902344 542.650318145752 638.75 558.7499809265137
0 0.0109 0.0 33.180341720581055 41.06260299682617 56.90749168395996
0 0.0109 185.48112869262695 298.4323120117187 224.71223831176758 331.66023254394526
0 0.0109 329.2945861816406 63.18091869354247 381.0680389404297 86.90651416778564
0 0.0106 574.3924140930176 184.8368263244629 638.7499809265137 234.74702835083008
0 0.0104 309.252405166626 223.21453094482422 361.1049556732178 246.87351226806638
0 0.0103 87.77670860290527 4.131298065185546 142.44267463684082 25.952110290527344
0 0.0101 399.03907775878906 -36.63654327392578 451.29600524902344 -13.274860382080078
0 0.0101 609.2411041259766 282.7836227416992 638.75 307.2443771362304
0 0.0100 278.8765621185303 193.47049713134766 331.4426517486572 216.61788940429688
0 0.0100 104.99406814575195 239.45088386535642 145.15953063964844 270.73161125183105
0 0.0100 0.0 -76.66479110717773 41.257596015930176 -53.24654579162597
