0 0.0550 119.87644672393799 182.7242088317871 170.55449962615967 207.35723495483396
0 0.0523 539.0740203857422 183.33171844482422 591.2663269042969 206.7557144165039
0 0.0448 119.17102813720703 213.2588958740234 171.1805534362793 236.82758331298828
0 0.0430 170.2974510192871 182.3525810241699 220.18865585327148 207.72130966186523
0 0.0421 109.80415344238281 152.79335021972656 160.61599731445312 177.2903060913086
0 0.0367 18.747577667236328 263.555908203125 71.55875205993652 286.5325164794922
0 0.0345 548.9928817749023 153.38794708251953 601.338996887207 176.69971466064453
0 0.0336 159.71588611602783 152.86346435546875 210.6938886642456 177.2210693359375
0 0.0317 539.1136932373047 213.3003234863281 591.2316131591797 236.7864990234375
0 0.0312 175.32155990600586 208.78462791442868 214.85769271850586 241.33843421936032
0 0.0291 5.282316207885742 288.88427734375 44.89205360412598 321.2474060058594
0 0.0271 8.791356086730957 233.52662086486814 61.519432067871094 256.56172752380365
0 0.0271 68.92852783203125 193.42538833618164 121.39814376831055 216.6615104675293
0 0.0271 598.8317680358887 173.49981307983396 638.7500190734863 196.5885353088379
0 0.0254 0.0 219.8858642578125 638.75 558.75
0 0.0252 488.2778549194336 163.84103775024414 541.9858932495117 186.24505996704102
0 0.0248 59.2698073387146 163.19284439086914 111.09136819839478 186.8938636779785
0 0.0246 109.13856029510498 243.29303741455078 161.20720386505127 266.79508209228516
0 0.0236 478.1725311279297 193.9021301269531 532.0820617675781 216.18324279785156
0 0.0235 598.9356994628906 203.4323501586914 638.75 226.65618896484375
0 0.0229 0.0 -79.99999999999999 510.9122848510742 201.51496887207028
0 0.0215 98.98078918457031 123.40290069580078 151.34843826293945 146.68575286865232
0 0.0206 574.3924140930176 104.83682632446288 638.7499809265137 154.74702835083005
0 0.0198 49.36179161071777 293.1294250488281 101.0086441040039 316.95732116699213
0 0.0183 0.0 322.71240234375 50.52994728088379 347.36999511718744
0 0.0172 589.1029167175293 343.31459045410156 638.7500190734863 366.7732238769531
0 0.0172 169.21905517578125 243.22738647460935 221.1370849609375 266.8592834472656
0 0.0171 512.6921272277832 -80.0 638.7499809265137 -10.150761604309086
0 0.0163 438.7504196166992 303.55281829833984 491.55643463134766 326.53545379638666
0 0.0162 574.3924140930176 44.836812019348145 638.7499809265137 94.74700450897215
0 0.0153 589.1601371765137 233.27639579772946 638.7500190734863 256.81149482727045
0 0.0152 64.61715936660767 220.1117992401123 105.51419973373413 250.13218879699704
0 0.0151 99.61926460266113 272.9399871826172 150.7791042327881 297.14553833007807
0 0.0150 8.838987350463867 203.49376678466794 61.476850509643555 226.59439086914062
0 0.0147 498.55979919433594 133.66876602172852 551.7299652099609 156.41836166381836
0 0.0144 599.076099395752 313.33702087402344 638.7499809265137 336.75140380859375
0 0.0139 428.32183837890625 163.81793975830078 481.9451904296875 186.2688064575195
0 0.0134 219.2796516418457 183.19599151611328 271.08041763305664 206.89208984374997
0 0.0134 308.6784362792969 303.59931945800776 361.62139892578125 326.4888763427734
0 0.0132 478.26904296875 223.8470458984375 531.9937896728516 246.2390899658203
0 0.0131 158.66704940795898 123.6055374145508 211.6319465637207 146.4824676513672
0 0.0131 39.07663345336914 133.33129882812497 91.2636947631836 156.75632476806638
0 0.0129 378.9384078979492 303.4282302856445 431.38721466064453 326.65996551513666
0 0.0127 608.9983940124512 542.6329040527343 638.7500190734863 558.75
0 0.0123 215.09004592895508 209.2674922943115 255.07017135620117 240.89837074279782
0 0.0119 608.8661956787109 373.04988861083984 638.75 396.97887420654297
0 0.0118 488.6341857910156 323.624038696289 541.6622161865234 346.4635467529297
0 0.0118 99.46855545043945 303.0542373657226 150.91285705566406 327.032356262207
0 0.0118 599.0116882324219 283.38050842285156 638.75 306.7079162597656
0 0.0115 297.7736759185791 274.13543701171875 352.4449062347412 295.9483337402344
0 0.0114 218.67984771728516 153.60027313232422 271.61975860595703 176.48818969726562
0 0.0112 528.6122512817383 243.63285064697263 581.6831588745117 266.4539718627929
0 0.0112 438.5243606567383 133.6919021606445 491.7618942260742 156.39526367187497
0 0.0112 98.553466796875 93.67752075195312 151.73467636108398 116.41029357910156
0 0.0109 5.167578458786011 349.11781311035156 44.99799847602844 381.03462219238276
0 0.0101 418.3482360839844 193.80126953125 471.92138671875 216.2854766845703
0 0.0100 49.63422775268555 322.9257202148437 100.76641082763672 347.1593475341797
