0 0.0586 589.9131774902344 -95.29993343353267 638.75 -70.61825561523435
0 0.0489 529.4938659667969 -94.96620225906369 580.8906555175781 -70.94754266738887
0 0.0373 590.0952911376953 -65.45608329772945 638.75 -40.464962005615206
0 0.0309 545.4454803466797 -69.4825630187988 584.7441864013672 -36.41759681701657
0 0.0298 479.27379608154297 -104.80118560791013 531.0859298706055 -81.11090469360349
0 0.0271 430.7252502441406 -17.901981353759737 638.75 81.29830551147462
0 0.0254 0.0 191.88586425781253 638.75 530.75
0 0.0234 505.44727325439453 -69.48662567138669 544.742546081543 -36.413887023925746
0 0.0231 430.7252502441406 102.09801864624025 638.75 201.2983055114746
0 0.0189 369.8460006713867 74.75100708007815 420.5808639526367 99.33104705810548
0 0.0168 0.0 102.09801864624025 211.54129028320312 201.2983055114746
0 0.0160 369.9794006347656 104.64335632324222 420.4632568359375 129.43736267089847
0 0.0153 0.0 -107.99999999999997 320.47889709472656 61.69043731689455
0 0.0152 615.2198600769043 380.55716705322266 638.7500190734863 413.5475845336914
0 0.0144 385.37742614746094 30.6700248718262 424.8059844970703 63.443004608154325
0 0.0143 353.0625534057617 -103.08583068847653 468.19149017333984 -53.43595314025875
0 0.0143 348.11859130859375 149.09827423095706 432.6026153564453 215.126220703125
0 0.0138 609.2599678039551 354.7708053588867 638.7499809265137 379.2572708129882
0 0.0130 320.7272720336914 144.22171783447268 348.87767791748047 189.8779220581055
0 0.0130 319.7368621826172 94.84721374511719 370.67535400390625 119.23716735839845
0 0.0126 28.53952407836914 235.6769866943359 81.74932479858398 258.4094543457031
0 0.0124 465.55286407470703 -69.74486637115476 504.64839935302734 -36.177638053894015
0 0.0122 370.3261184692383 214.32555389404297 420.1639938354492 239.74768829345703
0 0.0119 319.395170211792 65.1060028076172 370.97867012023926 88.98066711425784
0 0.0117 290.7374382019043 144.32076644897464 318.8656425476074 189.8032112121582
0 0.0114 345.2153015136719 31.01538848876956 384.95452880859375 63.12792968750002
0 0.0111 575.4707145690918 496.75631713867193 638.7500190734863 530.75
0 0.0110 89.67430114746094 214.88860321044928 140.73219299316406 239.19532012939456
0 0.0110 419.9337387084961 214.68234252929688 470.5031204223633 239.3991394042969
0 0.0107 295.3130626678467 190.8066101074219 334.8651599884033 223.31832122802737
0 0.0107 385.43994903564453 -9.476278305053683 424.74979400634766 23.57668113708499
0 0.0107 609.6893119812012 414.41668701171875 638.7500190734863 439.6057434082031
0 0.0106 28.772106170654297 205.529052734375 81.53898239135742 228.55784606933594
0 0.0104 609.0447998046875 194.92671203613284 638.75 219.10201263427734
0 0.0104 239.80485916137695 174.78884887695312 290.61620712280273 199.29427337646484
0 0.0100 269.56214904785156 114.98231124877931 320.83003997802734 139.10348129272464
