0 0.1599 -49.27474975585938 330.09803771972656 171.5412902832031 429.2982482910156
0 0.0906 13.062534332275387 444.91416931152344 128.19150924682617 494.5640563964844
0 0.0447 -22.25734710693359 259.2666530609131 123.98359298706053 320.6601047515869
0 0.0433 -26.937465667724606 504.91416931152344 88.19150924682617 554.5640563964844
0 0.0424 -74.38709735870361 548.0978393554688 -35.40435314178467 581.9664001464844
0 0.0402 -80.0 312.77748107910156 -39.39885616302491 337.3057556152344
0 0.0375 -44.39054012298584 588.101921081543 -5.400853157043457 621.9626998901367
0 0.0367 -80.0 452.1561813354492 -39.95285987854003 477.90943145751953
0 0.0355 -80.0 282.9070854187012 -39.25902366638184 307.17817306518555
0 0.0344 -80.0 338.79669189453125 -45.14148235321044 371.3273620605469
0 0.0342 -80.0 422.21885681152344 -39.90535736083985 447.84912109375
0 0.0341 -80.0 482.0628356933594 -40.018763542175286 507.99888610839844
0 0.0337 213.06254386901855 444.91416931152344 328.191499710083 494.5640563964844
0 0.0334 -80.0 522.0663070678711 -40.01215934753419 547.9951858520508
0 0.0327 -6.937465667724609 564.9141693115234 108.19150924682616 614.5640563964844
0 0.0326 -80.0 378.50914001464844 -45.25373458862304 411.5900421142578
0 0.0315 328.94115447998047 553.4249877929688 381.3850784301758 576.6630554199219
0 0.0311 -80.0 252.9869270324707 -39.168868064880364 277.0993232727051
0 0.0268 328.7674713134765 513.5385894775391 381.541748046875 536.5492248535156
0 0.0265 279.11376953124994 573.3105087280273 331.2293243408203 596.7777633666992
0 0.0260 -80.0 223.00725936889648 -39.14443969726563 247.07910537719727
0 0.0257 279.6357345581054 612.9106903076172 330.7679367065429 637.1724700927734
0 0.0256 339.18972015380854 583.2577514648438 391.1613082885742 606.8303680419922
0 0.0246 125.45368194580078 298.4999084472656 164.73663330078122 331.5984344482422
0 0.0241 339.50782775878906 613.0125045776367 390.8805084228515 637.0721817016602
0 0.0234 -79.99999999999999 588.5063552856445 -45.24765014648437 621.5925979614258
0 0.0234 328.89034271240234 473.4573745727539 381.4310836791992 496.6304397583008
0 0.0232 213.06254386901855 504.91416931152344 328.191499710083 554.5640563964844
0 0.0231 173.06254386901855 384.91416931152344 288.191499710083 434.5640563964844
0 0.0227 165.3379249572754 338.76220703125 204.8414421081543 371.3587951660156
0 0.0221 329.04773712158203 443.3526611328125 381.2893295288086 466.7352294921875
0 0.0220 -50.531930923461914 622.5366973876953 1.0191154479980458 638.75
0 0.0219 -11.159420013427734 233.49302291870117 41.47535324096679 256.5951728820801
0 0.0218 378.5654830932617 533.6690139770508 431.7239761352539 556.4186477661133
0 0.0213 299.30145263671875 413.17020416259766 351.0630798339844 436.91638946533203
0 0.0213 58.178081512451186 0.0 558.7500190734862 281.51493072509766
0 0.0207 268.53858947753906 343.6807632446289 321.74949645996094 366.40613555908203
0 0.0204 130.63941955566403 421.5351867675781 158.98303985595703 468.4184265136719
0 0.0203 329.9118041992187 332.70267486572266 380.52192687988276 357.3793411254883
0 0.0201 289.40826416015625 383.09398651123047 340.9675598144531 406.99230194091797
0 0.0197 9.398899078369139 622.5990104675293 61.078834533691406 638.7500190734863
0 0.0195 79.90055084228516 612.684440612793 130.5373764038086 637.3940658569336
0 0.0192 -39.25860404968261 422.36793518066406 -11.139001846313478 467.7686309814453
0 0.0191 -39.97437477111816 472.60108947753906 10.423431396484377 497.4785614013672
0 0.0190 44.94647979736328 229.54179763793945 85.2037239074707 260.64897537231445
0 0.0190 -80.0 192.93540954589844 -39.22601699829101 217.15007781982422
0 0.0190 229.80052947998044 612.7738571166992 280.62374114990234 637.3068618774414
0 0.0189 169.2241668701172 313.23604583740234 221.12991333007812 336.85230255126953
0 0.0188 278.31062316894526 313.8185501098633 331.9567108154297 336.2672805786133
0 0.0187 388.455810546875 563.7356948852539 441.82373046875 586.351432800293
0 0.0185 204.81163024902344 349.7873306274414 245.32989501953122 380.42606353759766
0 0.0185 93.06253433227539 504.91416931152344 208.19150924682614 554.5640563964844
0 0.0182 339.9470520019531 362.67223358154297 390.4912567138672 387.40917205810547
0 0.0179 8.367156982421873 203.79150390625 61.90382003784179 226.29558563232422
0 0.0173 349.6385192871094 392.9229736328125 400.7624816894531 417.16209411621094
0 0.0166 378.5605239868164 493.671875 431.72855377197266 516.4157867431641
0 0.0165 153.06254386901855 564.9141693115234 268.191499710083 614.5640563964844
0 0.0164 17.933769226074215 174.04550552368164 72.298583984375 196.0392951965332
0 0.0163 226.73743247985837 294.671688079834 283.39776039123535 315.40266036987305
0 0.0161 84.90676879882812 229.6175765991211 125.2405548095703 260.58013916015625
0 0.0156 309.44572448730463 133.06991577148438 360.93345642089844 157.01665878295898
0 0.0156 216.12323760986322 264.95838165283203 273.96640777587885 285.1089096069336
0 0.0155 216.19590759277344 244.9223518371582 273.89984130859375 265.145320892334
0 0.0154 339.4786834716797 303.0478763580322 390.90362548828125 327.0387935638428
0 0.0154 27.56793975830078 144.2465591430664 82.63362884521484 165.83545684814453
0 0.0151 227.39127159118652 214.32588577270508 282.7991580963135 235.7524299621582
0 0.0150 -80.0 162.92543411254883 -39.23881053924561 187.16009140014648
0 0.0150 68.39864730834961 203.77269744873047 121.87513351440428 226.31454467773438
0 0.0149 129.81792449951172 612.7584838867188 180.60871124267575 637.3218536376953
0 0.0148 125.03063201904295 259.3885040283203 165.1247406005859 290.78826904296875
0 0.0145 36.743731498718255 114.67035293579102 93.39157581329344 135.40433883666992
0 0.0145 287.95413970947266 284.0272903442383 342.2814559936523 306.0566711425781
0 0.0143 389.40731048583984 603.1008529663086 440.9670639038086 626.9862747192383
0 0.0143 238.97126197814939 183.3943748474121 291.36023521423334 206.69218063354492
0 0.0142 159.62461471557614 432.92762756347656 210.77608108520508 457.15675354003906
0 0.0140 269.04048919677734 23.360133171081543 321.2952804565429 46.728129386901855
0 0.0140 224.29012298583984 320.6351089477539 265.82462310791016 349.65946197509766
0 0.0135 249.41383361816403 153.08940410614014 300.9626770019531 176.99676990509033
0 0.0132 -35.551741123199456 200.38047790527344 5.674993991851806 229.8892593383789
0 0.0131 -80.0 132.97576904296875 -39.18218612670898 157.1103858947754
0 0.0129 168.47459793090817 283.7306213378906 221.80524826049805 306.35753631591797
0 0.0128 6.769809722900391 94.6552562713623 63.3680534362793 115.41934013366699
0 0.0127 179.28010940551758 622.6999664306641 231.18246078491208 638.75
0 0.0126 78.11620235443115 173.93535614013672 132.13331699371335 196.14974975585938
0 0.0125 299.80937957763666 162.78596878051758 350.61206817626953 187.2972297668457
0 0.0122 208.3880615234375 93.77635955810547 261.8853759765625 116.31044387817383
0 0.0117 388.3664321899414 463.7917709350586 441.9044876098633 486.29528045654297
0 0.0115 239.31640624999994 123.16251754760742 291.04911804199213 146.92441940307617
0 0.0113 528.9531707763672 622.6678276062012 558.7499999999999 638.7500190734863
0 0.0113 299.0406799316406 103.35714340209961 351.2957000732422 126.73070907592773
0 0.0113 -80.0 103.02011489868164 -39.13092613220215 127.0665168762207
0 0.0112 268.9496612548828 53.41756820678711 321.37779235839844 76.67020797729492
0 0.0111 115.13164520263672 569.1912841796875 155.0310516357422 600.9677124023438
0 0.0110 128.4329605102539 213.75011444091797 181.84436798095703 236.3370132446289
0 0.0110 295.05790710449213 189.32247161865234 335.10078430175776 220.84835052490234
0 0.0109 318.2827377319336 253.8387680053711 371.9813156127929 276.24744415283203
0 0.0107 208.60753059387204 63.63284111022949 261.68803215026855 86.45355224609375
0 0.0106 -22.04608678817749 124.03539657592773 32.27988958358765 146.04974746704102
0 0.0104 -31.672325134277344 153.81122589111328 21.940603256225586 176.2751007080078
0 0.0101 178.36534500122067 193.7830352783203 231.90755844116208 216.30264282226562
0 0.0100 335.1951599121094 189.0538215637207 374.9733734130859 221.0929298400879
0 0.0100 -80.0 42.787137031555176 -39.38682079315185 67.29608058929443
0 0.0100 26.92295551300049 64.57566022872925 83.22776317596436 85.4998517036438
