0 0.0421 69.26814997196198 467.4014151096344 99.82614004611968 493.5978949069977
0 0.0417 3.00410175323487 382.8890919685364 175.5166330337524 460.38925647735596
0 0.0389 100.5561032295227 467.29904413223267 131.04310417175293 493.691623210907
0 0.0367 37.94504487514497 459.7702622413635 68.64107930660249 485.6194853782654
0 0.0291 6.673594653606422 467.6315486431122 37.41051787137986 493.387371301651
0 0.0286 131.68166363239288 475.3902107477188 162.40669572353363 499.0234225988388
0 0.0255 -24.59000079333781 467.6627516746521 6.172802016139039 493.358850479126
0 0.0254 -83.49999999999999 0.0 415.5234375 265.2232050895691
0 0.0226 143.49080407619476 344.52176094055176 165.79164350032806 381.9347023963928
0 0.0208 120.0498172044754 328.8801312446594 142.3584052324295 366.3244843482971
0 0.0197 -68.21557721495627 478.8813591003418 -28.163312286138524 497.7468252182007
0 0.0192 -28.876934483647336 447.41424918174744 10.65506012737752 466.71149134635925
0 0.0191 166.9326403141022 344.5433974266052 189.22388339042664 381.91574811935425
0 0.0188 96.63402819633482 313.3666515350342 118.89454507827759 350.6024479866028
0 0.0188 170.38598442077634 367.1867251396179 415.52343749999994 499.0234375
0 0.0167 73.23300623893739 297.95485734939575 95.41290783882143 334.7979187965393
0 0.0157 -68.46707528829573 455.6402862071991 -27.941713392734513 474.1157591342926
0 0.0151 143.49905931949615 305.5005073547363 165.7816299200058 342.83608198165894
0 0.0148 49.826753973960884 298.1713116168976 71.93778240680695 334.62271094322205
0 0.0148 61.56892859935761 271.7844843864441 91.91472613811494 298.5643744468689
0 0.0147 120.08140766620636 289.98270630836487 142.32004964351654 327.11896300315857
0 0.0145 73.24592554569246 337.1054530143738 95.39733612537384 373.7887740135193
0 0.0142 96.69551038742065 274.6872007846832 118.82027769088745 311.2223446369171
0 0.0142 -24.63650172948836 420.88502645492554 6.215681970119484 446.39503955841064
0 0.0135 -82.94111704826354 118.8487559556961 -60.92814198136329 154.65028584003448
0 0.0135 49.848524570465095 345.2150523662567 71.91166067123415 381.3644349575043
0 0.0131 -83.49999999999999 9.669333696365356 -52.077090650796876 29.450565576553345
0 0.0127 -82.9450621306896 71.94032520055771 -60.92342948913573 107.80113190412521
0 0.0126 26.425072640180595 259.3887746334076 48.45734098553658 295.3396737575531
0 0.0122 79.96344351768495 127.5198757648468 120.50211215019227 145.9861695766449
0 0.0121 -82.9484856724739 32.84970112144947 -60.91933166980743 68.76052729785442
0 0.0120 92.62935602664948 248.84150177240372 123.33132112026216 274.6739611029625
0 0.0120 353.0904480218887 280.2654504776001 415.52342259883875 329.0518522262573
0 0.0118 26.42026329040528 314.0389025211334 48.4630891084671 350.05661845207214
0 0.0117 -83.49999999999999 431.8351149559021 -51.79804033040998 451.04146003723145
0 0.0117 26.43169248104096 353.19802165031433 48.449424743652344 389.04425501823425
0 0.0116 166.92882561683652 305.4623007774353 189.22853255271912 342.8696393966675
0 0.0113 80.10735893249512 64.9108737707138 120.37473702430725 83.59386026859283
0 0.0113 80.156085729599 150.81773698329926 120.33021235466003 169.5624738931656
0 0.0112 -83.49999999999999 155.06289899349213 -56.36345437169074 180.95014989376068
0 0.0111 2.994207382202158 267.2611474990845 25.01190984249116 303.10630798339844
0 0.0111 49.86803019046784 235.99877953529358 71.88831055164339 271.865576505661
0 0.0109 79.88111460208894 96.32540494203568 120.57630503177644 114.68055099248886
0 0.0107 190.37723326683044 344.5803225040436 212.65280032157898 381.8837106227875
0 0.0106 119.05085825920105 2.5043226778507233 159.54187297821045 21.00193500518799
0 0.0105 45.61541759967805 210.08628606796265 76.58274257183076 235.33093929290771
0 0.0103 -83.49999999999999 408.23331475257874 -51.96254169940948 427.76498198509216
0 0.0103 127.97453784942627 251.4694631099701 150.03543877601624 287.6105010509491
