0 0.1392 595.7339477539062 -67.88543987274166 638.75 -48.054697990417445
0 0.1339 595.7072448730469 -87.87699270248409 638.75 -68.06398916244503
0 0.1300 596.0962104797363 -48.04401206970212 638.7499809265137 -27.891366958618132
0 0.0954 533.8470077514648 -57.1153001785278 596.0880661010742 -38.84689617156979
0 0.0897 533.4504699707031 -86.97786557674404 596.4611053466797 -68.99077761173245
0 0.0818 596.6299438476562 -28.28853654861447 638.75 -7.64012861251828
0 0.0756 607.5440216064453 80.83108139038087 638.75 103.18722915649415
0 0.0733 534.92431640625 -37.5266246795654 595.0806427001953 -18.42062759399411
0 0.0607 607.8157234191895 50.684978485107436 638.7499809265137 73.33649826049806
0 0.0559 473.8490676879883 -77.11558508872982 536.0860061645508 -58.8464968204498
0 0.0550 474.60277557373047 -97.41201686859128 535.3841018676758 -78.54170846939084
0 0.0474 516.2158966064453 61.91466522216798 573.8809204101562 82.15346527099611
0 0.0470 607.2873687744141 110.96570205688477 638.75 133.04955673217773
0 0.0470 28.55172872543335 0.676958084106473 81.73662424087524 23.410608291626005
0 0.0438 475.00186920166016 -47.55523490905758 535.0076675415039 -28.390539169311488
0 0.0430 516.1340713500977 81.94970321655276 573.9573287963867 102.11709213256837
0 0.0410 505.94234466552734 42.03915786743166 564.1343307495117 62.02590179443361
0 0.0366 576.2249755859375 -102.99999999999996 633.9690399169922 -87.5014917850494
0 0.0363 607.8825378417969 20.64846229553225 638.75 43.37375831604006
0 0.0337 536.0341262817383 -17.999094009399386 594.0485000610352 2.0656986236572545
0 0.0307 27.851848602294922 -28.910167694091765 82.37384796142578 -7.005832672119111
0 0.0300 486.0365676879883 21.992561340332056 544.0480422973633 42.072898864746115
0 0.0289 415.84156036376953 -97.92330789566036 474.22962188720703 -78.0140023231506
0 0.0282 29.188547134399414 30.257265090942408 81.16260528564453 53.830644607543974
0 0.0271 495.85926055908203 102.07596969604495 554.2114639282227 121.98807907104495
0 0.0263 415.2962875366211 -77.68034744262692 474.73438262939453 -58.26228427886959
0 0.0261 476.31874084472656 -28.125849246978728 533.7840270996094 -7.803750514984102
0 0.0254 0.0 196.88586425781253 638.75 535.75
0 0.0244 89.6633529663086 -0.09600448608395545 140.74047088623047 24.180938720703153
0 0.0229 0.0 -102.99999999999996 510.9122848510742 178.51496887207034
0 0.0219 607.2803497314453 140.97005081176758 638.75 163.04524612426758
0 0.0219 546.0086822509766 22.00684738159182 604.073486328125 42.05857467651369
0 0.0216 516.3950729370117 1.8316287994385057 573.7150192260742 22.238523483276396
0 0.0211 446.07425689697266 41.98266220092776 504.01134490966797 62.084381103515646
0 0.0210 456.2596893310547 61.89837646484377 513.8394165039062 82.17086029052736
0 0.0207 415.7331085205078 -57.86441612243648 474.3275451660156 -38.072374343872035
0 0.0197 0.7517576217651367 -0.5394248962402068 28.84864330291748 44.6979446411133
0 0.0188 85.19901275634766 26.04994487762454 124.96940612792969 58.096463203430204
0 0.0185 456.5450668334961 81.76524353027345 513.5752487182617 102.30723571777345
0 0.0179 258.43334197998047 0.749828338623074 311.8440246582031 23.337299346923853
0 0.0176 17.647724151611328 -58.79600811004635 72.56034851074219 -37.12126064300534
0 0.0167 307.7786636352539 -18.866146087646456 362.44007110595703 2.9501075744629186
0 0.0165 496.0738754272461 121.98342514038087 554.0115737915039 142.08371353149414
0 0.0160 609.4442558288574 489.63103485107416 638.7500190734863 514.3959732055664
0 0.0160 198.10327529907227 0.9479255676269801 252.1439552307129 23.137866973876978
0 0.0160 346.8490219116211 -38.38283109664914 403.29479217529297 -17.541656970977755
0 0.0156 416.51100158691406 -38.21728515624997 473.6064147949219 -17.710397720336882
0 0.0151 5.41102409362793 55.598556518554716 44.77510929107666 88.50825500488284
0 0.0148 357.52124786376953 1.2713737487793262 412.67650604248047 22.81022262573245
0 0.0147 0.0 -89.95806026458737 40.89579105377197 -65.95519828796384
0 0.0147 608.9381408691406 519.67915725708 638.75 535.7499809265137
0 0.0145 597.7129936218262 241.16229248046875 638.7500190734863 262.92002868652344
0 0.0144 456.83895111083984 1.6155738830566686 513.3056259155273 22.458831787109403
0 0.0144 139.2654800415039 10.204240798950222 191.0934829711914 33.883630752563505
0 0.0142 356.2875747680664 -78.1175224781036 413.8143539428711 -57.81340289115902
0 0.0141 88.97809028625488 -29.59781455993649 141.35140419006348 -6.313894271850555
0 0.0140 248.05686950683594 -29.02596282958981 302.1864700317383 -6.888626098632784
0 0.0126 208.12910079956055 30.930540084838892 262.1209526062012 53.15504264831545
0 0.0126 45.175650119781494 56.10178661346437 84.9904990196228 88.0491991043091
0 0.0125 316.8326473236084 -58.37459850311276 373.30986976623535 -37.55001354217526
0 0.0124 308.1663131713867 20.910913467407255 362.0866012573242 43.17518424987796
0 0.0123 607.480297088623 170.8673782348633 638.7500190734863 193.15055084228516
0 0.0121 426.6831970214844 21.695425033569364 483.448486328125 42.37796974182132
0 0.0115 367.67669677734375 31.18781280517581 422.53387451171875 52.89508056640627
0 0.0114 148.6414337158203 -19.375293731689425 201.65451049804688 3.4636802673340132
0 0.0112 608.6930847167969 340.1640625 638.75 363.8642425537109
0 0.0112 89.6975040435791 59.87527084350588 140.7106876373291 84.20907211303712
0 0.0109 28.875045776367188 100.45802307128906 81.44692420959473 123.62845611572267
0 0.0108 506.9266891479492 221.57832336425778 563.2232284545898 242.49789428710935
0 0.0106 139.1919708251953 40.25359344482425 191.15982055664062 63.83412551879884
0 0.0106 327.1712875366211 -98.55180549621578 382.9995346069336 -77.37063217163083
0 0.0104 78.91658782958984 120.44240188598634 131.4069366455078 143.64575576782227
0 0.0101 608.7425422668457 370.1317901611328 638.7499809265137 393.89666748046875
0 0.0101 198.15221786499023 60.91805648803713 252.09966659545898 83.16781234741214
0 0.0100 496.72489166259766 141.6811103820801 553.4085464477539 162.39365768432617
0 0.0100 607.8240776062012 210.6816120147705 638.7500190734863 233.34013175964355
