0 0.0254 0.0 193.38586425781247 638.75 532.25
0 0.0229 0.0 -106.49999999999999 510.9122848510742 175.01496887207034
0 0.0145 27.047948837280273 148.01631546020508 83.11182022094727 169.06089401245117
0 0.0141 512.6921272277832 -106.49999999999997 638.7499809265137 -36.65076160430907
0 0.0140 77.4742603302002 217.79752349853516 132.71937370300293 239.28388214111328
0 0.0137 7.748041152954102 117.64991378784181 62.468271255493164 139.4337043762207
0 0.0137 37.16588020324707 177.95671081542966 93.00317764282227 199.1216812133789
0 0.0130 608.9572906494141 516.1647758483887 638.75 532.2500190734863
0 0.0127 96.99429512023926 188.04345703125003 153.16121101379395 209.03329467773438
0 0.0126 8.033790588378906 77.48836135864259 62.207279205322266 99.59704971313477
0 0.0125 608.8920783996582 -33.46827888488768 638.7499809265137 -9.503034591674789
0 0.0121 86.96626663208008 158.0573616027832 143.18706512451172 179.01908493041992
0 0.0120 511.90391540527344 23.341804504394542 638.75 123.12707519531251
0 0.0118 574.3924140930176 158.3368263244629 638.7499809265137 208.24702835083008
0 0.0117 67.1261978149414 127.97654724121094 123.03979873657227 149.10142517089844
0 0.0115 17.740354537963867 207.65351867675784 72.47546195983887 229.4299468994141
0 0.0112 8.060932159423828 47.47391796112062 62.182250022888184 69.61183643341066
0 0.0110 318.4762954711914 197.2191867828369 371.80599212646484 219.8674831390381
0 0.0108 37.567501068115234 237.74346923828128 92.63479232788086 259.3380126953125
0 0.0100 258.33412170410156 207.31047248840332 311.9340515136719 229.77635002136228
