0 0.1335 265.89439392089844 -64.94191646575928 324.1794204711914 -44.99398708343506
0 0.1075 256.30859375 -45.125412940979004 313.79444122314453 -24.804987907409668
0 0.0896 205.51992416381836 -64.77624177932739 264.5266532897949 -45.16380548477172
0 0.0651 196.3035011291504 -45.12094974517822 253.7986183166504 -24.809165000915527
0 0.0591 327.61974334716797 -75.78865528106688 382.58777618408203 -54.1300082206726
0 0.0522 317.8010845184326 -45.88423609733581 372.42085456848145 -24.032479524612423
0 0.0497 36.18143081665039 -65.06881475448608 93.91266822814941 -44.86333608627319
0 0.0475 46.64649724960327 -45.282831192016594 103.48140954971313 -24.643526077270504
0 0.0465 227.3916244506836 -25.655841827392578 282.79457092285156 -4.263048171997071
0 0.0457 146.00165843963623 -64.98714447021484 204.07925128936768 -44.94706153869629
0 0.0455 236.76881790161133 -80.0 293.4625816345215 -64.24190998077391
0 0.0408 288.02409172058105 -16.00864171981811 342.2166919708252 6.093614101409911
0 0.0367 136.43014907836914 -45.18107295036316 193.68165969848633 -24.747792482376102
0 0.0293 87.10134506225586 -25.50803184509277 143.06201934814453 -4.413814544677734
0 0.0264 167.0905876159668 -25.504250526428223 223.07233810424805 -4.41795825958252
0 0.0255 27.96701431274414 -15.972540378570557 82.26802825927734 6.057684421539307
0 0.0254 0.0 219.8858642578125 638.75 558.75
0 0.0249 279.30298805236816 13.171539306640623 331.0611629486084 36.91537857055664
0 0.0229 0.0 -79.99999999999999 510.9122848510742 201.51496887207028
0 0.0228 0.0 -46.785575151443474 41.10125541687012 -23.126047849655148
0 0.0206 18.975582122802734 23.404197692871094 71.35358810424805 46.684131622314446
0 0.0181 218.67502212524414 3.600597381591797 271.6247367858887 26.487464904785156
0 0.0173 275.45949935913086 38.483572006225586 314.7316551208496 71.61335945129393
0 0.0168 349.09732818603516 -16.68386220932007 401.2453079223633 6.77133321762085
0 0.0166 512.6921272277832 -80.0 638.7499809265137 -10.150761604309086
0 0.0166 97.8130054473877 4.115896224975586 152.40838050842285 25.968484878540036
0 0.0164 388.54652404785156 -76.32076263427733 441.74156188964844 -53.59183549880981
0 0.0160 329.8612976074219 22.747249603271484 380.5656433105469 47.33579635620117
0 0.0153 0.0 -79.99999999999999 35.34756422042847 -49.60561037063598
0 0.0144 235.11926651000977 29.20772552490234 275.0433540344238 60.95275878906249
0 0.0140 574.3924140930176 4.836816787719727 638.7499809265137 54.747018814086914
0 0.0140 157.78717041015625 4.124126434326171 212.4333953857422 25.95914840698242
0 0.0139 29.015960693359375 53.37193489074707 81.31834983825684 76.71566963195801
0 0.0138 379.981689453125 32.63799667358398 430.4619598388672 57.44224548339844
0 0.0135 608.9554023742676 182.98732757568357 638.7499809265137 207.04124450683594
0 0.0134 608.6996459960938 213.15780639648438 638.75 236.87023162841797
0 0.0133 379.00108337402344 -46.61468386650085 431.3310241699219 -23.297234773635864
0 0.0130 315.5641174316406 48.22698593139648 354.63836669921875 81.84812545776366
0 0.0128 609.0590667724609 152.91610717773438 638.75 177.11254119873044
0 0.0126 77.18585729598999 -80.0 133.07602167129517 -64.03021097183228
0 0.0126 574.3924140930176 64.83682632446288 638.7499809265137 114.74702835083006
0 0.0124 108.55515956878662 33.67875099182128 161.73265933990479 56.40938758850098
0 0.0117 608.9437866210938 122.9972457885742 638.75 147.0315933227539
0 0.0116 395.41919708251953 58.57345581054687 434.7683334350586 91.53121948242186
0 0.0111 608.6019134521484 243.22242736816406 638.75 266.8054962158203
0 0.0108 565.2871322631836 158.8680267333984 604.8882675170898 191.2622833251953
0 0.0108 608.9817047119141 542.6457977294922 638.75 558.7499999999999
0 0.0103 178.70508193969727 33.57928276062012 231.59799575805664 56.50853157043456
0 0.0102 235.4697036743164 68.45094680786133 274.7233200073242 101.64323806762694
0 0.0102 355.3663635253906 58.69813919067382 394.815673828125 91.41731262207031
0 0.0100 435.4319763183594 38.54958534240722 474.75624084472656 71.55301094055176
