0 0.0358 104.98654842376709 58.444869995117195 165.0234842300415 77.60811614990236
0 0.0348 114.85952377319336 78.49596786499025 175.14198303222656 97.55533981323242
0 0.0293 95.23418426513672 208.3435134887695 154.7926902770996 227.71271514892575
0 0.0276 95.39504051208496 38.27717590332032 154.64272499084473 57.7812843322754
0 0.0273 6.688756942749023 217.69734191894528 63.44223976135254 238.37681579589844
0 0.0266 114.96160507202148 98.45495986938478 175.04674911499023 117.59772109985353
0 0.0258 94.87764358520508 188.48721313476562 155.1254653930664 207.56409454345703
0 0.0254 0.0 192.88586425781247 638.75 531.75
0 0.0238 165.13343811035156 58.384483337402344 224.88670349121094 77.67037200927734
0 0.0233 0.0 247.08981323242188 52.361207008361816 268.99525451660156
0 0.0229 95.63806533813477 228.17158508300778 154.41717147827148 247.88960266113278
0 0.0229 0.0 -107.00000000000001 510.9122848510742 174.5149688720703
0 0.0223 16.13534927368164 197.9532985687256 73.95510673522949 218.11422157287598
0 0.0218 175.85582733154297 78.07686614990234 234.2148208618164 97.98703002929688
0 0.0202 56.357386112213135 77.85170364379883 113.7493109703064 98.21841049194336
0 0.0197 357.4599838256836 217.30522918701172 412.73242950439453 238.77602386474604
0 0.0188 154.81975078582764 38.51150798797608 215.179181098938 57.53922748565674
0 0.0187 95.17127990722656 168.36521911621094 154.85239028930664 187.68948364257812
0 0.0186 6.683950424194336 177.69867706298828 63.44691753387451 198.3752899169922
0 0.0185 115.19506454467773 118.35999298095705 174.82906341552734 137.6957778930664
0 0.0179 225.6436538696289 58.1708984375 284.4115447998047 77.89063262939453
0 0.0177 157.15059280395508 217.46163177490234 213.01790237426758 238.61618804931638
0 0.0176 297.4424457550049 217.31446075439456 352.7485942840576 238.76663970947266
0 0.0172 236.6465950012207 77.71511840820312 293.48180770874023 98.35820007324219
0 0.0170 56.14723205566406 97.94909286499025 113.94380569458008 118.11873245239259
0 0.0170 85.90950012207031 18.05576133728028 144.16433334350586 38.009222030639656
0 0.0164 85.55353164672852 138.20998001098633 144.49525833129883 157.85048294067383
0 0.0162 27.042179107666016 57.516239166259766 83.11783790588379 78.56047439575195
0 0.0160 176.31240844726562 97.86797332763673 233.79207611083984 118.20092010498048
0 0.0159 217.70854949951172 217.17007446289062 272.50476837158203 238.9130096435547
0 0.0158 0.0 276.57425689697266 51.578369140625 299.5147018432617
0 0.0155 156.89029216766357 187.5920753479004 213.25783252716064 208.48315048217776
0 0.0155 16.240196228027344 157.90505218505862 73.8580322265625 178.16361236572266
0 0.0149 286.3536071777344 57.8532485961914 343.7528610229492 78.21678924560547
0 0.0148 56.21865272521973 247.9161911010742 113.87768745422363 268.1523971557617
0 0.0143 417.60997772216797 217.22454833984375 472.5949478149414 238.85792541503906
0 0.0141 215.13004302978516 38.385799407958984 274.8898696899414 57.6689796447754
0 0.0140 56.06443405151367 117.98620986938477 114.0206527709961 138.08058547973636
0 0.0139 16.340045928955078 137.85877990722656 73.7656021118164 158.21099090576172
0 0.0132 145.99737167358398 138.0141716003418 204.0833854675293 158.0514793395996
0 0.0131 377.12196350097656 187.47690963745117 433.04412841796875 208.60071945190427
0 0.0131 166.6496467590332 157.71092224121094 223.47963333129883 178.3620147705078
0 0.0131 317.09537506103516 77.49396133422852 373.06774139404297 98.58397293090822
0 0.0129 27.264463901519775 27.405574798583984 82.91257619857788 48.673656463623054
0 0.0129 285.93337059020996 38.04276752471924 344.1427707672119 58.02212047576904
0 0.0128 176.4553451538086 117.80018615722656 233.6600112915039 138.27011871337888
0 0.0127 608.9775276184082 515.6492309570311 638.7499809265137 531.75
0 0.0124 0.0 97.00005340576173 52.223734855651855 119.08543395996095
0 0.0123 144.83964920043945 18.503101348876957 205.1607322692871 37.54782485961915
0 0.0122 217.6788330078125 187.18462753295898 272.53238677978516 208.89799880981445
0 0.0118 277.80041694641113 97.12099838256836 332.42030143737793 118.9630012512207
0 0.0114 512.6921272277832 -106.99999999999999 638.7499809265137 -37.15076160430907
0 0.0112 116.38622283935547 247.83367919921872 173.72371673583984 268.2360534667969
0 0.0108 457.29148864746094 197.3906021118164 512.8879547119141 218.68874359130862
0 0.0106 317.3530578613281 187.35724258422852 372.83164978027344 208.72244644165036
0 0.0105 227.61791229248047 157.21821594238278 282.58811950683594 178.8639907836914
0 0.0104 356.9426727294922 57.56817626953125 413.2090759277344 78.50788879394531
0 0.0102 0.0 306.1774139404297 51.05560302734375 329.91070556640625
0 0.0101 285.9012985229492 18.0544548034668 344.1731643676758 38.0096321105957
0 0.0100 205.01487731933594 18.431728363037113 264.99752044677734 37.6213722229004
