0 0.0684 140.42367935180664 172.2245979309082 190.081729888916 197.8452491760254
0 0.0592 190.3643798828125 172.28803634643555 240.13134002685544 197.78409957885742
0 0.0560 150.01977920532227 142.6085662841797 200.4280662536621 167.4715232849121
0 0.0557 145.73890686035156 197.72958755493164 184.48810577392575 232.30424880981445
0 0.0481 199.79104042053223 142.8047513961792 250.62735557556152 167.27917194366455
0 0.0480 185.6072998046875 198.1131935119629 224.60048675537107 231.95234298706055
0 0.0462 105.71165084838867 197.8116226196289 144.5112037658691 232.2289276123047
0 0.0460 245.65364837646482 177.98526763916016 284.56035614013666 212.0696258544922
0 0.0456 90.42884826660155 172.22150802612305 140.07694244384766 197.84845352172852
0 0.0410 100.07404327392577 142.5638198852539 150.38028717041013 167.51567840576172
0 0.0384 149.66339111328122 112.90390968322754 200.74043273925778 137.18100547790527
0 0.0356 249.98210906982416 152.6420259475708 300.46070098876953 177.4388074874878
0 0.0333 225.5699825286865 218.20018768310547 264.6343326568603 251.87271118164062
0 0.0310 285.58521270751953 178.17241668701172 324.6197891235351 211.8981170654297
0 0.0284 75.09967803955078 618.7487983703613 115.11177062988281 638.7499809265137
0 0.0284 65.6131362915039 198.09520721435547 104.59564208984375 231.96884155273438
0 0.0281 199.4896411895752 103.03611755371094 250.89457511901855 127.0500373840332
0 0.0278 99.88616943359374 112.72584915161133 150.54401397705075 137.35675811767578
0 0.0259 130.64756393432617 231.58260345458984 158.9731788635254 278.37860107421875
0 0.0258 149.62333679199216 82.93356895446777 200.77617645263672 107.15149879455566
0 0.0256 115.08926391601561 618.7722969055176 155.12115478515625 638.7499809265137
0 0.0256 170.5338478088379 232.10350036621094 219.99002456665036 257.96180725097656
0 0.0254 -79.99999999999999 299.8858642578125 558.75 638.75
0 0.0254 265.67649841308594 217.91873931884766 304.540786743164 252.13062286376953
0 0.0241 155.08390426635742 618.7837028503418 195.12609481811523 638.7500190734863
0 0.0238 85.2773666381836 568.8923263549805 124.89685058593749 601.240119934082
0 0.0232 35.07698059082031 618.7978363037109 75.13246536254883 638.75
0 0.0229 -79.99999999999999 0.0 430.91228485107416 281.5149688720703
0 0.0229 -50.16226768493652 602.7634048461914 0.5870151519775413 627.3195266723633
0 0.0227 40.282840728759766 172.36862182617188 90.20078659057617 197.70587921142578
0 0.0227 100.67333221435545 231.7740249633789 128.94226074218747 278.22608947753906
0 0.0225 335.66543579101557 177.9473876953125 374.5506286621093 212.10437774658203
0 0.0220 199.40902709960935 73.09844732284546 250.9658050537109 96.98852777481079
0 0.0219 49.907822608947754 142.7062225341797 100.52537441253662 167.3758888244629
0 0.0210 249.61097717285156 122.9421329498291 300.787353515625 147.14289665222168
0 0.0208 -79.30048465728758 161.99312210083008 -51.08906745910644 208.05566787719727
0 0.0202 25.503892898559574 198.37432861328125 64.69214439392088 231.71329498291016
0 0.0201 125.28930664062501 578.8654327392578 164.88605499267578 611.2646484375
0 0.0200 195.07966995239255 618.7920379638672 235.13002395629883 638.75
0 0.0199 300.2366256713867 152.41016387939453 350.2408981323242 177.66517639160156
0 0.0198 0.7616615295410156 602.5843048095703 28.837051391601562 638.75
0 0.0196 225.42026519775388 258.5715675354004 264.7673416137695 291.53295516967773
0 0.0196 -50.8284854888916 573.2666015625 1.1783981323242188 596.8209838867188
0 0.0195 45.38080692291259 578.6659240722656 84.80256557464598 611.4467620849609
0 0.0188 105.20179748535155 79.04930353164673 144.9663162231445 111.09700918197632
0 0.0186 315.1260375976562 618.68896484375 355.0879669189453 638.75
0 0.0186 70.69368362426758 231.93382263183594 98.91782760620117 278.1003189086914
0 0.0179 -14.629952907562254 168.68396759033203 24.812963008880615 201.43028259277344
0 0.0178 275.1230239868164 618.6964416503906 315.0905990600586 638.75
0 0.0178 -79.99999999999999 128.2840347290039 -45.33507585525512 161.79594039916992
0 0.0175 185.44607162475586 258.51680755615234 224.74355697631833 291.5829849243164
0 0.0175 5.233554840087891 568.9782333374023 44.93766784667969 601.1617660522461
0 0.0173 265.5647277832031 258.2194519042969 304.638442993164 291.8550491333008
0 0.0170 235.112829208374 618.7187385559082 275.0998783111572 638.7499809265137
0 0.0168 355.1575851440429 618.6163139343262 395.0595474243164 638.7500190734863
0 0.0166 305.6061172485351 218.1124496459961 344.60193634033203 251.9530487060547
0 0.0166 -79.29476261138916 212.04029083251953 -51.09591484069824 258.0189514160156
0 0.0164 -14.611337184906004 208.64307403564453 24.795968532562252 241.4676284790039
0 0.0161 258.88763427734375 63.4648323059082 311.4323425292969 86.62379264831543
0 0.0159 350.66223144531244 211.68451309204102 378.9555358886719 258.2962989807129
0 0.0159 -79.25464391708373 562.4031448364258 -51.14372491836548 607.7417373657227
0 0.0156 25.524444580078125 238.3260154724121 64.67361450195312 271.7574882507324
0 0.0156 375.5526351928711 178.25618743896484 414.6485519409179 211.82140350341797
0 0.0152 165.3680419921875 578.6940002441406 204.81422424316406 611.4211273193359
0 0.0151 -80.0 528.4854507446289 -45.26176691055297 561.6116714477539
0 0.0150 209.0442943572998 43.35777759552002 261.29185676574707 66.73051357269287
0 0.0149 350.69034576416016 131.90292358398438 378.9217758178711 178.1239128112793
0 0.0149 149.54315185546875 52.9988956451416 200.84644317626953 77.08732604980469
0 0.0146 249.6740341186523 92.89919853210449 300.7303237915039 117.18611717224121
0 0.0144 115.49839019775389 278.38462829589844 154.69738006591797 311.70387268066406
0 0.0143 55.18817901611328 109.0729808807373 94.97930526733397 141.07544898986816
0 0.0142 -4.641087055206299 128.71299743652344 34.82264757156372 161.40375137329102
0 0.0142 79.96044158935547 542.6582336425781 130.4800796508789 567.4226379394531
0 0.0142 295.56911468505854 568.2086181640625 334.63451385498047 601.8649291992188
0 0.0137 355.6767272949219 507.91847229003906 394.54055786132807 542.1308898925781
0 0.0135 -79.2890977859497 82.08673477172852 -51.10269546508789 127.98280715942383
0 0.0135 305.5044937133789 258.37297439575195 344.6915817260742 291.7145347595215
0 0.0133 129.96807098388672 552.646484375 180.4744720458984 577.4335479736328
0 0.0133 395.1533889770508 618.6270904541016 435.06320953369135 638.75
0 0.0133 75.45862197875977 278.48236083984375 114.73276138305663 311.61449432373047
0 0.0132 -14.594841003417967 248.60157012939453 24.781436920166012 281.5055465698242
0 0.0129 -79.29788827896117 482.01419830322266 -51.09217643737793 528.0392074584961
0 0.0124 -44.95538711547851 139.35394287109375 -4.887456893920898 170.81972122192383
0 0.0124 35.29844284057617 538.8454437255859 74.87773895263672 571.2828826904297
0 0.0124 432.69212722778315 0.0 558.7499809265137 69.84923839569092
0 0.0121 245.35926818847656 298.7120532989502 284.82231140136713 331.4046001434326
0 0.0120 -79.99999999999999 622.6779937744141 -48.4362244606018 638.75
0 0.0120 319.2411422729492 63.217012882232666 371.1162185668945 86.87030553817749
0 0.0118 305.20092010498047 119.04555320739746 344.96768951416016 151.100435256958
0 0.0118 -79.28820610046387 262.0952606201172 -51.103754043579094 307.9763412475586
0 0.0117 165.44351577758786 298.5153865814209 204.7465705871582 331.58432960510254
0 0.0117 268.3403778076172 33.80753040313721 321.92817687988276 56.27940654754639
0 0.0116 165.31949996948242 338.79955291748047 204.8585319519043 371.3247299194336
0 0.0115 205.43460845947263 298.54212760925293 244.75402832031247 331.5598773956299
0 0.0115 125.49680709838866 338.39717864990234 164.69793319702146 371.69239044189453
0 0.0114 -79.29758548736571 432.01629638671875 -51.09253883361816 478.0375671386719
0 0.0114 -80.0 2.7922725677490234 -39.38128471374511 27.291016578674316
0 0.0114 495.47071456909174 604.7563171386719 558.7500190734862 638.75
0 0.0114 205.4735565185547 568.4442520141602 244.71961975097653 601.6493606567383
0 0.0114 380.70667266845703 212.04057693481445 408.90232086181635 258.01713943481445
0 0.0112 218.61408233642575 3.638482093811035 271.68003082275385 26.44932746887207
0 0.0110 -40.69072961807251 543.1624984741211 11.056540012359617 566.9237899780273
0 0.0108 205.29273986816406 338.85387420654297 244.88334655761716 371.2752151489258
0 0.0107 345.47801971435547 258.4315299987793 384.71584320068354 291.6609764099121
0 0.0107 338.7620544433594 23.54400634765625 391.5462493896484 46.54408931732178
0 0.0107 245.57147979736325 568.2060241699219 284.63207244873047 601.8672943115234
0 0.0107 335.6704330444336 577.9323577880859 374.5463943481445 612.1181488037109
0 0.0107 380.71754455566406 132.13306427001953 408.8893127441406 177.94565200805664
0 0.0106 89.50702667236328 53.02589416503906 140.8785629272461 77.060546875
0 0.0105 285.3656768798828 298.69505882263184 324.8168182373047 331.42014503479004
0 0.0104 -80.0 52.36976623535156 -39.788599014282234 77.70386695861816
0 0.0104 35.430049896240234 278.54997634887695 74.75839614868163 311.552677154541
0 0.0104 309.58099365234375 92.96406745910645 360.8141326904297 117.12105751037598
0 0.0103 225.2828884124756 388.8776397705078 264.892053604126 421.2535095214844
0 0.0102 -79.28929328918457 312.0858860015869 -51.102457046508796 357.98354148864746
0 0.0102 -49.227414131164544 172.67555236816406 -21.17601871490478 217.537841796875
0 0.0100 265.46974182128906 408.4588623046875 304.72251892089844 441.63597106933594
0 0.0100 85.45888900756836 318.48164558410645 124.7325325012207 351.6151714324951
