0 0.1966 0.9676345586776822 419.6079969406128 66.9708081483841 471.1923599243164
0 0.1262 14.39976105093957 482.9804301261902 45.34757295250893 499.0234375
0 0.1145 -32.01995259523391 450.82637667655945 -1.9576496481895367 478.8457453250885
0 0.1140 61.71481096744538 466.51241183280945 91.80404031276703 494.4145381450653
0 0.0932 -32.0000967979431 419.3521738052368 -1.9598624706268213 447.8027820587158
0 0.0917 -16.869308710098256 483.03450644016266 14.113841295242317 499.0234225988388
0 0.0869 -10.794895052909835 378.8391947746277 79.14961659908295 417.6281690597534
0 0.0641 100.76051735877991 451.01240277290344 130.8740952014923 478.6743223667145
0 0.0630 -63.451575398445115 443.71554255485535 -33.06741482019423 470.3879654407501
0 0.0617 69.5676931142807 435.0496530532837 99.59010565280914 463.3607268333435
0 0.0604 -48.19473838806151 483.2305908203125 -17.070176362991322 499.0234375
0 0.0600 -78.92817845940588 411.95985674858093 -48.81298011541366 439.60264325141907
0 0.0514 131.9042273759842 467.0083224773407 162.20982158184052 493.9582645893097
0 0.0490 -39.88184249401091 388.5423541069031 -9.734014332294453 416.14681482315063
0 0.0421 -83.49999999999999 380.85177540779114 -56.579327493906014 408.22216868400574
0 0.0405 92.46751451492308 483.140766620636 123.52159404754639 499.0234375
0 0.0387 163.23118442296982 466.7309522628784 193.39865976572037 494.2132234573364
0 0.0368 7.0666202306747525 349.1327464580536 37.089464902877815 377.40418314933777
0 0.0343 38.29014086723329 349.31209683418274 68.35317397117615 377.2387206554413
0 0.0325 77.37795794010162 403.83002161979675 107.40239703655244 432.0826828479767
0 0.0295 -83.49999999999999 349.7461974620819 -56.55146977305411 376.83936953544617
0 0.0290 -79.48639458417891 483.32928121089935 -48.28291600942611 499.0234524011612
0 0.0254 -83.49999999999999 0.0 415.5234375 265.2232050895691
0 0.0249 194.2902781963348 475.0894457101822 224.81316113471985 499.0234225988388
0 0.0245 -39.977865576744065 357.64607787132263 -9.65835368633269 384.5715820789337
0 0.0233 69.53228795528412 349.3573069572449 99.60792744159698 377.1970868110657
0 0.0224 108.63148951530457 419.41767930984497 138.65178608894348 447.74216413497925
0 0.0183 -82.98442727327345 313.8219118118286 -60.87621515989302 350.2296805381775
0 0.0180 139.8349084854126 435.3407025337219 169.92741608619687 463.09226751327515
0 0.0169 46.06467270851136 318.24392080307007 76.1919596195221 345.8212614059448
0 0.0168 220.49459600448608 389.51025903224945 415.52343749999994 499.0234524011612
0 0.0159 -82.98416650295256 188.82358074188232 -60.8765318095684 225.22830963134766
0 0.0152 -83.49999999999999 443.9501166343689 -64.03419217467307 470.1743721961975
0 0.0143 14.863455384969722 317.9997503757477 44.90912118554116 346.04623913764954
0 0.0136 100.8002736568451 372.6929724216461 130.84685587882996 400.7284343242645
0 0.0134 -82.98282353579997 227.89612412452698 -60.87814299762248 264.28282260894775
0 0.0126 -82.9789808988571 266.9861316680908 -60.88276794552802 303.32326889038086
0 0.0126 353.0904480218887 280.2654504776001 415.52342259883875 329.0518522262573
0 0.0125 -83.49999999999999 162.42079436779022 -56.50944477319716 189.17904794216156
0 0.0121 77.32540154457092 318.1997835636139 107.43388319015502 345.86188197135925
0 0.0116 -20.506659805774678 321.4682936668396 1.6504877209663478 358.17456245422363
0 0.0100 171.0909881591797 435.312420129776 201.1730947494507 463.1183445453644
