0 0.0805 248.33840131759644 182.87163227796555 290.9022569656372 200.0063732266426
0 0.0684 248.61999601125717 206.14653825759888 290.64539819955826 223.6080765724182
0 0.0534 216.51416271924973 167.5546169281006 260.1788714528084 184.06879901885986
0 0.0488 263.6388838291168 159.61489081382751 306.8237006664276 176.3861775398254
0 0.0450 201.15289092063904 190.85633754730225 244.31109428405762 207.64464139938354
0 0.0364 248.8500475883484 229.4464111328125 290.4360294342041 247.1843957901001
0 0.0360 224.28753972053528 144.13845539093018 268.02703738212585 160.60981154441833
0 0.0348 13.96399736404419 151.62329375743866 56.526243686676025 168.75497996807096
0 0.0332 201.2573480606079 214.2375111579895 244.21533942222595 231.13930225372312
0 0.0326 295.3450083732605 182.800680398941 337.6561999320984 200.07869601249692
0 0.0297 22.774338722229004 252.56279110908505 63.43495100736618 270.94313502311707
0 0.0287 14.12467285990715 128.09187173843384 56.38006702065468 145.41208744049072
0 0.0273 14.238055795431137 174.90547895431519 56.27565458416939 192.34979152679443
0 0.0256 292.67624020576477 203.2034695148468 324.614018201828 226.67381167411804
0 0.0254 0.0 171.78583145141602 499.0234375 436.5234375
0 0.0253 247.22397327423096 128.7584602832794 291.92692041397095 144.7347104549408
0 0.0229 0.0 -62.499999999999986 399.15022253990173 157.43356943130493
0 0.0226 22.400058805942535 229.37685251235962 63.771411776542664 247.25443124771115
0 0.0220 293.95928978919983 144.44805681705475 338.93129229545593 160.29347479343414
0 0.0217 201.88939571380615 237.31228709220886 243.63857507705688 254.9433410167694
0 0.0215 15.110000967979431 275.89586377143854 55.48979341983795 294.4847047328949
0 0.0213 193.3162659406662 128.36973369121552 236.52060329914093 145.1311558485031
0 0.0209 241.2242665886879 252.76562571525574 282.45457261800766 270.7405984401703
0 0.0199 177.827388048172 151.7326831817627 220.77110409736633 168.64407062530515
0 0.0196 6.68664276599884 104.43298518657684 48.22635278105736 122.19811975955963
0 0.0189 223.85349869728088 113.10164630413055 268.42746138572693 129.14223968982697
0 0.0188 69.34189796447754 237.14858293533325 110.58555543422699 255.10811805725098
0 0.0188 61.16906553506851 159.24260020256042 103.10070961713791 176.76228284835815
0 0.0178 62.23118305206299 260.0885331630706 102.14555263519287 279.04072403907776
0 0.0176 29.938163235783577 198.29696416854856 71.83261029422283 215.83348512649536
0 0.0171 61.456240713596344 135.62938570976257 102.83995419740677 153.50165963172913
0 0.0165 162.4317765235901 175.04426091909409 204.9359679222107 192.20934063196182
0 0.0159 233.5721179842949 283.9110791683197 274.4973376393318 302.0953834056854
0 0.0159 68.63456964492798 214.13317322731018 111.22913658618927 231.24507069587705
0 0.0149 68.73882561922073 182.82120674848557 111.13456636667252 200.0572755932808
0 0.0147 293.7009632587433 128.93733382225037 339.17149901390076 144.55074071884155
0 0.0140 194.6638822555542 268.179714679718 235.29648780822754 286.57644987106323
0 0.0137 53.70442569255829 112.1559739112854 94.97196972370148 130.10060787200928
0 0.0137 0.0 202.41045951843262 27.332257479429245 227.39386558532715
0 0.0132 318.02114844322205 159.77130830287933 361.7922365665436 176.22675001621246
0 0.0130 270.3619599342346 113.26894164085387 315.64241647720337 128.9704144001007
0 0.0128 475.3427356481552 33.846884965896606 499.0234524011612 52.1116703748703
0 0.0126 334.11136269569397 65.77013432979584 376.99148058891296 82.73090422153473
0 0.0125 115.34950137138367 206.40787482261658 158.25089812278748 223.34399819374082
0 0.0125 295.77645659446716 229.41356897354126 337.26462721824646 247.2172975540161
0 0.0125 0.6127320230007172 228.75073552131653 22.5079283118248 263.6290490627288
0 0.0124 6.525903940200806 81.09574019908905 48.371847718954086 98.66003692150116
0 0.0122 475.3515124320984 57.27836489677429 499.0234375 75.55517554283142
0 0.0120 475.7436513900757 423.9600300788879 499.0234375 436.5234375
0 0.0120 400.5407243967056 -62.5 499.0234225988388 -7.930282503366474
0 0.0120 231.56893253326416 97.52000868320465 276.3303518295288 113.47241699695586
0 0.0117 475.25133192539215 80.7768851518631 499.0234225988388 98.93099963665009
0 0.0116 374.01095032691956 49.65682327747345 415.290504693985 67.5993114709854
0 0.0113 0.0 -60.01592054963111 32.0783257484436 -41.47785529494285
0 0.0109 475.3488153219223 10.404996573925018 499.0234524011612 28.678514063358307
0 0.0109 54.53346483409405 283.43111276626587 94.2325759679079 302.57147550582886
0 0.0108 4.07599750906229 296.10976576805115 35.118564032018185 321.1900293827057
0 0.0108 21.490901708602905 11.153139173984528 64.60066884756088 27.972765266895294
0 0.0105 177.6277869939804 104.9659252166748 220.9538370370865 121.65945768356323
0 0.0104 326.43944025039673 42.257830500602715 369.04966831207275 59.36965346336364
0 0.0103 333.60615372657776 89.4736647605896 377.45532393455505 105.8981716632843
0 0.0102 279.83567118644714 268.66787672042847 321.92644476890564 286.0867381095886
0 0.0100 146.56458795070648 128.30005586147308 189.5333081483841 145.20128071308136
