0 0.0398 197.2915267944336 77.89359664916992 252.8872299194336 99.18620681762695
0 0.0328 198.74700546264648 107.05381011962892 251.55981063842773 130.03427124023438
0 0.0288 257.12215423583984 227.97799682617182 313.0436706542969 249.09982299804688
0 0.0274 258.1332206726074 97.4335060119629 312.11599349975586 119.65289688110352
0 0.0266 198.0454444885254 227.4788055419922 252.19728469848633 249.60626220703122
0 0.0262 186.32829666137695 48.365112304687514 243.77626419067383 68.70465850830078
0 0.0254 0.0 193.38586425781247 638.75 532.25
0 0.0234 316.81705474853516 228.13214874267578 373.32447052001953 248.94292449951172
0 0.0229 0.0 -106.49999999999999 510.9122848510742 175.01496887207034
0 0.0215 246.71730041503906 58.18061447143555 303.4165954589844 78.89339065551759
0 0.0207 336.3975524902344 208.33078002929688 393.7126922607422 228.7394104003906
0 0.0184 137.61415481567383 77.72317504882814 192.59088516235352 99.35945129394533
0 0.0178 249.27602767944336 126.69776535034178 301.0838508605957 150.39020156860352
0 0.0176 218.19879531860352 197.3887882232666 272.05766677856445 219.69704246521
0 0.0162 277.26551055908203 197.9056224822998 332.91149139404297 219.1737232208252
0 0.0160 178.89654159545898 136.94655990600586 231.42694473266602 160.14030075073242
0 0.0157 186.1785125732422 28.43147850036622 243.91563415527344 48.636175155639656
0 0.0156 286.81994438171387 258.12879180908203 343.32226753234863 278.94605255126953
0 0.0147 138.13123226165771 107.42929077148438 192.11901187896729 129.65631103515625
0 0.0135 157.7806282043457 197.624755859375 212.4400520324707 219.45802307128903
0 0.0131 208.6921501159668 167.0833740234375 261.61062240600586 190.00382995605472
0 0.0130 127.28019714355469 47.900420188903816 182.8974151611328 69.17942142486572
0 0.0129 512.6921272277832 -106.49999999999997 638.7499809265137 -36.65076160430907
0 0.0129 377.57312774658203 227.74007415771484 432.6297378540039 249.34140777587888
0 0.0125 326.6939926147461 178.18534469604492 383.4396743774414 198.88740158081055
0 0.0123 307.96485900878906 117.52782440185547 362.27020263671875 139.55716705322266
0 0.0120 307.24475860595703 77.91722869873047 362.93033599853516 99.16204071044922
0 0.0117 137.89068222045898 227.56982421875003 192.33793258666992 249.51470947265625
0 0.0117 267.9200839996338 167.55059814453125 322.3116970062256 189.53374481201172
0 0.0116 608.9517974853516 516.1689338684081 638.75 532.2499809265137
0 0.0113 397.76649475097656 197.63429260253906 452.45262145996094 219.4486389160156
0 0.0111 228.03913116455078 257.4872741699219 282.2019577026367 279.5984802246093
0 0.0108 357.5006103515625 97.78031921386719 412.6959228515625 119.30078124999999
0 0.0103 246.41340255737305 28.321147918701183 303.6985206604004 48.74890899658204
0 0.0103 147.56772994995117 167.7404556274414 202.63525009155273 189.34060668945312
0 0.0102 347.88639068603516 257.57054901123047 402.3422622680664 279.51367950439453
0 0.0101 327.6211166381836 147.71161651611328 382.5863265991211 169.36986541748047
