0 0.1235 415.8633041381836 24.077676773071303 474.2068862915039 43.98698234558107
0 0.0931 164.6732521057129 24.569944381713885 225.31579971313477 43.47890281677248
0 0.0870 426.7414855957031 43.67254161834719 483.3934020996094 64.40230274200441
0 0.0839 415.47889709472656 4.24040222167971 474.56504821777344 23.81889724731447
0 0.0695 124.88182067871094 44.48742294311525 185.12107849121094 63.56426620483399
0 0.0673 105.14471054077148 24.381250381469744 164.87585067749023 43.67396736145021
0 0.0635 154.82614040374756 4.507335662841817 215.1736307144165 23.543209075927752
0 0.0603 185.19285202026367 44.36226272583009 244.8307991027832 63.693737030029304
0 0.0541 355.6131362915039 14.183410644531268 414.4401168823242 33.8776435852051
0 0.0460 95.60712814331055 4.186538696289084 154.4455337524414 23.87453460693361
0 0.0455 115.08111953735352 64.4066276550293 174.93528366088867 83.64765548706055
0 0.0444 355.5447769165039 -5.787492752075172 414.50366973876953 13.84765052795412
0 0.0358 115.43381214141846 -15.740524291992164 174.60696697235107 3.799251556396505
0 0.0326 415.4502487182617 -15.747152328491188 474.59156036376953 3.8061466217041224
0 0.0319 225.0969696044922 14.396490097045918 284.9214553833008 33.65739250183107
0 0.0298 356.1262512207031 33.95788097381593 413.9634704589844 54.10956287384034
0 0.0298 105.45297622680664 84.25329589843751 164.58866119384766 103.80598449707033
0 0.0280 175.21263122558594 -15.650020599365213 234.81338500976562 3.705581665039084
0 0.0254 0.0 188.88586425781256 638.75 527.75
0 0.0247 175.9649658203125 64.03040313720705 234.11304473876953 84.03513336181642
0 0.0237 369.3115997314453 212.16673278808594 421.05323791503906 235.92031860351562
0 0.0229 0.0 -110.99999999999997 510.9122848510742 170.5149688720703
0 0.0223 355.4387664794922 -25.7413635253906 414.60205078125 -6.199642181396462
0 0.0207 138.27592849731445 192.8434600830078 191.98736190795898 215.24279022216797
0 0.0195 105.7172441482544 -35.861412048339815 164.34325695037842 -16.076217651367163
0 0.0193 338.7664031982422 182.54156494140625 391.5422058105469 205.54659271240232
0 0.0190 296.71637535095215 -6.317707061767556 353.4171390533447 14.391902923584004
0 0.0189 66.36242866516113 43.850387573242195 123.7444019317627 64.21995544433595
0 0.0186 106.14992141723633 103.9481201171875 163.9412498474121 124.11978149414061
0 0.0185 309.35558319091797 212.1396484375 361.0129928588867 235.9478607177734
0 0.0176 417.89493560791016 73.06929016113283 472.3336410522461 95.0155487060547
0 0.0175 235.46911239624023 -5.759578704833962 294.5751762390137 13.818077087402363
0 0.0159 338.76964569091797 152.5354232788086 391.5401840209961 175.55216217041016
0 0.0150 127.9507827758789 163.02938842773438 182.28448867797852 185.054573059082
0 0.0146 246.22156143188477 33.908986091613784 303.87643814086914 54.15868663787844
0 0.0146 429.306640625 212.1698226928711 481.0577392578125 235.9172286987305
0 0.0146 399.1731262207031 182.26902389526367 451.1762237548828 205.81905746459958
0 0.0142 476.52332305908203 13.767494201660178 533.597297668457 34.30347824096681
0 0.0137 199.3628692626953 192.13195228576657 251.0070037841797 215.95517539978027
0 0.0135 56.88291549682617 -16.399303436279272 113.26347351074219 4.475215911865255
0 0.0131 165.50973892211914 -35.77449655532834 224.53676223754883 -16.16610860824583
0 0.0127 279.4301223754883 182.08235168457028 330.94715118408203 206.00443267822266
0 0.0125 338.95233154296875 122.42227935791016 391.3739776611328 145.66641235351562
0 0.0122 107.60208129882812 133.22874450683594 162.60217666625977 154.8536148071289
0 0.0118 359.1683578491211 242.26740264892575 411.18152618408203 265.82003021240234
0 0.0117 338.03585052490234 92.98931503295898 392.2049331665039 115.09643936157227
0 0.0115 346.77555084228516 53.65211868286134 403.3628463745117 74.42249679565431
0 0.0115 56.57716751098633 63.74889755249024 113.54583740234375 84.32377243041994
0 0.0114 289.9023914337158 141.70723342895508 340.53080558776855 166.3744773864746
0 0.0113 415.2907180786133 -35.680395126342745 474.7401809692383 -16.262689590454077
0 0.0110 608.8983154296875 511.70917892456055 638.75 527.7500190734863
0 0.0108 78.35664510726929 182.80010604858396 131.91286325454712 205.28725051879883
0 0.0108 159.70733642578125 221.86766052246094 210.7019805908203 246.21664428710938
0 0.0106 345.4844665527344 -45.76167678833005 404.5597839355469 -26.17890930175779
0 0.0101 249.95452880859375 211.66887664794925 300.4840850830078 236.41283416748044
0 0.0100 166.78716659545898 83.64448928833009 223.35256576538086 104.42993545532227
