0 0.2505 119.23868179321289 160.87244033813477 191.1605453491211 189.27305221557617
0 0.2011 129.16858673095703 193.26906204223633 181.18093490600586 216.81859970092773
0 0.1563 344.5769500732422 75.60611724853516 405.40611267089844 94.4411849975586
0 0.1525 188.1047821044922 183.95141601562497 242.14160919189453 206.13502502441406
0 0.1519 117.4295425415039 134.32220458984375 172.76020050048828 155.7589340209961
0 0.1277 345.0602722167969 95.4147720336914 404.954833984375 114.63916778564452
0 0.1224 187.08101272583008 144.5021057128906 243.08076858520508 165.57582855224607
0 0.1092 344.5591354370117 55.611228942871094 405.4232406616211 74.43552017211914
0 0.0820 284.04019355773926 85.81233978271484 345.90746879577637 104.22794342041016
0 0.0722 180.01155853271484 212.61667251586914 230.43498992919922 237.46366500854492
0 0.0719 284.036865234375 65.81159591674803 345.91114044189453 84.22830581665039
0 0.0714 356.2008285522461 114.9233627319336 413.8944625854492 135.14488220214844
0 0.0636 68.56468200683594 183.67191314697263 121.72422409057617 206.41613006591794
0 0.0631 284.83211517333984 105.51069259643555 345.16658782958984 124.54088211059569
0 0.0619 406.69029235839844 84.69131469726562 463.44207763671875 105.38204193115233
0 0.0589 97.65554428100586 104.20032501220703 152.55304336547852 125.88256835937501
0 0.0584 130.58805465698242 222.03975677490234 179.94562149047852 248.02288055419922
0 0.0583 74.46317672729492 150.36354064941403 115.6600570678711 179.90455627441406
0 0.0449 345.05592346191406 35.412025451660156 404.96002197265625 54.64111328124999
0 0.0432 98.44585418701172 251.31607055664065 284.04903411865234 328.7492370605469
0 0.0414 406.1506652832031 54.94173049926757 463.94203186035156 75.1251983642578
0 0.0404 284.5783996582031 45.6034278869629 345.4053497314453 64.44353103637695
0 0.0377 226.83160781860352 164.62453842163083 283.3111381530762 185.45061111450192
0 0.0370 156.51870727539062 114.77750778198242 213.59970092773438 135.2946662902832
0 0.0356 417.960205078125 114.02975082397461 472.2746276855469 136.05512619018555
0 0.0340 87.66214370727539 74.19797897338867 142.54671096801758 95.8851432800293
0 0.0328 296.1365509033203 124.95603561401364 353.9531707763672 145.11198043823242
0 0.0294 48.67668151855469 123.6004066467285 101.62303924560547 146.48778915405273
0 0.0291 80.11892318725586 212.51304626464844 130.34353256225586 237.5641632080078
0 0.0276 216.17609024047852 124.93793487548827 273.9165687561035 145.13053894042966
0 0.0254 0.0 -79.99999999999999 638.75 259.48570251464844
0 0.0240 377.9127502441406 144.0526008605957 432.3188781738281 166.0313606262207
0 0.0234 225.0556182861328 105.42098999023438 284.9580383300781 124.63359832763672
0 0.0224 247.44098663330078 194.31798934936523 302.7492904663086 215.76353073120117
0 0.0224 38.502864837646484 93.70723724365233 91.78092002868652 116.38015747070311
0 0.0210 285.39363861083984 25.273056030273434 344.6451950073242 44.784603118896484
0 0.0206 224.4565200805664 75.65378189086914 285.5183792114258 94.39203262329102
0 0.0202 345.5583190917969 15.204067230224611 404.4917297363281 34.8558235168457
0 0.0188 324.97406005859375 389.9990081787109 638.75 558.75
0 0.0188 406.33548736572266 34.854736328125 463.77132415771484 55.21400451660156
0 0.0170 365.6083679199219 308.1116485595703 404.5994567871094 341.9537353515625
0 0.0169 307.60501861572266 194.2258071899414 362.5998306274414 215.8563995361328
0 0.0168 0.0 389.9971199035644 320.47874450683594 558.7499809265137
0 0.0164 368.18077087402344 173.8970375061035 422.0745849609375 196.18833541870117
0 0.0162 256.78470611572266 144.64603424072266 313.3547592163086 165.42842864990234
0 0.0157 156.1553192138672 94.94649887084961 213.93604278564453 115.1215934753418
0 0.0156 225.07856369018555 55.40400505065919 284.93860244750977 74.64962959289551
0 0.0156 316.8404769897461 144.61893081665036 373.30326080322266 165.4561424255371
0 0.0150 229.1429328918457 223.29272270202637 281.2027168273926 246.79585456848142
0 0.0150 608.7161254882812 223.14824104309082 638.75 246.8799877166748
0 0.0145 368.57177734375 203.6614227294922 421.71913146972656 226.42574310302734
0 0.0144 467.7098846435547 94.16767120361328 522.5039672851562 115.9151840209961
0 0.0141 325.72452545166016 297.772216796875 364.5003890991211 332.2650909423828
0 0.0139 438.67027282714844 143.60395431518555 491.6289520263672 166.48412704467773
0 0.0138 28.302125930786133 63.8296890258789 81.9631290435791 86.25696182250975
0 0.0136 369.89463806152344 282.72071838378906 420.53619384765625 307.362060546875
0 0.0135 608.8690185546875 193.04620742797852 638.75 216.98228836059567
0 0.0133 286.61572456359863 164.72547531127927 343.511381149292 185.34681320190427
0 0.0130 286.0498523712158 4.989337921142578 344.0349864959717 25.076732635498043
0 0.0130 608.9790534973145 162.97216415405273 638.7499809265137 187.0565605163574
0 0.0124 77.73873329162598 44.15421485900878 132.47698783874512 65.92921257019043
0 0.0119 409.4977569580078 313.03577423095703 460.88623046875 337.0511245727539
0 0.0116 146.2618637084961 74.8961067199707 203.83769989013672 95.17293930053711
0 0.0116 0.0 88.96553039550781 34.93037939071655 121.1733627319336
0 0.0116 34.860782623291016 149.69615936279297 75.28413772583008 180.50880432128906
0 0.0113 359.06219482421875 233.3461761474609 411.275634765625 256.7421722412109
0 0.0111 226.05247497558594 34.98556137084961 284.03324127197266 55.08010864257812
0 0.0109 609.1572761535645 -27.152996063232422 638.7499809265137 -2.818412780761719
0 0.0108 608.8319396972656 293.0721664428711 638.75 316.9564437866211
0 0.0108 345.83343505859375 -4.9152183532714835 404.23606872558594 14.978542327880858
0 0.0104 488.54896545410156 123.67919921874999 541.7390441894531 146.4084243774414
0 0.0104 288.62335205078125 223.63305091857907 341.67152404785156 246.4548397064209
0 0.0103 608.9999389648438 542.6313781738281 638.75 558.7499999999999
0 0.0103 428.9340591430664 173.43149185180664 481.39102935791016 196.6567802429199
0 0.0103 599.1733551025391 -66.73026561737059 638.75 -43.18152904510498
0 0.0102 325.27149200439453 258.9044189453125 364.90222930908203 291.2290954589844
0 0.0102 285.76117515563965 297.65132904052734 324.4703006744385 332.37613677978516
0 0.0102 608.7854766845703 253.10359954833984 638.75 276.92493438720703
0 0.0101 0.0 32.916059494018555 40.75264930725098 57.16914176940918
0 0.0100 609.0541076660156 132.91931152343747 638.75 157.1092987060547
