0 0.1744 17.742652893066406 299.26666259765625 163.98359298706055 360.66009521484375
0 0.1209 9.80459213256836 362.79300689697266 60.615620613098145 387.29068756103516
0 0.0978 19.863882064819336 272.73834228515625 70.56477546691895 297.34374999999994
0 0.0727 394.16004180908203 315.76812744140625 455.79524993896484 334.27391052246094
0 0.0673 9.083809852600098 243.33339691162107 61.255760192871094 266.7551803588867
0 0.0624 384.7952651977539 335.52490234375 445.2010726928711 354.52613830566406
0 0.0599 10.152411460876465 392.4927520751953 60.3125524520874 417.58506774902344
0 0.0589 394.2549514770508 295.72910308837885 455.70728302001953 314.3136978149414
0 0.0580 60.33572196960449 362.2914123535156 110.16068458557129 387.7783203125
0 0.0569 485.0754165649414 315.40599822998047 544.9413681030273 334.64771270751953
0 0.0535 70.69120407104492 271.9014739990234 119.86419677734375 298.1539916992187
0 0.0477 454.7214126586914 295.5474090576172 515.2717971801758 314.50149536132807
0 0.0464 334.111328125 305.7863235473633 395.84083557128906 324.2550277709961
0 0.0455 324.833984375 325.5113220214843 385.16448974609375 344.54055786132807
0 0.0444 375.9877395629883 355.02315521240234 434.09114837646484 375.04314422607416
0 0.0440 495.3801727294922 335.2786636352539 554.6577453613281 354.7787857055664
0 0.0424 574.3924140930176 324.8368072509765 638.7499809265137 374.7470092773437
0 0.0394 516.1838912963867 294.922866821289 573.9121627807617 315.1438903808593
0 0.0371 394.9427032470703 275.4579162597656 455.06553649902344 294.5937347412109
0 0.0364 69.35118675231934 243.14094543457026 121.01729393005371 266.9463348388672
0 0.0364 8.419227600097656 213.76068115234375 61.856346130371094 236.32671356201172
0 0.0358 120.16067504882812 272.47325897216797 170.30780792236328 297.6028823852539
0 0.0344 316.2658977508545 344.89967346191406 373.83267402648926 365.1702880859375
0 0.0336 159.90327835083008 312.70847320556635 210.5296516418457 337.37346649169916
0 0.0331 495.5538558959961 355.20759582519526 554.4955062866211 374.8525238037109
0 0.0331 334.30824279785156 285.7086563110351 395.6575012207031 304.3348312377929
0 0.0316 435.67928314208984 355.15926361083984 494.37747955322266 374.9032974243164
0 0.0303 5.582528114318848 418.1806182861328 44.62202548980713 451.89056396484375
0 0.0303 574.3924140930176 384.8368072509765 638.7499809265137 434.7470092773437
0 0.0284 405.71205139160156 255.13690948486325 464.34906005859375 274.9247360229492
0 0.0280 455.3119659423828 275.3064346313476 514.7214508056641 294.7500228881836
0 0.0279 0.0 312.37937927246094 18.93237590789795 357.82539367675776
0 0.0265 609.0602874755859 292.9173278808594 638.75 317.11158752441406
0 0.0254 0.0 -79.99999999999999 638.75 259.48570251464844
0 0.0250 357.1895217895508 374.4482421875 412.9806137084961 395.6309509277343
0 0.0249 178.22120666503906 283.8820266723633 232.03582763671875 306.20487213134766
0 0.0238 406.1808776855469 234.9300765991211 463.9134979248047 255.13751983642575
0 0.0233 334.93785858154297 265.46009063720703 395.0699996948242 284.5915603637695
0 0.0227 275.7856750488281 305.1121520996094 334.2788314819336 324.9516296386719
0 0.0225 574.3924140930176 444.8368072509765 638.7499809265137 494.7470092773437
0 0.0220 115.59784889221191 358.1195831298828 154.61058616638184 391.9465637207031
0 0.0218 496.1832809448242 374.9324798583984 553.9104080200195 395.13572692871094
0 0.0207 516.2676239013672 274.88521575927734 573.8343811035156 295.1826095581054
0 0.0204 217.72417068481445 314.16564941406244 272.48952865600586 335.91819763183594
0 0.0202 465.93040466308594 255.04150390624997 524.1461181640625 275.02296447753906
0 0.0201 159.78160858154297 342.8054046630859 210.63709259033203 367.2776794433593
0 0.0201 60.03175735473633 392.59777069091797 110.41769027709961 417.4820327758789
0 0.0198 345.7136535644531 245.13488769531247 404.34791564941406 264.9266052246094
0 0.0194 417.0372772216797 374.5256042480469 473.1207275390625 395.55213928222656
0 0.0193 275.6195831298828 285.1814651489258 334.4338607788086 304.87979888916016
0 0.0190 68.1783127784729 213.90439987182614 122.07553625106812 236.1818504333496
0 0.0180 608.1455993652344 243.49987030029294 638.75 266.5250015258789
0 0.0175 498.23070526123047 -76.12825870513916 552.0282363891602 -53.78549575805664
0 0.0172 466.3209533691406 234.86458778381345 523.7840270996094 255.2044582366943
0 0.0170 128.27930450439453 243.84880065917966 181.98266983032227 266.2385559082031
0 0.0164 416.4537048339844 214.80262756347656 473.66111755371094 235.26794433593747
0 0.0162 226.75212860107422 264.66434478759766 283.3842468261719 285.41011810302734
0 0.0161 0.0 183.34924697875974 51.27885341644287 206.73917770385742
0 0.0159 609.6548271179199 502.454719543457 638.7500190734863 527.5693130493163
0 0.0155 257.2307777404785 334.4276809692383 312.9424476623535 355.65196990966797
0 0.0147 608.1600761413574 213.48888397216797 638.7500190734863 236.53575897216794
0 0.0146 377.7286148071289 404.16038513183594 432.48607635498047 425.92308044433594
0 0.0146 0.0 489.6061515808105 129.28508758544922 558.7500190734863
0 0.0145 285.7638454437256 245.11878967285153 344.29986000061035 264.9442291259765
0 0.0145 346.2174987792969 224.91119384765622 403.8800811767578 245.15651702880857
0 0.0137 608.9212226867676 542.6918029785156 638.7499809265137 558.7499999999999
0 0.0126 526.6903305053711 244.68910217285156 583.4425735473633 265.3839111328125
0 0.0120 0.0 153.349609375 51.27676963806152 176.73904418945312
0 0.0119 285.8837604522705 225.06477355957028 344.1887950897217 244.99950408935544
0 0.0116 278.0497360229492 363.9804458618164 332.19242095947266 386.1052322387695
0 0.0116 498.8326644897461 -46.499943733215325 551.482048034668 -23.41159343719482
0 0.0114 266.10294342041016 204.96646881103516 323.9855194091797 225.10040283203125
0 0.0113 187.6715850830078 244.1895675659179 242.53883361816406 265.8931350708008
0 0.0113 467.53387451171875 394.2686462402344 522.6640319824219 415.81367492675776
0 0.0112 608.4741973876953 183.30007553100586 638.75 206.7268180847168
0 0.0112 45.534820556640625 418.2966613769531 84.66474533081055 451.78436279296875
0 0.0108 608.7079048156738 153.15282821655273 638.7499809265137 176.87528610229492
0 0.0106 356.6078186035156 204.72896575927734 413.5187530517578 225.34320831298828
0 0.0106 437.8956604003906 -75.93798398971558 492.3345184326172 -53.97819995880128
0 0.0104 373.0625534057617 424.91416931152344 488.19149017333984 474.5640563964843
0 0.0103 214.57036972045898 340.1926803588867 255.55810928344727 370.0590133666992
0 0.0102 352.1534729003906 489.78935241699213 570.1152038574219 558.75
0 0.0101 608.7820625305176 123.10483932495114 638.7499809265137 146.92358016967773
0 0.0101 266.30921363830566 184.87066268920896 323.79469871520996 205.19838333129883
0 0.0101 318.2152843475342 403.8809585571289 372.0422077178955 426.2052536010742
