0 0.0568 149.68620681762695 597.8723526000977 188.53424453735352 632.1732711791992
0 0.0530 109.68069458007812 597.8890609741211 148.53889846801758 632.1579360961914
0 0.0497 189.655517578125 597.9671096801758 228.55997467041016 632.086296081543
0 0.0483 69.65325736999513 597.9714202880859 108.56210136413574 632.0823669433594
0 0.0475 147.0625343322754 544.9141693115234 262.1915092468261 594.5640563964844
0 0.0391 224.07160186767578 452.55382537841797 274.3848648071289 477.5240707397461
0 0.0386 229.54555892944336 598.2699966430664 268.6552085876465 631.8087387084961
0 0.0372 69.44453620910646 448.51734161376953 108.74524497985841 481.58252716064453
0 0.0370 29.5679225921631 588.213996887207 68.63532447814943 621.8600082397461
0 0.0352 219.62870025634766 418.04622650146484 258.5827102661133 452.0137405395508
0 0.0346 173.82736587524414 462.7655029296875 224.5974006652832 487.31666564941406
0 0.0346 269.7876205444336 387.56195068359375 308.4486999511718 422.45826721191406
0 0.0334 223.58856582641602 482.9594039916992 274.8071708679199 507.12581634521484
0 0.0330 129.67459106445312 507.9256057739258 168.5423126220703 542.1243667602539
0 0.0326 169.48751831054688 428.4033966064453 208.70783233642575 461.68670654296875
0 0.0311 279.5780792236328 428.1722640991211 318.6278381347657 461.89830780029297
0 0.0301 269.4331874847412 598.5432434082031 308.75556373596186 631.558837890625
0 0.0299 229.66921234130862 377.933349609375 268.54769134521484 412.1172332763672
0 0.0298 69.39751052856447 408.6288833618164 108.7873878479004 441.48059844970703
0 0.0293 264.0429153442383 572.5873565673828 314.40813446044916 597.4922180175781
0 0.0290 113.83109951019289 452.77122497558594 164.59237003326416 477.3120880126953
0 0.0284 273.9264621734619 462.6799011230469 324.51123619079584 487.4005126953125
0 0.0279 233.77300643920898 522.8166961669922 284.6437873840332 547.2670745849609
0 0.0275 109.83549499511719 557.3696136474609 148.4123649597168 592.6351928710938
0 0.0265 69.7748317718506 557.5925064086914 108.46032524108888 592.4302291870117
0 0.0265 113.6441698074341 422.92015075683594 164.75717449188232 447.16514587402344
0 0.0265 269.7356643676758 347.7406311035156 308.490737915039 382.29408264160156
0 0.0265 309.4249954223633 598.562126159668 348.7629165649414 631.5415573120117
0 0.0264 173.7308349609375 492.852783203125 224.6804656982422 517.2317504882812
0 0.0261 329.34793853759766 478.7359619140625 368.8328018188476 511.38282775878906
0 0.0258 589.322093963623 468.32298278808594 612.7500190734863 501.76177978515625
0 0.0258 319.27412414550787 548.8969802856445 358.9000549316406 581.2358474731445
0 0.0256 309.75897216796875 387.6628875732422 348.471664428711 422.36549377441406
0 0.0255 29.301725864410418 458.83617401123047 68.87495183944704 491.2913131713867
0 0.0254 -25.999999999999996 0.0 612.75 339.48570251464844
0 0.0247 349.05504608154297 618.8452339172363 389.15247344970703 638.7499809265137
0 0.0246 379.36792755126953 548.6890411376953 418.8148727416993 581.4256286621094
0 0.0244 89.58111190795898 488.1821060180664 128.6234893798828 521.8892288208008
0 0.0243 69.31678199768068 368.80775451660156 108.86079216003418 401.3172912597656
0 0.0239 13.444503784179703 622.5588989257812 65.03927612304689 638.75
0 0.0238 163.62976455688477 352.92667388916016 214.77089309692383 377.15808868408203
0 0.0237 273.72153663635254 492.85633087158203 324.6894588470459 517.2278213500977
0 0.0234 229.55192947387695 338.24527740478516 268.6504020690918 371.8313980102539
0 0.0234 139.23195266723636 318.9813995361328 178.93913650512695 351.1589050292969
0 0.0230 29.572454929351828 548.1947708129883 68.63205099105836 581.8776321411133
0 0.0229 179.5399131774902 388.2831573486328 218.66028213500977 421.7967224121094
0 0.0228 313.8369216918946 522.7634429931641 364.5878829956055 547.3194122314453
0 0.0225 69.25656700134279 328.9360809326172 108.91593360900882 361.20018005371094
0 0.0223 -15.371166229248024 541.4496994018555 12.995728492736836 588.4856796264648
0 0.0222 -15.325175285339332 591.7916107177734 12.940486907959002 638.2130432128906
0 0.0221 549.4707145690918 604.7563171386719 612.7500190734863 638.75
0 0.0221 583.7641754150391 442.35721588134766 612.75 467.66468048095703
0 0.0209 583.6641540527344 412.4467468261719 612.75 437.57713317871094
0 0.0204 548.3924140930176 504.83680725097656 612.7499809265137 554.7470092773438
0 0.0203 389.083236694336 618.7841796875 429.1268005371094 638.75
0 0.0201 319.58113098144537 428.17752838134766 358.6238708496094 461.89342498779297
0 0.0201 489.09746551513666 618.7526702880859 529.1138687133789 638.75
0 0.0200 349.2796936035156 578.8864898681641 388.89479064941406 611.2454223632812
0 0.0200 123.37374114990236 393.12034606933594 174.99807739257812 416.96624755859375
0 0.0198 419.5043029785156 548.3759307861328 458.6915435791015 581.7118072509766
0 0.0189 429.6027221679688 598.1157684326172 468.60540771484375 631.9499969482422
0 0.0185 29.219717025756854 419.0068817138672 68.95038986206056 451.1357116699219
0 0.0184 179.2388572692871 318.9672374725342 218.9327659606934 351.1718463897705
0 0.0183 583.6491241455078 382.4584197998047 612.75 407.56553649902344
0 0.0181 109.06652355194093 349.3149185180664 149.09186267852783 380.85521697998047
0 0.0180 244.30902862548828 312.3433017730713 294.1783752441406 337.7305507659912
0 0.0179 314.66921234130865 341.7372131347656 342.94718170166016 388.25439453125
0 0.0175 99.26683330535889 298.90926361083984 138.9070405960083 331.22467041015625
0 0.0174 363.9169921875 522.6953125 414.5179595947266 547.3862457275391
0 0.0173 479.46424865722656 568.4675979614258 518.7278594970703 601.6279983520508
0 0.0170 49.63315391540529 498.0364227294922 88.57861900329591 532.022705078125
0 0.0169 284.7497501373291 522.4349594116211 312.8510036468506 567.7165603637695
0 0.0166 583.6118164062499 192.4915313720703 612.75 217.53318786621094
0 0.0163 59.26258468627932 288.91788482666016 98.91096496582033 321.21681213378906
0 0.0156 583.3661689758301 562.6886749267578 612.7499809265137 587.3385620117188
0 0.0151 369.22670745849604 488.9949035644531 408.94373321533203 521.1466217041016
0 0.0150 469.4273223876953 528.559684753418 508.760513305664 561.5437698364258
0 0.0150 583.0012359619141 12.958736419677734 612.75 37.070250511169434
0 0.0148 143.92895126342776 292.6892280578613 194.50672531127933 317.39267349243164
0 0.0147 29.178546905517592 379.08897399902344 68.98854637145998 411.0608673095703
0 0.0147 583.767017364502 312.35222816467285 612.7499809265137 337.6692867279053
0 0.0145 583.7330474853516 352.3832702636719 612.75 377.6390075683594
0 0.0144 583.5738983154297 162.52269744873047 612.75 187.50247955322266
0 0.0142 29.109517574310324 339.22794342041016 69.0522828102112 370.93433380126953
0 0.0139 583.6540832519531 222.45494842529297 612.75 247.5690460205078
0 0.0139 -25.999999999999975 507.87723541259766 8.546763896942158 542.1688461303711
0 0.0138 354.6782531738282 381.80908203125 382.9363098144531 428.19793701171875
0 0.0134 359.2809143066406 448.8828659057617 398.89379882812506 481.24874114990234
0 0.0132 -15.331028461456276 461.73336029052734 12.94742727279665 508.2571792602539
0 0.0130 583.7689056396483 282.3514175415039 612.75 307.67017364501953
0 0.0127 89.28322219848634 258.879337310791 128.89152908325195 291.2519645690918
0 0.0126 293.9070358276367 312.70628929138184 344.5261611938476 337.3757266998291
0 0.0124 253.5351409912109 283.0063247680664 304.853271484375 307.0801544189453
0 0.0124 583.2179107666014 92.80359268188477 612.75 117.22490310668945
0 0.0123 583.5037841796874 132.58136749267578 612.75 157.4448013305664
0 0.0120 583.1658210754395 62.84116506576538 612.7499809265137 87.1874451637268
0 0.0119 583.6864318847656 252.42679595947266 612.75 277.59666442871094
0 0.0116 344.68351745605463 331.84669494628906 372.9299774169922 378.1678009033203
0 0.0115 193.88813400268555 292.72239685058594 244.54265975952146 317.3599624633789
0 0.0113 133.30839061737063 263.17440032958984 185.05495929718018 286.91341400146484
0 0.0110 269.1828861236572 189.08430099487305 308.9841213226318 221.06512069702148
0 0.0106 -25.304881095886206 1.9528913497924805 2.9161682128906445 48.08646202087402
0 0.0106 49.0936508178711 249.25411224365234 89.06750106811525 280.9105682373047
0 0.0104 283.68509674072266 162.88721084594727 334.72116851806635 187.19755172729492
0 0.0103 519.4997253417969 568.3889389038086 558.6954345703125 601.6998672485352
0 0.0103 9.477085113525414 508.4422302246094 48.71582412719728 541.6511535644531
0 0.0101 473.6929931640625 502.8807830810547 524.7142639160156 527.2039031982422
