0 0.1705 137.71696090698242 47.66559219360354 192.49704360961914 69.41756820678712
0 0.1247 128.34639072418213 77.2994956970215 181.92368984222412 99.78683090209962
0 0.1024 198.60782623291016 47.14686965942384 251.68472290039062 69.94155502319337
0 0.1010 126.83677196502686 18.12265968322755 183.30624103546143 38.952661514282234
0 0.0704 189.71561431884766 76.36508560180665 240.69385528564453 100.7196388244629
0 0.0638 187.54793167114258 17.757812500000014 242.6518440246582 39.32410812377931
0 0.0603 94.65624809265137 43.553539276123054 135.47648429870605 73.68487930297852
0 0.0455 87.53982543945312 -2.2363224029540865 142.6589584350586 19.318414688110366
0 0.0423 575.1023101806641 78.89335250854494 634.9166870117188 98.1604347229004
0 0.0386 146.71754837036133 -11.821712493896468 203.4168815612793 8.895393371582045
0 0.0355 585.9708404541016 58.51323699951173 638.75 78.55004882812501
0 0.0352 513.797607421875 79.39939117431642 576.13525390625 97.63715362548828
0 0.0349 585.7161140441895 98.63208389282227 638.7499809265137 118.42914199829102
0 0.0339 513.9678573608398 59.335189819335945 575.9762954711914 77.7034149169922
0 0.0331 118.21069717407227 107.37987136840822 172.0472526550293 129.70573043823242
0 0.0328 97.91312217712402 -102.44985485076901 152.3190212249756 -80.46651268005368
0 0.0308 116.93335056304932 -31.92709112167357 173.21759700775146 -10.99692010879515
0 0.0291 84.67687606811523 73.51392364501955 125.45751571655273 103.72075653076172
0 0.0273 524.0498352050781 99.30686569213869 585.8989715576172 117.73322677612306
0 0.0262 607.6817321777344 -32.74124526977537 638.75 -10.23867034912108
0 0.0254 0.0 193.38586425781247 638.75 532.25
0 0.0246 107.30810642242432 -72.11911106109618 162.8729009628296 -50.80157184600829
0 0.0238 514.4068908691406 39.16793441772462 575.5661010742188 57.87637329101564
0 0.0230 586.3771820068359 118.33604431152345 638.75 138.73326873779297
0 0.0229 0.0 -106.49999999999999 510.9122848510742 175.01496887207034
0 0.0221 597.8962707519531 -92.44491004943846 638.75 -70.4722442626953
0 0.0217 597.4028015136719 -2.1716537475585804 638.75 19.251361846923842
0 0.0213 597.286376953125 -62.11623096466062 638.75 -40.80592060089109
0 0.0212 576.5342712402344 38.256236076354995 633.5886383056641 58.81391620635987
0 0.0163 454.51942443847656 69.13117980957033 515.4591369628906 87.91577911376955
0 0.0154 524.6003341674805 119.09837341308595 585.3839492797852 137.949462890625
0 0.0150 37.702388763427734 -102.33345890045165 92.51200675964355 -80.58452987670896
0 0.0149 158.35834980010986 -102.70983362197873 211.9132947921753 -80.20409488677977
0 0.0149 454.5158004760742 49.131732940673835 515.462760925293 67.91503524780273
0 0.0148 356.5040969848633 58.28431701660157 413.61324310302734 78.78766632080078
0 0.0146 556.6172027587891 18.221145629882827 613.5108947753906 38.85060882568361
0 0.0146 608.9678192138672 516.1567077636719 638.75 532.25
0 0.0143 157.17115879058838 -52.0510377883911 212.99951076507568 -30.871294975280748
0 0.0140 346.12022399902344 38.4611806869507 403.96888732910156 58.60630130767824
0 0.0138 175.12262344360352 102.69483184814453 215.04087448120117 134.46450805664065
0 0.0136 464.7644805908203 99.03735733032227 525.2297210693359 118.01330184936525
0 0.0136 169.3874168395996 216.61553955078128 220.98478317260742 240.47174072265622
0 0.0132 396.0904312133789 78.47737884521484 453.99585723876953 98.59017944335939
0 0.0132 246.88507080078125 28.10005760192872 303.2613754272461 48.97593116760255
0 0.0132 494.6226119995117 19.086214065551772 555.3640365600586 37.96133613586427
0 0.0126 0.0 -83.50429439544676 40.840749740600586 -59.409326553344705
0 0.0125 118.96878719329834 196.90885162353516 171.35969638824463 220.1794967651367
0 0.0123 337.4745178222656 197.79405212402344 392.7198791503906 219.28681945800784
0 0.0123 609.5466423034668 486.047607421875 638.7500190734863 510.97825622558594
0 0.0121 248.0552101135254 67.47932052612305 302.18698501586914 89.60670089721681
0 0.0120 608.1089019775391 147.02113723754883 638.75 170.0034294128418
0 0.0117 207.1257209777832 -12.021335601806625 263.03979873657227 9.099575042724624
0 0.0110 108.5399866104126 137.18579864501956 161.74691677093506 159.90193939208984
0 0.0110 108.63998413085938 167.11988067626953 161.65706634521484 189.96766662597656
0 0.0109 345.81287384033203 18.597332000732436 404.2543411254883 38.46629714965821
0 0.0108 58.44162940979004 -32.751382827758775 111.83566093444824 -10.16089820861815
0 0.0107 327.19383239746094 77.94488525390626 382.9768371582031 99.1341552734375
0 0.0105 367.39707946777344 97.8406105041504 422.78968811035156 119.24045181274415
0 0.0102 424.9485397338867 28.96013832092286 485.0589370727539 48.092351913452156
