0 0.2793 266.78863525390625 122.72146224975583 343.56956481933594 147.54819869995117
0 0.2165 288.21659088134766 153.8814926147461 342.0407485961914 176.20487213134763
0 0.1963 274.05917167663574 95.80656051635742 335.88940620422363 114.2342185974121
0 0.1492 215.5984878540039 105.19378662109374 274.4526672363281 124.86774444580078
0 0.1476 336.3028335571289 104.87152099609374 393.80115509033203 125.19710540771484
0 0.1284 458.44587326049805 91.31603240966798 638.7500190734863 168.74923706054688
0 0.1168 206.72805786132812 124.67929840087889 263.40572357177734 145.3954315185547
0 0.1113 228.72682571411133 153.56706619262695 281.5779685974121 176.5210151672363
0 0.1085 344.39502716064453 130.4646110534668 385.72559356689453 159.81328964233398
0 0.0923 215.4253387451172 85.26477813720703 274.6144104003906 104.79412078857422
0 0.0872 273.94782066345215 75.84554672241211 335.99427223205566 94.19328689575195
0 0.0768 335.25428771972656 85.33063888549803 394.77508544921875 104.72513198852539
0 0.0693 574.3924140930176 24.836816787719723 638.7499809265137 74.74701881408691
0 0.0670 279.3505096435547 183.13995361328125 331.0182189941406 206.94713592529297
0 0.0510 345.0093460083008 159.42115783691406 385.14537811279297 190.75859069824216
0 0.0496 430.7252502441406 170.09803771972656 638.75 269.2982864379882
0 0.0457 215.61460494995117 65.18472671508788 274.43822860717773 84.87665176391602
0 0.0414 157.0367431640625 94.52217102050781 213.12210083007812 115.55496215820312
0 0.0391 574.3924140930176 -35.16318321228027 638.7499809265137 14.747028350830078
0 0.0380 234.8834228515625 179.64588165283203 275.26390075683594 210.55450439453125
0 0.0351 389.70802307128906 122.85545349121092 440.7037353515625 147.2272491455078
0 0.0349 157.4599266052246 64.30431365966797 212.73271560668945 85.77680587768555
0 0.0297 398.9945602416992 93.37665557861328 451.33968353271484 116.70959472656249
0 0.0283 274.1247081756592 55.78033447265625 335.82859992980957 74.26103591918944
0 0.0273 535.367546081543 58.68990421295165 574.8151779174805 91.42484188079833
0 0.0271 259.35014724731445 213.13945770263672 311.0186958312988 236.94751739501953
0 0.0257 157.60028839111328 34.2300033569336 212.603759765625 55.8523941040039
0 0.0247 147.1357011795044 124.47257995605469 203.0308485031128 145.60558319091797
0 0.0245 385.33714294433594 148.75333786010742 424.8432159423828 181.36693954467773
0 0.0241 334.96421813964844 65.44977188110352 395.04539489746094 84.60224151611328
0 0.0241 215.56190490722656 45.20865440368652 274.48692321777344 64.85228538513184
0 0.0229 0.0 277.02486038208013 510.9126281738281 558.7499809265137
0 0.0207 265.1251411437988 239.19879913330075 305.0376319885254 270.9608840942382
0 0.0203 157.87185668945312 4.079217910766602 212.3554229736328 26.0050106048584
0 0.0201 315.2407455444336 208.966064453125 354.9307632446289 241.17286682128903
0 0.0192 295.3183078765869 268.80226135253906 334.85960960388184 301.32225036621094
0 0.0181 511.90391540527344 289.8418426513672 638.75 389.6270751953125
0 0.0181 535.2056503295898 19.013462066650387 574.9656295776367 51.12976074218749
0 0.0170 255.26777267456055 278.90968322753906 294.905948638916 311.22428894042963
0 0.0167 335.43094635009766 258.5472869873047 374.75765228271484 291.5550994873047
0 0.0167 295.65372467041016 317.98198699951166 334.560546875 352.07263946533203
0 0.0154 397.3369598388672 64.36391830444336 452.8468322753906 85.71537017822264
0 0.0154 167.23674774169922 154.41656112670898 222.9388427734375 175.6619071960449
0 0.0152 224.6990203857422 239.97150421142578 265.43712615966797 270.2592086791992
0 0.0150 335.6498718261719 297.995376586914 374.5636749267578 332.060317993164
0 0.0147 98.48538398742676 23.71726989746094 151.79694175720215 46.36995315551758
0 0.0145 215.52562713623047 25.222654342651367 274.5210266113281 44.83757972717285
0 0.0144 575.2654266357422 -79.99999999999999 638.75 -45.12511253356933
0 0.0141 214.41091537475586 210.43874740600586 255.7105827331543 239.83663558959958
0 0.0141 38.13464164733887 33.92554283142089 92.11629867553711 56.159811019897454
0 0.0140 609.046630859375 262.92541503906244 638.75 287.10334777832026
0 0.0138 495.27164459228516 58.89791011810302 534.9027633666992 91.23503208160399
0 0.0138 355.2531433105469 198.94075393676758 394.9193572998047 231.19596481323242
0 0.0135 375.5697250366211 258.2108688354492 414.6335983276367 291.86290740966797
0 0.0132 177.38653182983398 184.3353271484375 232.8019142150879 205.74398040771484
0 0.0132 98.40824127197266 63.76417160034179 151.86702728271484 86.32272720336914
0 0.0131 574.3924140930176 404.83680725097656 638.7499809265137 454.74700927734375
0 0.0127 255.4825782775879 318.4245681762695 294.7113609313965 351.667366027832
0 0.0124 97.97809600830078 104.01744842529295 152.25873947143555 126.06723785400389
0 0.0120 274.0986919403076 35.79007148742675 335.85293769836426 54.250936508178704
0 0.0119 28.0600643157959 63.96862030029296 82.1843433380127 86.11627578735352
0 0.0118 395.4379653930664 188.51926803588867 434.7524642944336 221.58079147338867
0 0.0115 360.1535415649414 232.4911212921142 410.3116989135742 257.5866222381591
0 0.0114 98.60641479492188 -6.35829210281372 151.68729782104492 16.445858478546143
0 0.0113 38.083343505859375 3.9548206329345685 92.1631908416748 26.13017082214355
0 0.0112 340.66078186035156 331.67274475097656 368.95729064941406 378.3055114746093
0 0.0112 375.63926696777344 298.02532196044916 414.57275390625 332.0328903198242
0 0.0110 535.4245376586914 -21.45217895507812 574.7648239135742 11.554689407348631
0 0.0109 148.1669807434082 -26.088838577270508 202.08581924438477 -3.824968338012695
0 0.0106 455.0290298461914 59.379119873046875 495.12752532958984 90.79683303833006
0 0.0106 512.8874015808105 489.6266937255859 638.7500190734863 558.7499999999999
0 0.0104 415.60779571533203 268.1111145019531 454.60018157958984 301.9542694091797
0 0.0101 475.56243896484375 268.22746276855463 514.6401977539062 301.84768676757807
0 0.0100 0.0 93.3267593383789 41.25061511993408 116.76151275634766
0 0.0100 0.0 -80.0 129.46765899658203 -10.12060642242432
