0 0.0871 456.28662109375 114.88481521606442 513.8147735595703 135.18453598022458
0 0.0742 455.84537506103516 95.08298873901366 514.2241287231445 114.98102188110352
0 0.0617 476.72115325927734 134.68078613281247 533.4125137329102 155.3936004638672
0 0.0567 255.93936920166016 115.04119873046872 314.13692474365234 135.02391815185544
0 0.0492 255.88058471679688 95.06576538085936 314.19185638427734 114.99839782714842
0 0.0478 256.2697982788086 134.89362716674805 313.83007049560547 155.175724029541
0 0.0441 416.6202926635742 134.72782135009766 473.5060501098633 155.34523010253906
0 0.0440 445.59661865234375 75.1902961730957 504.4554901123047 94.87051010131836
0 0.0377 395.9044647216797 115.05619049072266 454.1694641113281 135.00843048095703
0 0.0349 395.59398651123047 95.19065856933594 454.45812225341797 114.8699951171875
0 0.0320 266.68681144714355 154.69823837280273 323.4441089630127 175.37591934204102
0 0.0317 457.4067687988281 164.33107376098633 512.7818298339844 185.7493782043457
0 0.0310 256.0223388671875 75.00265121459961 314.0603256225586 95.06322860717773
0 0.0303 195.8086395263672 105.09874343872069 254.2583465576172 124.96477127075194
0 0.0286 315.5769729614258 105.20004272460936 374.4734573364258 124.86072540283202
0 0.0269 315.5230712890625 85.22253036499022 374.52369689941406 104.83747482299803
0 0.0269 196.16500854492188 124.94121551513672 253.9272689819336 145.126838684082
0 0.0265 195.8664321899414 85.07122039794922 254.20520782470703 104.99267578124999
0 0.0254 0.0 219.8858642578125 638.75 558.75
0 0.0246 516.9395065307617 154.5705413818359 573.211784362793 175.50559997558594
0 0.0243 385.4524612426758 75.25102615356445 444.58972930908203 94.80783462524414
0 0.0233 315.8026885986328 125.10204315185545 374.26368713378906 144.96150970458982
0 0.0229 0.0 -79.99999999999999 510.9122848510742 201.51496887207028
0 0.0221 435.41053771972656 55.26953697204589 494.62860107421875 74.78892326354979
0 0.0205 516.0703277587891 114.98161315917969 574.0156555175781 135.0849151611328
0 0.0203 386.94583892822266 154.5673942565918 443.2059097290039 175.5088233947754
0 0.0194 315.53924560546875 65.21573543548584 374.5086669921875 84.84449863433838
0 0.0192 207.04656600952148 154.51776504516602 263.1129264831543 175.5595588684082
0 0.0190 458.36082458496094 253.79249572753903 511.91017150878906 276.29417419433594
0 0.0187 196.07141494750977 64.9800682067871 254.01491165161133 85.0863265991211
0 0.0183 457.6322555541992 194.2081642150879 512.5754928588867 215.8738136291504
0 0.0174 447.7144241333008 224.16290283203125 502.5003433227539 245.91964721679685
0 0.0169 517.4666595458984 184.30025100708005 572.7266693115234 205.7808494567871
0 0.0169 256.0652542114258 54.98458862304687 314.0201950073242 75.08201599121094
0 0.0162 326.16355895996094 144.93976593017578 383.92913818359375 165.12794494628906
0 0.0162 247.53231048583984 244.26609039306638 302.6662063598633 265.81569671630854
0 0.0159 608.2732963562012 183.42401504516602 638.7500190734863 206.60181045532224
0 0.0158 267.3184585571289 184.3795585632324 322.8624725341797 205.70047378540036
0 0.0158 468.66687774658203 283.60416412353516 521.6324234008789 306.48365020751953
0 0.0158 515.8778381347656 95.06603240966797 574.1946411132812 114.99797821044922
0 0.0153 396.96414947509766 184.55522537231442 453.18981170654297 205.52068710327146
0 0.0152 375.3835678100586 55.28045654296875 434.65381622314453 74.77758407592773
0 0.0144 608.1854057312012 153.47633361816406 638.7500190734863 176.54884338378906
0 0.0144 505.85643768310547 75.074725151062 564.2146682739258 94.9889039993286
0 0.0140 397.6375198364258 244.20906066894528 452.5698471069336 265.8734893798828
0 0.0139 408.45680236816406 273.73706817626953 461.8223571777344 296.3503646850586
0 0.0139 376.96136474609375 214.55999374389648 433.1915283203125 235.51641464233398
0 0.0139 206.8337059020996 224.62203979492188 263.3095359802246 245.45291900634763
0 0.0135 508.0611801147461 213.97245407104492 562.1823501586914 236.11310958862305
0 0.0131 608.3670043945312 213.36782455444336 638.75 236.6586875915527
0 0.0130 267.22949981689453 214.42216873168945 322.9450988769531 235.65652847290036
0 0.0126 326.3799285888672 164.83884811401367 383.72901916503906 185.23115158081052
0 0.0124 248.47455978393555 273.7247848510742 301.806583404541 296.3624954223632
0 0.0121 307.8401184082031 254.09881591796872 362.384033203125 275.98548889160156
0 0.0119 518.7947845458984 263.5201644897461 571.5172576904297 286.5675735473633
0 0.0119 557.0743560791016 134.50326919555664 613.0874633789062 155.57424545288086
0 0.0118 196.19983673095703 44.92203712463379 253.8957977294922 65.14590263366698
0 0.0117 315.5438232421875 45.21298408508301 374.5045471191406 64.8471736907959
0 0.0117 608.6166572570801 -66.78776264190674 638.7499809265137 -43.1843900680542
0 0.0115 418.9112091064453 303.4469985961914 471.4115905761719 326.64134979248047
0 0.0113 609.0400886535645 542.5996208190918 638.7499809265137 558.7500190734863
0 0.0113 207.22904205322266 184.4187545776367 262.9463577270508 205.65937042236328
0 0.0111 478.7615966796875 313.54530334472656 531.5464019775391 336.54296875
0 0.0106 298.88318061828613 293.46622467041016 351.43664360046387 316.62220001220703
0 0.0105 558.6094284057617 233.64345550537107 611.6837692260742 256.44466400146484
0 0.0105 166.4962387084961 204.78303909301758 223.62167358398438 225.28806686401364
0 0.0104 187.2791290283203 254.39853668212888 242.89897918701172 275.68088531494135
0 0.0102 248.82965087890625 313.4977340698242 301.48571014404297 336.59008026123047
0 0.0101 358.67977142333984 293.59619140625 411.6207504272461 316.49169921875
0 0.0100 495.87921142578125 55.06471633911132 554.1935729980469 74.99917984008788
0 0.0100 326.55250549316406 194.75994110107422 383.5688018798828 215.31234741210935
