0 0.0275 152.9657325744629 3.0573225021362305 204.41516494750977 27.029447555541992
0 0.0254 -106.49999999999997 299.8858642578125 532.25 638.75
0 0.0229 -106.49999999999997 0.0 404.4122848510742 281.5149688720703
0 0.0182 -67.18413734436034 3.155193328857422 -15.448802947998034 26.930689811706543
0 0.0166 -0.9803333282470573 0.0 38.178373336792006 31.75135374069214
0 0.0163 108.64106750488283 0.0 148.5223159790039 30.984506607055664
0 0.0161 112.72164916992189 622.7486991882324 164.7335968017578 638.7500190734863
0 0.0153 -106.49999999999997 12.409365177154541 -66.25164413452147 37.66518831253052
0 0.0148 158.7499008178711 28.949589729309082 198.42210388183594 61.18789196014404
0 0.0146 -105.79744482040402 52.019405364990234 -77.59269857406615 98.0353832244873
0 0.0144 -67.35779190063475 622.8104400634766 -15.196069717407214 638.75
0 0.0140 52.69182300567628 622.7722358703613 104.75995159149171 638.7499809265137
0 0.0138 38.89573192596437 0.0 78.28909015655518 31.477837562561035
0 0.0133 203.07318305969238 12.975058555603027 254.32003593444827 37.11081027984619
0 0.0123 -7.33720207214354 622.7954864501953 44.785486221313484 638.75
0 0.0116 173.09918975830078 612.9426193237305 224.29952239990234 637.1413803100586
0 0.0115 406.19212722778315 0.0 532.2499809265136 69.84923839569092
0 0.0113 198.8577423095703 38.71785640716553 238.3234558105469 71.39931201934814
0 0.0113 -106.49999999999997 602.8598403930664 -65.79725646972655 627.2234725952148
0 0.0112 158.98559188842776 68.4206223487854 198.20830917358398 101.6709303855896
0 0.0111 -15.877870559692369 51.411447525024414 12.503839492797866 98.51799011230469
0 0.0110 -67.20215225219725 593.1765747070312 -15.434478759765607 616.9105529785156
0 0.0109 -106.49999999999997 98.28611373901367 -71.83329010009763 131.79405212402344
0 0.0108 112.95180892944336 593.0659866333008 164.42790603637695 617.0206069946289
0 0.0107 118.89396286010742 38.63811016082764 158.29047775268558 71.47213459014893
