0 0.2474 279.85321044921875 114.33971405029297 370.626220703125 155.54969787597656
0 0.2075 210.5624771118164 139.66186523437497 279.8738479614258 170.40714263916016
0 0.2052 37.18332290649414 174.4458770751953 92.98757553100586 195.63240051269528
0 0.1914 99.34638977050781 150.77953338623044 171.0556411743164 179.3598937988281
0 0.1728 37.15311050415039 144.45957183837888 93.01578521728516 165.61813354492188
0 0.1547 98.56825828552246 183.66432189941406 151.72215461730957 206.42295837402344
0 0.1505 37.98689842224121 204.01309967041013 92.25055694580078 226.07173919677734
0 0.1460 229.43159103393555 113.07577133178711 280.9469795227051 137.01025009155273
0 0.1453 280.35167694091797 162.29827880859375 330.1426315307617 187.7739334106445
0 0.1330 328.5603332519531 83.6724281311035 381.7286682128906 106.41527175903319
0 0.1178 169.432373046875 173.07804107666013 220.94566345214844 197.00836181640625
0 0.1138 97.93829917907715 124.03842926025389 152.29546546936035 146.04576110839844
0 0.1133 370.128173828125 112.51214981079102 420.3340148925781 137.56586074829102
0 0.1096 229.87491607666016 172.7328109741211 280.5543518066406 197.34962463378906
0 0.0968 158.0576515197754 123.9695167541504 212.18664169311523 146.11528396606445
0 0.0921 37.62300729751587 114.20951843261717 92.58479833602905 135.8718490600586
0 0.0915 329.8717498779297 162.72527694702146 380.5592346191406 187.35586166381836
0 0.0876 268.4115505218506 83.76695632934569 321.8629550933838 106.32062911987303
0 0.0692 0.0 179.47113037109372 35.16610622406006 210.71315765380857
0 0.0629 27.78510808944702 84.12702560424805 82.4349045753479 105.95651626586914
0 0.0551 609.5202445983887 282.5633239746094 638.7500190734863 307.4620056152344
0 0.0545 590.2412223815918 252.4094009399414 638.7500190734863 277.6662826538086
0 0.0494 29.332735538482666 233.15342903137207 81.03395223617554 256.93385124206543
0 0.0492 99.43652153015137 213.07621002197266 150.94172477722168 237.01034545898435
0 0.0490 385.57010650634766 138.21088790893555 424.63314056396484 171.86288833618164
0 0.0478 0.0 139.53844070434567 35.199737548828125 170.6519889831543
0 0.0475 88.25307846069336 93.85717391967773 142.0081329345703 116.22900009155273
0 0.0440 609.5074653625488 312.5733947753906 638.7499809265137 337.4520874023437
0 0.0423 569.4917678833008 53.0364990234375 620.8922958374023 77.04992294311523
0 0.0409 208.98662567138672 83.3957290649414 261.34387969970703 106.69246673583984
0 0.0404 149.91708755493164 202.69525527954102 200.51790237426758 227.38630294799805
0 0.0389 27.49720573425293 54.28276062011718 82.69890785217285 75.79841613769531
0 0.0379 327.730712890625 54.156570434570305 382.4848175048828 75.92649459838866
0 0.0361 0.7421779632568359 212.36933708190918 28.86003017425537 257.76692390441895
0 0.0352 589.902172088623 222.7132797241211 638.7500190734863 247.36923217773435
0 0.0350 279.72251892089844 192.85194396972653 330.68931579589844 217.23167419433594
0 0.0345 569.3680572509766 83.12938690185547 621.0021209716797 106.95793151855469
0 0.0339 215.4283332824707 198.55632781982422 254.7597312927246 231.54685974121094
0 0.0337 148.25354099273682 93.85904312133788 202.0072317123413 116.22743606567381
0 0.0327 267.65881538391113 54.197444915771484 322.55030632019043 75.88529586791991
0 0.0318 88.02448272705078 63.993091583251946 142.21590042114258 86.09218597412108
0 0.0309 579.4009399414062 23.106193542480465 630.9725952148438 46.981067657470696
0 0.0308 545.5806732177734 228.18286895751953 584.6238708496094 261.88854217529297
0 0.0303 580.6490325927734 281.5906906127929 608.9714050292969 328.37169647216797
0 0.0290 384.6639633178711 80.0340461730957 425.46993255615234 110.20254135131835
0 0.0265 519.4996643066406 43.02496910095214 570.8864593505859 67.06063270568848
0 0.0261 520.2751159667969 202.37760543823242 570.2070617675781 227.69731521606445
0 0.0254 0.0 219.8858642578125 638.75 558.75
0 0.0239 27.775018215179443 24.130592346191406 82.44459390640259 45.95256805419921
0 0.0238 519.2703628540039 73.19664001464844 571.089973449707 96.89064025878905
0 0.0228 87.8005313873291 34.117374420166016 142.4210262298584 55.96611022949219
0 0.0227 29.802122116088867 262.79026031494135 80.6187629699707 287.2928237915039
0 0.0220 530.6023025512695 262.0145416259765 579.9355697631836 288.0462646484375
0 0.0219 38.03445816040039 -6.017627716064452 92.20792770385742 16.102237701416016
0 0.0219 238.26889038085938 23.84908676147461 291.99344635009766 46.237354278564446
0 0.0218 0.7963681221008301 92.93163299560547 28.795900344848633 137.34897613525388
0 0.0216 285.5525588989258 258.25660705566406 324.6485900878906 291.82098388671875
0 0.0212 147.8492784500122 64.09117221832274 202.3762083053589 85.99278926849364
0 0.0210 529.7478103637695 12.834663391113281 580.6664657592773 37.249088287353516
0 0.0206 335.01949310302734 189.40000534057617 375.13614654541016 220.77783584594724
0 0.0203 559.7101593017578 112.86895751953124 610.6987762451172 137.21576690673825
0 0.0203 574.3924140930176 164.83682632446286 638.7499809265137 214.74702835083005
0 0.0200 208.48772048950195 53.71705055236816 261.7945671081543 76.37036323547363
0 0.0199 505.52318572998047 228.32607269287107 544.6750259399414 261.7574691772461
0 0.0197 265.247745513916 218.95389556884766 304.9241065979004 251.18396759033203
0 0.0194 598.7757873535156 -6.462743282318115 638.75 16.551167964935303
0 0.0183 520.0442123413086 172.58956909179688 570.4063034057617 197.49038696289062
0 0.0183 79.94296073913574 242.67860412597656 130.4942226409912 267.4032592773437
0 0.0181 147.900128364563 34.05871391296387 202.33062267303467 56.0250186920166
0 0.0178 0.7385993003845215 2.337026596069336 28.864295482635498 47.79152870178223
0 0.0177 325.4070281982422 258.6069107055664 364.77882385253906 291.5006637573242
0 0.0175 245.5672836303711 268.21807861328125 284.63565826416016 301.85630798339844
0 0.0174 380.16735076904297 172.46845245361328 430.3017807006836 197.6076889038086
0 0.0172 228.8092803955078 -6.486921310424805 281.50367736816406 16.575040817260742
0 0.0171 609.2895698547363 342.74692535400385 638.7499809265137 367.2807693481445
0 0.0170 98.27290534973145 3.841352462768553 151.9909954071045 26.24432563781738
0 0.0169 535.4896926879883 288.3856201171875 574.707145690918 321.7030334472656
0 0.0167 305.1455307006836 219.16465759277344 345.0181198120117 250.99193572998047
0 0.0165 620.7287406921387 52.83576965332031 638.7500190734863 97.48540878295898
0 0.0163 565.3738403320312 328.6693572998047 604.8101043701172 361.4436340332031
0 0.0159 512.6921272277832 -80.0 638.7499809265137 -10.150761604309086
0 0.0156 297.6281261444092 24.208765029907227 352.57962226867676 45.87292671203613
0 0.0150 290.1613712310791 292.4784088134765 340.3060054779053 317.59841918945307
0 0.0148 529.8329925537109 142.76525497436523 580.5915832519531 167.31744766235352
0 0.0141 168.62010955810547 3.6291313171386728 221.6757583618164 26.457901000976562
0 0.0133 509.3692398071289 103.12866210937499 561.0010147094727 126.95865631103514
0 0.0129 27.906150817871094 -35.94179153442382 82.32446670532227 -13.974008560180662
0 0.0128 129.68128204345703 242.89043426513672 180.72452545166016 267.1944046020507
0 0.0126 614.9408721923828 109.12237167358397 638.75 141.03204727172852
0 0.0124 0.7095170021057129 262.081069946289 28.89899969100952 307.98797607421875
0 0.0122 384.57210540771484 50.17675399780273 425.55789947509766 80.0734519958496
0 0.0122 365.4979705810547 258.38558197021484 404.6977233886719 291.70299530029297
0 0.0120 205.5469512939453 268.2695770263672 244.6536636352539 301.8091583251953
0 0.0119 210.0426483154297 242.58880615234372 260.40809631347656 267.49092102050776
0 0.0117 0.0 -76.60744428634644 51.3328218460083 -53.30375671386719
0 0.0115 428.11859130859375 137.09827423095703 512.6026153564453 203.126220703125
0 0.0108 285.3297805786133 318.7781524658203 324.8490905761719 351.3442993164062
0 0.0108 245.5238151550293 308.3236694335937 284.6745491027832 341.75964355468744
0 0.0107 340.18810272216797 292.45452880859375 390.2828598022461 317.621841430664
0 0.0105 479.67979431152344 12.892570495605467 530.7256317138672 37.19240188598632
0 0.0103 575.4707145690918 524.7563171386718 638.7500190734863 558.75
