0 0.0949 116.24898910522461 138.40127563476562 173.8498306274414 158.6675033569336
0 0.0884 116.26683712005615 158.3944854736328 173.8329553604126 178.6747512817383
0 0.0853 116.34780883789062 118.3539352416992 173.75871658325195 138.7157211303711
0 0.0677 126.53393268585205 98.26562500000001 183.58672618865967 118.80597686767578
0 0.0603 106.43779277801514 178.31369018554688 163.6750078201294 198.75726318359378
0 0.0561 176.03769302368164 138.4924468994141 234.04687881469727 158.57308959960938
0 0.0486 96.91065788269043 78.0832633972168 153.23874473571777 98.99234390258789
0 0.0486 176.30504608154297 118.37199783325197 233.7987518310547 138.69689559936523
0 0.0472 175.70707321166992 158.63788223266602 234.35400009155273 178.42353439331055
0 0.0404 406.67064666748047 138.20214843749997 463.4598922729492 158.87120819091797
0 0.0379 56.87647819519043 158.0998191833496 113.2703685760498 178.97540664672852
0 0.0372 116.22262954711914 198.41515159606934 173.8738250732422 218.65366554260257
0 0.0325 367.20516204833984 157.9378662109375 422.9667282104492 179.1410980224609
0 0.0325 376.82857513427734 118.12526321411133 433.31409454345703 138.9497337341309
0 0.0322 165.30786514282227 178.8100395202637 224.72478866577148 198.24668502807617
0 0.0314 57.29341506958008 127.88955307006836 112.88619995117188 149.18979263305664
0 0.0283 327.0198059082031 138.03046798706055 383.1377410888672 159.0464744567871
0 0.0280 57.42110252380371 97.8242073059082 112.76852607727051 119.25647354125975
0 0.0280 96.91731452941895 218.0845794677734 153.2315158843994 238.99179077148435
0 0.0271 156.6707181930542 78.19968795776367 213.460431098938 98.87328720092773
0 0.0255 426.94705963134766 168.06682205200195 483.2047653198242 189.00939559936523
0 0.0254 0.0 193.38586425781247 638.75 532.25
0 0.0245 87.72394180297852 47.657600402832045 142.49160766601562 69.42498779296876
0 0.0242 7.576789855957031 237.74224853515628 62.62540340423584 259.3399200439453
0 0.0232 337.43953704833984 97.81180953979492 392.75218963623047 119.26864242553711
0 0.0231 56.78847312927246 198.1450424194336 113.35108757019043 218.92957305908203
0 0.0230 436.6638946533203 118.20367431640626 493.46656799316406 138.8693389892578
0 0.0229 0.0 -106.49999999999999 510.9122848510742 175.01496887207034
0 0.0213 37.78848648071289 67.62220001220705 92.43247032165527 89.46092224121095
0 0.0213 406.8656539916992 98.10422515869142 463.28060150146484 118.97073364257814
0 0.0209 338.01891326904297 67.49129867553712 392.2220993041992 89.59319686889648
0 0.0208 327.82684326171875 177.60762786865234 382.39585876464844 199.47675323486325
0 0.0206 0.0 137.1625862121582 51.70909881591797 159.92564773559573
0 0.0200 0.0 97.11009597778322 51.63597583770752 119.97813796997073
0 0.0198 387.5830841064453 187.73988342285156 442.61940002441406 209.34247589111328
0 0.0193 0.0 267.55120849609375 52.30310916900635 289.533935546875
0 0.0185 17.377023696899414 177.84947967529297 72.80853271484375 199.23116302490234
0 0.0180 97.38987922668457 247.8404769897461 152.79723167419434 269.2399368286133
0 0.0174 28.244733810424805 37.36112213134767 82.01596260070801 59.724861145019545
0 0.0171 207.12697982788086 97.96983337402342 263.0405616760254 119.10714721679688
0 0.0170 237.0778465270996 138.0029067993164 293.0838966369629 159.0748748779297
0 0.0164 117.66805648803711 -22.30687522888182 172.54167556762695 -0.6102123260497907
0 0.0158 0.0 207.28955841064453 51.89847946166992 229.79772186279297
0 0.0155 98.04499626159668 17.48061752319337 152.19735145568848 39.60467910766602
0 0.0152 175.50539016723633 198.7269744873047 234.54092025756836 218.3323059082031
0 0.0151 287.18788146972656 117.94196701049805 342.9837417602539 139.13608169555664
0 0.0143 155.81329345703125 218.59902954101562 214.2534637451172 238.46490478515625
0 0.0142 277.4400329589844 77.80927276611328 332.7522659301758 99.27083587646486
0 0.0138 338.7063217163086 37.07384204864503 391.59786224365234 60.013285636901855
0 0.0137 338.1639099121094 207.4138031005859 392.08839416503906 229.67248535156247
0 0.0135 277.96302795410156 157.52915954589844 332.2718048095703 179.55587005615237
0 0.0135 0.0 297.2976837158203 51.90406799316406 319.7901306152344
0 0.0133 0.0 63.023963928222656 35.195491313934326 94.16516876220705
0 0.0127 608.2754325866699 226.92086791992188 638.7500190734863 250.1046905517578
0 0.0125 512.6921272277832 -106.49999999999997 638.7499809265137 -36.65076160430907
0 0.0124 5.242147445678711 362.46945953369146 44.92884159088135 394.6697769165039
0 0.0124 0.0 326.80455780029297 51.21533393859863 350.2842483520508
0 0.0121 397.8131103515625 67.60554885864259 452.41065979003906 89.4773063659668
0 0.0109 608.9208793640137 516.1923942565918 638.7500190734863 532.2500190734863
0 0.0106 0.0 6.507678985595718 40.85948944091797 30.57838058471681
0 0.0102 277.80731201171875 47.60865783691408 332.4159622192383 69.47412109375001
0 0.0102 0.0 516.2801322937011 51.27036094665527 532.2500190734863
0 0.0101 156.41340255737305 238.32742309570312 213.69699478149414 258.74360656738276
0 0.0100 177.74139404296875 -32.35268020629881 232.47577667236328 -10.564693450927722
0 0.0100 608.6083221435547 196.71674346923828 638.75 220.31095123291018
0 0.0100 608.2236480712891 256.9538269042969 638.75 280.0716552734375
