0 0.1522 113.06253433227539 -115.08583068847655 228.19150924682617 -65.43595314025877
0 0.1207 118.02553176879883 -136.00867748260498 172.21521377563477 -113.90621185302734
0 0.0918 177.64381408691406 -135.79595565795898 232.56439208984375 -114.12165164947508
0 0.0830 227.2629737854004 -115.59768676757812 282.9149055480957 -94.32370662689209
0 0.0773 188.3991813659668 -66.22474908828735 241.87402725219727 -43.68758916854858
0 0.0753 331.2295913696289 -137.80648708343503 419.32933807373047 -92.47241973876953
0 0.0728 89.99591827392578 -67.36816644668579 140.44830322265625 -42.55100011825561
0 0.0707 58.162736892700195 -126.08905792236327 112.09029197692871 -103.82516860961913
0 0.0621 237.52508163452148 -85.7376766204834 292.674617767334 -64.1817569732666
0 0.0580 74.89065170288086 -100.35658359527586 115.25602340698242 -69.44331645965576
0 0.0539 95.59896469116211 -41.862545013427734 134.60760116577148 -8.06987762451172
0 0.0503 188.6293601989746 -36.37163162231445 241.66627883911133 -13.540592193603514
0 0.0446 145.16769886016846 -60.88046789169311 184.9976682662964 -28.966963291168213
0 0.0438 285.08399963378906 -130.73624730110168 325.07740020751953 -99.09818530082701
0 0.0391 248.22467803955078 -56.13057136535644 302.03502655029297 -33.784074783325195
0 0.0385 139.0895652770996 -16.680545806884766 191.25272750854492 6.767749786376953
0 0.0364 0.0 -81.40435934066772 34.779062271118164 -48.489038944244385
0 0.0332 0.0 -127.14934825897217 50.68079471588135 -102.76638507843018
0 0.0328 5.2178955078125 -40.98706245422363 44.9518346786499 -8.869848251342775
0 0.0326 198.15589904785156 -6.088533401489259 252.09728240966797 16.17375373840332
0 0.0324 587.5473785400391 -125.7545280456543 638.75 -104.16545391082764
0 0.0317 308.1185817718506 -82.9017448425293 392.6026248931885 -16.873779296874996
0 0.0309 55.431368350982666 -41.46374702453613 94.75826025009155 -8.434743881225584
0 0.0295 90.5194091796875 -7.880430221557617 140.00202178955078 17.946367263793945
0 0.0286 39.46263313293457 -66.94814920425415 90.9195327758789 -42.966134548187256
0 0.0264 518.7332916259766 -126.43415451049803 571.5715026855469 -103.47732067108153
0 0.0260 248.75595092773438 -26.459302902221676 301.55330657958984 -3.453645706176757
0 0.0254 0.0 159.8858642578125 638.75 498.74999999999994
0 0.0240 0.0 -6.908521652221681 50.95541000366211 16.995630264282227
0 0.0240 148.22620391845703 13.876271247863768 202.03189849853516 36.21020793914795
0 0.0231 34.63605880737305 -99.91671562194823 75.49600601196289 -69.84203338623047
0 0.0217 597.6516914367676 -95.80939292907715 638.7499809265137 -74.10952568054199
0 0.0210 85.38057327270508 18.659234046936035 124.80352401733398 51.452879905700684
0 0.0207 420.66951751708984 -138.25924873352048 448.9468002319336 -91.74818992614745
0 0.0186 0.0 43.06354522705078 50.92165470123291 67.02335357666016
0 0.0166 259.1741371154785 3.260135650634764 311.1770439147949 26.826801300048828
0 0.0163 0.0 73.03991317749023 50.89144229888916 97.0469856262207
0 0.0160 608.1361198425293 -66.49496316909789 638.7500190734863 -43.480298519134514
0 0.0147 138.71346950531006 43.578548431396484 191.58941745758057 66.50995254516602
0 0.0137 90.01079559326172 52.6198387145996 140.43516159057617 77.46084213256836
0 0.0134 609.3686676025391 332.68898010253906 638.75 357.3385620117187
0 0.0134 309.8082733154297 -17.214431762695312 360.6133270263672 7.297458648681639
0 0.0126 470.17391204833984 -137.5322151184082 520.2950668334961 -112.39109039306639
0 0.0125 208.1969451904297 23.889579772949215 262.0594024658203 46.196174621582024
0 0.0121 50.774383544921875 -7.286343574523927 78.82198333740234 37.511677742004395
0 0.0119 608.9381408691406 482.6794624328613 638.75 498.74998092651373
0 0.0117 395.7377243041992 -92.28444099426268 434.4907760620117 -57.68282890319824
0 0.0115 5.150643587112427 99.15458679199219 45.01335024833679 131.00109100341797
0 0.0112 574.3924140930176 124.83682632446288 638.7499809265137 174.74702835083005
0 0.0109 89.64603424072266 102.911376953125 140.7570457458496 127.17288970947266
0 0.0109 139.64323043823242 112.91793823242188 190.75860977172852 137.16693878173828
0 0.0108 139.60944652557373 72.94960021972656 190.78739643096924 97.13630676269531
0 0.0107 189.4222640991211 123.0881118774414 240.95413208007812 146.99871063232422
0 0.0104 359.71508026123047 -17.142047882080078 410.69583892822266 7.225761413574219
0 0.0104 309.0578556060791 183.34590911865234 361.2802028656006 206.74198150634766
0 0.0101 309.7221374511719 12.857894897460936 360.6884765625 37.22648620605468
0 0.0101 5.11469841003418 139.2235565185547 45.04687786102295 170.93833923339844
0 0.0101 608.9824676513672 302.9713821411132 638.75 327.0575332641601
