0 0.0254 0.0 219.8858642578125 638.75 558.75
0 0.0229 0.0 -79.99999999999999 510.9122848510742 201.51496887207028
0 0.0147 608.6434745788574 -66.80418968200684 638.7500190734863 -43.1677532196045
0 0.0142 489.59495544433594 112.95581817626953 540.8012390136719 137.1295166015625
0 0.0130 489.6548080444336 82.90897369384766 540.748405456543 107.17578887939453
0 0.0130 489.4541549682617 143.06192398071286 540.9263229370117 167.02436447143552
0 0.0111 28.330917358398438 53.810405731201165 81.93739891052246 76.27609252929688
0 0.0111 511.90391540527344 -30.158195495605472 638.75 69.6270751953125
0 0.0110 237.90176391601562 264.0574645996093 292.32921600341797 286.0262298583984
0 0.0108 168.0605697631836 283.97396087646484 222.1826171875 306.1117935180664
0 0.0108 438.9720153808594 103.40019226074219 491.3581848144531 126.68724060058594
0 0.0105 0.0 13.073015213012695 40.932254791259766 37.01403617858887
0 0.0101 439.0606689453125 73.33938598632812 491.2786102294922 96.74785614013672
