0 0.1868 67.63102054595947 277.4062212109566 278.786358833313 372.26647728681564
0 0.0864 0.0 392.1562485694885 202.286358833313 487.0164499282837
0 0.0842 534.3867083787918 17.91992050409317 610.8046692609787 77.63444888591766
0 0.0761 384.02952432632446 225.5216681957245 448.2191333770752 281.04409432411194
0 0.0643 93.46641182899475 209.6737278699875 233.30932903289795 268.38123428821564
0 0.0605 411.8810205459595 124.40623033046722 610.8046875 219.2665046453476
0 0.0596 447.6384029388428 245.85022473335266 528.4262509346008 308.9894485473633
0 0.0585 321.1497323513031 246.08859050273895 358.02582335472107 279.85182774066925
0 0.0541 378.41650199890137 189.0877822637558 415.48840713500977 222.1328397989273
0 0.0524 387.9422686100006 284.8156412243843 425.0827524662018 317.6634437441826
0 0.0520 282.7964994907379 256.02597534656525 319.85768008232117 289.06968319416046
0 0.0509 276.8257005214691 127.21514904499054 325.97931575775146 150.1797730922699
0 0.0498 363.00219440460205 108.00526463985443 411.9403338432312 131.13907384872437
0 0.0482 34.07396176457405 313.68563175201416 71.31600961089134 346.183482170105
0 0.0469 340.2329649925232 208.00522220134735 377.1825957298279 241.44854700565338
0 0.0465 382.479900598526 318.079776763916 430.7580063343048 341.80852460861206
0 0.0464 277.2989210486412 155.5244264602661 325.5622349381447 179.24044346809387
0 0.0460 277.6623700261116 183.87200582027435 325.24978226423264 208.25918233394623
0 0.0460 5.568446159362793 360.91875100135803 42.47715309262276 394.5280873775482
0 0.0448 26.888384699821472 494.47518825531006 107.67626917362213 557.6144485473633
0 0.0443 363.0303554534912 136.66992938518524 411.9156017303467 159.84902608394623
0 0.0438 301.918809235096 208.21608352661133 338.9855162501335 241.25479388237
0 0.0427 276.5601859688759 98.71939587593079 326.2163409590721 121.30158412456512
0 0.0426 325.5750296115875 183.76877295970917 372.9776623249054 208.35909569263458
0 0.0422 335.50686979293823 278.9218565225601 382.2439241409302 304.43354165554047
0 0.0415 43.71941055357456 361.25806975364685 80.80748914182186 394.2162001132965
0 0.0408 362.2789077758789 79.83477705717087 412.58635997772217 101.93747967481613
0 0.0395 287.53588181734085 288.70477509498596 334.55554980039597 313.78722310066223
0 0.0384 48.21348716318607 260.2967516183853 95.71103118360043 284.82980382442474
0 0.0383 433.24106669425964 310.6991744041443 543.3331124782562 358.1768789291382
0 0.0369 301.6723088622093 314.07065749168396 339.20020776987076 345.83099484443665
0 0.0367 187.15920639038086 370.79926657676697 224.24438953399658 403.7983253002167
0 0.0366 19.448788225650787 289.08452063798904 67.08465242385864 313.4222876429558
0 0.0365 244.64737951755524 246.10458612442017 281.52697241306305 279.8371088504791
0 0.0362 339.95489287376404 304.4318545460701 377.42083382606506 336.33830469846725
0 0.0360 372.48156094551086 347.128883600235 421.57699370384216 370.14076495170593
0 0.0345 549.2627459764481 234.12521517276764 610.8046692609787 281.85184586048126
0 0.0343 263.6066962480545 208.41193413734436 300.78719651699066 241.07503008842468
0 0.0331 53.114182233810425 572.0951371192932 90.51550233364105 604.1676535606384
0 0.0312 230.31822073459625 183.30738043785095 277.0556033849716 208.79922151565552
0 0.0305 47.54523450136185 232.22487330436707 96.28665697574615 255.54207587242126
0 0.0296 549.2627459764481 291.50019693374634 610.8046692609787 339.22682762145996
0 0.0289 325.1649434566498 346.72343015670776 373.32909178733826 370.5399441719055
0 0.0284 225.19681298732758 371.3861253261566 262.6783300638199 403.26042008399963
0 0.0282 0.0 323.13311648368835 33.047173261642456 355.85158610343933
0 0.0278 85.82174491882324 184.39524686336517 134.51247203350067 207.74699413776398
0 0.0268 277.33840852975845 346.7370364665985 325.52851098775864 370.526775598526
0 0.0264 305.09197944402695 70.14452411234379 355.04247575998306 92.50242255628109
0 0.0260 229.8518489599228 155.18448758125305 277.43523037433624 179.57188296318054
0 0.0259 0.6284551173448563 479.7424364089966 27.694756910204887 524.3094120025635
0 0.0256 91.28853589296341 572.2847499847412 128.83253985643387 603.9941639900208
0 0.0245 351.94113993644714 51.622563153505325 403.72733902931213 72.77186653017998
0 0.0241 196.30023908615112 410.1127109527588 234.17991399765015 441.07505464553833
0 0.0240 325.8552174568176 136.33706268668175 352.6980228424072 179.40392437577248
0 0.0240 420.11126947402954 356.820698261261 469.5534625053406 379.57416915893555
0 0.0237 108.11604845523834 501.9491744041443 218.20813071727753 549.4268789291382
0 0.0233 453.8853771686554 578.3434610366821 560.8985302448273 610.8046875
0 0.0228 228.78907942771912 117.81980967521667 278.3658399581909 140.45169925689697
0 0.0226 5.294386625289917 572.1118440628052 42.709632217884064 604.1523327827454
0 0.0222 372.07023453712463 376.112548828125 421.9442546367645 398.53377771377563
0 0.0221 247.33706974983215 70.39240837097168 298.0103967189789 92.25404584407806
0 0.0219 549.2627459764481 348.87519693374634 610.8046692609787 396.60182762145996
0 0.0218 76.20365238189697 155.75049912929535 124.9992903470993 179.01710665225983
0 0.0213 489.3512270450592 77.80998122692108 572.7080047130585 122.68008935451508
0 0.0208 128.7603406906128 578.3434610366821 235.77353024482727 610.8046875
0 0.0203 263.20638620853424 371.93085193634033 301.14595806598663 402.7629690170288
0 0.0203 37.3858260512352 203.9846305847168 87.2541555762291 226.41158652305603
0 0.0203 549.2627459764481 521.0001969337463 610.8046692609787 568.72682762146
0 0.0197 286.45436257123947 586.1531546115875 335.4855392575264 609.2396700382233
0 0.0196 200.0079950094223 443.00912046432495 249.76244008541107 465.5124249458313
0 0.0191 0.6564770936965942 527.7595782279968 27.661071717739105 571.9585633277893
0 0.0190 190.5534152984619 471.6212568283081 240.10321855545044 494.27506971359253
0 0.0185 5.164957970380783 256.8714816570282 42.8243647813797 288.29523611068726
0 0.0180 549.2627459764481 463.62519693374634 610.8046692609787 511.35182762145996
0 0.0180 301.32534795999527 372.1949529647827 339.5170378088951 402.52235984802246
0 0.0179 549.2627459764481 406.25019693374634 610.8046692609787 453.97682762145996
0 0.0177 339.1353771686554 578.3434610366821 446.14853024482727 610.8046875
0 0.0175 410.9565210342407 98.32476729154587 459.6288814544678 121.69232779741287
0 0.0175 201.3987386226654 163.85655856132507 228.55788159370422 209.00364446640015
0 0.0173 76.19294835627079 127.07454442977905 125.00809751451015 150.31859028339386
0 0.0173 238.39925622940063 404.650999546051 287.8877763748169 427.3690137863159
0 0.0173 433.24106669425964 521.0741744041443 543.3331124782562 568.5518789291382
0 0.0169 218.84458136558533 500.5799345970154 269.1465618610382 522.6919026374817
0 0.0169 134.52919721603394 183.51687383651733 181.5625991821289 208.5993947982788
0 0.0160 190.56377506256104 548.1137058734894 240.093989610672 570.782547712326
0 0.0157 238.79901909828186 576.482497215271 287.53113055229187 599.7858381271362
0 0.0157 470.0362858772278 0.0 534.3370070457458 51.371489346027374
0 0.0155 468.3427197933197 366.06259274482727 516.9946525096893 389.45399165153503
0 0.0155 294.9905984401703 41.80608478188515 345.9664742946625 63.46516880393028
0 0.0152 129.5232789516449 151.56851041316986 167.0964653491974 183.2132853269577
0 0.0151 390.58747386932373 405.1948506832123 441.6177749633789 426.8258192539215
0 0.0147 575.7184281349182 83.79387581348419 610.8046875 116.94583225250244
0 0.0146 563.2394903898239 570.8167276382446 610.8047057390213 610.8046875
0 0.0145 286.2254719734192 557.6490297317505 335.6863417625427 580.3720049858093
0 0.0143 238.14053571224213 529.1514708995819 288.1180440187454 551.4951474666595
0 0.0140 256.5832595229149 433.95972061157227 307.86038929224014 455.4352197647095
0 0.0140 247.25634384155273 472.0696814060211 298.08313393592834 493.8267910480499
0 0.0138 65.97404193878174 98.86450552940369 116.03088998794556 121.15676629543304
0 0.0133 448.35807824134827 395.3754358291626 498.6361291408539 417.5203070640564
0 0.0130 409.7567582130432 60.91610598564148 460.70294094085693 82.60448187589645
0 0.0128 276.1956608891487 500.59649562835693 326.54292887449265 522.6754875183105
0 0.0128 498.3145022392273 220.82057869434357 544.6830554008484 247.72160303592682
0 0.0127 342.0779514312744 23.102237462997437 394.4401388168335 43.91488042473793
0 0.0123 124.27691566944122 126.85595887899399 172.58141326904297 150.53429406881332
0 0.0122 582.8935132026672 0.0 610.8046875 17.00446754693985
0 0.0121 295.6382569670677 529.0675349235535 345.3827982544899 551.5789375305176
0 0.0119 295.4832344055176 404.8564074039459 345.5230107307434 427.1646273136139
0 0.0118 476.9079101085663 433.71838188171387 527.4471437931061 455.67765283584595
0 0.0118 345.00662755966187 375.69210290908813 371.79187059402466 418.2512540817261
0 0.0117 237.4893844127655 41.881407380104065 288.7064530849457 63.389116644859314
0 0.0115 27.704161405563354 175.38073825836182 77.79817146062851 197.64095306396484
0 0.0112 0.0 0.0 154.83858454227448 80.17203480005264
0 0.0111 343.4468629360199 548.1955261230469 393.1987545490265 570.7010192871094
0 0.0110 410.04318380355835 491.04847741127014 460.44343614578247 513.0979950428009
0 0.0106 27.63166357576847 137.17857921123505 77.86354695260525 159.3430391550064
0 0.0104 304.6126762032509 462.514075756073 355.47610849142075 484.256667137146
0 0.0103 390.4991240501404 433.93641114234924 441.6979537010193 455.4588940143585
0 0.0102 469.39492893218994 487.0712399482727 535.094437122345 517.0393381118774
0 0.0101 0.0 232.11142659187317 48.33511179685593 255.65541315078735
