0 0.0330 480.5490493774414 210.99159240722656 509.09229278564453 258.87306213378906
0 0.0315 445.92334747314453 346.8873977661133 484.3569564819336 383.07971954345703
0 0.0311 190.58773040771484 251.19806289672852 219.04541015625 298.6952018737793
0 0.0307 485.91037750244135 267.0070457458496 524.3607711791992 302.96926498413086
0 0.0302 510.58067321777344 211.15694046020508 539.053955078125 258.7298393249512
0 0.0294 485.8995819091797 307.073278427124 524.3669891357422 342.90818214416504
0 0.0291 220.55263519287107 261.0102653503418 249.08798217773438 308.85690689086914
0 0.0281 300.55294036865234 331.01173400878906 329.0875625610351 378.8555145263672
0 0.0279 160.60064315795898 251.27193450927734 189.02978897094727 298.63269805908203
0 0.0278 250.52139282226562 280.86509704589844 279.1259765625 328.9866638183594
0 0.0278 215.6426239013672 98.01737785339355 254.56974029541016 132.0401668548584
0 0.0269 190.5694007873535 311.0963726043701 219.06759262084958 358.78193855285645
0 0.0269 280.5130767822265 280.8300018310547 309.13612365722656 329.01893615722656
0 0.0268 390.7252502441406 490.09803771972656 598.75 589.2982482910156
0 0.0266 210.64155578613278 131.53474807739258 238.98040771484372 178.41632843017578
0 0.0263 220.55709838867188 311.0325622558594 249.0825271606445 358.8373565673828
0 0.0254 -40.000000000000014 0.0 598.75 339.48570251464844
0 0.0253 540.6174087524414 201.37510299682617 569.0095138549805 248.54684829711914
0 0.0253 180.64062118530273 131.52960300445557 208.9815330505371 178.42069149017334
0 0.0253 485.88020324707026 167.1834945678711 524.3788909912109 202.80658721923828
0 0.0251 175.6401252746582 98.02299499511719 214.5720100402832 132.03502655029297
0 0.0250 410.51021575927734 340.81703186035156 439.1395950317382 389.0306091308594
0 0.0246 450.57655334472656 191.13649368286133 479.0589141845703 238.7477684020996
0 0.0238 135.62219619750977 98.07170867919922 174.58765029907227 131.99037551879883
0 0.0234 140.56556701660153 201.0759162902832 169.072265625 248.7995719909668
0 0.0234 160.58809280395508 311.1995220184326 189.04497146606442 358.6938190460205
0 0.0232 150.65280914306638 131.61556243896484 178.96686553955075 178.35142135620117
0 0.0230 414.6513748168946 604.8036193847656 526.5605545043945 638.75
0 0.0229 445.93326568603516 306.7974853515625 484.3538284301757 343.1627655029297
0 0.0224 170.6148338317871 201.35900497436523 199.01262283325192 248.56019973754883
0 0.0222 130.5924606323242 251.22356414794922 159.03964996337888 298.6732864379883
0 0.0221 485.82374572753906 347.42626190185547 524.4203948974609 382.58304595947266
0 0.0220 485.7808303833008 127.58956909179688 524.4537734985352 162.43289947509766
0 0.0219 525.8670806884766 297.24578857421875 564.3880462646484 332.7492141723633
0 0.0219 200.6500244140625 181.59446716308594 228.97022247314453 228.3681869506836
0 0.0218 240.67888259887695 131.81100845336914 268.9355278015137 178.19599151611328
0 0.0218 270.57057380676264 331.1021041870117 299.06619071960444 378.77689361572266
0 0.0216 310.52860260009766 280.8971309661865 339.11716461181635 328.9576816558838
0 0.0216 110.54956436157227 190.9954071044922 139.09170150756836 238.87001037597656
0 0.0211 425.8749389648437 387.1895217895508 464.3843078613281 422.8010940551758
0 0.0211 525.8549118041992 257.30138778686523 564.3967056274413 292.69800186157227
0 0.0208 100.58437824249268 261.17759704589844 129.04944896697998 308.71227264404297
0 0.0204 220.27313232421875 72.37906694412231 270.20885467529297 97.69585371017456
0 0.0203 525.7531356811523 167.68369674682617 564.4763565063477 202.3464012145996
0 0.0201 160.29741287231442 72.3540997505188 210.1883888244629 97.71996259689331
0 0.0201 130.59120178222653 301.21665954589844 159.04117584228513 348.67919921875
0 0.0201 380.5583190917969 331.0418701171875 409.0810394287109 378.8298797607422
0 0.0199 70.58332443237305 281.1721706390381 99.05073165893555 328.71697425842285
0 0.0198 450.5941772460937 141.23422622680664 479.0376281738281 188.6644172668457
0 0.0198 250.57405471801758 231.12247467041016 279.06198501586914 278.75972747802734
0 0.0197 230.6636810302734 181.69368743896484 258.9537811279297 228.28872680664062
0 0.0196 280.5651092529297 231.07419967651367 309.0727996826172 278.801212310791
0 0.0192 330.5696487426758 331.09764099121094 359.067268371582 378.78082275390625
0 0.0192 120.66858291625975 131.73278331756592 148.94792556762692 178.25802326202393
0 0.0192 100.5801248550415 311.1539077758789 129.0546178817749 358.7324905395508
0 0.0189 450.52379608154297 240.875244140625 479.1230392456054 288.97735595703125
0 0.0182 410.5370712280273 290.93666076660156 439.1068649291992 338.9223098754883
0 0.0182 72.15347290039064 569.7893524169922 290.1151657104492 638.75
0 0.0181 525.7925415039062 337.5408935546875 564.4451141357422 372.47764587402344
0 0.0180 255.45403480529782 98.49944114685059 294.73624229431147 131.59884452819824
0 0.0176 535.4707145690918 604.7563171386719 598.7500190734863 638.75
0 0.0176 210.59833526611328 361.2608337402344 239.03259277343747 408.6425018310547
0 0.0176 525.6052780151367 128.11992168426514 564.602165222168 161.94618701934814
0 0.0175 260.65860748291016 181.65990829467773 288.9598846435547 228.3162498474121
0 0.0174 485.76141357421875 387.65281677246094 524.4698333740233 422.3748016357422
0 0.0174 315.51197052001953 468.3477020263672 354.68563079833984 501.7376708984375
0 0.0174 70.61501502990723 231.36064529418945 99.01240348815918 278.5589408874512
0 0.0173 294.6513748168945 604.8036193847656 406.56055450439453 638.75
0 0.0171 410.49129486083984 240.74344635009766 439.1626358032226 289.0998840332031
0 0.0169 180.60693740844727 361.3126754760742 209.022159576416 408.59912872314453
0 0.0165 310.57678222656244 231.13595962524414 339.0586853027344 278.7478828430176
0 0.0165 240.58439254760742 361.17977142333984 269.04943466186523 408.71082305908203
0 0.0165 380.57937622070307 281.156005859375 409.05555725097656 328.73191833496094
0 0.0161 95.5014419555664 98.37965965270996 134.69440460205075 131.708402633667
0 0.0160 280.57075500488276 381.10687255859375 309.0660095214844 428.77357482910156
0 0.0159 80.63314437866211 181.49139404296875 108.99061203002928 228.45382690429688
0 0.0159 445.6985092163086 97.85483360290527 484.52198028564453 132.18926429748535
0 0.0158 40.624933242797844 261.4275360107422 69.00044441223145 308.50440979003906
0 0.0158 110.20393371582031 72.44343519210815 160.2684783935547 97.6330304145813
0 0.0155 385.90091705322266 397.0595169067383 424.36672210693354 432.9208755493164
0 0.0154 485.62408447265625 88.06910514831543 524.5857238769531 121.99275016784668
0 0.0154 340.5794906616211 281.15184783935547 369.0553665161132 328.7344741821289
0 0.0153 355.6645965576172 467.93922424316406 394.55230712890625 502.1118927001953
0 0.0153 70.60329437255858 331.29261016845703 99.02660369873047 378.61629486083984
0 0.0152 275.64141273498535 458.0083465576172 314.5719814300537 492.0484924316406
0 0.0149 534.3924140930176 424.83680725097656 598.7499809265137 474.74700927734375
0 0.0148 570.6449699401855 201.57032012939453 598.7500190734863 248.38947296142578
0 0.0146 380.5465316772461 230.98249435424805 409.09542083740234 278.8818550109863
0 0.0144 420.6403350830078 131.53236389160156 448.9818572998047 178.41917037963867
0 0.0144 580.6301689147949 301.85375213623047 598.7500190734862 348.2229232788086
0 0.0144 135.82666397094727 357.41294860839844 174.41835403442383 392.5952911376953
0 0.0139 90.69760322570801 131.96626663208008 118.9131450653076 178.07506561279297
0 0.0138 420.6034851074219 191.29030227661133 449.0263366699218 238.61749649047852
0 0.0138 525.6492614746094 387.99503326416016 564.5643615722656 422.06066131591797
0 0.0136 290.65479278564453 181.63040161132812 318.9644241333007 228.33953857421875
0 0.0135 40.630455017089844 311.46721839904785 68.99381637573242 358.4725093841553
0 0.0135 270.723009109497 132.1841859817505 298.8827800750732 177.90671825408936
0 0.0132 219.46508407592773 43.05891036987305 270.9155082702637 67.02801704406738
0 0.0132 395.7767868041992 457.59952545166016 434.45743560791016 492.42374420166016
0 0.0131 355.2765274047851 508.8823699951172 394.8987960815429 541.2492370605469
0 0.0129 40.652523040771484 211.6147804260254 68.96720886230469 258.35222244262695
0 0.0129 569.3277168273926 12.721705436706543 598.7499809265137 37.306270599365234
0 0.0128 149.63661193847656 42.92595863342285 200.76389312744138 67.15935707092285
0 0.0126 205.40670394897458 468.60618591308594 244.77922439575192 501.5013122558594
0 0.0125 320.60569763183594 421.3127899169922 349.0237426757812 468.6004638671875
0 0.0125 570.6446075439453 251.56761169433594 598.7499999999999 298.3915710449219
0 0.0124 485.75908660888666 427.66441345214844 524.4713973999023 462.36412048339844
0 0.0124 340.650634765625 161.60497665405273 368.969497680664 208.36065292358398
0 0.0124 -39.39075469970703 281.3657760620117 -10.980381965637203 328.56204986572266
0 0.0124 -40.0 554.0077972412109 62.39654541015624 638.75
0 0.0124 350.56121826171875 381.0529327392578 379.07752990722656 428.8194274902344
0 0.0123 340.58399200439453 231.17633819580078 369.04994964599604 278.7135314941406
0 0.0121 569.8960113525391 392.22599029541016 598.75 417.79170989990234
0 0.0121 355.01914978027344 549.4037246704102 395.1361083984375 580.7744216918945
0 0.0119 410.6889343261719 81.89260482788086 438.9234924316406 128.13215255737305
0 0.0117 445.73181152343744 457.74974822998047 484.4942474365234 492.28572845458984
0 0.0115 195.71655273437497 407.7893829345703 234.50775146484375 442.24937438964844
0 0.0114 525.4472351074219 88.51492881774902 564.742431640625 121.58469200134277
0 0.0113 570.0059700012207 352.10689544677734 598.7499809265137 377.9063034057617
0 0.0113 445.6046676635742 58.12095403671265 484.60277557373047 91.94525003433228
0 0.0112 269.926176071167 72.68604516983032 320.5103015899658 97.39516973495483
0 0.0111 370.6098556518554 181.3287353515625 399.0186691284179 228.58543395996094
0 0.0111 569.8123168945311 142.3093032836914 598.7499999999999 167.7110481262207
0 0.0109 315.2424621582031 508.96060943603516 354.9293518066406 541.177864074707
0 0.0108 -40.00000000000001 450.09803771972656 171.54129028320312 549.2982482910156
0 0.0108 275.3466796875 498.7343978881836 314.83436584472656 531.3842391967773
0 0.0107 -39.37589406967163 231.45523071289062 -10.9983491897583 278.4873580932617
0 0.0107 370.6959915161133 71.94936990737915 398.9150619506836 118.08772802352905
0 0.0106 569.9514961242676 172.16726303100586 598.7499809265137 197.8483009338379
0 0.0105 569.7271919250488 112.38909721374512 598.7499809265137 137.6333713531494
0 0.0105 165.4494285583496 468.5049819946289 204.74092483520505 501.5938186645508
0 0.0103 235.59585571289062 428.13045501708984 274.61177825927734 461.93660736083984
0 0.0102 215.35905838012692 508.7134552001953 254.82244491577146 541.4033508300781
0 0.0100 300.71552276611334 132.12369441986084 328.8917922973633 177.95393466949463
