0 0.1545 -29.24589824676513 164.13907706737518 143.26663303375244 241.63930118083954
0 0.0778 76.35676848888397 255.5404007434845 106.41297686100006 283.5087478160858
0 0.0741 84.12738132476805 286.9906723499298 114.25451922416687 314.574271440506
0 0.0698 44.874653100967414 139.1638070344925 75.34976291656494 165.5759960412979
0 0.0692 45.130997776985176 239.7397831082344 75.15147316455841 268.0457755923271
0 0.0668 52.928537011146545 286.72391176223755 82.97103631496431 314.8200511932373
0 0.0578 107.50421869754793 255.9695541858673 137.7394198179245 283.1137478351593
0 0.0563 21.64471137523652 271.2728977203369 51.74346256256104 299.0347146987915
0 0.0560 79.46462917327881 142.76091754436493 119.05808734893799 161.99110448360443
0 0.0558 13.787943750619895 138.65698873996735 43.962906926870346 166.04124009609222
0 0.0554 84.06108605861664 318.48129630088806 114.30719482898712 345.60295939445496
0 0.0554 40.26761639118195 119.4356270134449 80.11323201656343 138.44339177012444
0 0.0529 13.878453403711324 239.7593855857849 43.90255722403526 268.027663230896
0 0.0497 115.23872601985931 287.4610722064972 145.6173359155655 314.14201855659485
0 0.0487 21.501976877450943 303.03484201431274 51.85721430182458 329.814076423645
0 0.0477 -17.37808448076247 138.24810087680817 12.65534001588822 166.4179116487503
0 0.0474 52.78144764900209 318.5628056526184 83.08304834365845 345.52812576293945
0 0.0459 86.39694738388062 119.96333673596382 127.6553421020508 137.91797682642937
0 0.0404 115.14163005352019 318.9680874347687 145.70245134830475 345.15658020973206
0 0.0396 118.31745493412018 150.7413238286972 158.30528724193573 169.637992978096
0 0.0385 2.023592472076426 118.6303198337555 40.353789806365974 139.2247974872589
0 0.0385 119.13579690456389 235.9141781926155 157.60168421268463 256.3204690814018
0 0.0363 70.97020733356476 96.38760983943939 111.8532418012619 114.61775004863739
0 0.0346 -84.00836040079592 141.7878270149231 -61.84735719859599 178.48441004753113
0 0.0334 -13.721279919147483 235.36041378974915 8.495740473270423 272.3780572414398
0 0.0332 -48.819646358489976 146.8026638031006 -18.446646749973286 173.54774475097656
0 0.0313 -9.684577703475943 271.58984541893005 20.553827166557316 298.7430989742279
0 0.0307 132.84104305505753 120.22493407130241 174.92202657461166 137.6543529331684
0 0.0304 -33.20439171791075 107.77634382247925 -2.814069509506217 134.45203006267548
0 0.0301 -84.00524419546126 180.87059259414673 -61.85111787915229 217.5302803516388
0 0.0300 87.55557227134706 345.62891721725464 126.63100647926329 365.36651849746704
0 0.0290 138.63711047172546 209.44614708423615 169.08855724334714 235.9161227941513
0 0.0290 -84.49999999999997 115.42429029941559 -57.53981333971023 142.4155980348587
0 0.0288 -9.79357224702834 303.171843290329 20.645685374736793 329.6884000301361
0 0.0283 36.662295341491706 93.18546205759048 67.89983797073364 117.88228899240494
0 0.0260 138.60712933540344 256.39936327934265 169.11493229866028 282.7194631099701
0 0.0259 21.21562871336938 334.9975645542145 52.11155477166176 360.4119122028351
0 0.0254 -84.49999999999997 234.28583145141602 414.52343749999994 499.0234375
0 0.0245 138.56537628173828 178.38385701179504 169.15152955055234 204.49420809745789
0 0.0241 114.64659857749938 93.44692528247833 146.15635561943054 117.64465272426605
0 0.0235 52.432671070098884 350.69209337234497 83.39180040359498 375.9734630584717
0 0.0233 -56.6939032897353 178.2359778881073 -26.206829704344266 204.62965965270996
0 0.0221 -2.0147563219070346 92.33168512582779 28.486922264099128 118.66170912981033
0 0.0218 -84.5 216.9967144727707 -57.536725074052804 243.96897852420807
0 0.0210 164.65543943643567 143.3156430721283 205.65948623418805 161.44108772277832
0 0.0204 146.35445165634155 303.43782901763916 176.9852488040924 329.4448256492615
0 0.0203 83.58007657527924 366.53339862823486 114.73572242259978 391.40135049819946
0 0.0203 -10.001056015491478 334.9285423755646 20.83077269792558 360.4748547077179
0 0.0191 126.0846181511879 346.0801839828491 166.15966695547107 364.923357963562
0 0.0191 169.80405139923093 209.66091752052307 200.41169214248654 235.7194721698761
0 0.0187 158.16397953033444 235.953189432621 196.6926007270813 256.2830075621605
0 0.0183 -56.790791571140275 209.72940325737 -26.12092357873915 235.65685749053955
0 0.0181 -83.97055056691168 79.54700291156769 -61.89290446043013 115.77455699443817
0 0.0181 -37.07523655891418 235.97010970115662 -15.042178452014916 271.89043164253235
0 0.0176 169.3848519325256 0.0 414.52343749999994 132.56919384002686
0 0.0176 102.22241270542146 72.96013832092285 143.09880125522614 91.17184579372406
0 0.0176 -83.97756901383399 243.55920404195786 -61.88445922732352 279.87734228372574
0 0.0166 150.19340056180954 282.99975395202637 189.01225167512894 302.992582321167
0 0.0159 169.5203332901001 179.0340691804886 200.67001867294312 203.90067994594574
0 0.0157 114.63581013679503 366.90327525138855 146.16654801368713 391.0650312900543
0 0.0155 8.763160437345514 361.8101179599762 49.090269833803184 380.4449141025543
0 0.0153 -46.09627847373484 479.1198968887329 -5.44348557293414 497.5106716156006
0 0.0150 -41.30195093154906 280.3393304347992 -10.371536135673514 305.6977093219757
0 0.0141 -41.44211870431899 311.87838315963745 -10.242551684379569 336.68428659439087
0 0.0141 -83.96115538477896 282.74527192115784 -61.904173463582985 318.8418447971344
0 0.0139 63.24471521377565 479.144811630249 103.96172094345093 497.48605489730835
0 0.0138 169.86925888061523 256.3666105270386 200.35435247421262 282.7494740486145
0 0.0136 -45.467123508453355 88.00400048494339 -5.999215066432945 107.37042874097824
0 0.0136 0.7035917341709194 479.1737496852875 41.498493283987045 497.45723605155945
0 0.0134 -60.49589824676513 7.889077067375183 112.01663303375244 85.38929373025894
0 0.0132 52.18040931224823 382.4419975280762 83.62528669834137 406.7683815956116
0 0.0130 86.584463596344 393.27311515808105 127.48722720146179 411.48269176483154
0 0.0130 -84.5 471.1202383041382 -44.74711057543754 489.885151386261
0 0.0128 -83.94694712758063 321.92349433898926 -61.921183139085755 357.81407356262207
0 0.0122 109.00825250148773 50.143539905548096 151.84405434131622 67.10921227931976
0 0.0119 0.6625204086303769 385.452538728714 41.53521347045899 403.67862582206726
0 0.0114 -38.28055982291698 361.92411184310913 2.367405101656923 380.3306221961975
0 0.0113 -83.92968785762787 361.1365258693695 -61.94178026914595 396.7607319355011
0 0.0108 -46.909183382987955 456.20256662368774 -4.709072530269615 473.551869392395
0 0.0106 8.025836080312734 409.1772437095642 49.75389304757118 426.82796716690063
0 0.0105 -54.164633274078355 338.6625051498413 -13.024829447269433 356.7175269126892
0 0.0103 110.1275234222412 479.13941740989685 150.82971739768982 497.49138951301575
0 0.0102 145.5863265991211 93.97770464420319 177.6990144252777 117.16379225254059
0 0.0100 205.08839178085324 220.13059258460999 227.1737604141235 256.4302086830139
