0 0.0646 387.15389251708984 -115.53689122200011 443.0141067504883 -94.38478350639343
0 0.0634 168.50004196166992 -76.28762245178221 221.78274154663086 -53.62449645996094
0 0.0524 327.37579345703125 -115.65112113952635 382.8099822998047 -94.26845073699951
0 0.0471 109.07190322875977 -76.66180849075317 161.2671661376953 -53.250033855438225
0 0.0429 139.1017723083496 -46.684551239013665 191.24082565307617 -23.227653503417965
0 0.0417 178.19183349609375 -106.10435962677 232.06340789794922 -83.80945682525633
0 0.0340 427.3349380493164 -135.63650131225586 482.84908294677734 -114.28445816040038
0 0.0307 118.91395568847656 -106.55469894409178 171.40907287597656 -83.35697174072264
0 0.0302 227.64850616455078 -85.79885482788085 282.56019592285156 -64.11876678466797
0 0.0301 427.46952056884766 -95.70072174072266 482.72388458251953 -74.21806335449219
0 0.0298 357.51708984375 -85.72676181793213 412.68043518066406 -64.1917371749878
0 0.0284 128.90085220336914 -16.549510955810547 181.42162322998047 6.637344360351562
0 0.0282 94.98556137084961 -50.52978515625 135.1671028137207 -19.28600311279297
0 0.0281 198.3595848083496 -46.202993392944336 251.91049575805664 -23.709821701049798
0 0.0254 0.0 159.8858642578125 638.75 498.74999999999994
0 0.0229 0.0 -140.0 510.9122848510742 141.5149688720703
0 0.0219 599.0805053710938 -66.66802406311035 638.75 -43.24387550354003
0 0.0218 237.80292510986328 -115.88446617126466 292.4189758300781 -94.0321159362793
0 0.0199 297.7011775970459 -85.82711219787598 352.5118350982666 -64.09003257751465
0 0.0191 188.6623764038086 -16.391134262084957 241.63612365722656 6.479196548461912
0 0.0187 119.08010482788086 13.33318710327148 171.25967025756836 36.755046844482415
0 0.0175 328.8175964355469 163.50584983825684 381.49658203125 186.58204078674316
0 0.0172 367.92713165283203 124.04809951782225 422.3048782348633 146.0365104675293
0 0.0170 512.6921272277832 -139.99999999999997 638.7499809265137 -70.15076160430907
0 0.0168 158.49509716033936 -136.28788709640503 211.78795337677002 -113.62473249435425
0 0.0162 367.7553939819336 -140.0 422.5504684448242 -123.72310042381287
0 0.0152 98.95602226257324 -136.58265590667722 151.37118339538574 -113.32900047302246
0 0.0148 608.7837028503418 -36.896705627441406 638.7500190734863 -13.074951171875
0 0.0147 608.9863586425781 482.64253616332996 638.75 498.7499809265136
0 0.0147 368.1385040283203 93.92122268676758 422.11326599121094 116.16384506225587
0 0.0145 64.92161750793457 -80.41469573974608 105.22721290588379 -49.390544891357415
0 0.0144 308.68045806884766 133.59649658203125 361.61991119384766 156.49147033691403
0 0.0143 358.78746032714844 63.51936340332031 411.52503967285156 86.56761169433594
0 0.0141 69.59033966064453 -17.03670501708984 120.80451965332031 7.122631072998046
0 0.0136 179.1323471069336 13.298835754394533 231.21246337890625 36.78955078125
0 0.0131 148.98796558380127 103.38972091674805 201.34376049041748 126.6977500915527
0 0.0130 199.44183349609375 123.07153701782227 250.9371566772461 147.0149040222168
0 0.0128 308.4457778930664 103.74374389648438 361.83238983154297 126.3436508178711
0 0.0127 358.10726165771484 -56.05436325073242 412.1403121948242 -33.85982513427734
0 0.0126 268.83827209472656 163.49343299865723 321.4776611328125 186.59461021423337
0 0.0125 208.8039207458496 163.5091781616211 261.51010513305664 186.57787322998044
0 0.0124 349.0986633300781 33.31390380859374 401.2444305419922 56.77337646484375
0 0.0123 388.48365783691406 153.72129440307617 441.79786682128906 176.3663673400879
0 0.0121 508.8787078857422 43.46523284912109 561.4415740966797 66.62261962890625
0 0.0118 609.5543670654297 332.5385284423828 638.75 357.4868774414062
0 0.0118 609.5461845397949 442.54894256591797 638.7500190734863 467.4769973754882
0 0.0117 318.82006645202637 193.5036468505859 371.49441719055176 216.58416748046875
0 0.0114 129.58118438720703 42.966651916503906 180.8133888244629 67.11883544921874
0 0.0114 58.974103927612305 -106.59895420074463 111.35581016540527 -83.31329822540283
0 0.0112 0.7319116592407227 -87.72636651992798 28.872246742248535 -42.16045141220092
0 0.0112 574.3924140930176 124.83682632446288 638.7499809265137 174.74702835083005
0 0.0111 418.1797790527344 -66.09644651412964 472.07420349121094 -43.81730318069458
0 0.0111 149.4792366027832 73.03596496582031 200.90551376342773 97.04917907714842
0 0.0111 348.7615966796875 3.542370796203614 401.5470886230469 26.545443534851074
0 0.0110 518.4471130371094 -66.26119613647461 571.8321228027344 -43.652000427246094
0 0.0108 409.00699615478516 43.3782958984375 461.32633209228516 66.70936584472656
0 0.0108 249.2994499206543 133.17821502685547 301.0635185241699 156.90929412841794
0 0.0107 608.8890838623047 193.03340911865232 638.75 216.99520111083982
0 0.0105 257.7741241455078 -55.866756439208984 312.4449157714844 -34.04977798461914
0 0.0103 75.1401138305664 9.173235893249512 115.02334594726562 40.98412036895751
0 0.0103 574.3924140930176 44.83682632446289 638.7499809265137 94.74702835083009
0 0.0102 0.0 -127.45702266693115 40.36656379699707 -102.4645471572876
0 0.0101 139.03489589691162 133.36301803588867 191.30049228668213 156.72513961791992
