0 0.1252 461.0180854797363 -35.141551136970506 499.0234375 -15.609176099300374
0 0.0639 476.0454297065735 -11.571304142475118 499.0234375 7.65508300065995
0 0.0561 468.4872627258301 -58.289580248296254 499.0234375 -39.33097628504037
0 0.0530 426.12209916114807 -38.26922477781771 456.83810114860535 -12.46406064927577
0 0.0335 86.50410175323486 17.63907706737519 259.01663303375244 95.13930118083955
0 0.0329 437.84940242767334 -11.968472242355338 476.61077976226807 8.08494424819947
0 0.0293 394.73482966423035 -37.96398752927779 425.71279406547546 -12.742721676826466
0 0.0256 468.20150315761566 -81.5124094635248 499.0234524011612 -62.98120805621146
0 0.0254 0.0 150.28583145141602 499.0234375 415.0234375
0 0.0228 70.09800523519516 4.166236877441413 109.91101711988449 23.2119027376175
0 0.0224 476.03797912597656 11.873482525348672 499.0234375 31.085549652576457
0 0.0207 421.689510345459 -58.35492277145385 461.447536945343 -39.26696741580962
0 0.0197 58.78509394824505 24.554542064666755 89.78726156055927 49.740410208702095
0 0.0194 108.86698961257935 -3.418998062610618 149.23298358917236 15.174879491329202
0 0.0165 405.57435154914856 -81.42541462182997 446.25797867774963 -63.06820103526114
0 0.0160 58.73529054224491 55.90512490272521 89.83330987393856 80.89875316619873
0 0.0159 258.322536945343 50.07418131828309 280.44283390045166 86.58730125427246
0 0.0157 387.08826899528503 55.41550254821778 417.7496135234833 81.34560918807983
0 0.0156 448.74407351017 60.40377056598663 499.0234225988388 99.39611589908598
0 0.0141 418.41018199920654 70.85760569572449 448.9361047744751 97.13797903060913
0 0.0139 0.0 12.117503941059123 39.74870219826698 30.887960255146034
0 0.0137 398.4905183315277 -11.684172987937917 437.80210614204407 7.808348894119271
0 0.0131 281.7956209182739 50.349629282951355 303.8376569747925 86.36981880664825
0 0.0129 69.44494694471359 -18.795573353767384 110.4929968714714 -0.6979044675826935
0 0.0128 441.80235266685486 8.477031052112586 472.4132716655731 34.52865666151047
0 0.0126 475.75366497039795 402.4523559808731 499.0234375 415.02342259883886
0 0.0126 155.60433268547058 -3.321604073047629 196.2311863899231 15.07787293195725
0 0.0125 475.4624515771866 184.1474685668945 499.0234225988388 202.56178712844846
0 0.0124 213.33011239767075 91.71420967578888 303.27460914850235 130.50315415859222
0 0.0123 14.663953334093094 43.762362360954285 55.8905191719532 61.74362337589264
0 0.0122 448.74407351017 107.27877056598663 499.0234225988388 146.27111589908597
0 0.0122 476.06194019317627 35.29181218147278 499.0234375 54.541966676712036
0 0.0121 355.80137372016907 55.5028680562973 386.5327537059784 81.265753865242
0 0.0120 363.4445071220398 -37.881083056330674 394.4999575614929 -12.818287327885619
0 0.0115 76.36144757270813 102.92706525325774 190.61219692230225 150.89071428775787
0 0.0113 304.74919080734253 58.623275518417366 344.044029712677 78.1260941028595
0 0.0112 0.0 -11.207797765731803 39.88596796989441 7.338947415351876
0 0.0111 54.24579232931137 82.46213829517365 94.48804706335068 101.16732752323149
0 0.0110 257.7596604824066 27.474588513374336 297.2683608531952 46.77698647975922
0 0.0109 374.70149993896484 -58.2651619017124 414.67219591140747 -39.355543643236146
0 0.0108 475.8675694465637 246.37510514259338 499.0234375 265.3347465991974
0 0.0108 275.83011984825134 -80.1608052253723 365.77460169792175 -41.37183839082717
0 0.0107 0.0 -74.03276787698267 31.703371554613113 -54.839945599436746
0 0.0107 0.0 66.83584189414978 39.78736326098442 85.54469680786133
0 0.0106 202.36736536026 -3.2449972033500574 243.20676922798157 15.001385271549232
0 0.0102 475.49937665462494 160.6853220462799 499.0234524011612 179.1489336490631
0 0.0101 188.07010352611542 89.63905906677246 210.05849540233612 125.25936102867125
0 0.0100 379.1872262954712 86.86338996887206 410.0176692008972 112.41479849815369
