0 0.4267 -50.27474975585935 90.09801864624023 170.54129028320312 189.2983055114746
0 0.4024 112.06253433227542 44.91416931152344 227.19150924682617 94.56404685974121
0 0.2855 -80.99999999999997 106.50276184082031 -46.411345958709695 143.4367561340332
0 0.2758 -80.99999999999999 184.8428726196289 -22.311755180358865 244.86846923828125
0 0.2726 -75.10689473152158 66.40480995178223 -36.56569933891294 103.52635383605957
0 0.2689 -80.99999999999997 146.44676208496094 -46.28178930282591 183.48941802978516
0 0.2554 -7.937465667724588 24.914169311523438 107.19150924682617 74.56404685974121
0 0.2362 118.82288360595705 4.384737014770508 209.65593719482425 45.50844192504883
0 0.1948 231.22225189208984 37.81127452850342 297.29463958740234 72.1440839767456
0 0.1901 -21.674123764038065 191.27105712890625 29.90348243713381 238.6170196533203
0 0.1829 172.10138702392578 96.39638900756836 236.53757476806643 133.46349716186523
0 0.1686 229.72162628173828 71.88356161117554 278.83577728271484 98.17272424697876
0 0.1626 229.3580474853516 12.296686172485352 279.1362609863281 37.77595520019531
0 0.1617 -75.11990642547606 27.160502672195435 -36.618906021118136 62.82781481742859
0 0.1577 -80.99999999999997 246.7867660522461 -46.548200607299776 283.1732940673828
0 0.1297 172.01263809204102 135.92201232910156 236.76731491088867 173.8823699951172
0 0.1291 239.93288421630862 101.56631469726562 288.6744155883789 128.47183227539062
0 0.1253 31.12110519409181 186.4558219909668 97.7710952758789 223.34466934204102
0 0.1179 279.73753356933594 71.86563491821289 328.82254028320307 98.19000244140625
0 0.1143 -45.141454696655245 246.34227752685547 -6.521030426025367 283.5845184326172
0 0.1076 289.99056243896484 101.46191596984863 338.6334457397461 128.56926918029785
0 0.0972 101.51781463623048 186.16395950317383 167.33915710449222 223.63218307495117
0 0.0959 240.0692214965821 130.85033416748047 288.66243743896484 159.11521911621094
0 0.0867 290.106071472168 130.93134880065918 338.60926055908203 159.0476131439209
0 0.0816 -0.600496292114238 240.50233840942383 28.27527427673342 289.36025619506836
0 0.0811 239.9371185302735 160.61899185180664 288.8419952392578 189.3058204650879
0 0.0800 169.77877044677734 180.55173873901367 219.0197982788086 209.34907913208008
0 0.0771 329.07606506347656 72.56248474121094 379.37841796875 97.51703262329102
0 0.0766 60.47302627563479 526.3603210449219 127.84920120239258 583.4651947021484
0 0.0764 298.8347473144532 42.770347595214844 349.5886840820313 67.31321334838867
0 0.0712 -50.805259704589815 2.4329042434692383 -0.7198009490966583 27.64127254486084
0 0.0705 339.43292999267584 102.2189712524414 389.0731277465821 127.8510856628418
0 0.0704 294.9342956542969 166.62572860717773 333.36798095703125 203.32159042358398
0 0.0700 278.43492889404297 13.082962036132812 329.94196319580084 37.00437068939209
0 0.0639 34.795850753784194 226.22575759887695 73.56019401550294 263.6929130554199
0 0.0611 14.858106613159201 527.2802352905273 53.39499855041505 562.7174758911133
0 0.0597 64.88094711303712 487.1784973144531 103.37849044799806 522.8112030029297
0 0.0580 24.73138236999513 567.7482604980469 63.494867324829116 602.2871398925781
0 0.0547 127.11857223510745 537.0982360839844 211.60263442993167 603.126220703125
0 0.0547 334.8958053588868 157.08959579467773 373.3697738647461 192.89316177368164
0 0.0536 104.91449737548831 486.94889068603516 143.36138153076175 523.0229568481445
0 0.0536 220.0813808441162 190.83965301513672 268.651575088501 219.1259002685547
0 0.0516 24.90060234069826 487.0705795288086 63.36606407165529 522.9106521606445
0 0.0481 74.84060668945315 226.28896713256836 113.5039749145508 263.6340141296387
0 0.0443 64.76236724853517 587.6522445678711 103.46884155273439 622.3752975463867
0 0.0440 89.56966781616212 441.1045837402344 118.06732559204104 488.7763214111328
0 0.0433 104.18314361572267 618.5572624206543 144.03658294677737 638.7500190734863
0 0.0414 269.550765991211 201.00191116333008 298.09019470214844 248.86438369750977
0 0.0413 -80.99999999999999 287.4574661254883 -46.53958415985105 322.5545883178711
0 0.0412 -15.353713989257791 567.9941940307617 23.567813873291037 602.0615005493164
0 0.0389 334.8905792236328 197.1259307861328 373.37240600585943 232.85964965820312
0 0.0381 144.1493263244629 618.6370658874512 184.0668525695801 638.7500190734863
0 0.0377 204.80429077148438 507.5056457519531 243.43508148193362 542.5100708007812
0 0.0375 114.91037750244143 226.76654815673828 153.3825149536133 263.1915283203125
0 0.0372 44.846920013427756 447.33699798583984 83.4024467468262 482.6652145385742
0 0.0364 170.06733322143558 211.11804962158203 218.61614608764648 238.87924194335938
0 0.0363 149.53497314453125 490.92620849609375 178.10942077636722 538.9315032958984
0 0.0354 184.3952217102051 608.5922431945801 223.79360580444336 638.7499809265137
0 0.0343 -25.284131526946997 527.7776336669922 13.509656429290791 562.2602081298828
0 0.0337 299.5855178833008 211.18471145629883 328.0480422973633 258.70630264282227
0 0.0329 244.7706069946289 507.62508392333984 283.4620132446289 542.4002456665039
0 0.0329 -10.395036697387672 481.30714416503906 18.02459144592287 528.6049652099609
0 0.0324 374.7896041870117 177.55861282348633 413.44675445556646 212.4613380432129
0 0.0319 359.6743621826172 131.943998336792 408.87365722656256 158.11514854431152
0 0.0317 24.476169586181665 608.3833503723145 63.72261428833009 638.7499809265137
0 0.0313 337.7287902832032 3.5635757446289062 390.5766906738282 26.524202823638916
0 0.0313 0.640281677246117 0.0 67.92084121704104 21.738665103912354
0 0.0309 227.1185817718506 557.0982360839844 311.6026248931885 623.126220703125
0 0.0307 119.51212310791017 430.82515716552734 148.13726806640628 479.0231704711914
0 0.0300 29.5797863006592 271.1636734008789 58.055089950561545 318.7264633178711
0 0.0297 -55.61112856864927 568.6441421508789 -16.20436406135557 601.4666366577148
0 0.0289 239.56465148925784 221.07158660888672 268.0734100341797 268.8034439086914
0 0.0283 -15.589893817901592 608.5523986816406 23.780704975128195 638.75
0 0.0279 224.7716369628906 467.61791229248047 263.4615173339844 502.4068832397461
0 0.0270 4.888757705688497 447.1376037597656 43.37336921691896 482.84889221191406
0 0.0269 154.67932128906253 237.8901481628418 193.54036712646484 272.156925201416
0 0.0267 59.59211730957033 271.23098373413086 88.04014587402345 318.6688423156738
0 0.0266 -70.63466644287108 602.2817230224609 -20.868407249450666 627.7896881103516
0 0.0262 -80.99999999999999 528.1008148193359 -46.389087200164774 561.9638061523438
0 0.0246 -45.2153453826904 287.5312900543213 -6.545082092285134 322.48656272888184
0 0.0244 68.70813751220705 0.0 119.78983306884767 17.597103118896484
0 0.0239 269.5453872680664 250.9743309020996 298.09679412841797 298.88845443725586
0 0.0234 89.62023162841798 271.40167236328125 118.00615692138675 318.5264587402344
0 0.0233 264.7408905029297 467.7193069458008 303.4868469238281 502.31372833251953
0 0.0232 89.55492401123048 391.02535247802734 118.08519744873048 438.84449005126953
0 0.0230 269.49671173095703 320.76648712158203 298.1560745239258 369.0787887573242
0 0.0225 -0.3904972076415801 291.3353443145752 28.0191173553467 338.5814952850342
0 0.0225 259.6005477905274 421.27552032470703 288.0298843383789 468.63040924072266
0 0.0225 -80.33742523193357 481.715087890625 -52.04470968246458 528.2761383056641
0 0.0223 228.4363498687744 622.5669860839844 280.04613304138184 638.75
0 0.0218 209.6194305419922 251.3976287841797 238.00711059570312 298.52996826171875
0 0.0216 149.56079864501956 441.0558319091797 178.07806396484378 488.81797790527344
0 0.0211 284.74031829833984 507.7228546142578 323.4871139526368 542.3104095458984
0 0.0210 184.77375411987305 467.61241912841797 223.45966720581055 502.4119186401367
0 0.0209 239.53012847900393 270.9073257446289 268.1153335571289 318.94927978515625
0 0.0207 388.4523620605469 93.0673885345459 439.92704772949224 117.01947212219238
0 0.0204 229.62801361083987 421.44840240478516 257.99677276611334 468.48743438720703
0 0.0198 119.68141937255862 271.83515548706055 147.93253326416018 318.17758560180664
0 0.0197 239.53611755371097 320.9335708618164 268.1080474853516 368.9254379272461
0 0.0197 249.54988861083984 370.99613189697266 278.0913009643555 418.86913299560547
0 0.0196 353.9365615844727 39.56326961517334 394.21266937255865 70.62944889068604
0 0.0196 -80.99999999999997 2.354722023010254 -50.17697191238401 27.6596736907959
0 0.0194 299.5437850952149 270.9676742553711 328.0987014770508 318.8945770263672
0 0.0194 179.6761932373047 271.79601669311523 207.9387893676758 318.2086753845215
0 0.0192 279.56758880615234 371.08642578125 308.06978607177734 418.7904357910156
0 0.0192 -40.305148124694796 481.9514465332031 -12.083512306213356 528.0876922607422
0 0.0190 149.70667266845703 272.04259872436523 177.9023208618164 318.0158805847168
0 0.0187 289.6045150756836 421.2982177734375 318.02507781982416 468.61122131347656
0 0.0186 299.51036834716797 320.81939697265625 328.13944244384766 369.0289306640625
0 0.0181 314.3200912475586 608.7676239013672 353.86103057861334 638.75
0 0.0181 329.5760574340821 251.1316680908203 358.0595626831056 298.7514877319336
0 0.0178 209.589656829834 341.2169647216797 238.0431022644043 388.68072509765625
0 0.0178 59.627727508544936 391.4466094970703 87.99709701538087 438.4889221191406
0 0.0175 29.621070861816428 401.3982391357422 58.00508880615236 448.5277557373047
0 0.0172 359.5572891235352 231.03363037109375 388.08229827880865 278.8364028930664
0 0.0163 79.62231063842776 341.40869140625 108.00362014770509 388.51959228515625
0 0.0162 -80.99999999999997 447.860107421875 -46.45970439910886 482.1845245361328
0 0.0158 -35.3315005302429 447.91908264160156 3.549834728240988 482.13035583496094
0 0.0158 119.57697296142582 381.1389923095703 148.05845642089844 428.7457275390625
0 0.0156 329.5410766601563 300.9535217285156 358.10202026367193 348.9068603515625
0 0.0153 179.66909790039065 321.7465591430664 207.94737243652344 368.2485580444336
0 0.0153 309.58456420898443 371.1793518066406 338.0492248535157 418.7109375
0 0.0153 354.3092193603516 608.7932014465332 393.8707580566406 638.7499809265137
0 0.0147 179.6309700012207 421.4630126953125 207.99312973022464 468.4746551513672
0 0.0146 49.6743907928467 321.78234100341797 77.94097328186037 368.21949005126953
0 0.0138 149.6114959716797 391.33785247802734 178.0166473388672 438.5776901245117
0 0.0132 149.70266723632815 322.00504302978516 177.90708923339844 368.04447174072266
0 0.0131 399.9901428222657 555.9811210632324 557.75 638.7500190734863
0 0.0131 319.6168365478516 421.3728332519531 348.010238647461 468.54896545410156
0 0.0129 -80.3252897262573 321.8044662475586 -52.05929136276243 368.20491790771484
0 0.0129 109.65565109252931 331.63482666015625 137.96345138549808 378.33580017089844
0 0.0129 179.65607070922852 371.63928985595703 207.96295547485352 418.33240509033203
0 0.0128 -80.33132886886594 401.75743103027344 -52.05205059051511 448.24195861816406
0 0.0128 -10.364337921142557 401.5016555786133 17.98754119873049 448.44432830810547
0 0.0126 324.6747055053711 507.9233932495117 363.54242706298834 542.126350402832
0 0.0126 359.5625152587891 301.0594844818115 388.07592773437506 348.8137149810791
0 0.0126 304.77140808105474 467.6204299926758 343.4615936279297 502.4045181274414
0 0.0124 309.6900024414063 541.9047546386719 337.9222717285156 588.1231689453125
0 0.0121 364.56034088134766 508.23558807373047 403.6418380737305 541.8402481079102
0 0.0120 339.6161499023438 371.3688659667969 368.0110015869141 418.55224609375
0 0.0118 399.8142280578613 0.0 557.7499809265137 83.77708435058594
0 0.0107 344.6533432006836 467.9845428466797 383.5607376098633 502.0703125
0 0.0101 19.674781799316428 351.77764892578125 47.94044876098634 398.2221221923828
0 0.0100 349.65280914306646 421.6160583496094 377.96686553955084 468.35105895996094
