0 0.1231 251.09306335449216 481.2052536010742 299.5732879638672 508.8051986694336
0 0.1230 365.9114837646484 486.9873046875 404.361343383789 522.9875183105469
0 0.1170 325.9324264526367 486.8020248413086 364.35436248779297 523.1585311889648
0 0.1124 285.921516418457 506.9115447998047 324.35680389404297 543.0574035644531
0 0.1075 345.9157180786133 446.96502685546875 384.35855865478516 483.00804138183594
0 0.1043 405.88283538818354 487.16529846191406 444.3775558471679 522.8233337402344
0 0.1040 200.8300018310547 471.72969818115234 249.7515106201172 498.3182907104492
0 0.1017 261.0545349121094 451.319580078125 309.5927429199219 478.70079040527344
0 0.1002 231.10897064208982 511.13037109375 279.5702743530273 538.8726806640625
0 0.0990 385.90888977050776 447.0142364501953 424.36180114746094 482.962646484375
0 0.0938 345.7508850097656 527.6726913452148 384.4799041748047 562.3565292358398
0 0.0853 385.71594238281244 527.7849197387695 424.5088958740234 562.2534561157227
0 0.0805 310.5648422241211 441.07261657714844 339.07314300537104 488.8025665283203
0 0.0799 210.9298229217529 441.57848358154297 259.6753406524658 468.4608840942383
0 0.0770 425.8106994628906 447.4812698364258 464.43008422851557 482.53246307373047
0 0.0742 251.0526657104492 541.3042831420898 299.59751129150385 568.7140274047852
0 0.0721 335.8613586425781 407.2658157348633 374.3926239013672 442.73075103759766
0 0.0714 445.84606170654297 487.33680725097656 484.40341949462896 522.6654052734375
0 0.0712 180.8812713623047 501.65843963623047 229.7112274169922 528.3858871459961
0 0.0708 260.9928894042969 421.45591735839844 309.6321105957031 448.5747528076172
0 0.0690 205.83473205566406 537.3739624023438 244.412841796875 572.6312255859375
0 0.0681 465.85361480712885 447.30358123779297 504.39792633056635 482.69596099853516
0 0.0670 305.71033477783203 547.8018569946289 344.51366424560547 582.2379684448242
0 0.0645 375.8463668823242 407.33482360839844 414.4032669067382 442.667236328125
0 0.0632 150.7847023010254 471.8016815185547 199.78528976440427 498.250732421875
0 0.0627 165.7777214050293 437.58934020996094 204.4573402404785 472.43309020996094
0 0.0599 415.7616424560547 407.64862060546875 454.46998596191406 442.3786163330078
0 0.0587 455.7975387573242 407.5251770019531 494.4408798217773 442.4920654296875
0 0.0581 425.70838928222656 527.8107452392578 464.5149993896484 562.2297668457031
0 0.0575 210.90705871582028 411.6218948364258 259.69108581542963 438.42052459716797
0 0.0541 165.75973510742188 537.6556015014648 204.4715118408203 572.3722457885742
0 0.0540 85.6640625 557.9435348510742 124.55253601074217 592.1078872680664
0 0.0539 295.8918762207031 387.1145248413086 334.3719482421875 422.8701400756836
0 0.0538 350.4543685913086 562.1894454956055 400.0564956665039 587.8789138793945
0 0.0532 125.70625305175781 547.8262710571289 164.5159149169922 582.215461730957
0 0.0516 45.43516159057617 558.5232543945312 84.75526809692381 591.5771484375
0 0.0504 245.64208984374997 567.9974365234375 284.5722198486328 602.0584869384766
0 0.0494 135.7245635986328 497.77191162109375 174.50035095214844 532.2653961181641
0 0.0492 125.68347930908203 437.8956604003906 164.53514099121094 472.15179443359375
0 0.0474 5.250673294067381 558.9383316040039 44.92236137390137 591.1981582641602
0 0.0472 100.71617126464842 471.89186096191406 149.8398971557617 498.16490173339844
0 0.0440 255.7994842529297 377.50865936279297 294.4402313232422 412.50728607177734
0 0.0425 -50.533084869384766 583.0527877807617 0.9148693084716797 607.0335006713867
0 0.0419 85.72525024414062 517.7729797363281 124.49947357177734 552.264404296875
0 0.0416 180.62322616577148 391.4142608642578 209.00251388549805 438.5149383544922
0 0.0412 75.51124572753905 598.3527374267578 114.6859359741211 631.7330169677734
0 0.0410 85.68826675415039 437.88394927978516 124.53081130981444 472.16259002685547
0 0.0408 205.54253578186035 578.2731628417969 244.65826988220212 611.8058776855469
0 0.0403 130.72772979736328 411.87408447265625 179.83116149902344 438.1816101074219
0 0.0401 35.405235290527344 598.6063385009766 74.78088378906249 631.5011596679688
0 0.0400 115.46695709228514 598.4609222412109 154.72545623779294 631.6340637207031
0 0.0395 360.5408477783203 360.9532165527344 389.10224914550776 408.9073181152344
0 0.0395 -80.0 448.19217681884766 -45.36383152008057 481.8800735473633
0 0.0392 355.51418304443354 598.3460235595703 394.68326568603516 631.7391967773438
0 0.0389 215.708475112915 377.82421112060547 254.51361656188962 412.21736907958984
0 0.0388 165.5225944519043 578.3243942260742 204.67588424682614 611.7589950561523
0 0.0379 245.30757904052732 608.7945365905762 284.8725509643554 638.7500190734863
0 0.0378 -14.417486190795897 448.1734085083008 24.622735977172848 481.8972396850586
0 0.0378 159.89213943481445 612.6898956298828 210.54506301879883 637.3884582519531
0 0.0378 285.51181793212885 598.3507537841797 324.6854782104492 631.7348480224609
0 0.0374 -24.5882248878479 528.5757827758789 14.77651834487915 561.5291213989258
0 0.0374 45.60641765594483 448.1087112426758 84.60194110870361 481.9565200805664
0 0.0373 -20.205488204956055 612.7786254882812 30.62907218933105 637.3020935058594
0 0.0368 45.661702156066895 517.9584884643555 84.55375194549559 552.0941543579102
0 0.0364 455.8171081542969 367.4567413330078 494.42512512207026 402.5550079345703
0 0.0353 -80.0 488.21544647216797 -45.35624504089355 521.8587875366211
0 0.0343 400.3480148315429 562.2977447509766 450.14659881591797 587.7740478515625
0 0.0335 -24.491140842437744 488.3522415161133 14.688704013824461 521.733512878418
0 0.0334 80.6991958618164 411.9145202636719 129.85332489013672 438.1433868408203
0 0.0328 50.56708812713623 482.0661163330078 99.96246814727783 507.99774169921875
0 0.0326 -80.0 408.2224655151367 -45.35426139831544 441.85230255126953
0 0.0320 400.59593200683594 361.24603271484375 429.0354919433594 408.65478515625
0 0.0320 35.65583229064941 407.97950744628906 74.55842018127441 442.07489013671875
0 0.0319 -4.290857315063475 407.8203582763672 34.51321601867676 442.2209167480469
0 0.0318 -80.0 528.5246658325195 -45.24529933929444 561.575813293457
0 0.0311 485.75885772705084 487.6511001586914 524.4729232788086 522.3763656616211
0 0.0303 330.5899810791015 341.21593475341797 359.042739868164 388.68106842041016
0 0.0290 130.43508529663083 382.2113800048828 180.07238388061523 407.85789489746094
0 0.0283 395.4860305786133 598.4159469604492 434.7082901000976 631.6752243041992
0 0.0282 -70.2762508392334 612.8390884399414 -19.3093204498291 637.2429275512695
0 0.0278 210.6874084472656 612.4397277832031 238.92879486083982 638.75
0 0.0272 -44.683165550231934 408.7946319580078 -5.137953758239746 441.3292694091797
0 0.0267 280.57170867919916 331.1077880859375 309.06482696533203 378.7718963623047
0 0.0260 465.7094192504883 527.8153610229492 504.5133590698242 562.2255325317383
0 0.0254 -79.99999999999999 299.8858642578125 558.75 638.75
0 0.0252 240.5998611450195 331.2725830078125 269.03072357177734 378.63311767578125
0 0.0241 85.53390502929689 378.30474853515625 124.6649932861328 411.77696228027344
0 0.0236 365.64250946044916 328.01219940185547 404.57035064697266 362.0449447631836
0 0.0236 180.64796447753903 341.5869903564453 208.9727020263672 388.3753204345703
0 0.0229 -79.99999999999999 0.0 430.91228485107416 281.5149688720703
0 0.0225 210.62166213989255 331.4061737060547 239.00438308715817 378.52195739746094
0 0.0225 -79.24146652221678 562.5339508056641 -51.15935802459716 607.6435852050781
0 0.0218 425.4677200317383 328.4640121459961 464.7243118286132 361.6312789916992
0 0.0204 135.47639846801758 348.43257904052734 174.7175407409668 381.66004180908203
0 0.0204 30.456066131591793 382.1929931640625 80.05401611328125 407.8760528564453
0 0.0184 500.66982269287115 401.74095153808594 528.946418762207 448.2513427734375
0 0.0183 325.5516815185547 308.26000213623047 364.64920043945307 341.8178939819336
0 0.0178 -79.29161548614502 362.06687927246094 -51.099677085876465 407.99835205078125
0 0.0173 250.65681457519528 281.6459655761719 278.96202087402344 328.3272171020508
0 0.0168 -14.527788162231445 368.45035552978516 24.72052574157715 401.64371490478516
0 0.0165 80.05260467529297 352.58190155029297 130.3990936279297 377.4979019165039
0 0.0164 280.66246032714844 281.6845417022705 308.9552307128906 328.2960033416748
0 0.0163 505.7442855834961 447.70912170410156 544.4839859008788 482.3230743408203
0 0.0158 205.6710338592529 297.9281234741211 244.54609870910642 332.1220397949219
0 0.0154 435.4732131958008 598.4491348266602 474.71950531005854 631.6448593139648
0 0.0151 265.5663681030273 248.22162628173828 304.63634490966797 281.85302734375
0 0.0150 310.6996917724609 251.97933197021484 338.9105987548828 298.0643081665039
0 0.0141 465.5860137939453 328.1692886352539 504.6192169189453 361.9009780883789
0 0.0139 35.3181266784668 348.8045883178711 74.85960006713867 381.32015228271484
0 0.0139 150.6726837158203 301.7673587799072 178.94302368164062 348.2311153411865
0 0.0136 225.4749298095703 248.44188690185547 264.71832275390625 281.65149688720703
0 0.0132 528.9778327941895 622.6488494873047 558.7499809265137 638.75
0 0.0129 425.29289245605463 288.8609313964844 464.88243103027344 321.2687301635742
0 0.0129 450.3440856933594 562.2965621948242 500.15090942382807 587.7746963500977
0 0.0124 339.7866439819336 242.80994415283203 390.6309127807617 267.2742462158203
0 0.0123 95.33456802368164 318.7618350982666 134.84529495239255 351.359167098999
0 0.0122 370.10627746582026 302.5341510772705 420.35255432128906 327.544584274292
0 0.0122 260.2375411987304 222.4120330810547 310.2396011352539 247.6636505126953
0 0.0122 185.36373138427734 258.704776763916 224.8180389404297 291.4112663269043
0 0.0117 345.3800964355468 268.66966247558594 384.8030090332031 301.4433288574219
0 0.0113 418.9004516601562 243.4556770324707 471.4208984375 266.63286209106445
0 0.0112 432.69212722778315 0.0 558.7499809265137 69.84923839569092
0 0.0109 145.4233741760254 258.56786727905273 184.7641944885254 291.5363121032715
0 0.0105 255.39379119873047 178.63466262817383 294.7909927368164 211.47527694702148
0 0.0104 215.3045558929443 208.8296890258789 254.87244606018064 241.2972640991211
0 0.0102 529.6287536621093 592.4771881103516 558.75 617.5473022460938
