0 0.0376 397.8623580932617 155.58708572387695 452.3635482788086 177.49744796752927
0 0.0317 373.0625534057617 176.41417884826657 488.19149017333984 226.06404685974118
0 0.0271 188.37116241455078 75.28765106201173 241.90048217773438 97.79924774169922
0 0.0260 378.6063766479492 35.1400604248047 431.68773651123047 57.94725799560548
0 0.0245 187.60311126708984 45.72859668731691 242.60116577148438 67.35383892059326
0 0.0244 347.7986145019531 135.61804199218753 402.42286682128906 157.46534729003906
0 0.0229 0.0 248.5248603820801 510.9126281738281 530.2499809265137
0 0.0229 0.0 -108.49999999999997 510.9122848510742 173.0149688720703
0 0.0227 598.1202697753906 145.43218994140622 638.75 167.65283966064453
0 0.0213 177.1902847290039 15.943225860595723 232.98095703125 37.135242462158224
0 0.0213 388.44844818115234 -4.758764266967751 441.8301773071289 17.84604454040529
0 0.0208 368.01563262939453 65.49190902709962 422.22537994384766 87.5923957824707
0 0.0206 178.60153198242188 105.14492416381837 231.69170379638672 127.94266128540039
0 0.0189 608.2849884033203 174.91680526733398 638.75 198.10905838012692
0 0.0187 367.73387908935547 95.65519714355469 422.48180389404297 117.42792510986328
0 0.0185 248.6857032775879 75.09285354614259 301.6152763366699 97.99507522583009
0 0.0183 458.1277084350586 155.43152236938477 512.1221542358398 177.65407943725583
0 0.0182 511.90391540527344 -58.65819549560543 638.75 41.127075195312514
0 0.0181 318.19891929626465 35.3886070251465 372.057580947876 57.697204589843764
0 0.0171 407.53875732421875 125.75987243652345 462.66090393066406 147.321533203125
0 0.0168 177.41931915283203 -14.176145553588846 232.7704620361328 7.256635665893575
0 0.0167 588.1782341003418 115.39568328857422 638.7500190734863 137.68927001953122
0 0.0162 388.0632019042969 -34.529818058013895 442.1807098388672 -12.384770870208717
0 0.0160 238.93085479736328 104.93029022216797 291.3946533203125 128.15752410888672
0 0.0158 438.3926010131836 35.27393722534181 491.88114166259766 57.8129234313965
0 0.0151 308.1868267059326 95.39835357666016 362.06799507141113 117.68778228759766
0 0.0149 128.13182830810547 55.431465148925795 182.117919921875 77.65451812744142
0 0.0149 328.29864501953125 -4.669738769531228 381.9666290283203 17.756160736084002
0 0.0148 247.88822174072266 45.56990051269532 302.3405075073242 67.514404296875
0 0.0145 574.3924140930176 356.33680725097656 638.7499809265137 406.24700927734375
0 0.0143 308.17288398742676 65.40670776367189 362.0806407928467 87.67938995361328
0 0.0139 318.2827663421631 165.3406181335449 371.9809055328369 187.7458610534668
0 0.0130 178.74887466430664 135.0500717163086 231.55866622924805 158.03766632080078
0 0.0130 128.41276168823242 85.26178741455078 181.86285018920898 107.82518768310547
0 0.0129 318.9987277984619 224.88283538818357 371.3339900970459 248.20467376708982
0 0.0128 608.3431243896484 204.88226318359372 638.75 228.144058227539
0 0.0127 608.9757537841797 514.1506042480469 638.75 530.25
0 0.0127 167.2930908203125 -44.10910224914548 222.88623809814453 -22.811380386352518
0 0.0126 574.3924140930176 56.336826324462905 638.7499809265137 106.24702835083008
0 0.0123 428.0873489379883 65.45282745361328 482.15946197509766 87.63224029541017
0 0.0122 237.26621627807617 15.90268516540529 292.911434173584 37.17625999450684
0 0.0121 575.2654266357422 -108.49999999999997 638.75 -73.6251125335693
0 0.0118 288.3675765991211 125.28969192504883 341.9037628173828 147.79716873168942
0 0.0116 328.1352233886719 -34.571081161498995 382.1149444580078 -12.343011856079077
0 0.0115 409.0348434448242 224.8613586425781 461.3009262084961 248.22653198242185
0 0.0113 507.51747131347656 135.7716407775879 562.6803588867188 157.30965042114258
0 0.0109 117.82730102539062 15.60409927368166 172.39618301391602 37.479804992675795
0 0.0108 427.7772521972656 95.6295051574707 482.4424743652344 117.45369338989256
0 0.0108 448.1903839111328 -24.60519409179685 502.06512451171875 -2.3088798522949023
0 0.0107 188.73825073242188 215.06037139892578 241.56753540039062 238.0278244018554
0 0.0106 319.1394805908203 194.7861232757568 371.2077331542969 218.30115699768066
0 0.0103 117.90580749511719 -24.438339233398413 172.32404708862305 -2.476974487304666
