0 0.0792 85.89601516723631 267.0719909667969 124.37112808227539 302.9093933105469
0 0.0706 85.90780258178711 227.01770782470703 124.36273574829103 262.9594421386719
0 0.0641 45.911521911621094 266.9832420349121 84.3616485595703 302.99123764038086
0 0.0615 45.91391086578369 226.9772720336914 84.35948848724364 262.9967498779297
0 0.0595 125.88186264038086 267.1635055541992 164.37883377075192 302.82501220703125
0 0.0556 95.7718276977539 307.61698722839355 134.46144104003906 342.4077320098877
0 0.0555 10.560693740844725 261.05329513549805 39.078187942504876 308.8197898864746
0 0.0552 125.82107543945311 227.43484497070312 164.42264556884763 262.57518768310547
0 0.0517 5.867033004760744 217.23308563232422 44.389238357543945 252.76092529296875
0 0.0503 70.56270599365233 192.06912994384766 119.96646881103516 217.99468994140625
0 0.0459 55.79816818237304 307.5221252441406 94.44046020507811 342.49488830566406
0 0.0448 -80.0 227.8089714050293 -45.47225952148437 262.231502532959
0 0.0431 -34.27792549133301 247.76447296142578 4.5038700103759775 282.2722625732422
0 0.0426 120.47740936279295 202.16873168945312 170.03643035888672 227.89928436279297
0 0.0410 20.8387279510498 191.7189598083496 69.74438667297363 218.32857131958008
0 0.0395 -34.37830924987793 208.06133270263672 4.589214324951171 241.99993133544922
0 0.0391 -80.0 267.8506660461426 -45.461206436157234 302.1932029724121
0 0.0387 165.8180999755859 257.44707107543945 204.42489624023438 292.56391525268555
0 0.0386 135.64327239990234 308.00610542297363 174.57008361816403 342.05050468444824
0 0.0377 20.61857223510742 311.3904666900635 49.00815963745117 358.5356044769287
0 0.0354 -19.358930587768555 281.5467929840088 8.98106575012207 328.4090328216553
0 0.0353 -80.0 187.99150466918945 -45.424830913543694 222.0639991760254
0 0.0330 90.55675506591797 342.0697021484375 139.9726104736328 367.9936218261719
0 0.0323 170.52577972412107 232.11090087890625 219.9970245361328 257.9545593261719
0 0.0291 169.9814987182617 202.64551162719727 220.46062469482422 227.4357032775879
0 0.0291 119.82242584228514 172.779541015625 170.59970855712888 197.30403900146484
0 0.0271 319.3184661865234 493.15711975097656 371.04804992675776 516.9292449951172
0 0.0270 59.872651100158684 162.73677825927734 110.55593013763426 187.34596252441406
0 0.0259 113.06253433227538 564.9141693115234 228.19150924682614 614.5640563964844
0 0.0257 139.2678642272949 622.7107238769531 191.19306564331055 638.75
0 0.0256 140.0870323181152 342.54615783691406 190.37023544311523 367.5322723388672
0 0.0254 -29.577760696411133 182.21826553344727 20.08448600769043 207.85062789916992
0 0.0254 -79.99999999999999 0.0 558.75 339.48570251464844
0 0.0250 175.39539337158203 298.6211109161377 214.79053497314453 331.48768424987793
0 0.0247 -79.31842803955077 301.8559265136719 -51.067533493041985 348.1640625
0 0.0224 60.71252822875976 342.10437774658203 88.89537811279297 387.9696273803711
0 0.0219 79.23767089843749 622.7353668212891 131.21959686279297 638.75
0 0.0219 309.3799209594726 523.1077575683594 360.99422454833984 546.9776916503906
0 0.0216 325.39649963378906 148.6236572265625 364.7890472412109 181.48536682128906
0 0.0212 329.3929290771484 463.10909271240234 380.98037719726557 486.9778060913086
0 0.0205 19.251804351806637 622.7237129211426 71.20719909667969 638.7499809265137
0 0.0199 169.89187240600586 172.71717071533203 220.5398368835449 197.3648452758789
0 0.0194 15.362386703491213 148.70893478393555 54.81913566589355 181.40745162963867
0 0.0193 148.92572402954102 533.4392547607422 201.39810562133786 556.6493225097656
0 0.0189 199.27417755126953 622.7060699462891 251.18743896484372 638.75
0 0.0189 -79.29818630218506 142.01215744018555 -51.09181880950928 188.04086685180664
0 0.0187 109.710693359375 142.86306381225586 160.69942474365234 167.22091674804688
0 0.0186 59.361801147460945 553.1335067749023 111.00776672363281 576.9537734985352
0 0.0181 95.2859878540039 368.86375427246094 134.88998413085935 401.26617431640625
0 0.0180 -24.472990036010742 328.2977294921875 14.673471450805664 361.783447265625
0 0.0177 158.04126739501953 493.98426055908203 212.2003936767578 516.1012649536133
0 0.0173 325.32859802246094 108.78262519836426 364.8499298095703 141.34018898010254
0 0.0170 219.2555999755859 223.21304321289062 271.10191345214844 246.87511444091797
0 0.0168 254.6513748168945 604.8036193847656 366.5605545043945 638.75
0 0.0168 9.248294830322267 573.2135009765625 61.10946655273437 596.8740081787109
0 0.0168 205.56174278259277 258.23408126831055 244.64035987854007 291.8416404724121
0 0.0165 285.3360366821289 148.75871658325195 324.8439407348633 181.36201858520508
0 0.0164 288.4486389160156 243.73895645141602 341.83044433593744 266.34801864624023
0 0.0164 317.4836730957031 344.28306579589844 372.7129364013672 365.7969665527344
0 0.0164 369.60132598876953 502.9529571533203 420.79517364501953 527.1326446533203
0 0.0156 319.45858001708984 183.0501365661621 370.92411041259766 207.03496932983398
0 0.0155 165.38700103759763 138.642258644104 204.79793548583982 171.46836757659912
0 0.0155 59.585537910461426 132.96374320983887 110.80943584442139 157.12178230285645
0 0.0155 299.44480895996094 83.07316780090332 350.9336853027344 107.01376914978027
0 0.0154 288.54587554931635 213.67525100708008 341.74312591552734 236.4115333557129
0 0.0154 -40.47609329223633 612.9991149902344 10.866479873657227 637.0852661132812
0 0.0153 189.12606239318848 333.2980728149414 241.2191677093506 356.78958892822266
0 0.0151 278.6739730834961 553.5947799682617 331.62708282470703 576.4923477172852
0 0.0151 135.1885986328125 369.0700149536133 174.97913360595703 401.0781478881836
0 0.0151 89.20900344848634 523.2416534423828 141.1445426940918 546.8460083007812
0 0.0150 59.57103729248046 582.9794311523438 110.82134246826172 607.1068572998047
0 0.0146 138.07256698608396 463.9645004272461 192.17226028442383 486.1209487915039
0 0.0144 528.9920806884766 622.6379203796387 558.7499999999999 638.7500190734863
0 0.0144 -24.70998764038086 148.86049270629883 14.88574981689453 181.26916885375977
0 0.0144 15.498399734497072 358.38401794433594 54.69742774963378 391.70440673828125
0 0.0143 317.71411895751953 374.1610336303711 372.5010299682617 395.9212112426758
0 0.0139 258.0923843383789 503.9535903930664 312.15404510498047 526.1320114135742
0 0.0135 374.65137481689453 604.8036193847656 486.56055450439453 638.75
0 0.0134 257.22564697265625 344.42577362060547 312.9482269287109 365.65311431884766
0 0.0134 329.19307708740234 433.2527542114258 381.1588668823242 456.8349838256836
0 0.0133 345.02418518066406 209.39132690429688 385.1317596435547 240.78571319580078
0 0.0133 268.00430297851557 474.00074005126953 322.2351837158203 496.08386993408203
0 0.0132 219.39509391784668 193.10508728027344 270.9789752960205 216.9814682006836
0 0.0131 98.9017105102539 493.45516204833984 151.41971588134766 516.633415222168
0 0.0130 365.34362792968744 148.7493896484375 404.8362731933593 181.3705062866211
0 0.0127 148.50933074951172 3.7035512924194336 201.7749786376953 26.383912563323975
0 0.0127 285.352783203125 108.72918128967285 324.82795715332026 141.38897895812988
0 0.0126 99.18052673339842 403.2564163208008 151.1711502075195 426.8306350708008
0 0.0126 9.635829925537108 122.92675971984863 60.764522552490234 147.15859413146973
0 0.0125 379.28829193115234 473.18531036376953 431.0736465454101 496.9021224975586
0 0.0125 333.0625534057617 544.9141693115234 448.19149017333984 594.5640563964844
0 0.0123 -80.0 602.8257751464844 -39.33371543884277 627.2569274902344
0 0.0122 165.57197570800778 98.2061767578125 204.63150024414062 131.86717987060547
0 0.0122 205.35472869873047 138.72175693511963 244.82650756835935 171.39573574066162
0 0.0121 338.85711669921875 263.4738349914551 391.4622497558594 286.6131782531738
0 0.0121 -80.0 348.33675384521484 -45.31536102294921 381.7477035522461
0 0.0121 125.46792984008789 108.4524154663086 164.72517013549805 141.64188385009766
0 0.0118 -80.0 572.9403305053711 -39.21920776367187 597.1451187133789
0 0.0117 278.65711212158203 273.6119842529297 331.64089202880854 296.4760208129883
0 0.0117 228.77170562744138 573.5403060913086 281.53697967529297 596.5481948852539
0 0.0116 317.74383544921875 314.14258003234863 372.4742889404297 335.93958854675293
0 0.0115 257.4200439453125 374.3265151977539 312.76908874511713 395.75443267822266
0 0.0115 318.4971618652344 403.70906829833984 371.7864227294922 426.37805938720703
0 0.0115 188.70731353759763 363.57933044433594 241.59564971923828 386.5087127685547
0 0.0112 289.0367126464843 53.36223125457764 341.2987518310547 76.72597408294678
0 0.0111 248.09162139892575 313.9472961425781 302.15625762939453 336.13731384277344
0 0.0111 128.4858131408691 433.71307373046875 181.7974281311035 456.37359619140625
0 0.0109 14.944267272949219 539.5424652099609 55.20614624023437 570.6483459472656
0 0.0108 55.05475997924804 389.3325424194336 95.10330200195311 420.83919525146484
0 0.0107 78.5654067993164 453.6679458618164 131.72431945800778 476.41956329345703
0 0.0106 245.3235626220703 148.78804683685303 284.85511779785156 181.33524417877197
0 0.0103 208.52898597717285 543.6923217773438 261.7569637298584 566.3953399658203
0 0.0102 158.94302368164062 403.42315673828125 211.3834762573242 426.66481018066406
