0 0.0884 185.93692779541016 306.66431427001953 224.361572265625 343.2858657836914
0 0.0826 150.50439834594727 300.7932949066162 179.14667129516602 349.05266761779785
0 0.0711 175.89492797851562 267.09951400756836 214.3698501586914 302.88400650024414
0 0.0679 225.93505859374997 306.7236804962158 264.3583679199219 343.23100090026855
0 0.0672 185.93639373779294 346.65714263916016 224.36283111572266 383.2925033569336
0 0.0650 120.52761077880858 300.8939456939697 149.1183853149414 348.9608669281006
0 0.0627 215.8758544921875 267.2014045715332 254.38213348388672 302.79008865356445
0 0.0586 150.54464340209958 350.97557067871094 179.0976905822754 398.8884735107422
0 0.0574 135.89145660400388 257.11669921875 174.37221527099607 292.86815643310547
0 0.0490 225.93567848205566 346.7079162597656 264.35912132263184 383.24554443359375
0 0.0459 175.76343536376953 227.64795303344727 214.4680023193359 262.37924575805664
0 0.0454 205.47310829162595 598.4510803222656 244.71945762634277 631.64306640625
0 0.0438 209.92431640624997 572.6892852783203 260.5115509033203 597.3921966552734
0 0.0428 95.80926895141603 267.4582099914551 134.43384170532227 302.5537300109863
0 0.0419 120.59020996093749 351.2216567993164 149.04247283935544 398.6770248413086
0 0.0409 165.5489158630371 598.260612487793 204.65230941772458 631.8173599243164
0 0.0390 245.44345855712888 598.5171127319336 284.74651336669916 631.5826797485352
0 0.0378 90.62259674072264 311.4263153076172 119.0033721923828 358.5078430175781
0 0.0377 215.7739543914795 227.6132583618164 254.45935249328613 262.41111755371094
0 0.0345 135.74977874755857 217.69437789916992 174.47910308837888 252.33659744262695
0 0.0344 185.8638000488281 387.2343444824219 224.3927764892578 422.75978088378906
0 0.0328 255.78517913818354 267.57469177246094 294.4502639770508 302.4465560913086
0 0.0316 125.3065872192383 608.7995719909668 164.8731231689453 638.7500190734863
0 0.0307 160.18108367919922 572.4638366699219 210.28831481933594 597.6130676269531
0 0.0305 265.8380889892578 307.3677062988281 304.4096374511718 342.63694763183594
0 0.0299 205.41515350341797 538.5857391357422 244.771728515625 571.5200042724609
0 0.0293 95.68161010742188 227.8975486755371 134.53704833984372 262.15009689331055
0 0.0254 -79.99999999999999 299.8858642578125 558.75 638.75
0 0.0252 165.4592514038086 538.4814071655273 204.73213195800778 571.6153335571289
0 0.0250 225.8877944946289 387.12677001953125 264.37549591064453 422.85888671875
0 0.0244 85.24330139160156 608.9399719238281 124.93053436279298 638.75
0 0.0240 55.47879695892334 268.4345817565918 94.71464633941649 301.65815353393555
0 0.0232 150.65221786499023 401.61582946777344 178.96760940551758 448.3518981933594
0 0.0230 60.69552898406981 311.9513702392578 88.91567707061768 358.0870056152344
0 0.0229 260.6558990478515 221.63663864135742 288.9631652832031 268.3342933654785
0 0.0229 -79.99999999999999 0.0 430.91228485107416 281.5149688720703
0 0.0216 29.663906097412113 612.8878402709961 80.74319839477538 637.194938659668
0 0.0215 55.46560287475586 228.4632110595703 94.72675323486328 261.6320037841797
0 0.0208 180.5910491943359 202.04120635986328 229.94220733642575 228.02188873291016
0 0.0208 90.68265914916992 361.8559265136719 118.93110275268555 408.162841796875
0 0.0204 -79.29566383361815 272.0339584350586 -51.09483003616333 318.0240249633789
0 0.0203 130.59854507446286 192.03689575195312 179.93520736694336 218.02642822265625
0 0.0202 19.858579635620114 192.74824142456055 70.56832313537598 217.33469009399414
0 0.0200 15.415372848510744 238.5857391357422 54.77147102355956 271.52000427246094
0 0.0199 85.60190200805664 188.12397003173828 124.60557937622072 221.9424819946289
0 0.0189 265.8887100219726 347.13470458984375 304.37366485595703 382.8515625
0 0.0188 -30.408937931060795 612.9471969604492 20.807077884674072 637.1365737915039
0 0.0186 319.53716278076166 612.985725402832 370.85544586181635 637.0981216430664
0 0.0185 180.67832946777344 421.81095123291016 208.9362335205078 468.1966781616211
0 0.0185 -79.29234266281128 222.06146240234375 -51.09880208969116 268.0026626586914
0 0.0180 15.508699417114256 278.36612701416016 54.68750953674316 311.7207717895508
0 0.0179 19.519596099853512 163.0153465270996 70.86763381958006 187.07086563110352
0 0.0175 30.701971054077145 312.0015621185303 58.90791893005371 358.04749488830566
0 0.0174 120.68454742431639 401.8687438964844 148.9288330078125 448.1524658203125
0 0.0174 245.36151885986325 538.7095260620117 284.82006072998047 571.4068984985352
0 0.0174 109.85557556152342 582.7482223510742 160.5714416503906 607.3344039916992
0 0.0167 200.18295288085938 512.4631500244141 250.2865219116211 537.6138305664062
0 0.0167 -80.0 318.2413864135742 -45.34803390502929 351.8349838256836
0 0.0165 210.67556381225586 421.79237365722656 238.93957138061523 468.2117462158203
0 0.0162 165.50495147705078 468.37310791015625 204.69108581542966 501.7144012451172
0 0.0157 230.67877769470215 181.80980682373047 258.9356327056885 228.19686889648438
0 0.0157 260.13164520263666 572.5091934204102 310.3310012817383 597.5687789916992
0 0.0156 -79.2899703979492 172.08080291748047 -51.101646423339844 217.9875946044922
0 0.0156 -80.0 602.7746200561523 -29.4040584564209 627.3087692260742
0 0.0149 -24.66023206710815 258.75133514404297 14.840457439422606 291.3687515258789
0 0.0146 290.76255798339844 602.591552734375 318.83598327636713 638.75
0 0.0144 60.729103088378906 362.24700927734375 88.87559890747069 407.85972595214844
0 0.0144 0.7114505767822266 312.08499908447266 28.896608352661133 357.98328399658203
0 0.0138 125.17759323120117 539.0896987915039 164.98952865600586 571.0602188110352
0 0.0136 70.28896808624268 162.35658645629883 120.19675731658934 187.71696090698242
0 0.0136 -24.693429470062256 218.82184982299805 14.870908260345457 251.30441665649414
0 0.0135 205.48824310302732 468.4126281738281 244.70611572265622 501.67823791503906
0 0.0130 -79.29537773132323 352.0368957519531 -51.09516859054565 398.0218505859375
0 0.0127 125.50153732299803 158.3851194381714 164.69377517700192 191.7033815383911
0 0.0127 290.6947708129883 221.93981170654297 318.9165115356445 268.0952453613281
0 0.0126 185.41404724121094 168.58675003051758 224.7728729248047 201.51906967163086
0 0.0124 -79.2809271812439 122.1575927734375 -51.112449169158936 167.92821884155273
0 0.0124 125.40008544921874 448.6103820800781 164.78630065917966 481.49749755859375
0 0.0123 248.2887649536133 3.835783004760742 301.97566986083984 26.250534057617188
0 0.0123 -9.24058675765991 172.5345230102539 18.839547634124756 217.64225006103516
0 0.0122 9.227724075317381 133.23102951049805 61.127252578735344 156.8569564819336
0 0.0122 529.003677368164 622.6287841796875 558.75 638.75
0 0.0120 59.57397937774658 582.9728317260742 110.8196210861206 607.1128463745117
0 0.0119 15.416908264160156 358.57994079589844 54.77029800415038 391.5252685546875
0 0.0119 295.5034637451172 268.3794403076172 334.69215393066406 301.70860290527344
0 0.0119 240.66810607910156 421.7375183105469 268.9485168457031 468.2554626464844
0 0.0118 150.39142608642578 512.2569274902344 200.10913848876953 537.8138732910156
0 0.0118 9.10933494567871 573.3105087280273 61.23398780822754 596.7773056030273
0 0.0117 69.52201843261719 133.0113697052002 120.86593627929686 157.07451820373535
0 0.0113 -80.0 572.9669952392578 -39.186582565307624 597.1185302734375
0 0.0112 369.9380874633789 612.6509475708008 420.50487518310547 637.4267196655273
0 0.0112 -29.254236221313477 292.40917205810547 -1.1441993713378895 337.7374267578125
0 0.0104 335.3450012207031 258.7443161010742 374.8352813720703 291.37516021728516
0 0.0103 375.40569305419916 258.60910415649414 414.7800827026367 291.4986228942871
0 0.0102 265.6349945068359 188.0384063720703 304.5763397216797 222.02091217041016
0 0.0102 75.3080940246582 408.81725311279297 114.86967086791991 441.30863189697266
