0 0.0906 278.0563735961914 3.975744247436521 332.18658447265625 26.109876632690426
0 0.0608 278.85181427001953 33.48720550537109 331.46488189697266 56.601219177246094
0 0.0560 277.0054626464844 -25.459380149841305 333.1502914428711 -4.463353157043457
0 0.0451 218.79619598388672 13.522787094116211 271.5152359008789 36.56548500061035
0 0.0431 28.055381774902344 13.97409439086914 82.18798637390137 36.111183166503906
0 0.0393 18.116235733032227 -16.0616397857666 72.13260650634766 6.147203445434569
0 0.0373 338.43536376953125 3.748016357421874 391.84234619140625 26.339035034179684
0 0.0370 218.7684440612793 -16.45687103271484 271.5397834777832 6.545438766479493
0 0.0322 574.3924140930176 -55.16318321228027 638.7499809265137 -5.252971649169921
0 0.0290 339.01451110839844 33.374786376953125 391.31927490234375 56.71308517456054
0 0.0283 28.89031410217285 43.46202850341797 81.43013954162598 66.62645339965819
0 0.0282 18.04553508758545 -46.01910591125488 72.19672679901123 -23.895502090454098
0 0.0272 219.00524139404297 43.384151458740234 271.32694244384766 66.70415878295897
0 0.0262 574.3924140930176 4.836816787719727 638.7499809265137 54.747018814086914
0 0.0261 248.28731536865234 213.83138656616208 301.97818756103516 236.25413894653317
0 0.0254 0.0 219.8858642578125 638.75 558.75
0 0.0241 337.41729736328125 -25.673909187316895 392.7720642089844 -4.245448112487792
0 0.0237 278.91337394714355 63.440265655517564 331.41079902648926 86.64730072021484
0 0.0232 574.3924140930176 104.83682632446288 638.7499809265137 154.74702835083005
0 0.0229 0.0 -79.99999999999999 510.9122848510742 201.51496887207028
0 0.0227 258.9748001098633 183.3962249755859 311.3561248779297 206.6909027099609
0 0.0226 465.49137115478516 38.40994834899902 504.70279693603516 71.68068885803223
0 0.0224 0.0 -76.7658281326294 51.12874507904053 -53.14594268798829
0 0.0217 78.7694001197815 -6.465756893157958 131.54067754745483 16.553151607513424
0 0.0211 88.65074157714844 23.613853454589844 141.64714813232422 46.47384643554687
0 0.0207 425.5462646484375 38.27199935913086 464.65423583984375 71.80692672729492
0 0.0204 505.3470993041992 38.742427825927734 544.8330307006836 71.37687683105469
0 0.0202 258.1112289428711 243.93962860107422 312.1375274658203 266.1456680297851
0 0.0200 237.49675750732422 -45.711183547973626 292.69798278808594 -24.20676231384277
0 0.0191 485.55492401123047 78.25006008148192 524.6465682983398 111.82699680328368
0 0.0185 258.8802719116211 153.4617233276367 311.4406967163086 176.62574768066406
0 0.0180 248.1964111328125 123.88551712036131 302.0608901977539 146.19958877563477
0 0.0180 435.46627044677734 78.46110820770264 474.7262191772461 111.63391590118407
0 0.0179 574.3924140930176 164.83682632446286 638.7499809265137 214.74702835083005
0 0.0178 499.7994613647461 12.79470443725586 550.6206130981445 37.2886848449707
0 0.0178 385.38936614990234 58.63578796386719 424.7958755493164 91.47428512573242
0 0.0176 450.0981140136719 12.54225730895996 500.3594207763672 37.53676414489746
0 0.0174 79.00306940078735 -36.617631912231445 131.32957220077515 -13.294515609741211
0 0.0174 399.8839569091797 12.723855972290039 450.5467224121094 37.35827445983887
0 0.0172 39.3582820892334 103.13297271728516 91.01156234741211 126.95388793945312
0 0.0171 0.7736063003540039 12.680234909057619 28.822741508483887 57.53373146057128
0 0.0171 188.3873748779297 213.77962112426758 241.8853759765625 236.3075828552246
0 0.0166 29.06163215637207 73.34293842315674 81.27687454223633 96.74491405487059
0 0.0165 508.8032531738281 -66.48554801940917 561.5096282958984 -43.42670440673828
0 0.0163 157.82793045043945 154.102783203125 212.39580154418945 175.98098754882812
0 0.0162 268.58851432800293 93.64927291870117 321.70430183410645 116.43770217895508
0 0.0160 178.29975128173828 183.82972717285153 231.9655990600586 206.25671386718747
0 0.0159 158.61083984375 23.631649017333984 211.68487548828125 46.45488739013672
0 0.0159 509.4208526611328 -36.91378593444824 560.9560394287109 -12.999792098999023
0 0.0157 609.4557952880859 62.61873245239257 638.75 87.4077796936035
0 0.0152 89.05808448791504 53.34611892700195 141.27989768981934 76.74184799194336
0 0.0151 175.03549575805664 -10.632169246673584 215.12140274047852 20.807092189788815
0 0.0149 108.50517272949219 133.7080383300781 161.77833557128906 156.37969970703122
0 0.0149 0.0 118.53956222534178 34.75899934768677 151.56221389770508
0 0.0146 334.96986389160156 59.4959831237793 375.18211364746094 90.69059371948242
0 0.0145 525.4667663574219 78.46641063690184 564.7251129150391 111.62907123565672
0 0.0144 58.31336736679077 -76.18124485015868 111.95383310317993 -53.73266220092773
0 0.0143 39.493608474731445 133.03112030029297 90.89149475097656 157.05474853515625
0 0.0141 134.93711471557617 -20.450212955474854 175.21345138549805 10.641748905181885
0 0.0140 89.2593765258789 93.20886611938477 141.09888076782227 116.87906265258788
0 0.0136 495.5228805541992 118.33078384399415 534.6749496459961 151.75310134887695
0 0.0136 158.45294952392578 53.732633590698235 211.82735443115234 76.35382652282715
0 0.0132 308.5481929779053 223.67515563964844 361.74065589904785 246.41181945800778
0 0.0132 398.948974609375 -16.580617427825924 451.3780975341797 6.668584346771241
0 0.0131 395.4810333251953 98.43502044677733 434.7120666503906 131.65775299072266
0 0.0131 167.64266967773438 124.20377731323241 222.5656509399414 145.87846755981445
0 0.0130 198.60782623291016 243.64509582519528 251.6851043701172 266.4430999755859
0 0.0128 459.56626892089844 -17.01913833618164 510.82603454589844 7.105131149291991
0 0.0127 296.1271381378174 -55.043745040893555 353.96288871765137 -34.88898277282715
0 0.0127 0.7412910461425781 62.36266613006591 28.861098289489746 107.77214527130126
0 0.0126 609.4125556945801 222.65213012695312 638.7499809265137 247.37468719482422
0 0.0126 256.7604637145996 -75.34464359283447 313.377742767334 -54.58155155181884
0 0.0123 218.46031188964844 73.72478485107422 271.82140350341797 96.36119842529297
0 0.0122 148.1313180923462 83.92751693725586 202.11930751800537 106.15781784057617
0 0.0120 609.1770935058594 252.83023834228513 638.75 277.19799041748047
0 0.0119 535.37841796875 118.66834640502928 574.8050689697266 151.44453048706052
0 0.0118 448.1193161010742 -76.06565952301025 502.1303176879883 -53.84909629821777
0 0.0116 108.72528076171875 173.57030868530273 161.57888412475586 196.51811599731445
0 0.0116 455.54317474365234 118.27470779418945 494.6574020385742 151.80444717407227
0 0.0114 608.9607048034668 542.6617431640624 638.7500190734863 558.75
0 0.0113 309.33616638183594 123.14748764038087 361.0316467285156 146.93925857543945
0 0.0112 258.1671142578125 273.91063690185547 312.08580017089844 296.1754989624023
0 0.0111 339.7246551513672 92.85203933715819 390.6871032714844 117.23180770874023
0 0.0109 128.58421325683594 203.6575889587402 181.70698165893555 226.43018722534177
0 0.0106 39.353017807006836 163.13444137573242 91.01675987243652 186.9521141052246
0 0.0106 565.3792190551758 58.670306205749505 604.8039627075195 91.44272327423094
0 0.0106 608.9347076416016 283.00186157226557 638.75 307.02674865722656
0 0.0104 448.5580062866211 -46.326656341552734 501.73084259033203 -23.58572006225586
0 0.0103 608.8890838623047 -80.0 638.75 -62.7697765827179
0 0.0102 520.0933837890625 152.54222869873047 570.3643798828125 177.53631591796872
0 0.0101 179.4601821899414 -46.936148405075066 230.91960906982422 -22.976714372634888
0 0.0100 319.2966842651367 183.17533493041992 371.06700897216797 206.91148757934567
