0 0.0836 289.36939239501953 75.6280517578125 341.0009765625 99.45919036865233
0 0.0721 258.7553596496582 46.05320453643798 311.5512275695801 69.0355634689331
0 0.0616 299.55708503723145 105.47832489013672 350.8361339569092 129.60643768310547
0 0.0562 245.2094841003418 71.53358459472655 284.9592399597168 103.61133575439453
0 0.0457 318.0606937408447 46.47397518157959 372.1824550628662 68.61177921295166
0 0.0387 215.2394676208496 41.47331714630127 254.93146896362305 73.66626262664795
0 0.0386 239.46229934692383 105.55387496948242 290.9194755554199 129.53210830688477
0 0.0373 248.31361770629883 16.32606506347656 301.951961517334 38.7611198425293
0 0.0340 349.50321197509766 95.53178787231445 400.88130950927734 119.55507278442383
0 0.0318 175.51231384277344 30.85865020751953 214.68414306640625 64.22761917114258
0 0.0291 268.6845302581787 136.0881996154785 321.6175174713135 158.99896621704102
0 0.0267 269.3917751312256 225.6147003173828 320.9804630279541 249.47288513183594
0 0.0265 189.95885848999023 75.15947341918945 240.48147201538086 99.92139816284178
0 0.0254 0.0 192.3858642578125 638.75 531.25
0 0.0253 307.2925090789795 16.889848709106445 362.88708686828613 38.1894588470459
0 0.0250 325.13683319091797 131.66833877563477 365.02758026123047 163.48863601684573
0 0.0244 135.42776107788086 31.05264186859131 174.76072311401367 64.0502405166626
0 0.0233 150.0147247314453 5.113811492919922 200.43228149414062 29.966468811035153
0 0.0229 0.0 -107.5 510.9122848510742 174.01496887207034
0 0.0208 219.41381454467773 215.59585571289065 270.9613227844238 239.4911956787109
0 0.0204 248.85517120361328 165.9868621826172 301.4614486694336 189.10182952880857
0 0.0204 199.58354949951172 -4.5294857025146475 250.81012725830078 19.61573600769043
0 0.0203 368.5174560546875 66.19930267333986 421.7674255371094 88.8882827758789
0 0.0203 328.9268112182617 225.93784332275388 381.3972854614258 249.1506576538086
0 0.0199 368.1113052368164 26.434268951416016 422.13863372802734 48.650245666503906
0 0.0193 99.38787460327148 5.61016082763672 150.98543167114258 29.47639465332031
0 0.0187 79.34281349182129 35.64216613769531 131.02578163146973 59.44448471069335
0 0.0177 224.97211456298828 131.99382781982422 265.17982482910156 163.19255828857422
0 0.0177 268.78673553466797 196.03046417236328 321.5234375 219.05799865722656
0 0.0174 149.0526580810547 -24.14788246154785 201.28429412841797 -0.7638263702392569
0 0.0169 408.29254150390625 216.33544921875 461.97181701660156 238.75114440917972
0 0.0168 140.2479362487793 64.8957633972168 190.23191452026367 90.17881393432617
0 0.0168 258.21001052856445 -13.616037368774414 312.047061920166 8.702173233032225
0 0.0166 365.15830993652344 121.63892745971678 405.00633239746094 153.51537704467773
0 0.0151 195.15338897705078 101.64331436157227 235.01140594482422 133.51137161254883
0 0.0150 328.41880798339844 196.25590324401855 381.8578338623047 218.83076667785645
0 0.0144 308.6955165863037 166.0786247253418 361.60813331604004 189.00819778442383
0 0.0140 208.7441635131836 -33.94108533859253 261.56166076660156 -10.970356464385986
0 0.0139 199.36992645263672 185.6264305114746 251.00078582763672 209.46065902709958
0 0.0138 88.82390975952148 -23.996295928955078 141.49044036865234 -0.9155464172363286
0 0.0137 89.77301597595215 65.31517028808594 140.64410209655762 89.7684097290039
0 0.0132 358.228759765625 -3.6356258392333984 412.0318603515625 18.72061729431152
0 0.0132 408.3710479736328 186.28345489501953 461.90155029296875 208.80279541015625
0 0.0128 468.4196472167969 216.25743865966797 521.8566131591797 238.8295364379883
0 0.0127 512.6921272277832 -107.5 638.7499809265137 -37.65076160430909
0 0.0125 38.47898244857788 6.218299865722657 91.80340051651001 28.86848449707031
0 0.0122 575.4707145690918 497.25631713867193 638.7500190734863 531.25
0 0.0121 290.1138687133789 255.02765655517575 340.3458786010742 280.0510025024414
0 0.0119 428.9950942993164 35.88810443878173 481.33663177490234 59.199786186218255
0 0.0114 145.37731170654297 91.16884231567383 184.8062515258789 123.94407272338867
0 0.0113 28.767595291137695 56.0386848449707 81.5416145324707 79.04916763305663
0 0.0111 169.45281982421875 155.5661582946777 220.92681884765625 179.52058792114258
0 0.0110 608.9193916320801 105.51307678222655 638.7499809265137 129.51560974121094
0 0.0104 408.8752746582031 95.96929550170898 461.4442443847656 119.11878585815431
0 0.0103 608.8075256347656 75.58942794799803 638.75 99.43925857543945
0 0.0101 419.0853500366211 5.827503204345702 471.25537872314453 29.260425567626953
0 0.0101 0.0 191.11805915832517 34.788336753845215 223.99043083190918
0 0.0100 608.7980651855469 135.5937385559082 638.75 159.43464279174802
