0 0.1764 385.5491256713867 -4.79192018508911 444.5003128051758 14.851715564727781
0 0.1483 386.3337707519531 -25.14566898345947 443.773193359375 -4.785799980163573
0 0.1463 326.13731384277344 -15.05240201950073 383.9544677734375 5.119140148162843
0 0.1278 325.59803009033203 5.187997817993165 384.4546127319336 24.8725414276123
0 0.1250 385.2647018432617 15.330686569213865 444.76428985595703 34.72592353820801
0 0.1184 445.6393051147461 -4.833328723907471 504.41715240478516 14.893810749053953
0 0.0915 446.2295150756836 -25.097918510437008 503.8698196411133 -4.8348093032836905
0 0.0868 445.4466247558594 15.249557495117186 504.59617614746094 34.80859756469726
0 0.0863 306.7593002319336 -35.346212387084954 363.3793258666992 -14.580326080322267
0 0.0819 325.80394744873047 25.1033878326416 384.26204681396484 44.96048927307129
0 0.0677 265.8068084716797 -4.902210235595704 324.26048278808594 14.96541976928711
0 0.0640 126.21435165405273 74.9188232421875 183.88151168823242 95.14984130859374
0 0.0635 385.60314178466797 35.19041061401367 444.44873809814453 54.8709487915039
0 0.0583 417.3618698120117 -45.65281391143799 472.82482147216797 -24.268240928649902
0 0.0556 265.8160400390625 15.096950531005861 324.25113677978516 34.966888427734375
0 0.0506 347.54798889160156 -55.74893832206726 402.6533508300781 -34.17015194892883
0 0.0487 135.89561462402344 55.05938529968261 194.1778564453125 75.00502586364746
0 0.0485 185.9988021850586 75.01522064208983 244.08164978027344 95.05069732666016
0 0.0483 445.6161880493164 35.179615020751946 504.43782806396484 54.88107681274413
0 0.0448 246.09983444213867 -25.03312110900879 303.9886665344238 -4.900207519531251
0 0.0427 146.8156099319458 94.63506698608398 203.32526683807373 115.44034957885742
0 0.0417 316.6211795806885 44.72832679748536 373.5050106048584 65.34489631652832
0 0.0384 256.3227081298828 34.8686695098877 313.7812042236328 55.20119667053222
0 0.0384 195.9278678894043 55.04399299621582 254.1481590270996 75.02062797546387
0 0.0370 335.5706024169922 245.20122528076172 394.47975158691406 264.8591995239258
0 0.0350 206.1636734008789 94.9423599243164 263.9283752441406 115.12577056884764
0 0.0345 335.7979965209961 225.1029109954834 394.2683792114258 244.96041297912598
0 0.0329 265.5921459197998 95.19052505493164 324.46011543273926 114.8699378967285
0 0.0327 266.07550621032715 114.98168945312499 324.0103244781494 135.08529663085938
0 0.0319 245.9477424621582 75.03257751464844 304.13034439086914 95.03185272216795
0 0.0316 335.46165466308594 265.2476501464843 394.58106994628906 284.8114013671875
0 0.0308 276.84959411621094 -55.39029002189636 333.2959747314453 -34.53529477119446
0 0.0303 256.4433479309082 54.808425903320305 313.67048263549805 75.26216506958006
0 0.0280 76.68228387832642 54.69797134399414 133.44882726669312 75.37574768066406
0 0.0277 196.0924530029297 34.96992111206055 253.99555206298828 55.096607208251946
0 0.0274 326.56017303466797 114.75536346435545 383.56189727783203 135.31684875488278
0 0.0268 336.0066604614258 205.01123428344727 394.0744400024414 225.05472183227536
0 0.0261 87.43032455444336 94.32252883911133 142.7593231201172 115.75872421264648
0 0.0256 376.22344970703125 54.913520812988274 433.8733673095703 75.15506744384764
0 0.0254 0.0 219.8858642578125 638.75 558.75
0 0.0250 435.9568786621094 55.03377914428711 494.1205596923828 75.03162384033202
0 0.0246 206.2088394165039 14.918212890624998 263.88736724853516 35.149879455566406
0 0.0245 136.1052131652832 34.96400833129883 193.98378372192383 55.10265350341797
0 0.0240 325.56209564208984 285.2061462402344 384.48734283447266 304.85443115234375
0 0.0234 206.30098342895508 -5.124292373657227 263.80205154418945 15.19343376159668
0 0.0232 187.07782745361328 114.50510025024414 243.08338165283203 135.57302474975586
0 0.0232 286.81705474853516 134.63174819946286 343.32454681396484 155.44328689575192
0 0.0231 277.06382751464844 224.50695037841797 333.09749603271484 245.57022094726565
0 0.0231 507.32177734375 -5.627992153167724 562.8607940673828 15.707166194915771
0 0.0229 0.0 -79.99999999999999 510.9122848510742 201.51496887207028
0 0.0222 277.33592987060547 194.3711280822754 332.8462600708008 215.709171295166
0 0.0221 326.1724090576172 94.93417739868164 383.92127990722656 115.13338088989256
0 0.0207 306.38084411621094 74.83317852020264 363.7294006347656 95.2360200881958
0 0.0203 387.7073287963867 114.16749954223633 442.50667572021484 135.91508865356445
0 0.0197 276.3961887359619 254.83291625976562 333.71352195739746 275.2375030517578
0 0.0187 336.1393356323242 184.95094299316403 393.95153045654297 205.1165008544922
0 0.0187 398.25286865234375 -76.14336013793945 452.0085144042969 -53.77057075500488
0 0.0183 437.4937438964844 94.2877197265625 492.7013397216797 115.79391479492188
0 0.0182 326.0231018066406 305.0067901611328 384.05853271484375 325.059814453125
0 0.0171 286.8610095977783 164.61004257202148 343.28402519226074 185.46541213989258
0 0.0171 116.64703845977783 14.712553024291992 173.48193645477295 35.360422134399414
0 0.0166 507.5904083251953 24.232368469238278 562.613525390625 45.84951400756835
0 0.0165 227.09110260009766 134.49745178222656 283.07140350341797 155.58063507080078
0 0.0165 217.91997909545898 194.0536117553711 272.3111152648926 216.03115081787107
0 0.0163 216.66702270507812 -45.29682278633117 273.46343994140625 -24.629963636398312
0 0.0160 127.84393310546875 124.09494400024413 182.38094329833984 145.98909378051755
0 0.0157 396.0221481323242 204.99813079833984 454.0616226196289 225.067024230957
0 0.0155 448.70887756347656 123.57805252075195 501.5943145751953 146.50995254516602
0 0.0153 237.25433349609375 -75.59544563293456 292.92335510253906 -54.32636260986328
0 0.0152 346.83055877685547 144.61994171142578 403.3133316040039 165.45440673828125
0 0.0151 477.2923278808594 -45.6147277355194 532.8883361816406 -24.306679964065548
0 0.0151 366.31221771240234 74.86942291259766 423.7919235229492 95.1996612548828
0 0.0150 574.3924140930176 64.83682632446288 638.7499809265137 114.74702835083006
0 0.0150 609.0148162841797 22.94756889343262 638.75 47.08117485046387
0 0.0147 396.43909454345703 184.80352401733398 453.67610931396484 205.26594161987305
0 0.0144 609.1423797607422 122.8566360473633 638.75 147.17185974121094
0 0.0138 395.8168411254883 225.09098052978516 454.25174713134766 244.97196197509763
0 0.0137 376.5576934814453 164.74824905395508 433.5662078857422 185.32262802124023
0 0.0137 227.31334686279297 164.38093185424805 282.86746978759766 185.69887161254883
0 0.0131 609.0028381347656 -7.043857574462891 638.75 17.07263946533203
0 0.0128 186.70207977294922 -25.31522750854492 243.431396484375 -4.61141586303711
0 0.0126 146.56917095184326 -5.250329971313477 203.5539674758911 15.322427749633787
0 0.0125 57.12196350097656 24.478578567504883 113.04372787475586 45.59931755065917
0 0.0122 336.6840362548828 324.69837188720703 393.44688415527344 345.3755569458008
0 0.0120 609.0280914306641 152.93788909912107 638.75 177.0907974243164
0 0.0119 266.7985153198242 284.64389801025385 323.3409118652344 305.4314041137695
0 0.0117 37.406253814697266 74.33261871337889 92.78202056884766 95.7480239868164
0 0.0115 608.9881134033203 542.6406669616699 638.75 558.7500190734862
0 0.0110 498.1581115722656 53.91020774841308 552.0952606201172 76.17503166198729
0 0.0109 157.50240802764893 184.28287506103516 212.69347667694092 205.79879760742188
0 0.0107 307.80677795410156 364.1171646118164 362.41455078125 385.96683502197266
0 0.0106 608.9206123352051 -36.986732482910156 638.7499809265137 -12.984428405761717
0 0.0105 77.208993434906 -5.5669403076171875 132.9638695716858 15.645503997802734
0 0.0104 575.2654266357422 -79.99999999999999 638.75 -45.12511253356933
0 0.0103 218.17440032958984 223.90357971191406 272.07977294921875 246.18217468261716
0 0.0101 395.8186340332031 245.09128570556643 454.2498016357422 264.97188568115234
0 0.0101 438.56861114501953 153.65932464599607 491.7228317260742 176.4272689819336
