0 0.1225 -80.49999999999996 253.0063247680664 -29.64498329162594 277.07996368408203
0 0.1092 -80.49999999999996 222.9863739013672 -29.666707992553675 247.099609375
0 0.1033 -80.49999999999996 282.81402587890625 -29.86169147491452 307.26993560791016
0 0.0947 -80.49999999999996 192.88019180297852 -29.787672042846648 217.20457077026367
0 0.0661 -80.49999999999996 162.86554336547852 -29.805057525634734 187.21914291381836
0 0.0614 -80.49626159667964 312.62364387512207 -30.05821990966793 337.4568462371826
0 0.0449 -21.82998466491696 273.60157012939453 31.129724502563498 296.48616790771484
0 0.0401 -80.49999999999997 338.6294174194336 -45.70868778228756 371.48006439208984
0 0.0400 -21.70113372802731 193.52018356323242 31.01300430297854 216.56797409057617
0 0.0386 -80.49999999999997 132.9370880126953 -29.72424793243405 157.1484375
0 0.0375 -22.084985256195036 243.75957489013672 31.36097860336306 266.32728576660156
0 0.0372 -31.75911474227902 303.5559844970703 21.065721035003687 326.5318298339844
0 0.0342 -11.828830718994109 163.60118865966797 41.1286087036133 186.48658752441406
0 0.0331 180.12225341796875 161.41483306884766 208.5037155151367 208.51566314697266
0 0.0323 134.9251480102539 168.55012893676758 174.26394653320312 201.55256271362305
0 0.0302 210.05444717407227 141.0198450088501 238.5857887268066 188.84862422943115
0 0.0294 39.09552288055423 272.95475006103516 90.30086231231691 297.13050842285156
0 0.0293 145.1275749206543 208.0485725402832 184.08375930786133 242.01162338256836
0 0.0291 135.17317962646484 267.9255676269531 174.04391479492188 302.1243667602539
0 0.0286 210.06110382080075 71.0544490814209 238.5776824951172 118.81857872009277
0 0.0286 145.0005645751953 128.36599349975586 184.19673156738278 161.72096252441406
0 0.0278 240.07212829589838 141.11093521118164 268.5643310546875 188.7693977355957
0 0.0278 94.93649673461915 268.5296630859375 134.25313186645508 301.57127380371094
0 0.0275 58.53762340545656 173.36212158203125 110.79784107208253 196.7261505126953
0 0.0274 210.0990219116211 191.2681007385254 238.53175354003906 238.63698959350586
0 0.0269 259.0510864257812 2.9926109313964844 310.3394622802734 27.093520164489746
0 0.0265 -31.70155334472653 333.5198211669922 21.013509750366236 356.56822204589844
0 0.0261 175.2305908203125 257.7542304992676 213.99520111083984 292.2816276550293
0 0.0259 180.1351089477539 81.5058708190918 208.4882659912109 128.4422492980957
0 0.0254 -80.49999999999997 299.8858642578125 558.2499999999999 638.75
0 0.0249 204.9381561279297 8.534350395202637 244.25078582763672 41.56694412231445
0 0.0244 68.82487010955812 203.15929412841797 120.54092121124269 226.9280242919922
0 0.0235 88.40483856201175 143.4452772140503 140.91857147216797 166.6421937942505
0 0.0235 240.05614471435547 81.02728843688965 268.58367156982416 128.84181022644043
0 0.0232 240.06232452392575 191.06012344360352 268.5761947631836 238.81349563598633
0 0.0231 24.44106292724612 299.5433807373047 64.70965576171876 330.64754486083984
0 0.0229 38.930446624755874 243.07981491088867 90.44732284545898 267.00666427612305
0 0.0229 -80.49999999999994 0.0 430.41228485107416 281.5149688720703
0 0.0223 -80.49999999999996 102.80863761901855 -39.86589717864986 127.27511405944824
0 0.0220 -2.14564371109006 133.80024909973145 51.41522836685183 156.2869167327881
0 0.0220 134.75375366210938 88.92745971679688 174.4199676513672 121.20811462402344
0 0.0220 119.94061660766603 242.20191955566406 169.56845474243164 267.86670684814453
0 0.0218 270.097915649414 141.25686645507812 298.5330505371094 188.64547729492188
0 0.0218 220.11507225036618 251.36465072631836 248.51238441467282 298.55627059936523
0 0.0207 64.65003204345705 299.1481304168701 104.51472473144533 331.0070514678955
0 0.0204 270.0685806274414 201.09249114990234 298.5686416625976 248.785400390625
0 0.0202 330.0715560913086 141.10694408416748 358.56497955322266 188.77262592315674
0 0.0200 124.95917510986328 308.4722137451172 164.23312377929688 341.62376403808594
0 0.0199 175.15279006958008 297.9816436767578 214.06167221069333 332.0729446411133
0 0.0192 -80.49999999999996 372.4977111816406 -40.172174453735316 397.5792694091797
0 0.0185 318.64730072021484 3.285853862762451 370.6996078491211 26.802124977111816
0 0.0181 330.07182312011713 191.1086654663086 358.5646362304687 238.77120971679688
0 0.0180 255.08551788330078 28.164825439453125 294.12017059326166 61.90507888793945
0 0.0176 228.82875633239743 622.6600456237793 280.63976478576654 638.7500190734863
0 0.0175 360.0977249145507 161.25452041625977 388.5333175659179 208.6472511291504
0 0.0174 270.08113098144526 91.15937232971191 298.5533447265625 138.7277126312256
0 0.0174 28.898856163024924 333.10150146484375 80.47578525543214 356.9849395751953
0 0.0171 200.43266487121582 41.5638542175293 249.17509269714353 68.47396850585938
0 0.0171 300.0818939208984 141.16567134857178 328.5524291992187 188.7227487564087
0 0.0166 148.8173599243164 622.6691436767578 200.6498260498047 638.75
0 0.0164 -30.77015686035153 612.8337097167969 20.185405731201197 637.2481536865234
0 0.0163 30.307447433471705 193.07146072387695 58.28294944763186 237.2483253479004
0 0.0163 -80.49999999999996 72.81601905822754 -39.85739517211911 97.26778984069824
0 0.0161 300.06427001953125 201.06868743896484 328.5738677978515 248.80573272705078
0 0.0159 -41.510389328002894 363.39038848876953 10.841905593872095 386.69734954833984
0 0.0158 -80.49999999999996 602.6498031616211 -30.032461166381808 627.4312973022461
0 0.0158 164.66674041748047 9.110817909240723 204.4996566772461 41.04100227355957
0 0.0157 250.1049728393555 251.29972457885742 278.52454376220703 298.60971450805664
0 0.0156 59.28319168090821 612.7899551391602 110.13859939575195 637.2912216186523
0 0.0152 348.77944183349604 622.7007865905762 400.6829757690429 638.7500190734863
0 0.0152 77.74569702148439 113.8582992553711 131.51557159423828 136.22735977172852
0 0.0150 16.616212844848658 104.48407173156738 72.54841041564943 125.59416770935059
0 0.0149 215.17839622497556 297.90687561035156 254.03980445861814 332.1415328979492
0 0.0148 288.72756195068354 622.7433967590332 340.7285232543945 638.7499809265137
0 0.0144 200.24928283691406 602.4629974365234 228.35173797607422 638.75
0 0.0144 84.65523910522461 339.14051055908203 124.50959396362306 371.01390838623047
0 0.0142 14.573614120483427 359.3006134033203 54.58532524108889 390.86822509765625
0 0.0141 154.96621322631836 48.453543186187744 194.22700119018555 81.64085149765015
0 0.0139 165.03070068359378 338.2986068725586 204.16922760009766 371.7825698852539
0 0.0138 432.1921272277831 0.0 558.2499809265136 69.84923839569092
0 0.0137 365.2560729980468 127.67362117767334 403.9739532470703 162.35567569732666
0 0.0134 294.84446716308594 28.7489652633667 334.33535766601557 61.3709020614624
0 0.0132 280.11523437499994 251.3648223876953 308.51214599609375 298.55594635009766
0 0.0132 210.1650161743164 331.70421600341797 238.4521789550781 378.2804489135742
0 0.0132 20.267126083374045 602.6367378234863 48.33055686950686 638.7499809265137
0 0.0132 330.1187438964843 251.38555526733398 358.5078735351562 298.5385322570801
0 0.0130 -80.49999999999996 2.962007522583008 -29.700391769409144 27.124223709106445
0 0.0128 528.5110588073729 622.6230049133301 558.2500190734863 638.7499809265137
0 0.0128 300.1067657470703 91.30932807922363 328.52236938476557 138.60148429870605
0 0.0126 240.1597518920898 331.6661834716797 268.45854949951166 378.31092834472656
0 0.0125 -80.49999999999996 402.56656646728516 -40.10782051086422 427.51209259033203
0 0.0125 -80.49999999999996 572.8877639770508 -29.78271293640134 597.1974563598633
0 0.0125 129.25353240966797 592.8307342529297 180.1612777709961 617.2530364990234
0 0.0125 360.1188201904297 211.38614654541016 388.50779724121094 258.53809356689453
0 0.0124 234.88070678710938 588.6663055419922 274.30262756347656 621.4463806152344
0 0.0124 -80.49999999999997 42.772278785705566 -39.9032001495361 67.31074810028076
0 0.0122 404.5774002075195 618.7974739074707 444.6320266723633 638.7499809265137
0 0.0121 344.80284881591797 58.83830785751343 384.37346649169916 91.28938913345337
0 0.0120 124.66815185546874 349.1123580932617 164.4979019165039 381.0396194458008
0 0.0118 77.53565979003908 83.97750854492188 131.70775604248047 106.10649108886719
0 0.0118 330.15872192382807 91.65951728820801 358.45973205566406 138.3163547515869
0 0.0118 -80.49999999999996 528.8694381713867 -45.60968208312984 561.2610244750977
0 0.0117 16.08111572265628 74.74432945251465 73.04282379150392 95.32795906066895
0 0.0115 270.3833312988281 61.657559871673584 319.20924377441406 88.38684320449829
0 0.0115 194.72775650024414 568.9944839477539 234.44256973266602 601.1469650268555
0 0.0113 360.1547164916992 271.62954330444336 388.46457672119135 318.34020614624023
0 0.0112 -80.49999999999996 488.76773834228516 -45.65367031097408 521.3537979125977
0 0.0111 255.22750091552732 297.76021003723145 293.9981002807617 332.2761058807373
0 0.0109 78.68038845062257 573.2636642456055 130.66976261138916 596.8243789672852
0 0.0107 -80.49999999999996 462.642822265625 -40.0355415344238 487.437744140625
0 0.0107 339.15938568115234 32.90940761566162 390.2435226440429 57.175869941711426
0 0.0107 330.1518936157226 301.6090774536133 358.4679336547851 348.3565902709961
0 0.0107 -30.95109033584591 582.9927825927734 20.341696262359644 607.0932006835938
0 0.0104 364.8255081176758 588.787727355957 404.3529434204101 621.335563659668
0 0.0103 -80.49999999999996 432.62428283691406 -40.05260276794429 457.45574951171875
0 0.0102 54.70275115966799 369.04518127441406 94.46566772460939 401.10076904296875
0 0.0101 270.1522369384765 331.6114044189453 298.4675140380859 378.35472106933594
