0 0.2383 103.97075176239014 286.1046981811523 162.90829181671143 303.64147186279297
0 0.2010 392.91637420654297 217.79754638671875 446.43726348876953 235.62423706054688
0 0.1812 56.16677284240723 286.1931610107422 108.30348014831543 304.6815490722656
0 0.1697 86.28484725952148 384.6413421630859 134.48938369750977 404.30183410644526
0 0.1678 553.3654022216797 24.869318008422855 601.9264221191406 49.931440353393555
0 0.1368 243.12105178833008 158.86396408081055 267.00597763061523 204.8188591003418
0 0.1206 339.5269012451172 216.20710372924802 391.05560302734375 235.4306983947754
0 0.1171 161.28028869628906 354.2232513427734 203.38245391845703 376.33766174316406
0 0.1162 75.39263725280762 255.93570709228518 137.7966594696045 275.21114349365234
0 0.1011 214.40542221069336 272.55592346191406 260.7134437561035 296.0624694824218
0 0.1003 72.59090423583984 173.20360183715817 156.2348747253418 199.6827507019043
