0 0.0448 599.0446281433105 -39.64012193679806 638.7500190734863 -16.271262645721404
0 0.0367 589.3922424316406 -9.889142990112274 638.75 13.97621345520022
0 0.0364 75.01755714416504 -107.5777982473373 134.99714851379395 -88.37047922611232
0 0.0345 0.0 -99.07666969299312 52.10796356201172 -76.83752822875972
0 0.0286 134.6265745162964 -107.42430257797237 195.3626298904419 -88.52960157394405
0 0.0254 0.0 186.8858642578125 638.75 525.75
0 0.0243 539.6259689331055 -30.06586837768551 590.7732772827148 -5.848720550537078
0 0.0243 598.7804985046387 -69.46858692169187 638.7500190734863 -46.44338893890377
0 0.0237 589.222412109375 20.2312870025635 638.75 43.856222152709975
0 0.0230 74.15914535522461 -87.23188209533689 135.79614639282227 -68.72615146636959
0 0.0229 195.56251525878906 -107.80773925781244 254.4903564453125 -88.1339483261108
0 0.0229 0.0 -112.99999999999994 510.9122848510742 168.51496887207034
0 0.0212 188.62607955932617 70.62672805786134 241.6700553894043 93.46051406860353
0 0.0207 256.9525718688965 -108.44497489929195 313.201847076416 -87.48013782501216
0 0.0205 529.8868942260742 -0.2792243957519245 580.544319152832 24.36122131347659
0 0.0202 0.0 -69.46913528442377 41.51862144470215 -46.441905975341754
0 0.0202 156.72439098358154 31.675030708313017 213.4105348587036 52.398707389831564
0 0.0198 267.0642566680908 -48.49239873886105 323.0968761444092 -27.430296421050993
0 0.0197 248.3713722229004 70.79098892211914 301.8995475769043 93.29640579223634
0 0.0193 608.8735961914062 -99.95622444152828 638.75 -76.0151796340942
0 0.0183 143.7773323059082 -87.09327507019039 206.15427017211914 -68.87047576904293
0 0.0178 608.3384895324707 150.38565826416016 638.7499809265137 173.640739440918
0 0.0177 367.9195022583008 51.05019760131838 422.3123550415039 73.03403091430665
0 0.0176 307.77645111083984 71.1336250305176 362.4424362182617 92.9501075744629
0 0.0167 377.4140167236328 211.32804107666013 432.77496337890625 232.75260162353516
0 0.0165 188.78896713256836 100.52155685424806 241.5230369567871 123.56587600708009
0 0.0165 307.7637577056885 -28.859155654907195 362.4539852142334 -7.05716896057126
0 0.0164 538.6620712280273 -59.39216423034664 591.6366195678711 -36.519945144653285
0 0.0164 236.0834503173828 -68.02617359161373 294.00394439697266 -47.90742206573483
0 0.0161 96.0545539855957 21.99040603637698 154.0298843383789 42.07621765136721
0 0.0160 608.4072685241699 210.34205627441406 638.7500190734863 233.6845703125
0 0.0159 235.97209930419922 -87.97847437858577 294.1078186035156 -67.95681881904598
0 0.0158 588.7323188781738 50.55848312377931 638.7499809265137 73.52891159057619
0 0.0157 608.5202789306641 180.27346801757812 638.75 203.75395965576172
0 0.0156 268.78612518310547 100.53008270263673 321.52416229248047 123.55826568603517
0 0.0156 247.37648010253906 -18.653896331787077 302.8098678588867 2.733966827392607
0 0.0154 197.43946075439453 11.312562942504908 252.75211334228516 32.76800346374514
0 0.0154 368.12896728515625 80.93064498901369 422.1210479736328 103.15495681762697
0 0.0153 74.48586463928223 -67.35364246368404 135.48996925354004 -48.59946537017818
0 0.0151 388.1787109375 20.899059295654318 442.0763397216797 43.186428070068374
0 0.0142 479.22847747802734 -9.774330139160128 531.1275863647461 13.861648559570341
0 0.0142 218.2448959350586 40.8673782348633 272.01438903808594 63.21952056884767
0 0.0140 545.1826477050781 26.084930419921903 584.9843597412109 58.06456756591799
0 0.0138 307.0118713378906 -68.46554088592526 363.1450653076172 -47.45758342742917
0 0.0138 428.3454132080078 50.80270004272463 481.9239807128906 73.28400802612306
0 0.0138 608.223876953125 120.45262527465823 638.75 143.57270431518555
0 0.0137 117.13115215301514 51.476509094238295 173.03467273712158 72.60188293457033
0 0.0137 144.0601682662964 -67.19449806213375 205.88867664337158 -48.764837265014606
0 0.0135 206.0150909423828 -47.992351531982386 264.0666198730469 -27.941568374633757
0 0.0135 317.3537063598633 31.357218742370627 372.8310012817383 52.722546577453635
0 0.0134 327.9443359375 111.03774261474611 382.2893524169922 133.0468673706055
0 0.0133 609.1231536865234 339.8718948364258 638.75 364.1567916870117
0 0.0131 478.5963821411133 -39.35095596313473 531.6961288452148 -16.56136322021481
0 0.0130 448.6641311645508 20.59968185424807 501.63623809814453 43.48723602294925
0 0.0128 387.99991607666016 111.00409698486328 442.2390365600586 133.08058929443362
0 0.0128 368.1620407104492 -9.09100341796872 422.0914840698242 13.176433563232449
0 0.0128 608.3650207519531 80.36793899536134 638.75 103.65838241577148
0 0.0128 357.4310302734375 -48.68255662918087 412.75978088378906 -27.236896038055384
0 0.0127 106.13250732421875 1.9482250213623338 163.95929336547852 22.11820793151858
0 0.0125 257.49019622802734 11.28544998168948 312.70557403564453 32.79551696777346
0 0.0121 377.9228973388672 141.04932022094727 432.3090362548828 163.03506088256836
0 0.0120 437.51251220703125 221.27207946777347 492.6853942871094 242.8088684082031
0 0.0118 377.8923034667969 181.06404495239258 432.3375701904297 203.0197639465332
0 0.0118 548.4268951416016 -109.2485837936401 601.8503570556641 -86.66465091705318
0 0.0117 608.3872985839844 240.35559844970703 638.75 263.67102813720703
0 0.0117 608.9408683776855 509.6773262023926 638.7500190734863 525.7499809265137
0 0.0116 317.4318313598633 -108.68780422210688 372.76012420654297 -87.23236846923824
0 0.0112 127.64934062957764 81.20265197753908 182.55897998809814 102.88001251220705
0 0.0111 178.50231170654297 130.70208740234375 231.78260803222656 153.38450622558594
0 0.0111 16.2729549407959 21.88824844360354 73.82810592651367 42.180511474609396
0 0.0111 418.4581756591797 -29.264944076538054 471.8213653564453 -6.647775650024384
0 0.0108 428.2626724243164 80.85078430175783 481.99954986572266 103.23531341552736
0 0.0107 186.9921112060547 -18.455608367919893 243.16326141357422 2.5323028564453414
0 0.0105 437.60372161865234 131.22664642333984 492.6009750366211 152.85556030273438
0 0.0104 608.7651824951172 310.1174087524414 638.75 333.9111251831054
0 0.0104 56.45920753479004 41.802584648132346 113.65544319152832 62.26844501495363
0 0.0103 505.08060455322266 26.28436756134036 545.0790786743164 57.882983207702665
0 0.0101 268.87393951416016 130.47063064575198 321.4453887939453 153.61752700805664
0 0.0101 145.01331329345703 -47.56241369247433 204.9976348876953 -28.38364648818967
0 0.0100 75.4690146446228 -47.75019454956051 134.57290887832642 -28.189771652221648
