0 0.0665 238.70018005371094 53.57778549194336 291.60343170166016 76.50936126708984
0 0.0512 188.39433670043945 73.7727403640747 241.87963485717773 96.31412029266356
0 0.0495 249.3286895751953 23.15312385559082 301.03824615478516 46.9336986541748
0 0.0413 177.69525527954102 44.17085647583008 232.5184440612793 65.91115951538086
0 0.0398 299.6884536743164 42.87693977355957 350.7197952270508 67.20675468444824
0 0.0394 248.52910995483398 83.69029998779297 301.7572593688965 106.3970947265625
0 0.0372 258.4054183959961 193.76508712768552 311.8697738647461 216.32165908813477
0 0.0282 258.49828720092773 163.7107276916504 311.78491592407227 186.3767433166504
0 0.0280 299.4386386871338 13.076829910278322 350.93939781188965 37.010011672973626
0 0.0278 127.92897701263428 64.05088901519774 182.30234622955322 86.03429317474365
0 0.0261 257.89859771728516 224.06035423278806 312.33184814453125 246.02349281311032
0 0.0254 0.0 219.8858642578125 638.75 558.75
0 0.0246 198.7413215637207 193.55342864990232 251.56583786010742 216.53408050537107
0 0.0244 178.88254165649414 103.46403121948242 231.43781661987305 126.6240119934082
0 0.0242 188.2880973815918 13.828458786010742 241.9780158996582 36.256723403930664
0 0.0240 304.88582611083984 69.63838577270508 345.26195526123047 100.56131362915038
0 0.0229 0.0 -79.99999999999999 510.9122848510742 201.51496887207028
0 0.0202 258.4282875061035 133.7558364868164 311.84797286987305 156.3317108154297
0 0.0200 199.16671752929688 163.26974868774414 251.18274688720703 186.8178367614746
0 0.0194 248.8936424255371 -6.541643142700195 301.42744064331055 16.629915237426758
0 0.0189 118.7899398803711 93.52788925170898 171.5206527709961 116.56053543090819
0 0.0183 298.25196266174316 103.84960174560547 352.011022567749 126.23535156249999
0 0.0177 117.70977020263672 34.17137145996094 172.50322341918945 55.91201782226562
0 0.0173 198.31417083740234 223.82152557373047 251.95240020751953 246.26502990722653
0 0.0161 318.3261966705322 173.81484985351562 371.9413661956787 196.27185821533203
0 0.0157 199.1298484802246 133.29853057861328 251.21511459350586 156.78955078124997
0 0.0146 139.08435344696045 183.32893371582028 191.25614643096924 206.75910949707028
0 0.0138 318.5402011871338 203.68175506591797 371.74757957458496 226.40541076660156
0 0.0135 129.10917282104492 123.30930709838866 181.23441696166992 146.77831649780273
0 0.0131 318.2884216308594 143.83190155029297 371.9769287109375 166.2538146972656
0 0.0129 28.95575523376465 203.41512680053708 81.3719367980957 226.67287826538086
0 0.0125 267.7522277832031 254.14588928222653 322.46482849121094 275.9375
0 0.0119 349.8552703857422 32.75210380554199 400.57098388671875 57.33101844787597
0 0.0119 154.88231658935547 149.65452194213864 195.26424407958984 180.54662704467773
0 0.0118 574.3924140930176 184.8368263244629 638.7499809265137 234.74702835083008
0 0.0114 0.0 238.78628730773926 34.85783576965332 271.3368511199951
0 0.0113 512.6921272277832 -80.0 638.7499809265137 -10.150761604309086
0 0.0112 154.84074115753174 209.7311782836914 195.30303478240967 240.47706604003903
0 0.0111 28.50635528564453 173.7045097351074 81.77787780761719 196.3828086853027
0 0.0110 127.68854141235352 4.177875518798826 182.52384185791016 25.90459823608398
0 0.0108 69.01671409606934 53.37656021118163 121.31657600402832 76.7117691040039
0 0.0107 608.9773559570312 542.6488494873047 638.75 558.75
0 0.0107 68.93474578857422 123.42540740966795 121.39165878295898 146.66206359863278
0 0.0105 565.4728317260742 238.44378471374512 604.7204971313477 271.649751663208
0 0.0104 39.71860647201538 232.85794258117676 90.69219827651978 257.2261333465576
0 0.0103 318.13629150390625 233.92200469970703 372.1154022216797 256.1629867553711
0 0.0101 279.2457580566406 343.21620941162104 331.11156463623047 366.87145233154297
