0 0.0394 599.0567779541016 123.3497428894043 638.75 146.73860549926758
0 0.0376 278.5524272918701 23.679151535034176 331.73542976379395 46.40877723693848
0 0.0312 608.8774871826172 93.0415916442871 638.75 116.98705673217773
0 0.0291 608.8264274597168 153.07594299316406 638.7500190734863 176.95262908935544
0 0.0254 0.0 219.8858642578125 638.75 558.75
0 0.0253 287.8772258758545 -5.923655033111571 342.3505115509033 16.007940769195553
0 0.0229 0.0 -79.99999999999999 510.9122848510742 201.51496887207028
0 0.0222 217.950439453125 24.03268814086914 272.2841262817383 46.05173110961913
0 0.0210 338.0788803100586 13.962097167968748 392.16617584228516 36.12356185913086
0 0.0210 279.06288146972656 53.34339141845703 331.2754821777344 76.74463272094727
0 0.0174 599.048900604248 63.35615158081055 638.7500190734863 86.73234939575194
0 0.0171 338.58184814453125 43.65900039672851 391.7091369628906 66.42877578735352
0 0.0171 177.28317260742188 184.39620971679685 232.89531707763672 205.68325042724607
0 0.0170 227.75375366210938 -5.856416225433349 282.46376037597656 15.939595699310303
0 0.0167 608.7417602539062 183.13150405883786 638.75 206.89680099487305
0 0.0163 574.3924140930176 -75.16318321228027 638.7499809265137 -25.252971649169922
0 0.0154 117.30646133422852 184.3830680847168 172.87412643432617 205.69643020629883
0 0.0152 218.31382751464844 53.81866455078124 271.9533920288086 76.26745223999023
0 0.0142 347.79293060302734 -15.877513885498045 402.4277877807617 5.9610652923583975
0 0.0139 107.5944709777832 154.22981262207028 162.60986328125 175.85205078124997
0 0.0135 565.1686477661133 89.11579132080078 604.9969863891602 121.0364532470703
0 0.0130 167.23505020141602 154.4192123413086 222.94000625610352 175.6595230102539
0 0.0129 117.78888702392578 214.12292480468747 172.43188858032227 235.9603500366211
0 0.0126 217.5546646118164 204.2536163330078 272.64583587646484 225.82828521728516
0 0.0123 608.7743377685547 283.1112289428711 638.75 306.9173049926758
0 0.0120 157.38389492034912 44.343128204345696 212.80283451080322 65.73715209960938
0 0.0118 107.75779724121094 124.14207458496094 162.45990753173828 145.9412384033203
0 0.0114 287.4281692504883 -35.679073333740234 342.7619171142578 -14.240102767944334
0 0.0112 28.197832107543945 153.8873481750488 82.05899238586426 176.19817733764646
0 0.0112 608.9949035644531 542.6355743408203 638.75 558.75
0 0.0108 107.8596305847168 74.08580303192137 162.3666763305664 95.99831104278564
0 0.0106 278.5687255859375 83.65987777709961 331.72264099121094 106.42679214477538
0 0.0105 608.648681640625 213.19166183471677 638.75 236.8362998962402
0 0.0105 237.48401641845703 174.28857803344727 292.71129608154297 195.79229354858398
0 0.0101 277.67398834228516 204.1876983642578 332.53673553466797 225.8949279785156
0 0.0101 167.4492073059082 4.307031631469726 222.74324417114258 25.773553848266598
0 0.0100 498.8457489013672 103.48546981811522 551.4715576171875 126.60215377807617
0 0.0100 608.6383247375488 253.19911956787107 638.7499809265137 276.8289566040039
