0 0.1599 0.0 251.31607055664065 184.04903411865234 328.7492370605469
0 0.1186 19.982261657714844 222.6358699798584 70.46177864074707 247.44416236877444
0 0.0908 499.47689056396484 73.0487060546875 550.9052658081055 97.0379638671875
0 0.0789 449.58553314208984 62.96239852905273 500.8097457885742 87.12293624877928
0 0.0767 509.4687271118164 103.05225372314452 560.9131240844727 127.03411102294922
0 0.0644 499.3280792236328 43.158321380615234 551.0378265380859 66.92914962768555
0 0.0639 449.4900894165039 93.03382873535155 500.8945846557617 117.05207824707031
0 0.0594 18.7677001953125 193.5421371459961 71.54074668884277 216.54621124267575
0 0.0562 399.1381072998047 53.28720092773437 451.20887756347656 76.80009841918944
0 0.0559 559.9265289306641 112.69233703613281 610.5086517333984 137.38975524902344
0 0.0538 5.732598304748535 327.74658203125 44.4936466217041 362.2886657714844
0 0.0515 449.45045471191406 33.06638717651367 500.92926025390625 57.020149230957024
0 0.0493 559.5616149902344 82.98641204833983 610.8296966552734 107.0998764038086
0 0.0492 555.3759765625 138.67286682128906 594.8073577880859 171.44039154052734
0 0.0462 45.67039728164673 327.92388916015625 84.54723119735718 362.1259307861328
0 0.0450 399.20806884765625 83.24312210083006 451.14524841308594 106.84469223022461
0 0.0418 70.60039520263672 221.99905395507812 119.94054794311523 248.0596160888672
0 0.0398 515.1035690307617 129.24381256103516 555.0573348999023 160.9198760986328
0 0.0387 399.2974853515625 23.176326751708984 451.06597900390625 46.91072463989257
0 0.0347 549.4640731811523 53.05591583251953 600.9171676635742 77.0305061340332
0 0.0344 430.7252502441406 170.09803771972656 638.75 269.2982864379882
0 0.0334 18.645963668823242 163.6149215698242 71.65189743041992 186.47247314453125
0 0.0310 459.8487854003906 122.75781631469725 510.5766296386719 147.32542037963864
0 0.0303 499.0317153930664 13.367118835449217 551.3029098510742 36.72130584716796
0 0.0299 358.4458541870117 271.3160705566406 544.0490341186523 348.7492370605468
0 0.0293 595.3275299072266 138.78612518310547 634.8508453369141 171.33697509765625
0 0.0262 119.97207641601562 112.64944076538085 170.46968460083008 137.43139266967773
0 0.0233 85.60355186462402 328.0851745605469 124.6074390411377 361.97814941406244
0 0.0233 608.7920379638672 63.099136352539055 638.75 86.92941665649414
0 0.0231 395.3706741333008 218.68442535400388 434.8122024536133 251.4298629760742
0 0.0227 339.1408157348633 33.28878402709962 391.2057113647461 56.798992156982415
0 0.0222 338.5160827636719 183.69739532470703 391.7693328857422 206.38980865478516
0 0.0219 0.6890106201171875 361.9171142578125 49.86349582672119 388.1401062011719
0 0.0211 175.53863525390625 118.2901382446289 214.66106414794922 151.79031372070312
0 0.0205 73.06253433227539 164.91418838500974 188.19150924682617 214.56403732299802
0 0.0201 399.30110931396484 -6.822957992553711 451.06204986572266 16.91044807434082
0 0.0200 119.43685531616211 83.07952880859375 170.9406852722168 107.00752258300781
0 0.0198 0.0 212.19405174255368 18.955864906311035 257.9660129547119
0 0.0193 599.0548706054688 13.351459503173826 638.75 36.73694610595703
0 0.0190 354.9048614501953 59.61826801300049 395.24261474609375 90.57952404022215
0 0.0190 339.324951171875 213.15895080566406 391.04095458984375 236.92832946777344
0 0.0189 614.8699188232422 89.25228118896483 638.75 120.91381072998047
0 0.0189 125.80283641815186 217.49478340148926 164.4377565383911 252.5200176239014
0 0.0188 324.97406005859375 389.9990081787109 638.75 558.75
0 0.0187 405.29632568359375 108.85150909423827 444.87953186035156 141.27735137939453
0 0.0183 395.26222229003906 178.9143943786621 434.91172790527344 211.21999740600583
0 0.0181 19.051294326782227 133.3479881286621 71.28659248352051 156.73959732055664
0 0.0181 27.90609359741211 -75.94400405883789 82.32501983642578 -53.972129821777344
0 0.0180 608.777904510498 -16.890993118286133 638.7500190734863 6.919584274291992
0 0.0180 349.3379211425781 3.147621154785154 401.0297393798828 26.939315795898434
0 0.0177 454.9428176879883 -0.4495811462402344 495.20694732666016 30.641117095947262
0 0.0174 574.3924140930176 284.83680725097656 638.7499809265137 334.74700927734375
0 0.0171 318.2085132598877 153.88586044311523 372.04821586608887 176.2004280090332
0 0.0168 0.0 389.9971199035644 320.47874450683594 558.7499809265137
0 0.0167 69.56932067871094 112.97403335571288 120.8242416381836 137.11133956909177
0 0.0161 50.25456428527832 362.3958206176758 100.22497177124023 387.6794052124023
0 0.0160 355.39039611816406 238.64483833312983 394.7938537597656 271.4660167694091
0 0.0156 169.7827911376953 92.80864715576172 220.63522338867188 117.27500915527344
0 0.0151 555.0534439086914 19.34103012084961 595.1039505004883 50.831451416015625
0 0.0150 99.40635681152344 43.10105323791504 150.96803665161133 66.98601722717285
0 0.0147 379.5384979248047 152.98078536987305 430.8550262451172 177.1025276184082
0 0.0146 508.25916290283203 -16.143999099731445 562.002067565918 6.230554580688476
0 0.0145 279.4788455963135 183.05011749267578 330.9029293060303 207.03693389892578
0 0.0138 598.7498664855957 -46.44835591316223 638.7499809265137 -23.463591337203976
0 0.0135 215.4134750366211 138.59216690063477 254.77298736572266 171.51411056518555
0 0.0134 75.12194633483887 79.20612335205078 115.04048347473145 110.95420837402344
0 0.0134 259.0721130371094 153.34035873413086 311.2664794921875 176.74810409545898
0 0.0128 349.42237854003906 93.0866813659668 400.95428466796875 116.99995040893555
0 0.0124 349.0691375732422 123.32374572753905 401.2731170654297 146.76212310791013
0 0.0123 295.29544830322266 208.85653495788574 334.8800277709961 241.27278327941895
0 0.0119 125.64008712768555 327.9939651489257 164.5748519897461 362.06172943115234
0 0.0116 0.0 -55.08583068847656 108.19150924682617 -5.435953140258787
0 0.0115 574.3924140930176 344.83680725097656 638.7499809265137 394.74700927734375
0 0.0115 289.0958786010742 13.319988250732424 341.24603271484375 36.76788330078124
0 0.0113 315.10143280029297 59.25016403198242 355.05908966064453 90.91409683227539
0 0.0112 49.646053314208984 32.91797637939453 100.75566291809082 57.16716766357422
0 0.0112 608.9657592773438 542.6579093933104 638.75 558.7500190734862
0 0.0109 99.46249008178711 13.058137893676756 150.9183692932129 37.028436660766594
0 0.0107 330.7027816772461 312.0117950439453 358.90697479248047 358.0400085449219
0 0.0107 608.7093925476074 -76.84629917144774 638.7500190734863 -53.12533378601074
0 0.0105 168.99883270263672 63.3853530883789 221.3333511352539 86.70251846313477
0 0.0104 315.5570983886719 248.24443817138672 354.6446228027344 281.83216094970703
0 0.0101 313.06254386901855 -55.08583068847656 428.191499710083 -5.435953140258787
0 0.0100 219.8912811279297 112.72247314453124 270.5393600463867 137.36019134521482
0 0.0100 188.11857223510742 277.0982360839844 272.60263442993164 343.126220703125
