0 0.1786 229.674072265625 292.89525985717773 280.7310485839844 317.1895408630371
0 0.1488 238.260498046875 263.85969161987305 291.9998550415039 286.22751235961914
0 0.1301 235.48080444335938 318.4293460845947 274.7128677368164 351.6629695892334
0 0.1257 279.8812484741211 302.7235698699951 330.54962158203125 327.3582935333252
0 0.1242 179.69192504882812 302.8837585449219 230.71475982666016 327.2011947631836
0 0.1126 275.60319900512695 328.12145233154297 314.6043586730957 361.9447708129883
0 0.1084 179.11909103393555 273.3071708679199 231.2244987487793 296.78110122680664
0 0.1029 227.51056671142578 234.2804718017578 282.685546875 255.80154418945312
0 0.1003 297.77381896972656 274.1354751586914 352.44476318359375 295.9482955932617
0 0.0916 315.62018394470215 328.08040618896484 354.58909034729004 361.98238372802734
0 0.0911 195.40233612060547 328.61690521240234 234.78309631347656 361.4915084838867
0 0.0766 286.60003662109375 244.73541259765625 343.5253143310547 265.3371047973633
0 0.0746 168.753662109375 243.5520362854004 221.5532684326172 266.53642654418945
0 0.0726 329.54395294189453 302.99732208251953 380.84590911865234 327.0887756347656
0 0.0671 235.52309036254883 358.32630157470703 274.67512130737305 391.75724029541016
0 0.0624 280.5578899383545 362.0759963989258 329.97021675109863 387.98824310302734
0 0.0620 358.84796142578125 273.4878349304199 411.46873474121094 296.6003227233887
0 0.0597 379.87438201904297 312.7322006225586 430.5550765991211 337.3501205444336
0 0.0585 409.8412322998047 282.75733947753906 460.5845642089844 307.3250961303711
0 0.0573 355.4364776611328 338.5388946533203 394.752197265625 371.56280517578125
0 0.0563 395.4155731201172 338.58699798583984 434.7711181640625 371.5188217163086
0 0.0557 446.7935562133789 134.64111328125 503.3467483520508 155.43333053588867
0 0.0552 347.90428161621094 244.05866622924805 402.32627868652344 266.025447845459
0 0.0538 409.10572052001953 253.3116340637207 461.2375259399414 276.7759895324707
0 0.0536 460.0059509277344 272.62121200561523 510.4399871826172 297.45920181274414
0 0.0530 266.69629096984863 214.686279296875 323.4370708465576 235.38681030273438
0 0.0513 469.5003128051758 213.02335739135742 520.886116027832 237.06209182739258
0 0.0502 469.7401809692383 242.8389549255371 520.6735610961914 267.24462509155273
0 0.0502 435.3898620605469 328.6405563354492 474.7948455810547 361.4699172973633
0 0.0487 408.40728759765625 213.7635040283203 461.8682098388672 236.32320404052734
0 0.0471 178.13549041748047 213.92948150634766 232.1145248413086 236.1565399169922
0 0.0453 447.8763961791992 164.07535552978516 502.35157012939453 186.00872039794922
0 0.0446 460.3546905517578 302.2967052459717 510.1397705078125 327.77562141418457
0 0.0443 348.33194732666016 213.8033676147461 401.93790435791016 236.28219604492188
0 0.0439 129.5430326461792 282.998104095459 180.84675312042236 307.0879936218262
0 0.0433 180.1800537109375 362.45941162109375 230.29029846191406 387.61680603027344
0 0.0411 155.34292221069336 328.7473678588867 194.83728408813477 361.3724136352539
0 0.0387 348.2782745361328 173.84719848632812 401.9841003417969 196.23981475830078
0 0.0377 335.6903076171875 377.87986755371094 374.5288848876953 412.1662902832031
0 0.0365 295.6547546386719 387.96947479248047 334.56058502197266 422.0841598510742
0 0.0360 227.5885772705078 194.2331314086914 282.61524200439453 215.84869384765625
0 0.0354 375.4564666748047 378.49159240722656 414.73426818847656 411.60606384277344
0 0.0338 515.44921875 268.5064888000488 554.7409820556641 301.5924263000488
0 0.0335 155.21023273468018 489.0327835083008 194.95849132537842 521.1120223999023
0 0.0333 436.55567169189453 104.7551441192627 493.5666275024414 125.3166675567627
0 0.0331 255.4691505432129 398.45436096191406 294.72360610961914 431.6400909423828
0 0.0331 195.2138900756836 389.0120315551758 234.95643615722656 421.13101959228516
0 0.0331 475.41454315185547 328.58470916748047 514.7725296020508 361.52095794677734
0 0.0323 124.97921466827393 249.48162078857422 165.17306804656982 280.70362091064453
0 0.0315 337.5724411010742 144.24633026123047 392.6289749145508 165.8360481262207
0 0.0310 215.16006469726562 439.12628173828125 255.00560760498047 471.02691650390625
0 0.0299 95.24032592773438 468.9702606201172 134.9308204650879 501.16905212402344
0 0.0297 209.37311172485352 473.12034606933594 260.99870681762695 496.96617126464844
0 0.0293 119.03579235076904 223.36380004882812 171.29940509796143 246.72454833984375
0 0.0292 425.27244567871094 368.90018463134766 464.9015808105469 401.23294830322266
0 0.0284 287.66597747802734 184.1856575012207 342.54554748535156 205.89593887329102
0 0.0282 139.45838451385498 463.062744140625 190.9217119216919 487.0240783691406
0 0.0279 609.4153594970703 512.6508331298828 638.75 537.3760986328125
0 0.0279 199.44656372070312 503.0716323852539 250.93219757080078 527.015266418457
0 0.0272 255.26077270507812 438.9216613769531 294.9126434326172 471.21337890625
0 0.0270 99.94441032409668 502.67589569091797 150.49324989318848 527.4057388305664
0 0.0267 335.660400390625 417.95867919921875 374.5552062988281 452.0940399169922
0 0.0256 520.7234573364258 222.1920394897461 548.8822555541992 267.9011917114258
0 0.0254 499.67437744140625 182.89337158203125 550.7311248779297 207.19120025634766
0 0.0254 0.0 299.8858642578125 638.75 638.75
0 0.0249 68.74778747558594 203.5503387451172 121.55975341796875 226.53732299804688
0 0.0248 150.00673294067383 522.6211929321289 200.43912887573242 547.4592971801758
0 0.0245 355.3846740722656 598.6542892456055 394.7993469238281 631.457405090332
0 0.0242 404.37633514404297 180.50065994262695 445.7426071166992 209.78071212768555
0 0.0239 515.4104232788086 308.5944366455078 554.7761917114258 341.51206970214844
0 0.0234 89.60084915161133 442.955322265625 140.79517364501953 467.13050842285156
0 0.0229 0.0 0.0 510.9122848510742 281.5149688720703
0 0.0228 609.4407844543457 542.6287460327148 638.7499809265137 567.3976516723633
0 0.0226 55.073556900024414 469.2979049682617 95.08566856384277 500.8707046508789
0 0.0224 295.3645706176758 428.68907928466797 334.8186492919922 461.42566680908203
0 0.0221 68.90928268432617 243.4459686279297 121.41380310058594 266.6420364379883
0 0.0220 115.15092849731445 309.1484069824219 155.01367568969727 341.00677490234375
0 0.0216 609.0887451171875 482.8968811035156 638.75 507.1319580078125
0 0.0214 139.13879871368408 433.29193115234375 191.2071943283081 456.7961120605469
0 0.0214 109.60595607757568 612.9323577880859 160.79458713531494 637.15087890625
0 0.0213 95.22377014160156 528.9985275268555 134.94665145874023 561.1433029174805
0 0.0213 375.28018951416016 418.8809585571289 414.8948287963867 451.25049591064453
0 0.0212 265.1348686218262 479.1813278198242 305.02843856811523 510.9767532348633
0 0.0209 237.90538787841797 164.05881881713867 292.32513427734375 186.02540969848633
0 0.0204 337.3171615600586 114.37949180603027 392.86380767822266 135.70040702819824
0 0.0202 99.26412582397461 403.20335388183594 151.09508514404297 426.8842315673828
0 0.0200 58.480987548828125 173.71963500976562 111.80099487304688 196.3675308227539
0 0.0200 355.17181396484375 459.10655975341797 394.9943542480469 491.04488372802734
0 0.0199 574.3924140930176 184.8368263244629 638.7499809265137 234.74702835083008
0 0.0198 315.17005920410156 609.0948677062988 354.99755859375 638.7499809265137
0 0.0198 575.4707145690918 604.7563171386719 638.7500190734863 638.75
0 0.0196 129.62205410003662 362.92972564697266 180.77833652496338 387.1547317504883
0 0.0194 369.61456298828125 572.9451751708984 420.7829284667969 597.1406555175781
0 0.0193 49.62135314941406 502.9313659667969 100.7787036895752 527.1532440185547
0 0.0191 179.69022750854492 612.8656387329102 230.72027206420898 637.216682434082
0 0.0189 128.6777687072754 193.60004425048828 181.6219711303711 216.48818969726562
0 0.0180 395.2574920654297 608.9109039306641 434.9174499511719 638.75
0 0.0180 154.98340606689453 389.46632385253906 195.1699447631836 420.71754455566406
0 0.0179 84.90985870361328 269.6057319641113 125.23832321166992 300.59091567993164
0 0.0177 479.36038970947266 622.6315498352051 531.1124801635742 638.7499809265137
0 0.0176 574.3924140930176 244.8368263244629 638.7499809265137 294.7470283508301
0 0.0176 509.0275192260742 153.36502075195312 561.3077926635742 176.72271728515625
0 0.0174 109.29533004760742 573.1769561767578 161.06805801391602 596.9099426269531
0 0.0174 574.3924140930176 124.83681201934814 638.7499809265137 174.74700450897217
0 0.0173 205.1726531982422 529.1084289550781 244.9932098388672 561.0431671142578
0 0.0173 165.19987106323242 549.0460586547852 204.96881484985352 581.099967956543
0 0.0171 305.1212215423584 469.2046356201172 345.04143714904785 500.95558166503906
0 0.0171 359.3815612792969 493.1204605102539 410.9898376464844 516.9668960571289
0 0.0168 237.9688262939453 134.02377128601074 292.26696014404297 156.06099128723145
0 0.0167 79.28556203842163 373.18687438964844 131.07616662979126 396.9004821777344
0 0.0166 249.51770782470703 513.0149841308594 300.8696746826172 537.0709991455078
0 0.0165 379.2922592163086 543.1855773925781 431.06945037841797 566.9022369384766
0 0.0164 469.8385238647461 362.76031494140625 520.5868148803711 387.3222351074219
0 0.0162 259.6683120727539 612.8849411010742 310.7392120361328 637.1979141235352
0 0.0159 294.35169219970703 150.5358123779297 335.7664108276367 179.74903106689453
0 0.0158 228.04290771484375 103.98193359375 282.19921112060547 126.10336303710938
0 0.0155 512.6921272277832 0.0 638.7499809265137 69.84923839569092
0 0.0155 49.562482833862305 612.9700469970703 100.83221435546875 637.1141052246094
0 0.0153 55.081627368927 529.277458190918 95.07866621017456 560.8893203735352
0 0.0152 9.113049507141113 193.31119537353516 61.22996807098389 216.7770767211914
0 0.0151 178.0927848815918 173.95099639892578 232.15421676635742 196.1343002319336
0 0.0148 498.10848236083984 113.93758773803711 552.1408462524414 136.14715576171875
0 0.0146 169.55331802368164 582.9891967773438 220.83784103393555 607.0967102050781
0 0.0145 416.5566635131836 84.75576400756836 473.5654830932617 105.31621932983398
0 0.0145 55.0337028503418 409.3764114379883 95.12252807617188 440.7992935180664
0 0.0144 230.7681655883789 602.6473808288574 258.82930755615234 638.7500190734863
0 0.0144 337.34153747558594 84.36666488647461 392.84149169921875 105.71344375610352
0 0.0143 429.15428161621094 573.2808303833008 481.1933898925781 596.8071365356445
0 0.0142 309.40098762512207 503.1007766723633 360.9736919403076 526.9857406616211
0 0.0140 325.07816314697266 569.2911529541016 365.08113861083984 600.8768463134766
0 0.0140 404.0073013305664 151.04928970336914 446.0953903198242 179.28655624389648
0 0.0139 608.8078308105469 93.08858871459961 638.75 116.94000244140625
0 0.0138 335.1020050048828 529.2450714111328 375.05897521972656 560.9187316894531
0 0.0138 0.0 163.08284759521484 50.94210624694824 187.0044708251953
0 0.0135 485.3866195678711 588.6488723754883 524.7977066040039 621.462287902832
0 0.0134 228.12286376953125 73.93492698669434 282.12646484375 96.15073204040527
0 0.0132 5.3582751750946045 468.71898651123047 44.82277989387512 501.39827728271484
0 0.0131 519.6299743652344 342.9256057739258 570.7708740234375 367.1590042114258
0 0.0131 608.8087463378906 453.0886459350586 638.75 476.9400405883789
0 0.0128 79.3514347076416 343.13720703125 131.0178279876709 366.9496154785156
0 0.0128 29.34284210205078 443.14517974853516 81.0251235961914 466.9418716430664
0 0.0128 609.2869758605957 572.7483749389648 638.7499809265137 597.2793197631836
0 0.0127 48.27850103378296 143.84284496307373 101.98484659194946 166.24355792999268
0 0.0125 49.04595375061035 563.3501052856445 101.29170417785645 586.7372512817383
0 0.0123 609.0469360351562 302.92405128479004 638.75 327.10448265075684
0 0.0121 118.45638275146484 163.73817443847656 171.8225860595703 186.3494110107422
0 0.0120 419.57088470458984 402.97290802001953 470.82286834716797 427.11246490478516
0 0.0116 479.23213958740234 553.2263946533203 531.1236190795898 576.8613433837891
0 0.0114 435.0381088256836 618.8820648193359 475.16788482666016 638.75
0 0.0111 408.76304626464844 513.5417938232422 461.54571533203125 536.5460968017578
0 0.0111 394.76795196533203 459.8585891723633 435.3715133666992 490.3615188598633
0 0.0109 294.32555198669434 120.57779312133789 335.7911777496338 149.71113204956055
0 0.0109 74.97459411621094 309.4870376586914 115.17772674560547 340.69873809814453
0 0.0108 535.0831985473633 618.7861824035645 575.1266098022461 638.7499809265137
0 0.0106 477.47650146484375 84.28786277770996 532.7192687988281 105.79224586486816
0 0.0106 434.8613739013672 539.6918106079102 475.2839660644531 570.512809753418
0 0.0106 295.02964973449707 539.3849563598633 335.12621879577637 570.7915115356445
0 0.0105 245.0567626953125 539.3341827392578 285.1008605957031 570.8377075195312
0 0.0105 608.9355659484863 333.001708984375 638.7499809265137 357.0269775390625
0 0.0104 285.0498580932617 579.3488311767578 325.1071548461914 610.8243560791016
0 0.0102 555.3664016723633 298.697509765625 594.8157119750977 331.41788482666016
0 0.0100 19.104394912719727 223.31756591796875 71.23764991760254 246.77078247070312
0 0.0100 5.468182563781738 508.4656524658203 44.723591804504395 541.6297149658203
