0 0.0432 339.95662689208984 232.66798973083496 390.48206329345703 257.41379737854004
0 0.0368 289.98321533203125 232.63821601867676 340.4602813720703 257.4421977996826
0 0.0311 225.76589584350586 77.64058589935303 264.4659233093262 112.38600254058836
0 0.0294 325.49938201904297 258.38806152343744 364.69593048095703 291.70074462890625
0 0.0262 245.56110382080078 218.23643684387207 284.6408462524414 251.83947563171384
0 0.0257 339.50103759765625 203.03203582763672 390.88356018066406 227.05467224121094
0 0.0254 0.0 219.8858642578125 638.75 558.75
0 0.0248 185.7091522216797 67.82018661499022 224.51324462890625 102.22108840942383
0 0.0233 285.3030776977539 258.83266448974604 324.87377166748047 291.2945175170898
0 0.0229 0.0 -79.99999999999999 510.9122848510742 201.51496887207028
0 0.0229 230.49676895141602 52.148256301879876 280.0201606750488 77.91909217834473
0 0.0226 250.22932052612305 192.42122650146484 300.24633407592773 217.6548385620117
0 0.0221 225.74949264526367 117.6885986328125 264.4799995422363 152.3419189453125
0 0.0213 389.1307067871094 223.29834938049316 441.21429443359375 246.78977012634275
0 0.0211 365.30574798583984 258.8331604003906 404.87071990966797 291.2940979003906
0 0.0192 180.4948616027832 42.151851654052734 230.02141952514648 67.91576385498047
0 0.0189 240.32100677490234 162.32961654663086 290.1685333251953 187.74362564086914
0 0.0188 265.72900772094727 77.76262760162352 304.49621200561523 112.27391719818114
0 0.0185 511.90391540527344 49.841804504394524 638.75 149.6270751953125
0 0.0174 335.44395446777344 298.51745605468744 374.74586486816406 331.5824127197265
0 0.0170 512.6921272277832 -80.0 638.7499809265137 -10.150761604309086
0 0.0162 185.71449279785156 107.7984046936035 224.50923919677734 142.24107742309567
0 0.0161 595.6321716308594 308.0471801757812 634.5787048339844 342.0128631591797
0 0.0160 205.40227890014648 198.61425399780273 244.78342056274414 231.4939308166504
0 0.0158 609.2912292480469 282.7471542358398 638.75 307.2807693481445
0 0.0150 574.3924140930176 164.83682632446286 638.7499809265137 214.74702835083005
0 0.0149 608.9461517333984 252.99564361572263 638.75 277.0331954956054
0 0.0145 265.63791275024414 118.01906585693358 304.5749092102051 152.03865051269528
0 0.0143 335.4698181152344 338.4585189819336 374.7224426269531 371.6362380981445
0 0.0142 299.5905017852783 172.96308517456055 350.8043956756592 197.12282180786133
0 0.0140 375.4734420776367 318.4500503540039 414.71920013427734 351.64402008056635
0 0.0133 295.2703857421875 298.9035415649414 334.90360260009766 331.22989654541016
0 0.0132 245.48227310180664 258.4287643432617 284.7112846374512 291.66347503662104
0 0.0131 608.9929008483887 22.96280860900879 638.7500190734863 47.06593513488769
0 0.0128 359.2605209350586 173.2046318054199 411.09859466552734 196.88280105590817
0 0.0127 608.8778686523438 223.04118156433105 638.75 246.98750495910645
0 0.0127 180.08686065673828 12.55253791809082 230.36914825439453 37.52673149108887
0 0.0127 195.53600311279297 158.29273223876953 234.6637725830078 191.7879486083984
0 0.0124 535.656623840332 297.97080993652344 574.5583724975586 332.08290100097656
0 0.0119 495.6839370727539 307.8980636596679 534.5343399047852 342.14962005615234
0 0.0118 380.09578704833984 292.5429153442382 430.3617477416992 317.53597259521484
0 0.0118 229.9530792236328 22.66840934753418 280.48572540283203 47.41309165954589
0 0.0116 150.6790542602539 51.81236267089844 178.93535614013672 98.19494247436523
0 0.0112 565.306282043457 258.8321304321289 604.8701858520508 291.2949752807617
0 0.0111 608.9916229248047 -7.036972045898437 638.75 17.065639495849606
0 0.0111 295.421142578125 338.57486724853516 334.76600646972656 371.5298843383789
0 0.0110 409.00081634521484 193.38415145874023 461.3315200805664 216.70373916625974
0 0.0110 449.0960693359375 223.31966400146482 501.2458801269531 246.76818847656247
0 0.0108 609.51904296875 342.5614547729492 638.75 367.4635696411133
0 0.0105 409.5354461669922 253.00510406494138 460.8531951904297 277.08126068115234
0 0.0105 280.2883815765381 52.36559867858887 330.1956272125244 77.70907402038574
0 0.0104 415.5928421020508 318.14823150634766 454.6134567260742 351.92028045654297
0 0.0101 509.9446105957031 272.6750183105469 560.4932403564453 297.40653991699213
