0 0.0782 346.24568939208984 84.90507125854491 403.8523483276367 105.1640510559082
0 0.0654 357.7485656738281 114.15163040161133 412.46734619140625 135.93229293823242
0 0.0618 355.7376480102539 65.12863159179688 414.3246078491211 84.93381500244139
0 0.0428 369.1249084472656 143.30339431762695 421.21925354003906 166.78491592407227
0 0.0370 296.3691806793213 64.84736919403075 353.7380886077881 85.22308826446532
0 0.0358 297.86290168762207 104.08721923828125 352.36292839050293 125.99739074707031
0 0.0332 407.11769104003906 94.4827651977539 463.04718017578125 115.59539794921875
0 0.0320 345.7847595214844 45.106134414672844 404.28131103515625 64.95657920837402
0 0.0309 369.9812316894531 172.6448822021484 420.46104431152344 197.4362564086914
0 0.0295 309.3399715423584 133.1455421447754 361.0280704498291 156.94131851196286
0 0.0259 418.5016632080078 123.70986938476561 471.7816162109375 146.37779235839844
0 0.0254 0.0 219.8858642578125 638.75 558.75
0 0.0236 319.8769760131836 162.72380828857422 370.55408477783203 187.35763549804685
0 0.0229 419.69364166259766 152.88150787353516 470.71346282958984 177.2032928466797
0 0.0229 0.0 -79.99999999999999 510.9122848510742 201.51496887207028
0 0.0214 360.3274154663086 202.3248481750488 410.1627731323242 227.74839401245117
0 0.0201 28.278310298919678 3.8428115844726562 81.98503732681274 26.24357223510742
0 0.0195 416.6173553466797 64.72440719604492 473.5099792480469 85.34786224365234
0 0.0174 326.33365631103516 24.860591888427734 383.7717819213867 45.20891189575195
0 0.0168 420.0261688232422 182.6037788391113 470.42236328125 207.47629165649414
0 0.0166 511.90391540527344 49.841804504394524 638.75 149.6270751953125
0 0.0163 309.8844814300537 192.71905899047852 360.5471897125244 217.3624610900879
0 0.0156 365.62225341796875 298.0717849731445 404.5875549316406 331.99031829833984
0 0.0153 267.1878719329834 44.4462776184082 322.98279762268066 65.63243865966797
0 0.0150 28.632450103759766 33.6264705657959 81.66348457336426 56.46132469177246
0 0.0148 325.59497833251953 298.1404876708984 364.61177825927734 331.9273376464843
0 0.0148 512.6921272277832 -80.0 638.7499809265137 -10.150761604309086
0 0.0147 405.5446243286133 298.277359008789 444.6554946899414 331.80198669433594
0 0.0147 355.58055877685547 258.184700012207 394.6238327026367 291.88686370849604
0 0.0140 17.92522430419922 -25.94880104064941 72.30619430541992 -3.966312408447266
0 0.0137 248.27512741088867 83.85089874267578 301.9865608215332 106.23638153076172
0 0.0133 609.0753173828125 22.90390968322754 638.75 47.124624252319336
0 0.0130 360.4121398925781 232.23923683166504 410.0909423828125 257.831335067749
0 0.0130 509.96883392333984 312.65453338623047 560.4720687866211 337.42664337158203
0 0.0129 336.3629150390625 4.848213195800782 393.7444305419922 25.221824645996094
0 0.0129 5.594849586486816 318.148193359375 44.611220359802246 351.9203186035156
0 0.0126 445.46775817871094 298.4661102294922 484.7240447998047 331.62933349609375
0 0.0123 5.341435670852661 248.7550354003906 44.838207960128784 281.36535644531244
0 0.0121 574.3924140930176 164.83682632446286 638.7499809265137 214.74702835083005
0 0.0120 267.46119499206543 14.302997589111328 322.7317523956299 35.778045654296875
0 0.0120 315.53772926330566 258.28849792480463 354.6622371673584 291.7918395996094
0 0.0120 386.48059844970703 24.789247512817383 443.63643646240234 45.28149604797363
0 0.0118 410.02437591552734 212.6055335998535 460.4238510131836 237.47461318969727
0 0.0117 395.4243469238281 258.56815338134766 434.7630310058594 291.5360641479492
0 0.0117 285.4634952545166 318.4706115722656 324.72838401794434 351.6252136230468
0 0.0116 274.8152542114258 159.77705001831052 315.32691955566406 190.43542861938474
0 0.0116 315.5191135406494 218.33919525146484 354.67833518981934 251.74541473388672
0 0.0114 360.40103912353516 332.24315643310547 410.10181427001953 357.82680511474604
0 0.0113 608.9759826660156 -7.024948596954346 638.75 17.053768634796143
0 0.0112 565.5466079711914 18.269968032836918 604.6540451049805 51.808786392211914
0 0.0110 5.379296541213989 208.67156982421875 44.8037326335907 241.44157409667966
0 0.0109 249.3014907836914 123.18077087402341 301.06082916259766 146.9072723388672
0 0.0106 609.0041923522949 542.6280403137207 638.7500190734863 558.7499809265137
0 0.0106 0.19878864288330078 282.45231628417963 50.27210235595703 307.62481689453125
0 0.0106 0.0 -66.839759349823 41.03719711303711 -43.07247400283814
