0 0.2036 145.52600860595703 356.20086669921875 184.86766815185547 393.71795654296875
0 0.1956 125.59749603271483 316.17504119873047 164.7890853881836 353.74141693115234
0 0.1886 105.53035736083983 356.1992645263672 144.86286163330075 393.719482421875
0 0.1705 145.7107925415039 396.17122650146484 184.6612548828125 433.7440872192383
0 0.1689 165.7894134521484 316.2189197540283 204.56809997558594 353.6992931365967
0 0.1557 185.7285499572754 356.16455078125 224.6417427062988 393.7501525878906
0 0.1476 85.77186584472656 316.20304107666016 124.58934783935545 353.7141799926758
0 0.1449 105.77377319335936 396.20914459228516 144.58663940429688 433.70845794677734
0 0.1259 185.7949447631836 396.20365142822266 224.5631408691406 433.71341705322266
0 0.1170 125.90082168579103 276.4393424987793 164.42251205444336 313.4943199157715
0 0.1101 65.87089538574219 356.3471984863281 104.4645309448242 393.5798645019531
0 0.0829 225.79710960388184 366.201171875 264.5609378814697 403.7156677246094
0 0.0821 205.86804389953613 316.3210678100586 244.47001457214358 353.60408782958984
0 0.0763 165.91314315795896 276.92935943603516 204.3647193908691 313.0410385131836
0 0.0761 85.92414855957031 276.5960121154785 124.38217163085938 313.3491325378418
0 0.0685 65.91747283935547 396.68277740478516 104.3819808959961 433.26892852783203
0 0.0656 225.84723472595215 406.26617431640625 264.4984531402588 443.65509033203125
0 0.0645 145.91800689697266 436.79500579833984 184.37129974365234 473.16516876220703
0 0.0526 50.54439544677734 300.97801208496094 79.0980339050293 348.8871765136719
0 0.0502 265.93013763427734 346.53942108154297 304.3803787231445 383.40145111083984
0 0.0443 185.915412902832 436.8527603149414 224.3690490722656 473.1117630004883
0 0.0440 310.51822662353516 330.8513641357422 339.1298294067383 378.9991760253906
0 0.0412 105.88165283203125 437.10010528564453 144.3848419189453 472.8835678100586
0 0.0405 340.54801940917963 320.98766326904297 369.0935516357422 368.8767623901367
0 0.0402 265.92750549316406 386.5582275390625 304.3817138671875 423.38409423828125
0 0.0395 245.88684082031244 307.09583282470703 284.3793487548828 342.88745880126953
0 0.0333 370.56678771972656 321.08184814453125 399.0707397460937 368.79432678222656
0 0.0326 205.90256690979004 277.0500183105469 244.36568260192868 312.92964935302734
0 0.0317 125.85662841796875 237.2892189025879 164.39586639404297 272.7092170715332
0 0.0310 30.584831237792972 351.1873245239258 59.048957824707024 398.70540618896484
0 0.0265 310.5389404296875 380.947265625 339.1046142578125 428.91334533691406
0 0.0254 -79.99999999999999 299.8858642578125 558.75 638.75
0 0.0229 -79.99999999999999 0.0 430.91228485107416 281.5149688720703
0 0.0228 285.8199691772461 297.4357223510742 324.4237899780273 332.5743865966797
0 0.0225 265.89183807373047 427.0736312866211 304.37572479248047 462.9079055786133
0 0.0223 340.54222106933594 370.96092224121094 369.10064697265625 418.9007568359375
0 0.0221 225.87890625 447.12196350097656 264.385986328125 482.86338806152344
0 0.0211 85.82599639892578 237.4118423461914 124.41921234130858 272.5963592529297
0 0.0209 165.76143264770505 237.6551628112793 204.46962356567383 272.37260818481445
0 0.0208 20.611886978149418 301.3450336456299 49.01619911193848 348.5725688934326
0 0.0189 -0.5047821998596214 613.0227661132812 50.89153528213501 637.0620727539062
0 0.0188 245.7995223999023 267.5195121765137 284.43920135498047 302.49731063842773
0 0.0185 400.570068359375 311.0993480682373 429.0667724609375 358.7791919708252
0 0.0180 50.63287734985351 251.48014068603516 78.99087905883788 298.46141815185547
0 0.0175 89.6834945678711 612.8718948364258 140.72601318359375 637.2106552124023
0 0.0173 345.75374603271484 277.6783752441406 384.4761276245117 312.35130310058594
0 0.0169 149.59182739257812 612.9477310180664 200.8061599731445 637.1361923217773
0 0.0165 140.65301895141602 191.6153335571289 168.96661758422852 238.35132598876953
0 0.0162 65.72957992553711 437.72361755371094 104.49922561645508 472.30979919433594
0 0.0162 209.6107578277588 612.9290390014648 260.7902431488037 637.1541976928711
0 0.0155 370.56663513183594 371.08238220214844 399.0709686279297 418.79417419433594
0 0.0152 359.7872543334961 612.7839660644531 410.6355667114257 637.2967529296875
0 0.0149 -80.0 622.6947021484375 -28.82322311401367 638.75
0 0.0147 110.65328598022461 191.6193389892578 138.9662742614746 238.34842681884766
0 0.0141 365.3826141357422 188.66313934326172 404.800796508789 221.44927978515625
0 0.0141 30.648927688598636 401.5970230102539 58.97158622741699 448.3677291870117
0 0.0136 269.3482208251953 622.6444816589355 321.12258911132807 638.7500190734863
0 0.0132 170.66295623779297 191.68888092041016 198.95465850830078 238.29265594482422
0 0.0129 60.77692031860351 602.7369689941406 88.8189697265625 638.75
0 0.0128 145.59003829956055 478.14002990722656 184.6174430847168 511.92779541015625
0 0.0127 160.69839477539062 71.96998596191406 188.91220092773438 118.07180404663086
0 0.0123 409.2934036254882 622.6899719238281 461.1706161499023 638.75
0 0.0118 -80.0 592.5471878051758 -39.61804389953613 617.5302505493164
0 0.0116 -29.225492477416992 602.7096748352051 -1.1781978607177734 638.7499809265137
0 0.0112 190.705451965332 72.02855825424194 218.9037322998047 118.02623987197876
0 0.0109 0.6585502624511719 351.6692352294922 28.960037231445312 398.31031799316406
0 0.0108 150.68584442138672 131.86606884002686 178.92719268798825 178.15273761749268
0 0.0108 495.47071456909174 604.7563171386719 558.7500190734862 638.75
0 0.0108 365.50975799560547 228.3639907836914 404.6865463256836 261.72271728515625
0 0.0107 432.69212722778315 0.0 558.7499809265137 69.84923839569092
0 0.0107 265.7457733154297 467.70069122314453 304.48303222656244 502.33081817626953
0 0.0105 20.659980773925778 251.668701171875 48.95824432373046 298.30902099609375
0 0.0104 330.76282501220703 602.5933837890625 358.8356399536133 638.75
0 0.0104 130.6998825073242 71.98217391967773 158.91040802001953 118.06230545043945
0 0.0102 185.63331604003903 478.0297088623047 224.57908630371094 512.0288848876953
0 0.0101 210.65170288085935 221.6065788269043 238.96820068359375 268.3584785461426
