0 0.0263 197.70511239767075 -58.660805225372314 287.64960914850235 -19.87183839082718
0 0.0254 0.0 171.78583145141602 499.0234375 436.5234375
0 0.0214 443.33961606025696 175.22449046373367 486.50094866752625 192.02541559934616
0 0.0179 475.51727294921875 127.48686969280243 499.0234375 145.97253501415253
0 0.0174 411.63963079452515 159.83188152313232 455.6646943092346 176.16406083106995
0 0.0173 418.91539096832275 191.33839011192322 463.97316455841064 207.151859998703
0 0.0169 475.41534900665283 150.98838508129117 499.0234375 169.3454533815384
0 0.0168 318.19358468055725 206.55813813209534 361.6335093975067 223.19152951240537
0 0.0167 475.5098670721054 104.05465960502623 499.0234524011612 122.52980470657347
0 0.0157 303.9952516555786 -62.5 499.0234375 47.42405563592911
0 0.0155 318.1581497192383 183.13578516244888 361.66685819625854 199.73810762166977
0 0.0152 475.5343347787857 80.60052990913391 499.0234225988388 99.10890460014343
0 0.0147 388.09865713119507 175.51300674676892 432.32136964797974 191.7326673865318
0 0.0147 249.20544773340225 33.90613943338394 290.114663541317 52.10044234991073
0 0.0143 467.30196475982666 198.3742117881775 499.0234375 215.75504541397092
0 0.0137 475.7486432790756 423.9562600851059 499.0234524011612 436.52345240116114
0 0.0135 475.6729453802109 57.07148835062981 499.0234524011612 75.76327398419379
0 0.0135 0.0 -62.5 199.5442658662796 47.42521792650223
0 0.0134 279.9883484840393 120.1377809047699 321.78789377212524 137.7423107624054
0 0.0133 310.7166588306427 159.4967395067215 353.51476073265076 176.50462687015533
0 0.0130 232.40366578102112 206.48077130317685 275.5604088306427 223.2702076435089
0 0.0129 271.1952030658722 190.99685549736023 314.87199664115906 207.50173926353455
0 0.0128 428.1814396381378 135.90320944786072 470.4488217830658 153.22503447532654
0 0.0124 279.7386050224304 221.85274958610532 322.0141530036926 239.15180563926697
0 0.0124 249.3710219860077 57.2294257581234 289.9661958217621 75.651828199625
0 0.0120 326.6712427139282 229.63225841522214 368.83652210235596 246.9976544380188
0 0.0119 271.6778814792633 143.86223256587982 314.42973017692566 160.88984906673429
0 0.0118 319.2468285560608 135.6414407491684 360.67265272140503 153.48930656909943
0 0.0118 240.04089832305908 175.32017081975937 283.5345268249512 191.9289007782936
0 0.0118 418.94587874412537 206.95099234580994 463.94452452659607 222.78985381126404
0 0.0113 380.74323534965515 144.03140544891357 424.08809065818787 160.71859002113342
0 0.0113 264.66891169548035 96.51128947734831 305.88558316230774 114.49499428272247
0 0.0112 295.79809308052063 41.8999120593071 337.24501729011536 59.730999171733856
0 0.0112 241.31041765213013 10.5215385556221 282.3769450187683 28.6097452044487
0 0.0109 365.146279335022 198.70537519454953 408.4370732307434 215.42006731033325
0 0.0107 233.33943635225296 229.37646508216858 274.70701187849045 247.25493788719177
0 0.0105 191.6622817516327 30.298933386802673 222.53981232643127 55.73451519012451
0 0.0102 238.33465576171875 -16.169304028153416 269.60229873657227 8.488917723298071
0 0.0101 233.17673802375793 120.09817361831665 274.85552430152893 137.78203725814816
0 0.0100 476.1640876531601 400.46408772468567 499.0234524011612 419.86915469169617
