0 0.0314 337.9539489746094 57.53327941894533 392.2803497314453 79.5515594482422
0 0.0280 337.9241180419922 87.54859542846681 392.3078918457031 109.53578567504884
0 0.0254 0.0 193.38586425781247 638.75 532.25
0 0.0246 358.4402847290039 157.2489128112793 411.8369674682617 179.8387107849121
0 0.0243 337.82981872558594 117.60289764404298 392.393798828125 139.48106384277344
0 0.0233 337.8360366821289 27.59909248352052 392.38819122314453 49.484849929809585
0 0.0229 0.0 -106.49999999999999 510.9122848510742 175.01496887207034
0 0.0195 329.06497955322266 186.8426666259766 381.2734603881836 210.24545288085938
0 0.0175 318.07835578918457 -2.5388374328613135 372.1669292449951 19.624305725097667
0 0.0163 298.6269474029541 157.12777709960938 351.6689205169678 179.9596939086914
0 0.0157 278.3272933959961 57.31130218505861 331.9409942626953 79.77498626708986
0 0.0147 512.6921272277832 -106.49999999999997 638.7499809265137 -36.65076160430907
0 0.0140 278.0806350708008 87.45557403564455 332.16583251953125 109.62926483154297
0 0.0136 397.8668212890625 127.58023834228517 452.36045837402344 149.50368499755862
0 0.0134 268.3198833465576 -22.681621551513654 321.94714546203613 -0.23174667358396958
0 0.0131 609.1127777099609 -33.621620178222635 638.75 -9.349769592285142
0 0.0128 388.9860153198242 186.89778900146484 441.34410858154297 210.19063568115234
0 0.0128 398.23001861572266 77.37052536010742 452.0292282104492 99.71549606323244
0 0.0127 319.2189407348633 216.73310852050778 371.13597869873047 240.3543243408203
0 0.0126 277.98476219177246 117.51367187499999 332.25266456604004 139.57105255126953
0 0.0125 268.3940124511719 17.273641586303725 321.87976837158203 39.813314437866225
0 0.0123 88.13413619995117 157.42873764038086 142.11612701416016 179.65705490112305
0 0.0115 268.18241119384766 187.3983154296875 322.0726013183594 209.6874008178711
0 0.0115 574.3924140930176 -1.6631832122802588 638.7499809265137 48.24701881408693
0 0.0111 87.88490295410156 197.5707778930664 142.34375 219.5133743286133
0 0.0111 608.9128112792969 516.1984405517577 638.75 532.25
0 0.0110 328.0228805541992 -32.507573604583726 382.2177505493164 -10.407396793365463
0 0.0110 79.02503967285156 56.865306854248054 131.3102912902832 80.22224044799806
0 0.0106 88.13838005065918 227.42749786376956 142.1119785308838 249.65848541259766
0 0.0104 418.1452178955078 157.4242172241211 472.1055603027344 179.66191864013672
0 0.0104 28.073396682739258 37.45809650421144 82.17281341552734 59.62647533416749
0 0.0103 398.2904815673828 47.335029602050795 451.97410583496094 69.75133514404298
