0 0.0343 -106.49999999999997 58.23807954788208 -71.84831523895261 91.83802366256714
0 0.0309 -106.17666625976561 12.331483364105225 -56.33425140380857 37.74222135543823
0 0.0286 -106.49999999999997 98.21422576904297 -71.85640716552732 131.8598747253418
0 0.0270 132.85989379882812 3.1354618072509766 184.50936889648438 26.951909065246582
0 0.0254 -106.49999999999997 299.8858642578125 532.25 638.75
0 0.0234 63.07212448120118 612.9638671875 114.32342147827148 637.120361328125
0 0.0229 -106.49999999999997 0.0 404.4122848510742 281.5149688720703
0 0.0217 -51.17526435852049 0.0 -11.644472122192367 31.351304054260254
0 0.0201 112.28021240234375 593.5342788696289 165.02938842773438 616.5541458129883
0 0.0190 62.01171493530274 573.704719543457 115.27225112915039 596.383171081543
0 0.0190 -105.8053579330444 131.95598602294922 -77.58321666717528 178.08500289916992
0 0.0184 222.82800292968747 613.1473541259766 274.5401916503906 636.9386291503906
0 0.0172 -10.934146881103501 0.0 28.137908935546886 31.862404346466064
0 0.0162 -71.32117652893065 59.08842086791992 -31.51171112060545 91.06139183044434
0 0.0150 33.10430145263673 2.9521965980529785 84.292236328125 27.133564949035645
0 0.0150 162.74209594726562 613.2124710083008 214.61614227294925 636.8742752075195
0 0.0148 406.19212722778315 0.0 532.2499809265136 69.84923839569092
0 0.0144 88.74759292602539 0.0 128.42399215698242 31.18157148361206
0 0.0140 2.9241142272949374 613.0783462524414 54.4542465209961 637.0073318481445
0 0.0134 188.70870208740234 0.0 228.46028900146482 31.112875938415527
0 0.0127 -106.49999999999997 612.9570007324219 -55.68245315551756 637.1269989013672
0 0.0125 502.4949226379394 622.6356315612793 532.2499809265137 638.7500190734863
0 0.0120 121.22136688232423 564.1610336303711 175.99351501464844 585.9218215942383
0 0.0115 148.88959503173828 28.644790649414062 188.29476928710938 61.46603584289551
0 0.0111 71.65210342407228 543.9179992675781 125.59978103637695 566.1678314208984
0 0.0104 282.9681930541992 613.0417251586914 334.4157943725586 637.0431137084961
0 0.0103 118.4299240112305 619.101390838623 158.7676773071289 638.7500190734863
0 0.0102 -106.49999999999997 582.9357528686523 -65.72444343566893 607.1496200561523
0 0.0100 -71.37083435058592 99.18925285339355 -31.465944290161122 130.96957206726074
