0 0.1167 484.74886536598206 147.8133923113346 538.5825040340424 167.82169899344444
0 0.0970 485.155996799469 176.29203271865845 538.2080569267273 196.72170639038086
0 0.0702 455.4703116416931 128.9673353433609 510.44228410720825 148.41071569919586
0 0.0650 425.8850140571594 148.49138689041138 482.5875778198242 167.12630438804626
0 0.0638 426.4035859107971 167.39503812789917 482.1049003601074 186.47951102256775
0 0.0528 427.26461362838745 186.12076771259308 481.3074903488159 206.01373994350433
0 0.0495 484.29898166656494 109.78258430957794 538.9975876808167 129.348020195961
0 0.0488 513.2740745544434 128.76792812347412 567.419819355011 148.6154669523239
0 0.0476 475.8884947299957 204.82165575027466 528.3749263286591 225.5694544315338
0 0.0448 397.0071351528168 129.4444499015808 454.0776164531708 147.92057847976685
0 0.0404 368.24029541015625 148.60486552119255 425.4633278846741 167.00961568951607
0 0.0394 82.23020803928375 262.9857852458954 137.78384113311768 282.139639377594
0 0.0370 368.65607213974 167.55831384658813 425.0757122039795 186.31182146072388
0 0.0345 72.01341734826565 244.14084541797638 128.8301437050104 262.726043343544
0 0.0324 90.96797597408295 158.1532530784607 148.11279952526093 176.587140083313
0 0.0321 476.7613778114319 242.5665990114212 527.578574180603 264.32987344264984
0 0.0319 484.1445336341858 90.72897183895111 539.140727519989 110.1497905254364
0 0.0290 487.4892783164978 366.052889585495 536.0991153717041 389.46442437171936
0 0.0285 426.41259598731995 110.01004314422607 482.09800601005554 129.11363053321838
0 0.0281 562.6087485551834 185.32049417495728 610.8046692609787 206.82473802566528
0 0.0279 81.26462513208389 139.08481228351593 138.68181198835373 157.4035928249359
0 0.0279 243.57415902614594 158.3099080324173 301.4805711507797 176.4249769449234
0 0.0270 102.52472600340843 281.5491145849228 155.8284207880497 301.83867609500885
0 0.0266 91.65514934062958 176.98752307891846 147.4732482433319 196.01177072525024
0 0.0259 477.44300651550293 270.7969926595688 526.9654512405396 293.47411501407623
0 0.0256 477.584979057312 337.6327006816864 526.8385076522827 360.5129692554474
0 0.0255 244.11507368087769 177.2179366350174 300.9756603240967 195.77442634105682
0 0.0254 369.8009719848633 186.16395771503448 424.0142741203308 205.96963798999786
0 0.0254 0.0 286.7658576965332 610.8046875 610.8046875
0 0.0250 25.335395872592926 262.76815724372864 79.96328008174896 282.36328625679016
0 0.0245 253.06200671195984 139.2124124765396 311.1132731437683 157.2711410522461
0 0.0231 542.9713962078094 156.93171286582947 595.1787707805634 177.8358929157257
0 0.0231 63.05775238573551 224.74806010723114 118.70507477223873 243.8753582239151
0 0.0229 0.0 0.0 488.5598723888397 269.19868898391724
0 0.0227 369.1056640148163 109.98041385412216 424.65968012809753 129.14419001340866
0 0.0226 148.26033952832222 158.18588268756866 205.56511017680168 176.55323374271393
0 0.0226 301.3001416325569 158.1676983833313 358.5284816622734 176.5716004371643
0 0.0224 178.27501559257507 262.7963000535965 233.01918268203735 282.33441388607025
0 0.0222 484.07354736328125 71.63389295339584 539.2071175575256 90.99362915754318
0 0.0222 502.33252215385437 390.92113852500916 540.1501114368439 422.01079058647156
0 0.0219 339.87905502319336 129.34174597263336 396.47262239456177 148.02651071548462
0 0.0218 564.0038695335388 385.16869711875916 610.8046875 408.5988357067108
0 0.0216 15.722255229949951 243.66737866401672 70.44753581285477 263.21355414390564
0 0.0211 426.62843656539917 90.79222476482391 481.89682960510254 110.08467721939087
0 0.0210 138.29906156659126 139.21872317790985 196.3750509917736 157.26486682891846
0 0.0208 571.8322763442993 128.14240264892578 610.8046875 149.25075030326843
0 0.0206 582.1246472597122 213.36142086982727 610.8046692609787 236.10347414016724
0 0.0205 130.47624957561493 243.6614327430725 185.19480907917023 263.2189164161682
0 0.0204 477.22771310806274 309.1991608142853 527.1579823493958 331.5726764202118
0 0.0202 34.620471239089966 157.70734548568726 89.78315091133118 177.0455961227417
0 0.0201 148.93497812747955 177.02737534046173 204.9370905160904 195.97045934200287
0 0.0200 195.79624021053314 139.1709323823452 253.63589751720428 157.31435385346413
0 0.0193 418.7038006782532 214.28334867954254 470.82479524612427 235.23480427265167
0 0.0193 187.3079456090927 243.90459537506104 243.07444632053375 262.9687135219574
0 0.0192 301.64298963546753 177.15129125118256 358.2089796066284 195.84264028072357
0 0.0191 582.2209492921829 261.1070748567581 610.8046692609787 283.9826377630234
0 0.0187 416.8681890964508 71.75768803060055 472.5173399448395 90.86711646616459
0 0.0183 73.40964406728745 195.70263755321503 127.53450518846512 215.55621349811554
0 0.0183 235.81104791164398 262.72064459323883 290.2451516389847 282.41192972660065
0 0.0182 369.65112018585205 90.60710781812668 424.1536931991577 110.27428096532822
0 0.0181 25.264446079730988 138.48676845431328 80.02946037054062 158.01854422688484
0 0.0180 282.2063121199608 119.90244144201279 339.37508350610733 138.33685737848282
0 0.0180 254.41111063957214 196.02608835697174 309.8562762737274 215.22546708583832
0 0.0179 525.0991616249084 223.0923035144806 574.9183917045593 245.55391359329224
0 0.0179 400.0014717578888 261.8453904390335 451.31564497947693 283.2993675470352
0 0.0173 34.83253633975983 176.7338182926178 89.58687168359756 196.27149438858032
0 0.0173 562.2403750419617 99.46765172481537 610.8046875 120.54971694946289
0 0.0173 71.94098335504532 119.86040049791336 128.89710599184036 138.38084989786148
0 0.0170 439.4528396129608 375.7903747558594 488.4845817089081 398.8539819717407
0 0.0168 429.936484336853 289.69449734687805 478.8808250427246 312.82474994659424
0 0.0165 244.8796899318695 243.8193644285202 300.2662353515625 263.056716799736
0 0.0165 45.175146639347076 291.1004705429077 98.42956870794296 311.41283082962036
0 0.0164 550.293870806694 578.298228263855 610.8047057390213 610.8046875
0 0.0163 564.229942202568 413.6655993461609 610.8047057390213 437.47365045547485
0 0.0161 430.0593423843384 327.8478670120239 478.77233934402466 351.1701765060425
0 0.0160 130.54667043685913 195.81796288490295 185.12913036346436 215.43851709365845
0 0.0157 564.0748375654221 356.41958570480347 610.8047057390213 379.9716339111328
0 0.0155 224.52589058876038 120.02720546722412 282.2845666408539 138.20831787586212
0 0.0151 362.9456169605255 375.7979621887207 411.9905641078949 398.8467593193054
0 0.0148 16.07473799586296 205.24365198612213 70.1229405105114 225.14034497737885
0 0.0147 197.90109622478485 195.61695063114166 251.68133103847504 215.64412558078766
0 0.0146 582.3039733171463 289.74097949266434 610.8046692609787 312.7241708636284
0 0.0139 292.31518936157227 100.54584234952927 348.4294352531433 119.45022314786911
0 0.0139 179.6099113225937 290.79919838905334 231.7913500070572 311.71848034858704
0 0.0138 484.33359932899475 52.38493600487709 538.9671285152435 71.99505749344826
0 0.0137 463.9334363937378 400.79406666755676 502.0371594429016 431.29029393196106
0 0.0136 276.8426263332367 375.8294792175293 325.963849067688 398.81560707092285
0 0.0136 530.7717525959015 247.9915405511856 569.0663287639618 278.11058485507965
0 0.0133 128.81525838375092 120.06106621026993 186.73950827121735 138.17328983545303
0 0.0133 382.066349029541 347.1100974082947 431.1201238632202 370.159113407135
0 0.0133 536.2173771858215 346.5860538482666 563.0882706642151 389.87352561950684
0 0.0130 254.80664205551147 214.96632707118988 309.49058389663696 234.53935039043427
0 0.0129 312.13407468795776 81.10896420478821 366.9107437133789 100.64543652534485
0 0.0128 168.8220409154892 224.48266410827637 223.3582466840744 244.14739322662354
0 0.0128 407.2525041103363 52.654946476221085 463.00452303886414 71.71900078654289
0 0.0127 581.9464702606201 70.03650806844234 610.8046875 92.5524020344019
0 0.0125 311.87945795059204 195.98014426231384 367.14566230773926 215.27192187309265
0 0.0125 340.9757308959961 262.72927165031433 395.4543013572693 282.4027190208435
0 0.0123 572.39504134655 13.05835497379303 610.8047057390213 34.837739020586014
0 0.0122 371.44963359832764 290.45324063301086 422.5043020248413 312.0674293041229
0 0.0122 582.8209401369095 442.35568928718567 610.8046692609787 466.1068346500397
0 0.0122 45.449981331825256 319.63895773887634 98.17815291881561 340.25102162361145
0 0.0121 246.55304718017578 290.8000738620758 298.72281289100647 311.7182614803314
0 0.0116 382.1045415401459 318.3956036567688 431.0857980251312 341.4986071586609
0 0.0116 62.93246626853943 100.49758189916611 118.81974577903748 119.5003986954689
0 0.0116 582.685661315918 327.71304416656494 610.8046875 351.2507929801941
0 0.0115 234.4868037700653 100.73937660455704 291.47590255737305 119.25118070840836
0 0.0114 361.3308069705963 214.27464866638184 413.44968581199646 235.2424099445343
0 0.0112 229.0056130886078 366.28667736053467 278.1728711128235 389.2337737083435
0 0.0112 180.1285926103592 319.18495202064514 231.3186310529709 340.71057200431824
0 0.0111 572.4021363258362 41.74194270372391 610.8046875 63.52924704551697
0 0.0111 103.1115528345108 309.9260952472687 155.28923428058624 330.84202122688293
0 0.0109 350.54753279685974 61.91195882856846 405.0083019733429 81.59506832063198
0 0.0109 525.5594780445099 318.38079357147217 574.5081961154938 341.5131254196167
0 0.0108 254.10615420341492 81.40450930595398 310.14098739624023 100.34230399131775
0 0.0108 506.7582936286926 423.2985019683838 555.0998711585999 446.96560192108154
0 0.0108 276.39424735307693 347.46284008026123 326.3644053339958 369.80892419815063
0 0.0107 302.7745020389557 243.57906532287598 357.1596887111664 263.3031442165375
0 0.0106 582.3885841369629 519.1796507835388 610.8046875 542.2851347923279
0 0.0104 257.7238549590111 404.50647354125977 306.83455377817154 427.5128102302551
0 0.0104 45.81467968225479 348.1275794506073 97.84386813640594 369.1403911113739
0 0.0101 292.95079189538956 62.01228940486908 347.839357316494 81.4916279911995
0 0.0101 7.538903385400772 109.0824065208435 59.61678546667099 130.0608011484146
0 0.0100 582.726224899292 471.11738562583923 610.8046875 494.72086787223816
