0 0.1514 386.4935338497162 -50.35089002922177 433.8131844997406 -35.54855985566974
0 0.1410 386.3641321659088 -34.671977162361145 433.93322825431824 -19.97867226600647
0 0.1355 394.6818709373474 19.8136493563652 441.2742257118225 34.91748124361038
0 0.1354 394.2610025405884 -19.08053085207939 441.6670799255371 -4.319082945585251
0 0.1260 394.49530839920044 4.264287650585175 441.44827127456665 19.21432465314865
0 0.1210 394.986629486084 35.31103581190109 440.9904479980469 50.67408829927444
0 0.1071 466.89438819885254 -27.965363115072247 499.0234375 -11.03406026959419
0 0.0988 466.90309047698975 18.90645921230316 499.0234375 35.84441542625427
0 0.0970 466.808021068573 -4.481524229049683 499.0234375 12.356370687484741
0 0.0950 458.7829113006592 -51.24775320291519 499.0234375 -34.6296988427639
0 0.0879 467.16052293777466 42.203821241855614 499.0234375 59.42433327436447
0 0.0842 395.78893780708313 50.57381093502044 440.2463734149933 66.67087972164154
0 0.0823 340.3518497943878 -58.468280360102646 386.2555921077728 -43.04702393710613
0 0.0806 194.64319944381714 2.5663897395133968 235.31559109687805 20.939446985721588
0 0.0626 348.25628995895386 19.624657928943634 393.9806818962097 35.11246293783187
0 0.0601 340.1690423488617 -42.757026851177216 386.4235579967499 -27.509231120347973
0 0.0600 348.0583429336548 4.082910716533662 394.1652178764343 19.401393830776215
0 0.0581 348.74963760375977 35.027459263801575 393.52309703826904 50.96557736396789
0 0.0581 387.9382312297821 -62.5 432.5436055660248 -50.268376246094704
0 0.0578 459.69294011592865 65.44166803359985 499.0234524011612 83.0637514591217
0 0.0573 194.2538022994995 -20.61055228114128 235.66582798957825 -2.7583427727222447
0 0.0573 348.21659326553345 -11.61029189825058 394.01811361312866 3.8465559482574463
0 0.0506 194.6256309747696 26.017621159553524 235.33101379871368 44.36346888542175
0 0.0502 146.82789146900177 -4.656657576560974 189.29199874401093 12.535139918327332
0 0.0486 340.58260917663574 -27.311228215694424 386.03925704956055 -11.699914932250977
0 0.0389 147.35758304595947 18.46638321876526 188.8098120689392 36.28981113433838
0 0.0389 404.64064478874207 73.46673309803008 447.1046030521393 90.66154062747955
0 0.0351 349.74801540374756 57.96105787158012 392.6035761833191 74.9165304005146
0 0.0350 467.9166227579117 88.62020075321198 499.0234225988388 106.76147043704987
0 0.0314 146.62477374076843 -27.980729937553402 189.47771191596985 -11.017166078090668
0 0.0305 448.74407351017 113.15377056598663 499.0234225988388 152.146115899086
0 0.0303 238.24071884155273 -0.36099739372730255 269.68926191329956 23.947255685925484
0 0.0261 396.2920606136322 97.1929132938385 439.78384137153625 113.80591988563538
0 0.0259 294.80859637260437 -59.095486998558044 338.1480276584625 -42.40455478429794
0 0.0254 303.72148752212524 18.397703766822815 344.9559807777405 36.35929524898529
0 0.0254 0.0 171.78583145141602 499.0234375 436.5234375
0 0.0251 302.9945194721222 -12.418523430824278 345.6173837184906 4.67199832201004
0 0.0230 241.43359065055847 26.059329509735107 282.26712346076965 44.32125389575958
0 0.0229 0.0 -62.499999999999986 399.15022253990173 157.43356943130493
0 0.0227 303.9286136627197 41.693076491355896 344.7704315185547 59.93826687335968
0 0.0202 358.1921458244324 81.02837204933167 399.8410701751709 98.72719645500183
0 0.0201 241.16429686546326 -20.63179761171341 282.5084626674652 -2.7368366718292236
0 0.0195 459.7080796957016 159.17889773845673 499.0234524011612 176.82607471942902
0 0.0193 325.8945643901825 105.04996776580809 369.54930424690247 121.57320976257324
0 0.0190 254.2828619480133 233.14398527145383 284.9312126636505 259.1152787208557
0 0.0184 295.0488030910492 -35.78129783272743 337.9265367984772 -18.84101703763008
0 0.0182 303.6413788795471 65.31956791877747 345.029354095459 83.18665623664856
0 0.0180 185.81068515777588 -43.6739781871438 228.42726111412048 -26.57302375882864
0 0.0179 396.41880989074707 120.56694924831389 439.666748046875 137.30843365192413
0 0.0176 194.30707395076752 49.665551632642746 235.61818897724152 67.59031489491461
0 0.0174 246.5071976184845 201.80758833885193 277.0855128765106 227.94434428215027
0 0.0165 234.30228978395462 181.8020716309547 273.8485857844353 201.07456296682358
0 0.0164 146.68381214141846 -59.2653788626194 189.42415714263916 -42.23240911960601
0 0.0163 160.13747453689575 38.660403341054916 191.54402613639832 63.04711475968361
0 0.0161 256.8138837814331 49.65455830097198 298.11346530914307 67.60036945343018
0 0.0160 269.5173919200897 -0.4093330353498459 300.9142577648163 23.991165682673454
0 0.0158 285.3734791278839 233.50682854652405 316.3253366947174 258.7839066982269
0 0.0154 446.02489471435547 26.9530788064003 467.7044749259949 59.56513434648514
0 0.0149 194.96317207813263 182.02060461044312 235.0303679704666 200.85865259170532
0 0.0148 277.65145897865295 202.0619511604309 308.4300458431244 227.7117371559143
0 0.0145 342.0775234699249 128.19252908229828 384.66164469718933 145.31071484088898
0 0.0144 249.71450120210648 260.0899338722229 289.6627113223076 279.03789281845087
0 0.0144 404.4891595840454 143.86306703090668 447.243332862854 160.88901460170746
0 0.0142 272.5423574447632 174.59987848997116 313.64238262176514 192.65694171190262
0 0.0141 215.13444185256958 202.0931839942932 245.94619870185852 227.68324613571167
0 0.0135 222.89346903562546 233.45914483070374 253.80755215883255 258.82741808891296
0 0.0135 295.0904369354248 120.44329941272734 337.8889560699463 137.43431866168976
0 0.0135 467.71468222141266 182.50003457069397 499.0234225988388 200.38118958473206
0 0.0130 264.1213536262512 151.5340507030487 306.3824772834778 168.8452959060669
0 0.0129 287.42143511772156 89.10661935806274 329.9467861652374 106.27099871635437
0 0.0123 232.8130230307579 -43.74501202255487 275.1857414841652 -26.501021347939968
0 0.0121 0.0 -60.03519147634506 32.05442428588867 -41.45869240164757
0 0.0121 217.9606556892395 158.90362858772275 258.859783411026 177.10307240486145
0 0.0120 467.81422197818756 205.87247610092163 499.0234225988388 223.8837480545044
0 0.0118 475.75949132442474 423.94763231277466 499.0234524011612 436.5234375
0 0.0117 412.6325249671936 167.1133190393448 454.75345849990845 184.5159977674484
0 0.0114 357.5604557991028 151.70611441135406 400.4172682762146 168.67072880268097
0 0.0114 311.5836977958679 213.67588639259336 352.72401571273804 231.7058742046356
0 0.0112 255.54406642913818 105.070561170578 299.27152395248413 121.5524673461914
0 0.0108 248.1253519654274 73.61078262329102 291.0980209708214 90.51513671875
0 0.0105 183.4513545036316 202.93727517127988 215.09838104248047 226.91503167152405
0 0.0105 0.0 -36.603458225727074 32.049331814050674 -18.015645444393158
0 0.0104 248.118095099926 128.30904126167297 291.10313206911087 145.19286155700684
0 0.0102 113.05372789502144 7.784247398376466 144.86480876803398 31.45790100097656
0 0.0102 107.79919847846031 -43.73718798160553 150.1983441412449 -26.508938521146778
0 0.0102 170.52432894706726 96.75422310829161 212.4936878681183 114.25054073333739
0 0.0101 112.91482672095299 -15.424104407429695 144.99643817543983 7.813038304448127
0 0.0101 194.25220787525177 135.64108312129974 235.6671541929245 153.4901112318039
0 0.0100 365.3636872768402 175.1505434513092 408.23784470558167 192.10150837898254
