0 0.0553 525.3541564941406 28.787723541259776 584.6824645996094 48.269115447998054
0 0.0433 525.7639312744141 48.614440917968764 584.3008422851562 68.44789123535158
0 0.0424 525.554313659668 8.701425552368178 584.4965744018555 28.357702255249038
0 0.0412 597.621898651123 -32.290259838104234 638.7500190734863 -10.628448963165269
0 0.0354 597.8277397155762 -2.4021186828613135 638.7500190734863 19.485145568847667
0 0.0326 587.5497436523438 27.749792098999038 638.75 49.33107948303224
0 0.0307 525.7260894775391 -11.36984252929686 584.3361663818359 8.43158340454103
0 0.0293 597.6239013671875 -62.29373359680174 638.75 -40.625318527221665
0 0.0254 0.0 193.38586425781247 638.75 532.25
0 0.0229 525.5510330200195 -31.292985916137678 584.4985580444336 -11.647237777709949
0 0.0229 0.0 -106.49999999999999 510.9122848510742 175.01496887207034
0 0.0214 464.95758056640625 18.956047058105487 525.0506591796875 38.0964813232422
0 0.0206 526.4292144775391 68.31229782104494 583.6842346191406 88.75770187377931
0 0.0206 608.3152770996094 -93.10339832305907 638.75 -69.8708047866821
0 0.0199 465.2894592285156 -1.1816825866699086 524.7417449951172 18.23827362060548
0 0.0197 465.06031036376953 38.916979789733894 524.9541854858398 58.13734149932863
0 0.0194 588.2305145263672 57.37062072753906 638.75 79.71543884277345
0 0.0157 465.5493927001953 -21.290191650390607 524.4995880126953 -1.649707794189439
0 0.0153 288.1983947753906 37.391272544860854 342.05753326416016 59.694901466369636
0 0.0152 535.7363128662109 -51.374448776245096 594.3267059326172 -31.56370544433592
0 0.0144 337.45861053466797 17.807584762573256 392.7333450317383 39.27391624450684
0 0.0140 227.79918670654297 37.61994457244874 282.42183685302734 59.46378803253174
0 0.0139 465.58948516845703 58.6961898803711 524.4614028930664 78.36499786376955
0 0.0135 178.79165649414062 57.027717590332045 231.5188980102539 80.06082153320312
0 0.0133 297.1584987640381 -2.037319183349595 353.0094242095947 19.11597824096681
0 0.0128 396.3887023925781 18.3385524749756 453.7199401855469 38.73215293884279
0 0.0128 376.3972473144531 -1.6654052734374858 433.7120819091797 18.736206054687514
0 0.0127 258.3520698547363 67.29989624023439 311.917667388916 89.78700256347656
0 0.0123 608.9982604980469 516.1331901550293 638.75 532.2500190734863
0 0.0122 237.08175659179688 -2.0003643035888534 293.0805969238281 19.07797431945802
0 0.0116 406.4984893798828 38.28847026824952 463.6180114746094 58.78370380401612
0 0.0114 348.0770492553711 47.46574020385743 402.16732025146484 69.62028121948242
0 0.0109 199.11489486694336 86.8095169067383 251.22838973999023 110.27867889404297
0 0.0106 177.5567626953125 17.754732131958022 232.64339447021484 39.32751274108888
0 0.0105 326.42852783203125 -21.680387496948228 383.68316650390625 -1.2485065460204947
0 0.0103 405.7180404663086 -21.360210418701154 464.34215545654297 -1.577152252197252
0 0.0102 506.38519287109375 88.33713150024415 563.7239837646484 108.73305892944336
