0 0.7164 306.5704295635223 132.48315453529358 377.2550413608551 171.09385132789612
0 0.6558 72.0025154054165 129.03992831707 144.13108697533607 164.3816977739334
0 0.4932 65.84796702861786 78.47880572080612 136.18040478229523 100.40333122015
0 0.4901 295.3154335021972 82.60153979063034 360.28258895874023 104.58265990018845
0 0.2609 317.04856848716736 120.9929883480072 365.01653885841364 137.8817856311798
0 0.2169 145.50014233589172 81.44555985927582 169.90183687210083 104.54438626766205
0 0.1954 373.2260653972625 85.48282086849213 397.9723641872406 107.60284960269928
0 0.1739 85.66509580612184 115.10071158409119 134.932626247406 131.4990222454071
0 0.1629 81.15433549880981 159.78018939495087 133.64182806015015 175.48836767673492
0 0.1183 317.30775928497314 272.77958393096924 346.09513378143305 299.61204528808594
0 0.1128 313.73577213287354 167.83763468265533 363.9463076591491 183.60356986522675
0 0.1117 97.36761844158173 188.93787264823914 115.07904922962187 224.4359254837036
0 0.1055 287.2372457981109 286.0523462295532 313.7476632595062 312.56669759750366
