0 0.2347 190.72525024414062 10.098018646240238 411.5412902832031 109.29830551147461
0 0.2249 549.713020324707 72.8629684448242 600.6969833374023 97.22122192382812
0 0.1967 157.7426528930664 179.2666530609131 303.9836120605469 240.66010475158694
0 0.1798 333.0625534057617 244.9141693115234 448.19149017333984 294.5640563964843
0 0.1331 549.1458511352539 103.27877044677734 601.2025833129883 126.80809020996094
0 0.1265 138.81963729858398 73.49548339843749 191.49667739868164 96.59111022949219
0 0.1245 348.4442138671875 213.74681472778317 401.8333435058594 236.3408851623535
0 0.1216 153.0625343322754 124.91418838500975 268.1915092468262 174.56403732299805
0 0.1196 549.4173049926758 43.0917739868164 600.9585189819336 66.99508666992188
0 0.1161 527.600212097168 194.224739074707 582.6050186157227 215.8568572998047
0 0.0999 308.7707996368408 183.54047775268552 361.53788566589355 206.54794692993164
0 0.0959 139.25489902496338 43.18303108215332 191.1089849472046 66.9008731842041
0 0.0930 408.2546615600586 223.8613510131836 462.00557708740234 246.2255859375
0 0.0900 305.00171661376953 209.4417953491211 345.15186309814453 240.73982238769528
0 0.0873 449.4194030761719 273.0928039550781 500.95611572265625 296.99440002441406
0 0.0844 319.37954902648926 293.113784790039 370.99337577819824 316.9725036621094
0 0.0832 527.7311706542969 224.15648460388184 582.4843597412109 245.92659950256345
0 0.0797 279.51584815979004 243.01448822021484 330.87172508239746 267.07126617431635
0 0.0785 367.59952545166016 184.22912597656247 422.6047897338867 205.8530807495117
0 0.0785 405.8401107788086 47.25603103637695 444.41761016845703 82.73996353149413
0 0.0746 270.05237579345703 152.5765037536621 320.400390625 177.50253677368164
0 0.0723 129.55215454101562 102.98357009887695 180.84020614624023 127.10142135620116
0 0.0704 588.0539703369141 203.96759033203125 638.75 226.1166000366211
0 0.0703 467.52288818359375 204.27099227905273 522.6748657226562 225.8106803894043
0 0.0702 339.98252868652344 112.61415481567381 390.4658508300781 137.46301651000974
0 0.0681 139.8282814025879 12.754373550415039 190.59873580932617 37.32640266418457
0 0.0667 458.69354248046875 243.59149932861328 511.60736083984375 266.49700164794916
0 0.0656 77.83990859985352 64.09934520721436 132.38412857055664 85.98499774932861
0 0.0645 328.7440490722656 153.55079650878906 381.5635681152344 176.5365982055664
0 0.0630 538.0179977416992 163.9899444580078 592.2233963012695 186.09428405761716
0 0.0621 370.3375244140625 293.6054229736328 460.15533447265625 336.22406005859375
0 0.0607 268.7112522125244 273.5659027099609 321.5944576263428 296.5205383300781
0 0.0593 235.54744720458984 238.23664665222168 274.6562957763672 271.83934211730957
0 0.0587 290.78365325927734 111.77249908447266 339.7919464111328 138.2761001586914
0 0.0546 548.6479568481445 133.61280441284177 601.650276184082 156.4744758605957
0 0.0544 88.99523735046387 3.3875751495361306 141.3366413116455 26.700277328491207
0 0.0523 477.50221252441406 174.27692413330078 532.6950073242188 195.8038330078125
0 0.0497 504.6708297729492 70.02241134643555 545.4634475708008 100.21310806274413
0 0.0481 110.51509857177734 172.11240768432614 160.0079345703125 197.95217514038086
0 0.0478 78.31023931503296 33.817291259765625 131.95741891860962 56.268310546875
0 0.0474 598.3322906494141 173.80966186523435 638.75 196.27685546875
0 0.0469 588.151683807373 233.91461372375485 638.7500190734863 256.17068290710444
0 0.0459 459.6578598022461 302.91290283203125 510.7443618774414 327.1726989746094
0 0.0457 608.5305786132812 73.26560974121094 638.75 96.76166534423828
0 0.0455 139.19456481933594 -16.754095554351803 191.1587142944336 6.840994358062743
0 0.0440 115.46363830566406 138.46929550170896 154.72837448120117 171.62641525268555
0 0.0417 507.99877166748047 284.00386810302734 562.2402572631836 306.0806655883789
0 0.0410 258.89820098876953 303.4556579589844 311.4232635498047 326.6326904296875
0 0.0393 424.0971374511719 190.91779708862302 466.009521484375 219.40481185913086
0 0.0377 504.67517852783203 100.01737594604492 545.459098815918 130.2176475524902
0 0.0369 78.61474990844727 -26.35855197906494 131.6786766052246 -3.553147315979004
0 0.0365 518.2711791992188 253.84593963623044 571.9918060302734 276.24027252197266
0 0.0361 405.80543518066406 7.4303150177001935 444.4407653808594 42.57946968078613
0 0.0354 330.86788177490234 -18.436040878295895 379.74300384521484 8.467245101928711
0 0.0353 190.61397552490234 -18.03295373916626 239.93247985839844 8.088934421539307
0 0.0348 390.00064849853516 102.5901412963867 440.45177459716797 127.48561859130858
0 0.0346 180.75061798095703 241.8095016479492 229.81952667236328 268.24039459228516
0 0.0340 608.3448791503906 103.37997436523438 638.75 126.6461944580078
0 0.0334 245.87480545043945 -22.96278953552246 284.39836502075195 12.941684722900389
0 0.0327 325.34114837646484 318.75328063964844 364.8386764526367 351.36695861816406
0 0.0326 285.8557415008545 -22.880334854125977 324.41243171691895 12.865695953369139
0 0.0318 84.79717254638672 89.81304168701172 125.34347534179688 120.40279388427736
0 0.0316 115.68240165710449 197.88354873657227 154.53749656677246 232.1629524230957
0 0.0300 387.86521911621094 154.0785026550293 442.3625183105469 176.0050010681152
0 0.0293 608.3594512939453 143.37230682373047 638.75 166.65412902832028
0 0.0292 209.30923461914062 273.160171508789 261.0570526123047 296.9257354736328
0 0.0287 504.7480010986328 39.89107131958008 545.3905487060547 70.33206939697266
0 0.0281 608.7493705749512 43.12570571899413 638.7500190734863 66.90252304077148
0 0.0275 538.8265991210938 13.500232696533203 591.4883422851562 36.587677001953125
0 0.0238 0.0 -66.93004131317139 50.9300422668457 -42.98306465148926
0 0.0229 215.0809669494629 299.29080963134766 255.07802963256836 330.8771133422851
0 0.0217 518.9676666259766 313.4062194824218 571.3613891601562 336.68167114257807
0 0.0215 349.4721221923828 363.0521011352539 400.9095764160156 387.0345687866211
0 0.0210 18.640122413635254 -36.37569427490234 71.65595531463623 -13.53610038757324
0 0.0208 504.6725082397461 130.02016067504883 545.4617691040039 160.2151298522949
0 0.0205 380.2257537841797 -17.601287364959713 430.2545166015625 7.674052715301513
0 0.0204 285.4077625274658 328.60485076904297 324.77816581726074 361.5024948120117
0 0.0197 397.7426528930664 339.2666625976562 543.9835739135742 400.6600952148437
0 0.0196 574.3924140930176 344.83680725097656 638.7499809265137 394.74700927734375
0 0.0196 245.4750633239746 328.44890594482416 284.7174644470215 361.6450881958008
0 0.0191 73.06253433227539 -75.08583068847656 188.19150924682617 -25.43595314025879
0 0.0190 29.08041000366211 -6.666965484619141 81.2593936920166 16.755199432373047
0 0.0186 75.23167371749878 138.97716522216794 114.9398922920227 171.1627960205078
0 0.0184 448.65055084228516 73.61358165740967 501.64745330810547 96.47404193878174
0 0.0183 564.8865509033203 279.65000152587885 605.2599334716797 310.5507278442383
0 0.0182 300.2217769622803 362.4283599853515 350.2528476715088 387.6479339599609
0 0.0181 135.60928344726562 238.08727264404294 174.6007537841797 271.976203918457
0 0.0180 18.802695274353027 63.51531982421874 71.51005268096924 86.57249450683594
0 0.0168 389.1130828857422 418.5731315612793 638.75 558.7500190734863
0 0.0168 0.0 389.9971199035644 320.47874450683594 558.7499809265137
0 0.0166 598.9134216308594 13.447389602661131 638.75 36.64118766784668
0 0.0158 59.28581237792969 173.17703247070312 111.07797622680664 196.90898895263672
0 0.0158 175.36537170410156 298.70323181152344 214.81632232666016 331.4126586914062
0 0.0150 205.56947708129883 338.21136474609375 244.63380813598633 371.8624114990234
0 0.0146 34.89423751831055 29.63547706604004 75.25280952453613 60.563898086547844
0 0.0144 160.29769897460938 272.3461151123047 210.18966674804688 297.72697448730463
0 0.0138 193.0625343322754 -75.08583068847656 308.1915092468262 -25.43595314025879
0 0.0137 445.06492614746094 39.31391716003418 485.09376525878906 70.85612297058105
0 0.0136 448.28380584716797 143.83142471313477 501.98184967041016 166.2537956237793
0 0.0134 608.7481689453125 263.1289291381836 638.75 286.8996047973632
0 0.0134 0.0 29.05019760131836 34.97310400009155 61.096229553222656
0 0.0134 250.24776458740234 362.3997116088867 300.2313232421875 387.6753616333008
0 0.0133 28.776826858520508 93.53269577026367 81.53327941894531 116.55515670776366
0 0.0128 589.7018241882324 312.87559509277344 638.7500190734863 337.20924377441406
0 0.0125 448.58516693115234 103.65667343139647 501.7061996459961 126.43106460571289
0 0.0123 75.22683143615723 198.98687362670898 114.94437217712402 231.15392684936523
0 0.0122 512.6921272277832 -80.0 638.7499809265137 -10.150761604309086
