0 0.0326 25.970726013183594 225.52670288085938 84.10796165466309 245.53875732421878
0 0.0280 16.493539810180664 205.28778839111328 73.62334251403809 225.78385162353516
0 0.0254 0.0 190.38586425781244 638.75 529.2499999999999
0 0.0246 25.849342346191406 245.5813674926758 84.22041893005371 265.4827194213867
0 0.0229 85.5722427368164 215.7002716064453 144.4782829284668 235.36015319824222
0 0.0229 0.0 -109.49999999999999 510.9122848510742 172.0149688720703
0 0.0198 26.391239166259766 185.3337173461914 83.71850967407227 205.7364349365234
0 0.0194 85.37178993225098 235.78575897216794 144.66465950012207 255.27222442626953
0 0.0186 85.81476211547852 195.59491920471194 144.25294876098633 215.46848106384277
0 0.0159 145.55065155029297 215.70694732666016 204.49901580810547 235.3527908325195
0 0.0157 417.93724060058594 114.54268264770508 472.2956085205078 136.5420036315918
0 0.0153 86.06908798217773 175.48098373413086 144.01710510253906 195.58535385131836
0 0.0145 16.436338424682617 265.31773376464844 73.675537109375 285.7537536621094
0 0.0140 427.9497528076172 84.53329849243165 482.2846984863281 106.55115890502931
0 0.0133 145.8205223083496 195.589750289917 204.2482566833496 215.47334480285642
0 0.0131 368.3604431152344 94.29293441772462 421.9104766845703 116.79373550415039
0 0.0130 86.41321182250977 155.32181549072266 143.69855880737305 175.7483367919922
0 0.0130 26.721019744873047 155.17720031738278 83.41352462768555 175.89661407470703
0 0.0125 417.83153533935547 144.600341796875 472.39261627197266 166.48339080810547
0 0.0122 358.28495025634766 124.33777618408203 411.97925567626953 146.74847412109372
0 0.0118 206.1157989501953 215.45956420898438 263.9738464355469 235.6072692871094
0 0.0114 146.14221572875977 175.4462890625 203.94968032836914 195.62065887451175
0 0.0114 145.4676628112793 235.7431869506836 204.5759391784668 255.31563568115232
0 0.0114 608.3813667297363 193.85987091064453 638.7499809265137 217.16683197021484
0 0.0112 512.6921272277832 -109.49999999999999 638.7499809265137 -39.650761604309075
0 0.0112 206.2557601928711 195.39459991455078 263.8444137573242 215.67372131347656
0 0.0111 608.1096076965332 164.02031707763675 638.7499809265137 187.0041732788086
0 0.0110 357.94189453125 154.53627395629883 412.29217529296875 176.54791641235352
0 0.0106 146.47297382354736 155.29337692260742 203.6433744430542 175.77738571166992
0 0.0106 0.0 493.45181274414057 50.79080581665039 517.6340179443359
0 0.0102 56.833906173706055 135.11994171142578 113.3098316192627 155.95471191406247
0 0.0102 0.0 124.28721237182616 51.89310550689697 146.8002586364746
0 0.0102 206.86229705810547 155.10559844970703 263.28372955322266 175.9692840576172
0 0.0102 0.0 403.9226989746093 51.37255668640137 427.16618347167963
0 0.0100 368.44200134277344 64.24284744262695 421.8365478515625 86.84405136108398
0 0.0100 297.80470848083496 134.61218643188477 352.4178409576416 156.47089767456055
