0 0.0957 26.25844955444336 131.39681243896482 83.84108543395996 151.67208099365234
0 0.0928 45.319862365722656 51.80596256256106 104.71338272094727 71.25106716156007
0 0.0840 26.30798101425171 111.37466812133789 83.79505395889282 131.6949119567871
0 0.0832 26.244802474975586 151.4045181274414 83.8533878326416 171.6644515991211
0 0.0789 35.4946231842041 71.73591995239259 94.54983711242676 91.32393264770508
0 0.0788 25.900919437408447 31.554311752319357 84.17358160018921 51.509717941284194
0 0.0720 105.49245834350586 61.73134231567384 164.55322265625 81.32759475708009
0 0.0698 26.101255416870117 91.47091293334961 83.98619651794434 111.59653091430664
0 0.0667 105.9639310836792 41.526340484619155 164.11510944366455 61.538452148437514
0 0.0620 95.26885032653809 81.82926559448244 154.7603702545166 101.22745895385744
0 0.0572 417.1549987792969 110.96350097656251 473.01292419433594 132.1149673461914
0 0.0558 36.52186393737793 171.27617263793948 93.59672546386719 191.79603958129883
0 0.0547 26.68020248413086 11.191066741943379 83.4526252746582 31.88139343261721
0 0.0536 85.82277297973633 141.59126663208008 144.24554824829102 161.47220993041992
0 0.0499 85.66388130187988 101.66399383544922 144.39229011535645 121.39810943603516
0 0.0489 85.86755752563477 121.57284164428712 144.20364379882812 141.49139785766602
0 0.0484 86.53121948242188 21.264127731323264 143.58989715576172 41.80699729919436
0 0.0382 96.24053955078125 161.40657806396487 153.85730743408203 181.662353515625
0 0.0373 416.83509826660156 81.12236404418947 473.3080291748047 101.95274734497072
0 0.0368 407.584228515625 140.73704147338867 462.6188659667969 162.34497451782227
0 0.0329 17.532739639282227 -19.235101699829077 72.66604423522949 2.316736221313498
0 0.0328 357.3202133178711 100.87488555908205 412.8617477416992 122.20457458496094
0 0.0281 0.0 56.553997039794936 35.47534942626953 86.68445968627933
0 0.0273 155.86114883422852 81.57226943969728 214.2104148864746 101.49132156372072
0 0.0254 0.0 196.38586425781253 638.75 535.25
0 0.0248 145.7405138015747 101.62651443481447 204.32212352752686 121.43581771850587
0 0.0244 166.07200622558594 61.47915267944338 224.01451110839844 81.58714675903322
0 0.0243 347.18963623046875 130.94320678710938 402.9816436767578 152.13518524169922
0 0.0240 357.38563537597656 70.84356689453126 412.8009033203125 92.23692321777345
0 0.0238 0.0 175.97744369506836 35.16838550567627 207.2074165344238
0 0.0234 77.281494140625 -9.102407455444315 132.896728515625 12.18192481994631
0 0.0229 0.0 -103.49999999999997 510.9122848510742 178.01496887207034
0 0.0208 166.11675262451172 41.458896636962905 223.9730453491211 61.60791778564454
0 0.0197 146.14105224609375 21.447490692138693 203.95061492919922 41.61955261230471
0 0.0191 357.39078521728516 160.83897018432617 412.79666900634766 182.24129104614255
0 0.0190 37.65928268432617 200.69666290283203 92.55000114440918 222.38600158691406
0 0.0190 0.0 -50.42587852478025 40.93775272369385 -26.487442016601538
0 0.0189 297.45277404785156 80.8071174621582 352.73948669433594 102.27379226684572
0 0.0188 146.1138916015625 121.46145248413087 203.97537231445312 141.60553359985352
0 0.0178 216.70560836791992 81.18477249145509 273.4277153015137 101.88888931274415
0 0.0171 146.52093887329102 141.27178573608398 203.59872817993164 161.79966354370117
0 0.0164 247.0517921447754 61.011318206787124 303.1089973449707 82.06547164916992
0 0.0164 477.5175094604492 100.77095413208008 532.6804733276367 122.31026077270508
0 0.0159 57.10023880004883 -39.00900459289548 113.06339263916016 -17.913089752197244
0 0.0147 297.6036071777344 110.72655105590822 352.60108947753906 132.3556175231934
0 0.0145 467.66319274902344 130.69279098510742 522.5468444824219 152.38964462280273
0 0.0145 317.45617866516113 50.8041229248047 372.73669242858887 72.2766342163086
0 0.0143 418.07891845703125 170.46261215209958 472.1660614013672 192.62310409545898
0 0.0142 27.700109481811523 230.6709136962891 82.51338005065918 252.41156005859372
0 0.0138 0.0 -90.74301338195798 40.57918071746826 -66.17407417297362
0 0.0135 136.4374542236328 1.3111248016357637 193.67595672607422 21.759389877319354
0 0.0135 396.7426300048828 51.16714382171632 453.3934783935547 71.90697574615479
0 0.0130 0.0 135.6883087158203 25.29621124267578 167.47209930419922
0 0.0127 457.16251373291016 60.95625305175783 513.0067825317383 82.12175750732423
0 0.0126 608.9492607116699 519.1708984375 638.7500190734863 535.25
0 0.0122 298.0228900909424 150.49578094482422 352.2169780731201 172.5897445678711
0 0.0121 97.68301963806152 190.6869354248047 152.52751350402832 212.39637756347656
0 0.0120 512.6921272277832 -103.49999999999996 638.7499809265137 -33.65076160430906
0 0.0118 37.356224060058594 260.85665130615234 92.8285026550293 282.22322845458984
0 0.0117 207.02850341796875 111.02585220336915 263.1298065185547 132.05112838745117
0 0.0116 0.0 15.859378814697287 25.383052825927734 47.31645965576173
0 0.0116 358.0059051513672 190.50251388549805 412.2331237792969 212.58247756958005
0 0.0113 0.0 95.7793655395508 25.34151554107666 127.38924407958984
0 0.0112 347.8453063964844 240.58878326416016 402.3809051513672 262.4944534301757
0 0.0102 116.6108512878418 -28.76803970336912 173.51490020751953 -8.15906143188474
0 0.0101 157.31134414672852 170.88098907470703 212.86954879760742 192.19862365722656
