0 0.2537 239.81037139892578 163.40465927124023 330.67054748535156 204.49028396606448
0 0.2105 188.80727767944336 172.50862503051758 241.50671005249023 195.57865524291992
0 0.1706 189.35558319091797 142.11594009399417 241.01795196533203 165.96832656860352
0 0.1699 209.1806983947754 202.26335906982425 261.169490814209 225.82464599609375
0 0.1488 268.2199764251709 212.87020111083987 322.03972816467285 235.21482849121094
0 0.1472 228.38804244995117 252.77994537353518 281.88459396362305 275.30741119384766
0 0.1363 262.3756790161133 126.60255813598636 328.1548309326172 161.3394584655762
0 0.1254 249.19610977172852 282.2563400268555 301.15488052368164 305.83216094970703
0 0.1105 179.55316543579102 111.98099517822267 230.83967208862305 136.10376739501953
0 0.0946 179.66388702392578 231.90182113647464 230.7403564453125 256.18286514282227
0 0.0878 287.6526641845703 243.19913291931155 342.5563049316406 264.8833408355713
0 0.0870 239.86522674560547 311.7368545532227 290.56365966796875 336.3451614379883
0 0.0759 181.48303985595703 277.69968414306646 248.98944854736328 310.31038665771484
0 0.0672 165.08651733398438 198.28001403808597 205.0728988647461 229.88695526123047
0 0.0668 238.81460189819336 342.50212097167974 291.50049209594727 365.58493041992193
0 0.0605 159.0052032470703 82.38378906250003 211.32705688476562 105.70446395874025
0 0.0585 144.89553451538086 138.63375091552737 185.25152206420898 169.56545257568362
0 0.0585 297.80616760253906 303.11853790283203 352.41493225097656 324.96561431884766
0 0.0574 329.24625396728516 172.215446472168 381.1111831665039 195.8721389770508
0 0.0548 307.41183280944824 273.3286895751953 362.7771472930908 294.7518768310547
0 0.0508 230.46649932861328 101.17620849609378 280.04638671875 126.8916931152344
0 0.0492 606.6590881347656 383.2758941650391 638.75 404.7308959960938
0 0.0484 190.23958206176758 311.4008941650392 240.2396583557129 336.673568725586
0 0.0481 238.47734451293945 372.72581481933594 291.8034553527832 395.3619232177735
0 0.0456 584.4184684753418 364.66005706787115 638.7500190734863 383.38381195068365
0 0.0444 119.43655014038086 112.07905197143556 170.94110488891602 136.00788497924808
0 0.0429 595.5563354492188 344.18913269042974 638.75 363.86816406250006
0 0.0429 297.78968811035156 333.1229629516602 352.4310302734375 354.9603500366211
0 0.0388 324.64500427246094 199.0578498840332 365.48866271972656 229.18102645874026
0 0.0379 607.120532989502 413.0532302856446 638.7499809265137 434.9603500366211
0 0.0366 99.59875106811523 81.95692443847658 150.7970428466797 106.12894439697268
0 0.0364 195.0096321105957 338.4195938110352 235.14520645141602 369.7600021362305
0 0.0351 329.47608947753906 142.04527282714847 380.9068298339844 166.04082489013675
0 0.0347 129.40343856811523 172.1062698364258 180.97000122070312 195.98123931884768
0 0.0341 280.1860809326172 101.45925903320314 330.2840042114258 126.61753082275392
0 0.0332 297.39330291748047 363.33837890625006 352.79415130615234 384.74203491210943
0 0.0324 596.0291862487793 323.9829483032227 638.7500190734863 344.0803756713867
0 0.0316 138.86329174041748 52.47848892211916 191.45477771759033 75.60978317260744
0 0.0308 79.69717025756836 51.87798881530764 130.71048736572266 76.20669746398929
0 0.0287 179.2831802368164 372.1900787353516 231.07799530029297 395.8975067138672
0 0.0277 99.52450752258301 22.01239967346194 150.86310386657715 46.07386970520022
0 0.0258 534.198112487793 344.74977874755865 595.7606887817383 363.292106628418
0 0.0248 49.55219268798828 91.98740386962892 100.83937644958496 116.09812164306643
0 0.0246 474.7935485839844 344.52173614501964 535.2037048339844 363.5286178588868
0 0.0229 0.0 296.02486038208013 510.9126281738281 577.7499809265138
0 0.0225 69.638192653656 121.92337417602542 120.76275110244751 146.16173171997073
0 0.0223 596.5435791015625 303.7483444213868 638.75 324.3213882446289
0 0.0220 158.77007961273193 22.536319732666037 211.5395212173462 45.55143737792971
0 0.0215 347.3832321166992 253.3413162231446 402.80399322509766 274.738639831543
0 0.0214 598.0654716491699 482.96518707275396 638.7500190734863 505.11972808837896
0 0.0213 29.230573177337646 62.22431564331057 81.1257004737854 85.86300277709964
0 0.0208 150.73594570159912 231.30449676513675 178.8674020767212 276.81528472900396
0 0.0208 49.227449893951416 12.223733901977559 101.1290717124939 35.863222122192404
0 0.0206 607.9270935058594 442.625831604004 638.75 465.3972091674805
0 0.0203 485.1021194458008 324.3962707519532 544.9161148071289 343.6579742431641
0 0.0203 229.24705505371094 402.2197570800782 281.1094665527344 425.86851501464844
0 0.0198 513.7978363037109 364.89973449707037 576.1349487304688 383.1368865966797
0 0.0197 575.4707145690918 543.7563171386719 638.7500190734863 577.7500000000001
0 0.0188 415.9978485107422 344.01560211181646 474.0825653076172 364.0503158569336
0 0.0186 219.361572265625 72.13405990600587 271.00791931152344 95.95327758789065
0 0.0182 543.7477493286133 384.9191513061524 606.181526184082 403.11701202392584
0 0.0180 607.7874755859375 272.6992645263672 638.75 295.32171630859375
0 0.0178 357.11578369140625 293.48299407958984 413.04908752441406 314.59505462646484
0 0.0176 324.9726104736328 -60.99999999999998 638.75 108.68856811523439
0 0.0176 445.03345489501953 364.4263305664063 504.9796676635742 383.6273803710938
0 0.0176 357.21580505371094 343.42977905273443 412.95753479003906 364.64888000488287
0 0.0171 99.70643043518066 -8.132816314697244 150.7030200958252 16.216939926147482
0 0.0170 425.91331481933594 324.05275726318365 484.16114807128906 344.01209259033214
0 0.0168 287.95220375061035 393.03602600097656 342.28148460388184 415.04904174804693
0 0.0166 580.3069305419922 508.91203308105474 638.75 539.1726531982422
0 0.0159 125.25333404541016 197.9425277709961 164.91893768310547 230.19434356689456
0 0.0152 425.9266662597656 304.04631042480474 484.14886474609375 324.01861572265625
0 0.0150 574.3924140930176 103.83682632446292 638.7499809265137 153.7470283508301
0 0.0148 0.0 31.90430068969729 50.734195709228516 56.1812438964844
0 0.0146 416.10626220703125 283.9644851684571 473.9825439453125 304.1023483276367
0 0.0143 155.4501724243164 337.4943008422852 194.7411346435547 370.60358428955084
0 0.0142 608.2399749755859 242.44104766845706 638.75 265.5841293334961
0 0.0136 574.3924140930176 163.83682632446292 638.7499809265137 213.7470283508301
0 0.0136 426.5060806274414 263.7757339477539 483.61324310302734 284.29506683349615
0 0.0135 485.7213592529297 304.13355255126953 544.3402099609375 323.92832183837885
0 0.0130 387.5006866455078 233.27825927734378 442.69630432128906 254.8025360107422
0 0.0123 85.11877059936523 148.21335220336917 125.04331588745117 179.94762802124023
0 0.0123 49.130306243896484 -17.710672378540014 101.21660232543945 5.797523498535178
0 0.0122 5.174622535705566 88.10547256469728 44.99129295349121 120.04581832885744
0 0.0117 150.68149089813232 280.8305587768555 178.93242359161377 327.18050384521484
0 0.0116 544.3264389038086 404.70716857910156 605.6390762329102 423.3374633789063
0 0.0115 474.20108795166016 384.7532119750977 535.7566452026367 403.2895126342774
0 0.0114 19.317045211791992 132.1626129150391 71.04840278625488 155.92440032958984
0 0.0113 154.99732494354248 -11.556993484497049 195.1566743850708 19.738744735717795
0 0.0113 447.58705139160156 233.2284202575684 502.6178741455078 254.8525657653809
0 0.0112 329.66678619384766 111.9035568237305 380.7369613647461 136.18166351318362
0 0.0111 28.37749481201172 -57.221046447753885 81.89580917358398 -34.69274616241454
0 0.0109 368.59264373779297 202.64633560180664 421.7006301879883 225.44060134887698
0 0.0108 208.53811264038086 42.68677139282229 261.7486763000488 65.40092849731447
0 0.0107 0.0 2.0487155914306863 50.900893211364746 26.038354873657248
0 0.0106 278.9651584625244 72.41284751892093 331.3626003265381 95.67572975158693
0 0.0106 357.3797607421875 373.3476104736328 412.80609130859375 394.73295593261724
0 0.0104 476.53026580810547 283.76463317871094 533.5907363891602 304.3064727783203
0 0.0100 428.1916809082031 202.88959884643555 482.0648956298828 225.19569778442386
