0 0.2551 54.440457820892334 297.1966552734375 89.14282083511353 333.46343994140625
0 0.2342 59.20779228210449 400.90736389160156 102.24625587463379 424.56909179687494
0 0.2309 210.73970794677734 295.02490997314453 259.17999267578125 315.59314727783203
0 0.2270 591.1993789672852 332.1111297607422 627.8761672973633 371.36497497558594
0 0.2055 312.47124671936035 239.13318634033203 438.0992031097412 273.12564849853516
0 0.2053 306.8976593017578 206.5241241455078 373.96575927734375 227.19261169433594
0 0.1968 129.93918895721436 322.58594512939453 175.5424928665161 343.72318267822266
0 0.1772 377.00225830078125 200.30099868774414 410.9900665283203 228.5685157775879
0 0.1766 87.2457504272461 260.2748107910156 173.51922988891602 327.8489685058594
0 0.1741 589.6455192565918 294.8989486694336 638.7500190734863 313.9766311645508
0 0.1704 129.09151077270508 234.72324371337888 167.03577041625977 268.9570236206054
0 0.1554 416.80755615234375 199.74351882934567 452.4267578125 227.11748123168945
0 0.1515 232.39376068115234 143.1404113769531 272.2885513305664 170.91915130615234
0 0.1451 468.5007095336914 399.805679321289 497.0383071899414 431.96022033691406
0 0.1394 211.89056396484375 264.0334701538086 260.90641021728516 288.32408905029297
0 0.1386 592.0723724365234 275.78975677490234 638.75 293.99486541748047
0 0.1386 309.10301208496094 408.19614410400385 337.8990936279297 442.17754364013666
0 0.1220 430.42972564697266 412.60585784912104 477.12093353271484 436.32381439208984
0 0.1153 595.2372360229492 220.7775115966797 633.8437271118164 252.72987365722653
0 0.1098 3.0362415313720703 86.09697341918944 58.453025817871094 183.06573867797852
0 0.1086 338.7033462524414 412.4623489379883 371.0299301147461 443.94748687744135
0 0.1036 221.10990524291992 312.6310729980468 248.52338790893555 355.9442901611328
