0 0.0387 430.7252502441406 146.09801864624023 638.75 245.2983055114746
0 0.0264 511.90391540527344 265.8418426513672 638.75 365.6270751953125
0 0.0229 0.0 293.0248603820801 510.9126281738281 574.7499809265137
0 0.0192 0.0 -63.999999999999986 406.9585418701172 283.1209716796875
0 0.0191 574.3924140930176 460.83680725097656 638.7499809265137 510.74700927734375
0 0.0180 609.7011566162109 518.4134063720703 638.75 543.6097106933594
0 0.0173 574.3924140930176 400.83680725097656 638.7499809265137 450.74700927734375
0 0.0171 379.11476135253906 129.29744338989258 431.2310791015625 152.7890739440918
0 0.0158 319.2509937286377 209.2097053527832 371.10743522644043 232.87753677368164
0 0.0149 574.3924140930176 80.8368263244629 638.7499809265137 130.74702835083008
0 0.0147 379.23484802246094 159.21701049804688 431.12274169921875 182.86969757080078
0 0.0146 608.9903450012207 558.638988494873 638.7499809265137 574.7500190734863
0 0.0141 335.19535064697266 235.0561294555664 374.9728775024414 267.09081268310547
0 0.0139 178.61433029174805 399.63529205322266 231.6804313659668 422.45206451416016
0 0.0137 368.74210357666016 99.54797363281251 421.56620025634766 122.53881072998048
0 0.0137 369.4376754760742 189.07600021362305 420.94058990478516 213.0106315612793
0 0.0136 247.67812728881836 -59.816745758056626 302.5334358215332 -38.10091400146483
0 0.0131 375.24608612060547 224.9582061767578 414.92549896240234 257.18003845214844
0 0.0131 395.47828674316406 334.43929290771484 434.71473693847656 367.6538619995117
0 0.0130 308.72520446777344 179.5659408569336 361.57989501953125 202.52183532714844
0 0.0128 515.6768035888672 113.91362762451172 554.5409393310547 148.1353530883789
0 0.0128 435.43758392333984 114.53191375732422 474.75162506103516 147.56917572021484
0 0.0124 415.2628707885742 374.91674041748047 454.91077423095703 407.2178421020508
0 0.0123 480.8142280578613 -63.999999999999986 638.7499809265137 19.77708435058595
0 0.0123 358.5319137573242 69.6863422393799 411.75525665283203 92.40072822570802
0 0.0121 415.53844451904297 484.2918167114258 454.66114044189453 517.7887496948242
0 0.0121 355.4402160644531 324.52771759033203 394.7491455078125 357.57299041748047
0 0.0118 455.2375793457031 354.97117614746094 494.93385314941406 387.168212890625
0 0.0117 308.1728744506836 89.90352249145509 362.08141326904297 112.18207931518556
0 0.0114 365.2215576171875 265.0068054199219 404.94834899902344 297.1357116699219
0 0.0113 318.39080810546875 119.77532958984375 371.88270568847656 142.3115692138672
0 0.0112 519.1867065429688 379.25565338134766 571.1648559570312 402.8318557739258
0 0.0112 294.91939544677734 235.58675384521484 335.2295684814453 266.60813903808594
0 0.0112 239.30530548095703 399.16627502441406 291.0599136352539 422.920166015625
0 0.0111 318.6117649078369 149.64032745361328 371.6820430755615 172.44752502441406
0 0.0109 389.41795349121094 409.0885696411133 440.95855712890625 432.9978713989258
0 0.0108 375.5472946166992 484.26927185058594 414.65328216552734 517.8093872070312
0 0.0108 399.9154281616211 308.7027893066406 450.51815032958984 333.3796081542969
0 0.0108 325.17005920410156 275.11155700683594 364.9958038330078 307.04026794433594
0 0.0107 258.29824447631836 199.8306999206543 311.9669532775879 222.25574111938477
0 0.0106 415.15716552734375 245.13776397705078 455.00770568847656 277.0164260864258
0 0.0106 475.6101608276367 114.10308456420898 514.598274230957 147.96161270141602
0 0.0105 455.5714797973633 484.20648193359375 494.63199615478516 517.8669128417969
0 0.0103 315.37800788879395 324.6688995361328 354.8054790496826 357.4440155029297
0 0.0102 358.2024383544922 39.88713836669923 412.05421447753906 62.19876861572267
0 0.0101 375.1333999633789 375.1773986816406 415.03047943115234 406.9803771972656
0 0.0100 297.72369384765625 60.15977478027345 352.4913787841797 81.92313766479494
