0 0.0254 0.0 193.38586425781247 638.75 532.25
0 0.0229 0.0 -106.49999999999999 510.9122848510742 175.01496887207034
0 0.0190 517.295036315918 217.8869781494141 572.8850936889648 239.192138671875
0 0.0164 608.2433319091797 216.94188690185544 638.75 240.08367156982422
0 0.0156 517.469482421875 187.79447174072266 572.7250671386719 209.28601837158203
0 0.0146 512.6921272277832 -106.49999999999997 638.7499809265137 -36.65076160430907
0 0.0144 608.2630157470703 186.92947006225586 638.75 210.09616470336914
0 0.0136 608.4313201904297 246.82901000976562 638.75 270.197998046875
0 0.0132 608.2907295227051 136.9122085571289 638.7499809265137 160.11354064941406
0 0.0126 588.170166015625 107.40329360961914 638.75 129.6820411682129
0 0.0124 608.9788055419922 516.1482963562012 638.75 532.2500190734863
0 0.0124 568.355827331543 77.29308700561523 621.9152450561523 99.79316329956055
0 0.0124 527.6749038696289 157.6842269897461 582.5365829467773 179.39797973632812
0 0.0115 537.7118301391602 127.66496276855469 592.502555847168 149.41766357421875
0 0.0113 608.8455009460449 326.5636978149414 638.7500190734863 350.46498870849604
0 0.0109 229.95140075683594 136.16036987304688 280.4890823364258 160.9198913574219
0 0.0107 280.29064178466797 135.8603630065918 330.1942443847656 161.2138328552246
0 0.0105 310.6830883026123 5.346437454223644 338.9304828643799 51.66843986511232
0 0.0101 608.7081146240234 296.6543350219727 638.75 320.3739700317383
