0 0.0254 0.0 193.38586425781247 638.75 532.25
0 0.0229 0.0 -106.49999999999999 510.9122848510742 175.01496887207034
0 0.0213 296.17610931396484 58.43259429931642 353.91788482666016 78.63504028320312
0 0.0197 588.0845832824707 207.45084381103516 638.7499809265137 229.6336898803711
0 0.0193 296.449499130249 78.30720520019531 353.66440773010254 98.76371002197266
0 0.0181 357.061767578125 58.00683593750001 413.09967041015625 79.07014465332033
0 0.0180 316.41953468322754 38.318396568298354 373.6928462982178 58.75175571441652
0 0.0168 608.3355903625488 236.88653564453125 638.7499809265137 260.1397094726563
0 0.0143 256.2334442138672 38.40726470947266 313.86451721191406 58.66117095947267
0 0.0142 236.4745330810547 78.29780197143556 293.6406707763672 98.77376174926759
0 0.0142 608.996753692627 516.1342010498047 638.7499809265137 532.25
0 0.0141 357.21317291259766 87.93031311035158 412.96016693115234 109.14819335937501
0 0.0138 276.65416717529297 98.20998764038087 333.4751510620117 118.86317825317384
0 0.0137 512.6921272277832 -106.49999999999997 638.7499809265137 -36.65076160430907
0 0.0129 609.6739387512207 485.93827819824213 638.7499809265137 511.08544921874994
0 0.0129 588.5469055175781 177.17155075073242 638.75 199.91477584838867
0 0.0122 306.5377426147461 18.261104583740245 363.58386993408203 38.81009674072267
0 0.0121 608.9282989501953 356.508804321289 638.75 380.5201110839844
0 0.0117 417.9740524291992 77.51771545410158 472.2629165649414 99.5666275024414
0 0.0110 357.27027893066406 117.90038681030273 412.90771484375 139.1785774230957
0 0.0108 317.4724578857422 217.7951202392578 372.72178649902344 239.28575134277344
0 0.0107 216.7839813232422 58.1481513977051 273.3550262451172 78.92657852172853
0 0.0106 397.66773223876953 37.68840408325197 452.5430679321289 59.39378356933595
0 0.0103 317.11116790771484 137.9844436645508 373.05355072021484 159.09341430664062
0 0.0103 257.53963470458984 217.7604446411133 312.65987396240234 239.32111358642578
0 0.0101 608.4284782409668 266.8306121826172 638.7500190734863 290.1963195800781
0 0.0100 246.65847778320312 18.20641136169435 303.4715270996094 38.86658287048341
