0 0.0325 459.6210718154907 -46.01507762074469 499.0234375 -28.479823261499387
0 0.0254 0.0 185.28583145141602 499.0234375 450.0234375
0 0.0234 365.5872344970703 297.8984067440033 408.03396701812744 315.10483717918396
0 0.0229 0.0 -48.999999999999986 399.15022253990173 170.93356943130496
0 0.0224 358.2584261894226 274.172777891159 399.78140592575073 291.95773100852966
0 0.0213 475.4981994628906 234.74958038330075 499.0234375 253.2097945213318
0 0.0202 366.6614890098572 383.1567714214325 407.06151723861694 401.72421431541443
0 0.0195 92.43158996105194 297.7339873313904 134.3395709991455 315.270806312561
0 0.0194 475.4902124404907 211.3168785572052 499.0234375 229.7674367427826
0 0.0188 460.65591275691986 382.9732189178467 499.0234524011612 401.9061574935913
0 0.0187 358.58970880508423 250.52189326286313 399.48201179504395 268.73427128791803
0 0.0187 77.25626230239868 274.0135142803192 118.3074563741684 292.11741185188293
0 0.0186 373.81264567375183 -46.09285050630567 415.4699146747589 -28.40143942832945
0 0.0179 475.6739139556885 258.0727586746216 499.0234375 276.7622718811035
0 0.0175 449.58649575710297 423.4658727645874 499.0234524011612 450.0234375
0 0.0175 311.7154836654663 266.1435852050781 352.6068925857544 284.3621621131897
0 0.0173 373.20610880851746 321.44575810432434 416.0231053829193 338.43141293525696
0 0.0168 475.45407712459564 187.90259456634521 499.0234524011612 206.30660152435303
0 0.0165 318.85236501693726 297.81883454322815 361.0308766365051 315.1853630542755
0 0.0158 460.39336919784546 359.72991085052485 499.0234375 378.2758364677429
0 0.0157 45.39769887924194 297.82711958885193 87.60938048362732 315.17677998542786
0 0.0157 448.74407351017 142.27877056598663 499.0234225988388 181.271115899086
0 0.0156 30.217625200748444 274.11892509460444 71.58035784959793 292.0117030143738
0 0.0153 139.31745290756226 297.7260301113128 181.20500445365906 315.2785847187042
0 0.0151 460.51037311553955 312.7614805698394 499.0234375 331.49259781837463
0 0.0146 124.09575283527374 274.0361044406891 165.2146428823471 292.0947024822235
0 0.0146 413.62684965133667 383.0873916149139 453.8566470146179 401.7927000522613
0 0.0145 312.05496191978455 242.46924614906308 352.30252146720886 261.16090512275696
0 0.0144 61.70477718114853 250.52949285507196 102.61573642492294 268.7267909049988
0 0.0141 373.7131655216217 360.21950340270996 415.559858083725 377.7860651016235
0 0.0141 358.65846276283264 227.03918313980103 399.4198739528656 245.34210062026975
0 0.0140 327.12921500205994 -46.212268412113175 368.4212267398834 -28.281373322010026
0 0.0138 100.07153451442719 321.2768683433532 142.30838418006897 338.60256767272944
0 0.0137 350.7052958011627 195.88510936498645 391.73367619514465 213.9964128136635
0 0.0137 460.3583961725235 336.3144347667694 499.0234225988388 354.8160145282745
0 0.0136 448.74407351017 95.40377056598663 499.0234225988388 134.396115899086
0 0.0135 178.11958491802216 313.5063896179199 220.50409018993378 330.7472715377807
0 0.0135 7.156386971473694 250.43624138832092 47.80292510986328 268.82016158103943
0 0.0132 272.33126759529114 281.97928762435913 313.83445858955383 299.77634048461914
0 0.0131 332.098513841629 380.1249215602874 363.33855986595154 404.817993402481
0 0.0130 412.6034080982208 297.81540727615356 454.78054881095886 315.1884326934814
0 0.0123 425.4568815231323 -48.869879335165 457.4567675590515 -25.497948169708238
0 0.0121 405.1203429698944 274.1796622276306 446.6685354709625 291.950608253479
0 0.0121 312.05064058303833 219.0366337299347 352.3060083389282 237.71875596046448
0 0.0121 452.71191000938416 281.50358295440674 492.9000437259674 300.2507338523865
0 0.0120 225.28204321861267 282.0867249965668 267.117440700531 299.6683070659637
0 0.0119 178.66238951683044 281.9287428855896 220.0108766555786 299.82718324661255
0 0.0117 303.74348163604736 195.94158476591107 344.9370265007019 213.9398182034492
0 0.0117 264.72923159599304 258.4083626270294 305.8314025402069 276.4728615283966
0 0.0117 475.56841373443604 -23.107485264539708 499.0234375 -4.5577449500560645
0 0.0115 326.6492187976837 321.2685534954071 368.8569366931915 338.61106133460993
0 0.0113 0.0 297.27807140350336 39.94682431221008 315.72827196121216
0 0.0113 397.2097337245941 196.1190277934074 438.9441907405853 213.76148110628128
0 0.0111 163.25856745243073 258.35036730766296 204.18553054332733 276.5312740802765
0 0.0110 240.61167240142822 305.69728708267206 283.0115556716919 322.93113565444946
0 0.0108 171.54154181480408 375.2006838321686 211.57783269882202 394.05410981178284
0 0.0108 0.0 270.8103010654449 27.43181586265564 295.38809752464294
0 0.0107 405.39100766181946 250.57163333892822 446.4232623577118 268.6845908164978
0 0.0107 53.26463282108307 321.23749947547907 95.37123143672943 338.64235377311707
0 0.0106 108.65627601742744 250.47787523269653 149.42194148898125 268.7784085273742
0 0.0104 334.2988193035126 172.92354500293732 376.8182694911957 190.07993733882904
0 0.0104 405.1244854927063 219.49317550659183 446.6639757156372 237.2626314163208
0 0.0104 448.74407351017 48.52875939011575 499.0234225988388 87.52109727263452
0 0.0103 21.771974861621857 -45.81503698229788 64.3436387181282 -28.68221455812453
0 0.0102 441.25720858573914 193.02122539281845 472.9160964488983 216.95798879861832
