0 0.2095 375.2540969848633 218.8386688232422 434.7732925415039 238.2183990478516
0 0.1912 414.74788665771484 199.04019927978516 475.2462387084961 218.00958251953125
0 0.1830 505.0474548339844 198.91945457458496 564.9668884277344 218.13425636291504
0 0.1639 195.7077980041504 78.64488220214844 254.35152053833008 98.41771697998047
0 0.1631 354.8078918457031 199.01758766174316 415.1898956298828 218.033224105835
0 0.1531 435.43373107910156 218.76214599609372 494.6063995361328 238.29698181152344
0 0.1483 234.9125862121582 98.97578811645508 295.0922203063965 118.07643508911133
0 0.1409 505.0602340698242 178.9110145568848 564.9557876586914 198.14231491088867
0 0.1355 515.807991027832 218.59925842285153 574.258918762207 238.46429443359372
0 0.1350 424.8839569091797 178.9839324951172 485.1197814941406 198.0673370361328
0 0.1350 315.56007385253906 218.70954132080078 374.4886016845703 238.35141754150388
0 0.1344 176.0963249206543 58.47329711914064 233.99072647094727 78.59410858154298
0 0.1304 566.8648529052734 198.10433959960935 623.2814025878906 218.97058105468747
0 0.1229 254.75378036499023 79.0375862121582 315.2407646179199 98.01223373413087
0 0.1174 356.38404846191406 238.3415756225586 413.72406005859375 258.7292251586914
0 0.1168 364.78187561035156 179.0253028869629 425.21484375 198.02470779418942
0 0.1152 176.39915466308594 98.33354568481448 233.7103271484375 118.73725509643556
0 0.1045 137.4155616760254 77.82931900024414 192.77311325073242 99.25166702270508
0 0.1022 254.7763442993164 119.03205490112306 315.2188491821289 138.0186424255371
0 0.0995 234.92446899414062 58.970161437988295 295.0813293457031 78.08206176757814
0 0.0889 515.8008575439453 158.5941276550293 574.267578125 178.46797561645508
0 0.0886 425.4286193847656 158.75846481323242 484.6125793457031 178.29967117309567
0 0.0784 577.4822998046875 167.7819595336914 632.7146148681641 189.29776763916016
0 0.0783 365.21129608154297 158.84921646118164 424.81494903564453 178.20609664916992
0 0.0754 294.6128845214844 99.09000015258789 355.37315368652344 117.95741653442384
0 0.0724 175.9850311279297 38.522110939025886 234.09423828125 58.54376888275147
0 0.0707 296.72057151794434 238.1831130981445 353.412561416626 258.8915786743164
0 0.0685 196.1418914794922 118.45363235473631 253.94824981689453 138.61445999145508
0 0.0674 295.5362033843994 198.7191925048828 354.5109462738037 218.34134674072263
0 0.0641 415.99842071533203 138.51096725463867 474.0830612182617 158.55426406860352
0 0.0634 577.603759765625 227.72454833984375 632.6013946533203 249.35731506347656
0 0.0634 314.9052047729492 118.97529220581056 375.09998321533203 138.07624435424805
0 0.0601 416.35929107666016 238.3523712158203 473.7471389770508 258.7180480957031
0 0.0589 355.5562210083008 138.7042007446289 414.49390411376953 158.35553741455078
0 0.0585 117.49778270721436 47.78482532501222 172.6978349685669 69.29673290252687
0 0.0560 256.56869888305664 218.25418090820312 313.55337142944336 238.81860351562497
0 0.0544 305.1139450073242 178.89430618286133 364.9044418334961 198.16058731079102
0 0.0535 77.59135961532593 77.73004150390626 132.6130509376526 99.35155487060548
0 0.0524 476.0405731201172 138.49094009399414 534.0442657470703 158.57459640502933
0 0.0524 294.938268661499 138.9652214050293 355.06829261779785 158.0872688293457
0 0.0481 17.166728973388672 97.95549011230472 73.00257682800293 119.12278747558594
0 0.0474 537.279052734375 137.88457489013672 592.9022979736328 159.1927490234375
0 0.0466 235.06704330444336 38.91042804718018 294.94890213012695 58.14332103729249
0 0.0451 335.2598190307617 511.86128234863276 374.9692153930664 532.25
0 0.0437 305.0755310058594 158.90870666503906 364.94056701660156 178.1454620361328
0 0.0436 376.15928649902344 118.43806838989258 433.93394470214844 138.6289939880371
0 0.0424 7.345590591430664 127.86557769775392 62.83749580383301 149.21472167968753
0 0.0424 17.659106254577637 67.69551849365234 72.55044460296631 89.38695526123047
0 0.0420 235.86021423339844 138.5802993774414 294.2094039916992 158.48451232910156
0 0.0397 295.272912979126 511.82542419433594 334.95795249938965 532.25
0 0.0396 436.4930725097656 118.28330612182619 493.6248779296875 138.78757095336917
0 0.0393 375.7834243774414 491.05199432373047 414.45438385009766 525.9674606323241
0 0.0374 516.7684555053711 238.15625762939453 573.369255065918 258.9183578491211
0 0.0342 7.28367805480957 157.89998626708984 62.893900871276855 179.18008422851562
0 0.0329 295.1848316192627 58.86048889160157 354.839506149292 78.19455718994142
0 0.0328 137.4269151687622 117.82201385498047 192.7629804611206 139.25885772705078
0 0.0326 315.4275131225586 78.7573585510254 374.6140670776367 98.30051040649414
0 0.0300 77.21737861633301 107.92537307739258 132.95693397521973 129.15275192260742
0 0.0294 255.274658203125 511.8198738098145 294.9565124511719 532.2499809265137
0 0.0289 356.1660385131836 98.4332046508789 413.92818450927734 118.6336669921875
0 0.0287 598.7712097167969 137.0323143005371 638.75 160.0549659729004
0 0.0283 609.5138549804688 406.07144927978516 638.75 430.9544143676758
0 0.0266 236.57297134399414 198.24967956542972 293.5500144958496 218.82276153564456
0 0.0263 496.7770004272461 118.1445083618164 553.363151550293 138.92903900146484
0 0.0261 197.5429916381836 217.7619323730469 252.65605926513672 239.32015991210938
0 0.0258 57.81984329223633 37.60521030426026 112.40367889404297 59.47817897796632
0 0.0254 0.0 193.38586425781247 638.75 532.25
0 0.0253 415.6704330444336 481.43830871582037 454.54586029052734 515.6126556396484
0 0.0250 246.13086700439453 158.45811462402344 303.9585876464844 178.60974884033203
0 0.0244 166.46738052368164 18.297325134277358 223.6482048034668 38.77357101440431
0 0.0239 419.4940948486328 516.014190673828 470.99639892578125 532.25
0 0.0235 609.0472412109375 376.4264450073242 638.75 400.6024703979492
0 0.0229 0.0 -106.49999999999999 510.9122848510742 175.01496887207034
0 0.0228 609.5347595214844 476.0581741333007 638.75 500.9679183959961
0 0.0226 246.3707160949707 178.34657287597656 303.7367057800293 198.72388458251953
0 0.0219 321.09310150146484 484.70784759521484 369.57279205322266 512.3029098510742
0 0.0211 215.26161193847656 511.8550834655761 254.96780395507812 532.2500190734862
0 0.0200 0.0 36.81534862518312 51.23541831970215 60.272923469543464
0 0.0199 238.3477783203125 247.30710601806643 291.92054748535156 269.78047943115234
0 0.0193 177.5166130065918 147.77686691284183 232.68007278442383 169.30514907836914
0 0.0188 66.74967765808105 138.1604347229004 123.38774681091309 158.91322708129883
0 0.0171 609.2108917236328 436.3039169311523 638.75 460.72393035888666
0 0.0168 225.6816291809082 18.648506164550792 284.3777275085449 38.41252899169923
0 0.0165 569.2554092407227 106.69913864135744 621.1050796508789 130.3870735168457
0 0.0162 417.07542419433594 87.9980812072754 473.08753967285156 109.0787467956543
0 0.0161 608.5851287841797 256.733413696289 638.75 280.29443359375
0 0.0160 608.5409736633301 346.7614517211914 638.7499809265137 370.26624298095703
0 0.0160 608.9927864074707 516.1375007629395 638.7499809265137 532.2499809265137
0 0.0159 295.4862594604492 38.73281574249268 354.55928802490234 58.32585430145265
0 0.0158 107.71599292755127 17.6639804840088 162.4984312057495 39.4188747406006
0 0.0150 159.6898078918457 515.816436767578 210.83124160766602 532.25
0 0.0150 0.0 187.31656646728516 51.93446159362793 209.77094268798828
0 0.0143 479.35821533203125 516.134449005127 531.1141967773438 532.2499809265137
0 0.0142 460.36083221435547 485.79248046874994 510.13416290283203 511.2799224853515
0 0.0138 512.6921272277832 -106.49999999999997 638.7499809265137 -36.65076160430907
0 0.0126 271.11289978027344 484.60897064208984 319.57000732421875 512.3919448852539
0 0.0120 320.09510040283203 356.0436019897461 370.3623580932617 381.03528594970703
0 0.0120 309.3373775482178 264.29002380371094 381.0635471343994 292.85028076171875
0 0.0119 188.11214447021484 177.44336700439453 242.13573455810547 199.64253997802734
0 0.0119 519.7933959960938 406.29895782470703 570.6261444091797 430.78443145751953
0 0.0117 377.0100784301758 68.03212738037111 433.14746856689453 89.04424285888673
0 0.0111 589.6773529052734 76.39493560791017 638.75 100.69013214111328
0 0.0107 390.6368637084961 455.4918060302734 439.9037551879883 481.56961059570307
0 0.0105 66.8808364868164 168.09712982177737 123.2664680480957 188.97805786132812
0 0.0100 509.9190902709961 466.19718170166004 560.5154037475586 490.8848342895508
