0 0.5662 3.2285547256469727 119.82184982299806 53.9138126373291 154.58247756958008
0 0.3570 303.79364013671875 128.3299217224121 368.52943420410156 148.2709083557129
0 0.3304 61.27388000488281 136.5308723449707 128.1731414794922 154.30690383911133
0 0.2600 249.84493255615234 222.7186737060547 405.1308822631836 260.7178649902344
0 0.2589 1.6864395141601562 160.60693359375003 63.52476119995117 177.48155212402344
0 0.2095 145.08745670318604 132.79292678833008 180.42489528656006 170.98121261596677
0 0.1956 29.00820255279541 234.5620880126953 65.31718730926514 264.5154724121094
0 0.1879 0.09222984313964844 233.1502685546875 32.122840881347656 264.2036590576172
0 0.1638 349.462890625 149.0851173400879 402.54600524902344 166.8935356140137
0 0.1282 136.16226196289062 110.4976043701172 179.74042892456055 131.61832427978513
0 0.1097 226.38622283935547 116.37885665893555 324.2778778076172 167.77583694458008
