0 0.0371 162.38864511251447 448.5076069831848 204.97504621744153 465.62087535858154
0 0.0332 163.53285312652588 471.2221622467041 203.93970608711243 489.7838830947876
0 0.0300 278.98627519607544 456.63151144981384 322.7044939994812 473.1166660785675
0 0.0293 209.18768644332886 464.17564153671265 251.91932916641233 481.2024235725403
0 0.0292 70.07548213005066 478.797972202301 109.93316769599913 497.8289008140564
0 0.0254 -62.499999999999986 234.28583145141602 436.5234375 499.0234375
0 0.0254 116.13984405994414 448.13409447669983 157.53047168254852 465.99724888801575
0 0.0253 124.75238740444183 478.80807518959045 164.629653096199 497.8191554546356
0 0.0241 -24.181969463825226 447.9309320449829 16.632981598377228 466.200053691864
0 0.0236 154.4526144862175 425.1355528831482 197.27624207735062 442.1166181564331
0 0.0230 69.42012906074524 448.0341672897339 110.51517724990845 466.09747409820557
0 0.0229 -62.499999999999986 0.0 336.6502225399017 219.93356943130493
0 0.0227 107.95974731445312 424.9177575111389 150.0524282455444 442.3367381095886
0 0.0213 208.2116901874542 441.23324751853943 252.81831622123718 457.26022124290466
0 0.0206 -8.053198456764221 471.00162506103516 31.808704137802124 490.0020956993103
0 0.0204 249.0386366844177 479.32741045951843 290.2653217315674 497.30393290519714
0 0.0202 202.21990346908566 486.74631118774414 243.41511726379395 499.0234375
0 0.0196 100.3272533416748 401.37186646461487 142.07634329795835 419.00834441185
0 0.0196 -24.09707009792328 424.43299293518066 16.55721664428711 442.82257556915283
0 0.0195 319.71761584281916 471.2652862071991 360.24871468544006 489.7405207157135
0 0.0187 84.66899394989014 370.1440393924713 126.48111581802368 387.73635029792786
0 0.0181 -46.945884823799126 470.86337208747864 -7.403060793876646 490.1382625102997
0 0.0180 30.795261263847348 463.3536636829376 71.06070220470427 482.0268452167511
0 0.0179 -62.499999999999986 428.63914370536804 -35.30995734035968 454.26085591316223
0 0.0173 255.08609414100647 441.2311017513275 299.6944487094879 457.2620093822479
0 0.0162 61.570197343826294 424.6196746826172 102.73677110671997 442.63672828674316
0 0.0158 -0.6254687905311584 369.7262406349182 39.96320813894272 388.15492391586304
0 0.0152 22.670820355415344 440.13524055480957 63.52756917476653 458.37104320526123
0 0.0150 100.37365555763245 346.6561734676361 142.03420281410217 364.34927582740784
0 0.0148 35.131633281707764 483.6122989654541 66.58756732940674 499.0234375
0 0.0147 387.0864957571029 472.4658727645874 436.52345240116114 499.0234375
0 0.0145 108.10685157775879 315.4545724391937 149.91870522499084 333.05057883262634
0 0.0143 -62.499999999999986 397.34774827957153 -35.3262573480606 423.0486750602722
0 0.0143 -8.35508108139038 400.91654658317566 32.076746225357056 419.46420073509216
0 0.0142 146.84107899665833 401.58557891845703 189.28003311157227 418.7929630279541
0 0.0140 131.58003985881805 370.12365460395813 173.3230501413345 387.7570927143097
0 0.0138 53.920358419418335 401.0758101940155 94.77740526199341 419.30583119392395
0 0.0136 412.59837150573725 369.93056535720825 436.5234375 387.901246547699
0 0.0128 170.6261858344078 307.63229727745056 212.40071207284927 325.24821162223816
0 0.0128 170.1875329017639 354.7605574131012 212.80103921890256 371.8671500682831
0 0.0126 326.1840045452118 448.6526548862457 369.28245425224304 465.4736816883087
0 0.0122 200.88297128677368 417.5572693347931 244.55970525741577 434.0660274028778
0 0.0121 162.736177444458 331.11411333084106 204.65916395187378 348.64068031311035
0 0.0120 45.77904939651489 354.4130027294159 87.26203441619873 372.2180426120758
0 0.0119 92.35189855098724 292.0931875705719 134.4122439622879 309.5361292362213
0 0.0118 216.7137265205383 308.075487613678 259.9955201148987 324.7995972633362
0 0.0118 338.04072439670557 0.0 436.5234225988388 54.56971749663353
0 0.0113 -62.5 366.12436175346375 -35.316359251737595 391.77438616752625
0 0.0112 412.75185346603394 393.2775557041168 436.52343749999994 411.4304482936859
0 0.0111 162.76019811630246 284.22605991363525 204.6370208263397 301.77903175354004
0 0.0110 42.80117154121399 374.86764788627625 74.49589669704437 398.7397253513336
0 0.0109 177.84496396780014 378.2869279384613 220.7547202706337 395.2151834964752
0 0.0106 412.4951511621475 346.5515971183777 436.5234225988388 364.4041419029236
0 0.0105 139.1279101371765 253.09109687805176 181.37687444686887 270.41304111480713
