0 0.0254 0.0 191.88586425781253 638.75 530.75
0 0.0229 0.0 -107.99999999999997 510.9122848510742 173.51496887207034
0 0.0213 587.9577445983887 56.02650833129885 638.7500190734863 78.05764389038087
0 0.0205 286.88626289367676 96.59472656250001 343.26136589050293 117.4805374145508
0 0.0189 327.02415466308594 76.52793121337892 383.13385009765625 97.54901123046878
0 0.0179 247.30567932128906 76.38512802124025 302.8744888305664 97.69463729858401
0 0.0175 527.2951126098633 56.386653900146506 582.8850936889648 77.69238662719728
0 0.0174 327.1051025390625 116.48646545410159 383.05938720703125 137.5911636352539
0 0.0171 588.4043121337891 85.76539230346683 638.75 108.32131576538087
0 0.0168 247.17580795288086 116.4531059265137 302.99367904663086 137.62559127807617
0 0.0167 286.9109058380127 56.58477020263674 343.2380962371826 77.49110412597659
0 0.0162 367.17029571533203 96.45339202880862 422.99938201904297 117.62488555908206
0 0.0155 287.0289897918701 136.52630996704104 343.1291675567627 157.55078506469727
0 0.0151 487.13062286376953 76.47435379028322 543.0356979370117 97.60365676879886
0 0.0146 407.13958740234375 76.46975708007815 463.0274963378906 97.60832977294925
0 0.0144 367.0124816894531 56.53334808349613 423.1446838378906 77.54340362548831
0 0.0142 598.1116485595703 25.937454223632837 638.75 48.14755630493167
0 0.0134 447.10147857666016 56.48804855346681 503.06278228759766 77.58950424194337
0 0.0128 512.6921272277832 -107.99999999999997 638.7499809265137 -38.150761604309054
0 0.0122 447.2550964355469 96.41066741943362 502.921142578125 117.6685256958008
0 0.0122 247.5690460205078 156.24619674682617 302.63256072998047 177.83585739135742
0 0.0121 228.09724807739258 215.95130157470706 282.14948654174805 238.13445281982425
0 0.0120 18.316059112548828 75.82118225097658 71.95050239562988 98.26552581787111
0 0.0117 207.49195098876953 56.28714752197268 262.70336151123047 77.79421997070315
0 0.0116 407.4783706665039 116.29412841796878 462.7158737182617 137.78708648681643
0 0.0114 247.1463966369629 36.4666910171509 303.0211067199707 57.61151027679446
0 0.0113 197.9819107055664 96.01800155639651 252.254638671875 118.06710433959962
0 0.0112 327.66029357910156 156.19532775878906 382.5492858886719 177.88722229003906
0 0.0112 217.76971817016602 186.13448333740234 272.4492073059082 207.94879150390628
0 0.0112 487.1600341796875 36.45842266082766 543.0088806152344 57.619740486145034
0 0.0111 326.88751220703125 36.59482192993166 383.2600402832031 57.48057556152346
0 0.0111 157.70174026489258 216.1731643676758 212.51115798950195 237.90976715087896
0 0.0110 608.9415740966797 514.6767158508301 638.75 530.7499809265137
0 0.0110 0.0 115.37005615234376 51.3054084777832 138.7184829711914
0 0.0105 0.0 45.34145069122317 51.2670373916626 68.7471265792847
0 0.0101 608.5981559753418 -34.77547454833981 638.7500190734863 -11.196697235107393
0 0.0101 278.158483505249 185.91519546508792 332.0938205718994 208.17082595825195
0 0.0100 527.6133346557617 96.21802520751956 582.5929641723633 117.86372375488284
