0 0.2857 230.72525024414062 246.59803771972656 451.5412902832031 345.7982864379883
0 0.1642 230.72525024414062 126.59801864624025 451.5412902832031 225.79830551147464
0 0.1524 230.72525024414062 366.5980377197266 451.5412902832031 465.7982482910157
0 0.0507 190.72525024414062 486.59803771972656 411.5412902832031 585.7982482910156
0 0.0452 57.864627838134766 191.0871353149414 223.34039688110352 322.38314056396484
0 0.0421 0.0 406.5980377197266 211.54129028320312 505.7982482910157
0 0.0407 457.7426528930664 275.7666530609131 603.9835739135742 337.16010475158686
0 0.0331 310.7252502441406 6.598018646240255 531.5412902832031 105.79829597473146
0 0.0293 148.11857223510742 333.5982360839844 232.60263442993164 399.626220703125
0 0.0275 453.0625534057617 341.41416931152344 568.1914901733398 391.0640563964844
0 0.0271 453.0625534057617 221.41418838500977 568.1914901733398 271.06403732299805
0 0.0236 179.91886138916016 169.19878387451172 230.51532745361328 193.88342285156253
0 0.0222 30.725250244140625 46.59801864624024 251.54129028320312 145.7983055114746
0 0.0220 354.65137481689453 601.3036193847656 466.56055450439453 635.2500000000001
0 0.0219 438.44573974609375 490.2372207641602 491.83387756347656 512.8492202758789
0 0.0216 418.1412887573242 520.4229965209961 472.10994720458984 542.6626052856445
0 0.0215 88.11857223510742 513.5982360839844 172.60263442993164 579.626220703125
0 0.0214 512.8874015808105 566.1266937255859 638.7500190734863 635.2500000000001
0 0.0188 299.66041564941406 609.3900527954102 350.7463836669922 633.6927261352538
0 0.0187 74.6513557434082 601.3036193847656 186.56055450439453 635.2500000000001
0 0.0186 449.1078567504883 459.80867767333984 501.23592376708984 483.2787551879883
0 0.0184 453.0625534057617 401.41416931152344 568.1914901733398 451.0640563964844
0 0.0180 408.1300354003906 550.4326095581055 462.11952209472656 572.6533737182617
0 0.0180 448.11859130859375 153.59826946258545 532.6026153564453 219.62622547149655
0 0.0175 90.01776695251465 169.10448455810547 140.43097496032715 193.97486114501953
0 0.0175 478.0301284790039 520.4842224121094 532.212028503418 542.6002349853516
0 0.0159 467.85499572753906 550.5848541259766 522.3716735839844 572.4986877441406
0 0.0158 395.4484176635742 465.00837707519537 434.74170684814453 498.0907287597656
0 0.0157 498.46214294433594 490.230239868164 551.8183135986328 512.8567352294922
0 0.0148 205.86843490600586 453.7237777709961 244.38848495483398 489.2695083618164
0 0.0147 538.3281707763672 30.78496837615968 638.75 162.656964302063
0 0.0145 208.70471954345703 593.4805908203125 291.9566345214844 635.2499999999999
0 0.0143 508.32408905029297 450.31683349609375 561.9430923461914 472.7699890136719
0 0.0140 438.48899841308594 580.2186813354492 491.79283142089844 602.8690567016602
0 0.0139 574.3924140930176 501.3368072509766 638.7499809265137 551.2470092773438
0 0.0138 574.3924140930176 341.3368072509766 638.7499809265137 391.2470092773438
0 0.0135 150.7343339920044 148.78719234466556 178.86931896209717 194.32816410064697
0 0.0134 465.0156784057617 605.9058990478516 505.13980865478516 635.2500000000001
0 0.0134 574.3924140930176 161.33682632446292 638.7499809265137 211.2470283508301
0 0.0130 259.5729446411133 19.472588539123556 310.8207702636719 43.61292266845705
0 0.0128 574.3924140930176 221.3368263244629 638.7499809265137 271.2470283508301
0 0.0127 0.0 525.2532806396484 76.50456428527832 635.2499999999999
0 0.0125 120.68191528320312 318.3346023559571 148.93190383911133 364.67737579345703
0 0.0125 588.4153938293457 400.2533950805664 638.7499809265137 422.8325881958008
0 0.0123 90.6227970123291 337.91422271728516 119.00303840637207 385.0154342651367
0 0.0121 608.9440727233887 309.49671173095703 638.7500190734863 333.5320510864258
0 0.0118 574.3924140930176 441.33680725097656 638.7499809265137 491.24700927734375
0 0.0110 245.45116424560547 94.98639488220215 284.7407913208008 128.11084175109863
0 0.0108 38.708810806274414 160.07351303100586 91.59536361694336 183.0138053894043
0 0.0105 608.9503479003906 279.49232482910156 638.75 303.53643798828125
0 0.0100 575.2654266357422 -3.4999999999999796 638.75 31.374887466430682
