0 0.2829 558.23486328125 214.37464523315427 612.0232391357422 236.71240615844724
0 0.2381 240.18848419189453 34.335697174072266 330.3018569946289 76.51245880126953
0 0.2249 343.04046630859375 47.04739379882813 407.57781982421875 83.8243179321289
0 0.2196 565.2885055541992 239.37119293212888 604.886360168457 271.7593460083008
0 0.1816 271.5515995025635 79.1147689819336 338.92638206481934 111.88965606689453
0 0.1308 249.22016143798828 3.7334518432617245 301.1346435546875 27.35415267944336
0 0.1308 547.8251266479492 184.59997940063474 602.3994064331055 206.48310470581052
0 0.1268 340.5018997192383 12.61670875549317 390.0209426879883 38.44709205627442
0 0.1211 345.7414245605469 88.1877212524414 384.4892120361328 122.8427963256836
0 0.1108 190.09517669677734 33.04249572753907 240.3624725341797 58.036258697509766
0 0.0842 220.40410995483398 82.74775314331055 270.0976753234863 108.32312393188475
0 0.0767 189.0809440612793 3.833120346069343 241.25883102416992 27.255170822143562
0 0.0709 289.9827194213867 113.13669967651367 340.46112060546875 137.94348526000977
0 0.0704 559.9575424194336 273.1591873168945 610.4829025268555 297.9215316772461
0 0.0626 385.6989288330078 88.33807754516602 424.52308654785156 122.70468521118164
0 0.0587 525.1288986206055 239.68678283691406 565.0345993041992 271.4718322753906
0 0.0545 139.6147346496582 23.44233322143555 190.78336715698242 47.643096923828125
0 0.0543 170.43935775756836 62.70589160919189 220.06898880004883 88.36311626434326
0 0.0478 608.586254119873 233.7338237762451 638.7500190734863 257.29417610168457
0 0.0469 279.64587211608887 183.4140281677246 330.7566547393799 207.67058181762695
0 0.0467 238.12946319580078 -25.566017150878896 292.1198272705078 -3.3478660583496023
0 0.0433 298.7551498413086 -15.951661586761464 351.5524673461914 7.039723873138433
0 0.0394 340.4608154296875 122.68193054199217 390.0511932373047 148.38612365722653
0 0.0390 239.88920211791992 113.21434783935545 290.5431938171387 137.8670196533203
0 0.0386 499.11834716796875 213.810546875 551.2245941162109 237.27814483642578
0 0.0372 178.4235382080078 -25.740711212158192 231.8521499633789 -3.1716938018798744
0 0.0370 229.98407363891602 193.1405143737793 280.458927154541 217.9403190612793
0 0.0356 129.45401668548584 -6.434239864349358 180.92566013336182 17.521043300628666
0 0.0333 279.1176700592041 153.79502105712888 331.228551864624 177.29141998291016
0 0.0322 574.3924140930176 45.33681201934815 638.7499809265137 95.24700450897217
0 0.0313 389.6874237060547 23.38881301879883 440.7184600830078 47.696388244628906
0 0.0307 330.27915954589844 182.8702621459961 380.2043151855469 208.2040863037109
0 0.0306 280.24895668029785 212.89641189575195 330.23070335388184 238.17835617065427
0 0.0296 390.1677703857422 182.979248046875 440.2991485595703 208.0983428955078
0 0.0290 119.53031539916992 53.500898361206055 170.85943222045898 77.58436012268065
0 0.0276 574.3924140930176 -14.663183212280265 638.7499809265137 35.24701881408692
0 0.0273 219.93318557739258 223.17520904541013 270.50512313842773 247.90524291992182
0 0.0266 410.1347351074219 63.008010864257805 460.32798767089844 88.07009506225586
0 0.0264 175.39735794067383 89.11427307128906 214.78899002075195 121.9939498901367
0 0.0254 0.0 220.38586425781247 638.75 559.25
0 0.0236 179.5813751220703 193.46604156494138 230.81329345703125 217.6194076538086
0 0.0231 173.0625343322754 -74.58583068847655 288.1915092468262 -24.93595314025878
0 0.0222 218.96339416503906 163.91375350952146 271.36425018310547 187.17478561401367
0 0.0222 209.06436920166016 253.83408355712888 261.2759017944336 277.25281524658203
0 0.0218 389.9674606323242 153.15748977661133 440.47290802001953 177.92395401000977
0 0.0217 335.35072326660156 149.22644424438477 374.83055114746094 181.89150619506836
0 0.0214 95.01004219055176 19.921997070312504 135.1444911956787 51.25782775878906
0 0.0213 608.3947944641113 193.84932327270508 638.7499809265137 217.17715072631836
0 0.0211 574.3924140930176 105.33682632446289 638.7499809265137 155.24702835083008
0 0.0199 598.9993476867676 -46.109239578247056 638.7499809265137 -22.802078247070302
0 0.0196 238.45630645751953 284.2350463867187 291.82334899902344 306.8520812988281
0 0.0191 269.52484130859375 243.49705505371097 320.8659362792969 267.58717346191406
0 0.0187 119.5796012878418 83.46485900878906 170.81541061401367 107.62024688720703
0 0.0187 390.04505157470703 123.08188247680663 440.40699005126953 147.99715805053708
0 0.0180 175.19987106323242 219.54750823974607 214.9686622619629 251.59867095947263
0 0.0179 335.5742645263672 208.69481849670407 374.6299743652344 242.3775844573974
0 0.0179 358.91529083251953 -16.05500411987304 411.4077377319336 7.1434192657470765
0 0.0175 119.09017562866211 -36.171028137207024 171.25005722045898 -12.740375518798823
0 0.0165 518.6549377441406 344.1092376708984 571.6437530517578 366.97819519042963
0 0.0156 189.3874168395996 123.60136795043944 240.9877586364746 147.48392868041992
0 0.0155 385.4869079589844 208.9172821044922 424.7071838378906 242.17400360107422
0 0.0148 598.7753105163574 -75.96343708038329 638.7500190734863 -52.94828605651854
0 0.0147 504.6185302734375 180.61684417724607 545.5120849609375 210.62756347656247
0 0.0141 614.9089813232422 259.6816711425781 638.75 291.47808837890625
0 0.0139 598.6893463134766 164.08701705932614 638.75 187.00041580200192
0 0.0136 178.6455535888672 284.11846923828125 231.65157318115234 306.9694213867187
0 0.0136 228.42350006103516 314.2549972534179 281.85314178466797 336.8319778442382
0 0.0134 158.87020111083984 163.97229003906247 211.4488983154297 187.11575317382812
0 0.0130 439.40635681152344 163.60253143310544 490.96771240234375 187.484748840332
0 0.0126 514.609260559082 280.6208114624023 555.5221176147461 310.6240158081054
0 0.0125 565.0568389892578 299.82441711425776 605.1017761230469 331.34655761718744
0 0.0123 118.21869373321533 -75.62065792083737 172.0390272140503 -53.29308223724364
0 0.0119 69.51292037963867 -6.483509063720696 120.8743667602539 17.5692253112793
0 0.0118 538.201904296875 154.3758659362793 592.0572662353516 176.7083625793457
0 0.0114 609.4136810302734 363.15178680419916 638.75 387.8750686645507
0 0.0111 608.9493560791016 543.1707267761229 638.75 559.2500190734862
0 0.0109 425.1399230957031 209.6693878173828 465.0239562988281 241.48766326904297
0 0.0107 590.0164031982422 333.1070404052734 638.75 357.97253417968744
0 0.0104 135.18226623535156 109.5863037109375 174.9846076965332 141.5633087158203
0 0.0102 458.02154541015625 334.4928817749023 512.2190093994141 356.5921096801757
