0 0.1690 126.72525024414062 50.098018646240234 347.5412902832031 149.2983055114746
0 0.1261 426.32215118408203 90.44253349304199 455.37084197998047 139.48487281799316
0 0.1188 456.35037994384766 90.43266296386719 485.33582305908203 139.4603729248047
0 0.1185 436.29937744140625 140.50661087036133 465.3994140625 189.46748733520508
0 0.1161 396.3233337402344 90.44023513793945 425.3693542480469 139.48509216308594
0 0.1146 346.31490325927734 60.45858383178711 375.37992095947266 109.48221206665039
0 0.1074 291.7789993286133 16.229548454284668 330.57897186279297 53.689541816711426
0 0.1059 96.2943801879883 80.54203987121582 125.40586090087892 129.4496250152588
0 0.1028 406.2923583984375 140.5496644973755 435.4084167480469 189.44678783416748
0 0.1026 211.64861297607422 16.190223693847656 250.7299575805664 53.72694969177246
0 0.1003 256.42572021484375 0.5751848220825195 285.2431640625 49.28328037261963
0 0.0986 446.3152084350586 190.45827865600586 475.3795394897461 239.48205947875977
0 0.0984 466.33740997314453 140.435471534729 495.35192108154297 189.47278499603271
0 0.0966 186.29821395874023 150.89550018310547 215.40317153930664 199.21279907226562
0 0.0940 341.78582763671875 0.0 380.46144104003906 32.56389379501343
0 0.0928 446.4218292236328 40.54010629653931 475.24774169921875 89.31068181991577
0 0.0915 486.39432525634766 80.47683715820312 515.2815780639648 129.38278198242188
0 0.0914 416.2973175048828 190.51511764526367 445.40208435058594 239.46416854858398
0 0.0896 171.71550369262695 16.195712089538574 210.65375900268555 53.721370697021484
0 0.0894 156.29117584228516 150.79645156860352 185.41131591796875 199.28556442260742
0 0.0890 366.31734466552734 110.44804573059082 395.37686920166016 159.48651313781738
0 0.0877 416.4107666015625 40.51549673080444 445.2613220214844 89.33910608291626
0 0.0869 376.38707733154297 40.47457695007324 405.2905044555664 89.39225196838379
0 0.0867 216.29457092285156 150.85479259490967 245.40746307373047 199.2435121536255
0 0.0865 66.32777786254884 80.43954849243164 95.36386108398439 129.4806671142578
0 0.0845 106.28911590576173 130.5988311767578 135.41272735595703 179.41791534423828
0 0.0817 446.32230377197266 240.44305801391602 475.37068939208984 289.48434829711914
0 0.0812 476.36251068115234 190.43842315673828 505.32079315185547 239.44320678710938
0 0.0809 381.72681427001953 0.0 420.5045852661133 32.33154058456421
0 0.0796 36.37680625915529 90.45352935791016 65.3031406402588 139.41749572753906
0 0.0755 246.287446975708 150.67710399627686 275.4152355194092 199.36813831329346
0 0.0733 496.38658142089844 130.4648780822754 525.2910766601562 179.39922332763672
0 0.0731 76.30548095703126 130.48175811767578 105.39174652099611 179.47725296020508
0 0.0725 456.36460876464844 290.4396438598633 485.3181610107422 339.44007873535156
0 0.0694 476.36415100097656 240.43991088867188 505.3187713623047 289.44042205810547
0 0.0684 336.31982421875 130.44374465942383 365.373779296875 179.4866180419922
0 0.0671 476.4910659790039 30.751500129699707 505.1630172729492 79.0949010848999
0 0.0670 416.31497955322266 240.45297622680664 445.37976837158203 289.4857978820801
0 0.0664 386.3130340576172 190.46125411987305 415.3822479248047 239.48247909545898
0 0.0659 276.30391693115234 150.48892974853516 305.3937301635742 199.4742202758789
0 0.0626 426.3466033935547 290.4290008544922 455.34043884277344 339.46693420410156
0 0.0625 6.469675064086928 90.67695617675781 35.1891384124756 139.1676139831543
0 0.0610 516.4602813720703 70.6409478187561 545.2005920410156 119.20167684555054
0 0.0607 306.3205108642578 150.44315338134766 335.37294006347656 199.48627471923828
0 0.0597 46.3447723388672 140.4315185546875 75.34274673461915 189.46731567382812
0 0.0582 506.40210723876953 180.4914093017578 535.2719650268555 229.36458587646484
0 0.0579 96.36195755004884 30.452232360839844 125.32157516479494 79.43472862243652
0 0.0551 486.40515899658203 290.49617767333984 515.2682266235352 339.3580627441406
0 0.0549 136.46615600585938 0.6849956512451172 165.19357299804688 49.16624069213867
0 0.0531 421.68965911865234 0.0 460.53418731689453 32.210257053375244
0 0.0531 16.415058135986342 140.52101612091064 45.256076812744155 189.33078289031982
0 0.0521 446.4141616821289 340.51563262939453 475.25716400146484 389.33528900146484
0 0.0478 186.2875518798828 340.6397247314453 215.41490173339844 389.3927001953125
0 0.0473 386.33424377441406 240.43020248413086 415.35577392578125 289.47973251342773
0 0.0470 36.440368652343764 40.58596611022949 65.22502517700197 89.25996780395508
0 0.0468 416.39329528808594 340.47420501708984 445.2828369140625 389.3856430053711
0 0.0463 506.4080581665039 230.50334930419922 535.2646408081055 279.3501281738281
0 0.0452 396.35144805908203 290.4298400878906 425.3344497680664 339.4610595703125
0 0.0439 126.2911376953125 180.56657791137695 155.41001892089844 229.43696975708008
0 0.0439 66.40696144104005 30.510005950927734 95.26606178283693 79.34697151184082
0 0.0431 506.5648422241211 21.079955101013184 535.0731430053711 68.79769802093506
0 0.0427 356.32726287841797 180.4351806640625 385.36450958251953 229.48410034179688
0 0.0423 476.4532241821289 340.6175994873047 505.2092514038086 389.2249298095703
0 0.0407 216.28711318969727 340.6767272949219 245.41564559936523 389.3687438964844
0 0.0403 156.2924346923828 330.55126190185547 185.40834045410156 379.44568634033203
0 0.0401 206.28762817382812 200.6325912475586 235.4147491455078 249.39727783203125
0 0.0400 206.28688430786133 280.6458377838135 235.4157600402832 329.3893337249756
0 0.0395 526.4568862915039 120.63013076782227 555.2047500610352 169.21258926391602
0 0.0381 96.30368804931642 180.4860496520996 125.39399719238283 229.47637557983398
0 0.0380 176.29001235961914 280.5750560760498 205.41144943237305 329.43264961242676
0 0.0378 236.28812408447266 210.6044578552246 265.4139862060547 259.4152641296387
0 0.0373 236.2864170074463 290.66473960876465 265.4164180755615 339.37745094299316
0 0.0372 386.4002380371094 350.48606872558594 415.2742919921875 399.3701934814453
0 0.0371 176.28926849365234 200.59154510498047 205.4124984741211 249.42256927490234
0 0.0363 -13.469103813171373 140.92061519622803 15.114480018615737 188.93972873687744
0 0.0359 6.538387298583999 40.95499277114868 35.10535812377931 88.90889883041382
0 0.0358 -23.4060182571411 91.24300956726074 5.037890434265151 138.65893363952637
0 0.0352 146.29176712036133 280.55304527282715 175.40916061401367 329.44519996643066
0 0.0350 126.3004264831543 330.49869537353516 155.39813613891602 379.4716262817383
0 0.0346 266.29266357421875 200.54710388183594 295.4080352783203 249.44812774658203
0 0.0341 356.34114837646484 230.42783737182617 385.3471908569336 279.47370529174805
0 0.0341 66.33225059509279 190.43432235717773 95.35830116271974 239.4792366027832
0 0.0333 36.3849506378174 190.46337127685547 65.29310798645021 239.40204620361328
0 0.0323 286.2981185913086 250.5091667175293 315.4010543823242 299.4672203063965
0 0.0323 286.31673431396484 330.45326232910156 315.3776321411133 379.4837188720703
0 0.0322 116.29869079589844 280.50761222839355 145.40032958984375 329.4676685333252
0 0.0318 246.29656410217285 340.5364227294922 275.40314292907715 389.45091247558594
0 0.0312 366.3485107421875 290.4293441772461 395.33807373046875 339.46460723876953
0 0.0311 146.29287338256836 230.54271697998047 175.40771102905273 279.45079803466797
0 0.0310 316.34263610839844 350.43373107910156 345.34539794921875 399.46815490722656
0 0.0310 386.4801940917969 400.70220947265625 415.17625427246094 449.1393280029297
0 0.0300 6.463428497314467 190.65216064453125 35.196758270263686 239.19086456298828
0 0.0300 316.31944274902344 210.4471778869629 345.3742370605469 259.48476791381836
0 0.0299 -63.38773870468138 111.39300346374512 -34.98397016525267 158.54100227355957
0 0.0299 116.29451370239258 230.53112030029297 145.4056510925293 279.45667266845703
0 0.0292 416.48412322998047 390.7179260253906 445.1714096069336 439.1246032714844
0 0.0291 446.49938201904297 390.77503204345703 475.15279388427734 439.0701675415039
0 0.0290 186.33498764038086 390.43609619140625 215.35491561889648 439.4750213623047
0 0.0290 86.30920028686525 250.46850204467773 115.38707351684572 299.4819450378418
0 0.0289 96.31389236450197 330.45597076416016 125.38119888305665 379.4850540161133
0 0.0287 156.32194137573242 380.44517517089844 185.3711280822754 429.48333740234375
0 0.0284 56.34486770629884 250.4323387145996 85.34265136718751 299.4666862487793
0 0.0272 316.3044128417969 270.4831314086914 345.39308166503906 319.47750091552734
0 0.0270 26.409154891967788 240.5084228515625 55.26331520080568 289.34558868408203
0 0.0264 536.660514831543 1.6726922988891602 564.9575576782227 48.30582618713379
0 0.0259 246.72525024414062 490.09803771972656 467.5412902832031 589.2982482910156
0 0.0256 356.37364959716797 340.44769287109375 385.3069839477539 389.42481994628906
0 0.0250 546.5799102783203 71.1979866027832 574.75 118.70391845703125
0 0.0248 -63.36798334121703 61.51277780532837 -35.00785732269286 108.4412169456482
0 0.0245 356.48030853271484 400.7029724121094 385.17606353759766 449.1387176513672
0 0.0241 66.35123825073244 320.43373107910156 95.33475494384767 369.4587707519531
0 0.0238 -63.396076202392564 161.3457489013672 -34.97386837005614 208.5810089111328
0 0.0235 506.49896240234375 340.77571868896484 535.1533660888672 389.0702438354492
0 0.0234 476.53306579589844 390.91907501220703 505.1117858886719 438.9383316040039
0 0.0225 536.484733581543 170.73028564453125 565.1707229614258 219.11582946777344
0 0.0224 5.856681823730483 612.7189254760742 56.57624816894533 637.3598861694336
0 0.0224 236.6954860687256 602.0135688781738 264.9161014556885 638.7499809265137
0 0.0219 26.455284118652358 290.62644958496094 55.206733703613295 339.21680450439453
0 0.0218 126.3292465209961 380.43453216552734 155.36203002929688 429.48238372802734
0 0.0217 -3.4869232177734233 240.84156036376953 25.136171340942397 289.01134490966797
0 0.0209 -23.356665611267076 41.5570855140686 4.978304862976088 88.39984655380249
0 0.0208 516.4509353637695 280.6113529205322 545.2119979858398 329.231481552124
0 0.0208 56.73530197143556 602.3402214050293 84.86842727661134 638.7500190734863
0 0.0205 391.42606353759766 608.5099792480469 430.76688385009766 638.75
0 0.0196 -23.429483413696275 191.11064910888672 5.066305160522475 238.77140045166016
0 0.0196 36.437831878662124 340.5765151977539 65.22811508178712 389.2689895629883
0 0.0195 206.70201873779297 602.0665168762207 234.90827178955078 638.7499809265137
0 0.0189 304.7046813964844 596.9805908203125 387.9566345214844 638.75
0 0.0188 266.70201873779297 602.0623779296875 294.90819549560547 638.75
0 0.0184 96.33929824829103 380.42930603027344 125.34953689575197 429.47479248046875
0 0.0179 66.38009643554689 370.45848846435547 95.29908752441408 419.4105911254883
0 0.0178 -3.448747634887681 291.0133743286133 25.089708328247085 338.8563919067383
0 0.0172 86.74232101440431 602.4008941650391 114.86003494262697 638.75
0 0.0169 431.39417266845703 608.5891532897949 470.7951126098633 638.7500190734863
0 0.0167 6.531060695648208 340.9158706665039 35.11424875259401 388.9426803588867
0 0.0162 186.4085350036621 440.50262451171875 215.2640495300293 489.3500518798828
0 0.0161 11.451803207397475 578.4918212890625 50.7395420074463 611.6058349609375
0 0.0159 -63.38400030136107 211.41639709472656 -34.988485813140855 258.52161407470703
0 0.0158 556.588550567627 121.58351421356201 574.7499809265137 168.44391345977783
0 0.0158 36.635681152343764 0.0 64.98767471313478 38.42673301696777
0 0.0156 474.7164115905762 554.0319633483887 574.7500190734863 638.7500190734863
0 0.0150 86.95628738403322 1.343836784362793 135.69121932983398 28.66936683654785
0 0.0145 156.40260314941406 430.4920196533203 185.27135467529297 479.36363220214844
0 0.0145 416.55431365966797 441.0194778442383 445.0859603881836 488.84899139404297
0 0.0141 506.570068359375 391.1015319824219 535.0667724609375 438.77777099609375
0 0.0140 -18.421806335449205 8.173584938049316 20.6276092529297 41.89708232879639
0 0.0139 451.8629608154297 447.2563171386719 490.39170837402344 482.73948669433594
0 0.0136 -44.216484069824205 612.7873992919922 6.638790130615249 637.2934722900391
0 0.0136 -63.28475618362425 562.1331405639648 -35.10782384872435 607.9481887817383
0 0.0136 116.74914932250977 602.4656677246094 144.85194778442383 638.75
0 0.0135 36.48976898193361 410.74310302734375 65.16456222534181 459.10186767578125
0 0.0132 326.4732131958008 440.67840576171875 355.1847610473633 489.1627502441406
0 0.0130 66.4307270050049 420.55580139160156 95.23682212829591 469.29054260253906
0 0.0127 176.71168899536133 602.1420288085938 204.89665603637695 638.75
0 0.0127 6.575044155120864 411.1370849609375 35.06084299087526 458.74908447265625
0 0.0125 126.40496826171875 430.4972457885742 155.2684555053711 479.3575668334961
0 0.0125 146.73057174682617 602.3005676269531 174.8741111755371 638.75
0 0.0122 -63.32508230209349 11.807193756103516 -35.05953454971312 58.20290565490723
0 0.0121 -63.36766147613524 271.51607513427734 -35.00823879241942 318.438720703125
0 0.0119 96.40927886962892 430.50559997558594 125.26315307617189 479.34730529785156
0 0.0118 536.482177734375 220.71916580200195 565.1738891601562 269.1259956359863
0 0.0118 371.93639373779297 456.6422653198242 410.36412811279297 493.30623626708984
0 0.0116 -63.36335086822508 321.54327392578125 -35.013441085815415 368.4162902832031
0 0.0114 -63.31427478790282 501.89037322998047 -35.072502136230455 548.1372451782227
0 0.0110 51.62933921813966 568.0460357666016 90.58203315734865 602.0139312744141
0 0.0110 26.58714866638185 461.2007522583008 55.04614448547365 508.6941146850586
0 0.0109 16.65501213073732 521.6380310058594 44.96424293518068 568.3344268798828
0 0.0106 -63.350981712341294 371.6253662109375 -35.02835655212401 418.34930419921875
0 0.0106 -33.3946599960327 241.3036346435547 -4.975890159606919 288.60679626464844
0 0.0103 -23.36932563781737 341.47212982177734 4.9935684204101705 388.4690475463867
0 0.0103 216.37647247314453 390.46314239501953 245.30362701416016 439.41150665283203
0 0.0102 -63.32993173599242 441.7730712890625 -35.05369567871092 488.23036193847656
0 0.0100 -28.7930335998535 569.0329360961914 10.96214866638185 601.111946105957
0 0.0100 465.82330322265625 0.0 516.6910705566406 17.703109979629517
