0 0.0853 324.6249771118164 -100.92036569118497 385.36327362060547 -82.03299963474272
0 0.0799 544.2641448974609 -100.78329050540921 605.7010650634766 -82.17532956600188
0 0.0700 264.67211723327637 -100.93971157073972 325.31949043273926 -82.01316261291502
0 0.0628 384.28539276123047 -100.78980350494383 445.6807327270508 -82.16825628280638
0 0.0607 205.28425216674805 -101.18459606170651 264.7479057312012 -81.75971889495847
0 0.0607 607.0050811767578 -92.39291810989377 638.75 -70.59561872482297
0 0.0509 334.3299865722656 -80.79451465606687 395.6358337402344 -62.16083431243894
0 0.0483 543.8133239746094 -80.60352706909178 606.1197662353516 -62.35922718048094
0 0.0471 474.06627655029297 -100.70887529850005 535.886116027832 -82.25246274471282
0 0.0412 596.1937713623047 -61.585954666137674 638.75 -41.34788894653318
0 0.0355 264.17896270751953 -80.73863530158995 325.7774353027344 -62.219002485275254
0 0.0344 146.67912006378174 -101.80532598495482 203.45290660858154 -81.12174654006957
0 0.0321 403.7339401245117 -80.57308936119077 466.19373321533203 -62.39048981666563
0 0.0313 205.02716064453125 -81.06754088401793 264.9845886230469 -61.878242731094346
0 0.0313 598.7860870361328 17.03124618530275 638.75 40.057292938232436
0 0.0287 607.8308296203613 -32.8206100463867 638.7499809265137 -10.15737915039061
0 0.0285 473.4316635131836 -80.4665651321411 536.4774703979492 -62.50152015686033
0 0.0262 315.1844024658203 -61.134094238281236 374.83863830566406 -41.810001373291
0 0.0254 0.0 193.38586425781247 638.75 532.25
0 0.0247 546.3154983520508 -1.6327323913574077 603.7890243530273 18.70175933837892
0 0.0240 534.5330810546875 -60.87406063079832 595.4463958740234 -42.07877063751219
0 0.0236 609.199047088623 46.31749725341798 638.7500190734863 70.71107482910158
0 0.0229 0.0 -106.49999999999999 510.9122848510742 175.01496887207034
0 0.0201 375.1845932006836 -61.1304416656494 434.8374557495117 -41.81303405761717
0 0.0192 545.6966018676758 -21.35716819763182 604.3635940551758 -1.5814723968505715
0 0.0185 87.41188049316406 -102.17591667175292 142.77814865112305 -80.74422264099118
0 0.0178 254.91451263427734 -61.02261447906492 315.0897979736328 -41.924752235412576
0 0.0175 517.1219253540039 17.981697082519545 573.0430221557617 39.09667587280275
0 0.0174 456.67449951171875 18.201251983642596 513.4561157226562 38.872314453125014
0 0.0161 524.9634170532227 -41.04717397689818 585.0454330444336 -21.90037393569945
0 0.0158 196.15028381347656 -61.54851341247557 253.94004821777344 -41.38302230834959
0 0.0157 609.261474609375 76.26885986328126 638.75 100.7591018676758
0 0.0155 305.8439540863037 -41.41689682006834 364.225549697876 -21.519178390502912
0 0.0155 478.40465545654297 57.26644134521485 531.870231628418 79.82045745849611
0 0.0153 464.21016693115234 -60.747813224792466 525.7475662231445 -42.2089567184448
0 0.0144 218.38424682617188 77.28118515014648 271.8882751464844 99.80598068237305
0 0.0143 455.9326934814453 -1.4578762054443224 514.1436004638672 18.52259254455568
0 0.0141 608.9826774597168 516.145263671875 638.7500190734863 532.25
0 0.0139 27.33267068862915 -102.13542842864987 82.85115957260132 -80.78556919097899
0 0.0136 347.1427917480469 17.97102546691896 403.0238342285156 39.107538223266616
0 0.0132 136.88783645629883 -71.90143013000487 193.25883865356445 -51.02256202697752
0 0.0128 176.14910125732422 8.447204589843764 233.9423370361328 28.62046813964845
0 0.0128 538.9808654785156 46.89237689971925 591.3506317138672 70.1947889328003
0 0.0127 227.10199356079102 37.988434791564956 283.0621910095215 59.08923244476319
0 0.0125 609.6347045898438 485.9728775024414 638.75 511.05161285400385
0 0.0124 511.90391540527344 103.34180450439453 638.75 203.1270751953125
0 0.0121 236.4917755126953 8.28674888610841 293.6254119873047 28.78456687927247
0 0.0117 296.3346481323242 -21.637662887573224 353.7703323364258 -1.2924709320068204
0 0.0115 239.2679786682129 216.70236206054688 291.091251373291 240.38545227050784
0 0.0111 468.3924102783203 87.27401351928712 521.8813323974609 109.81284713745117
0 0.0109 287.45875358581543 27.80456161499024 342.73388862609863 49.27650070190431
0 0.0108 418.116455078125 37.4434576034546 472.1312713623047 59.64286899566651
0 0.0108 76.97548866271973 -61.94820308685301 133.17879676818848 -40.975417137145975
0 0.0108 0.0 216.53108215332028 50.88302135467529 240.55558776855472
0 0.0107 366.3645553588867 -41.64976263046263 423.7422561645508 -21.279741764068586
0 0.0107 176.17088317871094 -11.568292617797836 233.92349243164062 8.635335922241225
0 0.0106 236.03265762329102 -11.501773834228501 294.0506935119629 8.567825317382827
0 0.0106 245.6654930114746 -41.33736038208006 304.39096450805664 -21.600641250610337
0 0.0105 528.4616470336914 77.22442245483398 581.8201065063477 99.86163711547852
0 0.0104 485.54718017578125 -21.2846221923828 544.5005035400391 -1.654552459716782
0 0.0104 278.06300163269043 57.47176742553711 332.1806049346924 79.61387252807619
0 0.0104 356.3469696044922 -11.648458480834947 413.76014709472656 8.71765708923341
0 0.0101 157.20367431640625 -42.06338310241698 212.96855926513672 -20.857986450195302
0 0.0100 0.0 -73.28110241889951 41.11058712005615 -49.63084483146665
