0 0.2006 515.9474945068359 -69.97157573699951 574.1316223144531 -49.96466636657715
0 0.1515 505.6370544433594 -49.82675552368164 564.4178009033203 -30.11187076568603
0 0.1366 455.5952835083008 -69.81680631637573 514.4586563110352 -50.12365579605102
0 0.0885 445.59226989746094 -49.805021286010735 504.45884704589844 -30.133762359619137
0 0.0833 246.02020263671875 -39.99516487121581 304.06200408935547 -19.93877410888672
0 0.0772 506.23584747314453 -30.09248256683349 563.8619613647461 -9.838843345642086
0 0.0710 235.86664199829102 -59.930028915405266 294.2053031921387 -40.00627517700195
0 0.0685 396.33617401123047 -70.1431941986084 453.77010345458984 -49.78767871856689
0 0.0667 246.26493453979492 -20.10567188262939 303.8349723815918 0.17470836639404314
0 0.0532 67.27961540222168 69.3984603881836 122.89847373962402 90.6810188293457
0 0.0502 566.6022109985352 -50.26448249816894 623.5229873657227 -29.662799835205075
0 0.0488 77.85468101501465 99.08983230590819 132.3709011077881 120.99443435668944
0 0.0483 108.99051666259766 138.39239120483398 161.3405418395996 161.6956901550293
0 0.0478 186.09119415283203 -40.02387046813965 243.995361328125 -19.908704757690426
0 0.0464 27.326459884643555 49.37529563903808 82.85513877868652 70.70479393005371
0 0.0457 176.30563735961914 -70.13199090957642 233.79907608032227 -49.7996973991394
0 0.0447 246.48820877075195 -0.2093577384948727 303.6282157897949 20.28097867965698
0 0.0383 27.158222198486328 19.459457397460934 83.0104923248291 40.61868667602539
0 0.0357 446.4579391479492 -30.194549560546875 503.65604400634766 -9.734077453613281
0 0.0356 437.0774459838867 39.50153350830078 493.08460235595703 60.57600021362305
0 0.0350 498.02982330322266 38.990554809570305 552.2108840942383 61.094837188720696
0 0.0333 567.9558563232422 -20.96747398376465 622.2785186767578 1.0523605346679688
0 0.0326 119.27801132202148 168.18914413452148 171.0835838317871 191.89783096313474
0 0.0312 569.0059280395508 18.382482528686523 621.3265609741211 41.70565605163574
0 0.0312 87.00579643249512 39.53678131103515 143.15083503723145 60.539932250976555
0 0.0312 386.3674545288086 -50.15284538269042 443.7399673461914 -29.776897430419922
0 0.0299 486.8242645263672 -10.370433330535887 543.3175659179688 10.445735454559324
0 0.0294 187.07775115966797 -10.49642562866211 243.0838394165039 10.57429313659668
0 0.0280 169.39193725585938 148.1143760681152 220.9803009033203 171.97317123413086
0 0.0280 428.2518005371094 68.86175155639647 482.00843811035156 91.22497558593749
0 0.0279 296.1220932006836 -60.04367589950561 353.9681625366211 -39.889466762542725
0 0.0276 377.39871978759766 39.3399715423584 432.78820037841797 60.74112892150878
0 0.0274 226.70215606689453 19.68632698059082 283.4309387207031 40.38727760314941
0 0.0271 138.60624313354492 108.64549636840819 191.68664932250977 131.44258499145508
0 0.0261 438.88954162597656 108.45949172973631 491.43150329589844 131.62855148315427
0 0.0260 306.02185249328613 -39.99677658081055 364.060697555542 -19.93728637695312
0 0.0256 415.9944152832031 20.016336441040036 474.08592224121094 40.049409866333
0 0.0254 0.0 224.88586425781247 638.75 563.75
0 0.0243 305.90874671936035 -19.947452545166012 364.1658687591553 0.011854171752929861
0 0.0241 569.0631866455078 48.34257125854492 621.2753295898438 71.74537658691405
0 0.0240 18.29583168029785 88.83657455444335 71.96816444396973 111.25051498413086
0 0.0237 286.3730716705322 19.845695495605465 343.7344264984131 40.224800109863274
0 0.0231 368.54434967041016 68.67988109588623 421.74365997314453 91.40743732452393
0 0.0230 27.438478469848633 -10.687074661254881 82.75304794311523 10.767602920532227
0 0.0229 0.0 -75.0 510.9122848510742 206.5149688720703
0 0.0219 305.900182723999 0.05788803100586045 364.17344093322754 20.006656646728512
0 0.0216 48.44902992248535 128.740234375 101.82978630065918 151.3469696044922
0 0.0216 316.94003105163574 39.57118988037109 373.2111072540283 60.5051040649414
0 0.0213 488.5671615600586 68.66827011108398 541.7224502563477 91.41946792602539
0 0.0212 127.45504379272461 79.30892944335938 182.7367401123047 100.77247619628905
0 0.0209 378.9618682861328 98.41056823730469 431.3665008544922 121.67736053466795
0 0.0206 256.9830131530762 39.54995155334472 313.1714057922363 60.52680015563965
0 0.0197 577.3953247070312 -74.99999999999999 632.8830718994141 -58.917225599288926
0 0.0184 169.40946578979492 178.09486389160153 220.96609115600586 201.9916534423828
0 0.0183 196.59900665283203 39.73459243774414 253.52657318115234 60.337696075439446
0 0.0175 499.30614471435547 98.17100524902342 551.0580062866211 121.91612243652342
0 0.0174 429.0220260620117 138.37013244628903 481.3124465942383 161.7177963256836
0 0.0170 307.5164031982422 69.27242279052733 362.6812744140625 90.80890655517577
0 0.0168 608.8891410827637 128.03432464599607 638.7500190734863 151.99443817138672
0 0.0168 58.69701385498047 158.5808753967285 111.60608291625977 181.50640487670898
0 0.0168 620.7348823547363 17.916946411132812 638.7499809265137 62.42715835571289
0 0.0168 166.68939590454102 19.688386917114258 223.44369888305664 40.38443565368652
0 0.0165 365.98106384277344 0.021722316741943706 424.0984344482422 20.043776035308838
0 0.0163 376.3560485839844 -30.152096748352047 433.75160217285156 -9.778494834899902
0 0.0160 426.4247512817383 -10.185661315917969 483.68839263916016 10.255603790283201
0 0.0160 87.16737747192383 9.452610015869139 143.00256729125977 30.625286102294922
0 0.0151 608.7672424316406 98.11513900756835 638.75 121.91331863403319
0 0.0146 198.29519271850586 118.83617401123045 251.96893692016602 141.25080108642578
0 0.0146 27.33255386352539 -40.6293499469757 82.84987449645996 -19.29073214530945
0 0.0144 609.0740776062012 157.9048919677734 638.7500190734863 182.1236419677734
0 0.0141 187.19602584838867 89.44324493408202 242.9749870300293 110.6357192993164
0 0.0141 489.4676971435547 128.04897308349607 540.9148406982422 152.03685760498044
0 0.0140 317.9793167114258 99.01521682739256 372.2579574584961 121.06924057006836
0 0.0139 368.87577056884766 128.46773147583008 421.44405364990234 151.62019729614258
0 0.0139 126.82207107543945 -40.369338989257805 183.31958770751953 -19.555368423461914
0 0.0130 99.65618133544922 327.90397644042963 150.7479476928711 352.1802520751953
0 0.0129 109.34213638305664 288.1427764892578 161.02636337280273 311.9438934326172
0 0.0129 608.7682342529297 238.11332702636716 638.75 261.91497802734375
0 0.0129 608.9701843261719 547.6545524597168 638.75 563.7500190734862
0 0.0128 227.14733123779297 69.46462631225586 283.02059173583984 90.61334609985352
0 0.0125 548.9860153198242 78.39467525482176 601.3447189331055 101.69329166412352
0 0.0121 109.03509140014648 198.35859298706055 161.30123138427734 221.72895431518552
0 0.0121 608.6608123779297 268.1841278076172 638.75 291.84394836425776
0 0.0120 117.14426040649414 -70.536732673645 173.02412033081055 -49.38576698303223
0 0.0118 27.425870895385742 -70.68364620208739 82.7653694152832 -49.23642635345459
0 0.0116 608.9355659484863 208.00025939941403 638.7499809265137 232.02819824218747
0 0.0114 127.10615158081055 -10.512914657592772 183.05816650390625 10.590734481811522
0 0.0113 166.49520874023438 59.7864818572998 223.62194061279297 80.2850818634033
0 0.0110 178.95824432373047 208.41506958007812 231.3693618774414 231.67316436767575
0 0.0105 545.5229187011719 123.32839965820311 584.6751403808594 156.7552947998047
0 0.0103 428.69590759277344 168.58036041259766 481.60736083984375 191.50672912597656
0 0.0101 108.81045818328857 258.5100555419922 161.5031099319458 281.57775878906244
0 0.0100 608.8418769836426 298.0670928955078 638.7499809265137 321.96174621582026
