0 0.1351 105.9153175354004 316.43638610839844 144.4063377380371 353.49693298339844
0 0.1192 91.06380462646486 281.26306533813477 139.59335327148438 308.7513542175293
0 0.1140 145.92842102050778 326.52183532714844 184.38392639160156 363.41773986816406
0 0.1016 105.92227935791016 356.48189544677734 144.394416809082 393.4547805786133
0 0.1014 65.88735103607176 307.08582878112793 104.37971591949463 342.8966999053955
0 0.0895 185.93353271484372 326.5920639038086 224.3718719482422 363.35269927978516
0 0.0870 80.56013107299806 252.06972122192383 129.96904373168945 277.9939079284668
0 0.0860 145.89200973510742 287.09651947021484 184.37345504760742 322.8867721557617
0 0.0784 65.86557388305664 347.1708297729492 104.39661026000975 382.8184127807617
0 0.0760 145.93265533447263 366.58111572265625 184.3738555908203 403.3628845214844
0 0.0731 230.45700073242188 330.6267547607422 259.2045593261719 379.21470642089844
0 0.0671 270.2385711669922 572.4098205566406 320.23895263671875 597.6657104492188
0 0.0654 40.50188064575195 282.12841033935547 90.0186538696289 307.93689727783203
0 0.0621 275.5301666259765 598.3100891113281 314.66873168945307 631.7720794677734
0 0.0621 185.92718124389646 366.5104293823242 224.38634872436523 403.42830657958984
0 0.0580 325.32894134521484 588.7797927856445 364.8498916625976 621.3428115844727
0 0.0580 185.81758499145508 287.4309253692627 224.42697525024414 322.5788402557373
0 0.0576 260.5178070068359 320.8546829223633 289.13032531738276 368.9974594116211
0 0.0556 235.5724430084228 598.1978225708008 274.63179588317865 631.874885559082
0 0.0534 135.64626693725583 248.00579071044922 174.56670761108396 282.05081939697266
0 0.0511 220.38203239440918 572.2626495361328 270.1178455352783 597.8079986572266
0 0.0487 225.81348419189453 287.4370574951172 264.43103790283203 322.57320404052734
0 0.0465 30.00388622283936 252.62123107910156 80.44212818145752 277.4589538574219
0 0.0447 69.78299617767334 222.80460357666016 120.63581943511963 247.2785186767578
0 0.0444 25.570716857910153 308.20170402526855 64.63335037231444 341.8713092803955
0 0.0425 319.97489929199213 562.6417922973633 370.46829223632807 587.4383163452148
0 0.0402 319.3255233764648 622.6626777648926 371.14261627197266 638.7499809265137
0 0.0399 195.0984001159668 618.7512969970703 235.11297225952146 638.75
0 0.0398 230.5088710784912 380.8185577392578 259.14124488830566 429.03106689453125
0 0.0395 250.28915405273438 542.3625946044922 300.19538879394526 567.7117919921875
0 0.0375 290.62488555908203 321.4305114746094 319.0005111694336 368.50250244140625
0 0.0365 105.88760375976561 397.11490631103516 144.3767547607422 432.86983489990234
0 0.0362 260.50727844238276 370.80810546875 289.14314270019526 419.03968811035156
0 0.0345 180.23822784423825 262.41193771362305 230.23887634277344 287.66382217407227
0 0.0344 25.46986579895019 348.4498596191406 64.72323417663574 381.6442108154297
0 0.0339 270.6459426879882 291.9706916809082 319.89833831787104 318.0889701843262
0 0.0328 365.20885467529297 589.0363311767578 404.95967864990234 621.1088562011719
0 0.0316 175.52000045776364 568.3309555053711 214.67817306518555 601.7529678344727
0 0.0307 155.85973739624023 407.24979400634766 194.3959617614746 442.7455520629883
0 0.0302 230.13389587402344 262.5078582763672 280.3289031982422 287.57015228271484
0 0.0290 200.631103515625 411.4824676513672 228.99311065673828 458.4619140625
0 0.0285 319.92885589599604 332.6905059814453 370.50655364990234 357.39158630371094
0 0.0285 65.73354244232178 387.70973205566406 104.49606418609619 422.3225402832031
0 0.0283 120.19966125488283 222.44897842407227 170.2718734741211 247.62781143188477
0 0.0264 155.08502960205078 618.7806701660156 195.1251220703125 638.75
0 0.0261 300.15380859375 532.4903869628906 350.3115844726562 557.5872802734375
0 0.0255 200.49434661865234 542.1529006958008 250.0217819213867 567.9147720336914
0 0.0254 -79.99999999999999 299.8858642578125 558.75 638.75
0 0.0247 258.7265396118164 233.57114791870117 311.5774154663086 256.51750564575195
0 0.0247 135.4449462890625 568.5131072998047 174.7452163696289 601.5863800048828
0 0.0238 199.4919204711914 233.03777694702148 250.8918762207031 257.0488166809082
0 0.0229 69.45060729980469 193.06215286254883 120.92994689941406 217.02383041381836
0 0.0229 95.32949447631835 608.7475395202637 134.85246658325195 638.7500190734863
0 0.0229 290.580825805664 371.16180419921875 319.0538024902344 418.72650146484375
0 0.0229 -79.99999999999999 0.0 430.91228485107416 281.5149688720703
0 0.0227 279.50740814208984 263.02770614624023 330.8777999877929 287.0590019226074
0 0.0226 25.060815811157227 219.3285369873047 65.09688377380371 250.8428192138672
0 0.0224 415.3158569335937 598.8024520874023 454.86236572265625 631.322135925293
0 0.0222 319.63752746582026 302.92816162109375 370.7624816894531 327.15755462646484
0 0.0210 95.35699844360352 568.7127304077148 134.82484817504883 601.4039993286133
0 0.0203 369.0284729003906 323.36734771728516 421.3062286376953 346.7207717895508
0 0.0202 -9.831752777099608 282.47623443603516 40.29928207397461 307.60101318359375
0 0.0200 238.56613159179688 203.67109298706055 291.7228698730469 226.41695022583008
0 0.0193 239.6307277679443 512.9312515258789 290.76889991760254 537.1541976928711
0 0.0190 230.70387840270993 432.0372772216797 258.9058017730713 478.0224609375
0 0.0190 -14.545116424560545 308.48716735839844 24.736518859863278 341.610107421875
0 0.0189 379.28089141845703 563.1754302978516 431.08348846435547 586.9099426269531
0 0.0187 260.66223144531244 421.7038345336914 288.95568847656244 468.28380584716797
0 0.0184 495.47071456909174 604.7563171386719 558.7500190734862 638.75
0 0.0181 325.43693542480463 358.53843688964844 364.75173950195307 391.5631866455078
0 0.0171 349.5570373535156 532.9895401000977 400.8338928222656 557.0967483520508
0 0.0169 55.27035236358642 608.8835906982422 94.90561962127684 638.75
0 0.0166 150.6305885314941 541.9926834106445 199.9101448059082 568.0681991577148
0 0.0165 455.4555511474609 598.4903717041016 494.73541259765625 631.6071319580078
0 0.0163 -14.827814102172852 249.10463333129883 24.994134902954098 281.0466194152832
0 0.0160 217.8977584838867 174.06633377075195 272.3313522338867 196.01831436157227
0 0.0159 25.374660491943356 388.6748504638672 64.80865478515625 421.4385986328125
0 0.0159 178.86621475219727 203.47904205322266 231.4516258239746 226.6095733642578
0 0.0156 -14.651849269866943 348.72913360595703 24.833199977874756 381.38904571533203
0 0.0153 125.15953063964842 189.13686752319336 165.0051498413086 221.0172462463379
0 0.0151 115.77367782592773 437.6108169555664 154.45989608764648 472.41336822509766
0 0.0149 290.6776428222656 421.8219757080078 318.9371490478515 468.1903076171875
0 0.0146 8.91124725341797 193.44715118408203 61.41149520874023 216.64119720458984
0 0.0145 308.13735961914057 213.92683029174805 362.11318969726557 236.15896224975586
0 0.0144 369.3833923339844 353.1182861328125 420.98838806152344 376.968994140625
0 0.0144 367.0122528076172 144.53317642211914 423.1449890136718 165.54353713989258
0 0.0144 58.97850036621094 163.3985710144043 111.3517379760742 186.6892433166504
0 0.0142 -10.33637046813965 612.8868103027344 40.74370384216308 637.1958160400391
0 0.0141 229.48588371276855 483.03768157958984 280.89818000793457 507.04830169677734
0 0.0140 170.69696426391602 441.9610595703125 198.91389846801758 488.0791473388672
0 0.0137 430.0641632080078 572.5657272338867 480.39024353027344 597.5130844116211
0 0.0137 338.86959075927734 273.4764099121094 391.4486312866211 296.61216735839844
0 0.0135 357.9444503784179 194.03631210327148 412.28954315185547 216.0481071472168
0 0.0128 55.15178680419921 569.1463470458984 95.01291275024413 601.0086059570312
0 0.0124 -80.0 612.8831481933594 -29.26126480102539 637.1994781494141
0 0.0123 320.6813049316406 391.8357849121094 348.9326477050781 438.17726135253906
0 0.0122 328.60900878906244 243.64410400390625 381.6840362548828 266.44405364990234
0 0.0122 100.25997161865234 542.387580871582 150.22094726562497 567.6871109008789
0 0.0119 80.68538665771484 431.87999725341797 108.92784118652342 478.1442642211914
0 0.0119 227.09973335266113 144.49201583862305 283.06368827819824 165.58599472045898
0 0.0119 355.14568328857416 389.1614532470703 395.0182723999023 420.994873046875
0 0.0119 309.5736312866211 502.977294921875 360.8190536499023 527.1089172363281
0 0.0117 399.5334243774414 493.0061340332031 450.85506439208984 517.0801544189453
0 0.0116 287.8325271606445 184.1012954711914 342.39139556884766 205.982666015625
0 0.0115 432.69212722778315 0.0 558.7499809265137 69.84923839569092
0 0.0115 119.05017852783202 163.35540771484375 171.28616333007812 186.73309326171875
0 0.0114 356.71543121337885 104.67796325683594 413.41915130615234 125.39548873901367
0 0.0113 195.45526504516602 508.49693298339844 234.73512649536133 541.6011047363281
0 0.0112 79.26738739013672 83.19899559020996 131.09260559082028 106.8883228302002
0 0.0110 428.2272720336914 343.87271881103516 482.03159332275385 366.21334075927734
0 0.0109 148.2105827331543 83.88554573059082 202.0461082458496 106.20087623596191
0 0.0109 266.7623519897461 124.65620040893555 323.3755874633789 145.41790008544922
0 0.0109 15.131149291992188 569.186897277832 55.03206253051758 600.9717178344727
0 0.0108 398.9945983886719 463.3920669555664 451.3363647460937 486.6963577270508
0 0.0107 -30.884704589843746 223.3030128479004 21.22936248779297 246.78434371948242
0 0.0105 79.0032148361206 123.38249206542969 131.32938861846924 146.7053985595703
0 0.0103 388.90098571777344 293.44961166381836 441.4216613769531 316.638126373291
0 0.0102 200.74481964111328 462.38842010498047 228.85684967041013 507.7517318725586
0 0.0102 267.3829650878906 84.3404483795166 322.8044128417969 105.73933601379395
0 0.0101 130.68084716796875 471.82769775390625 158.9331817626953 518.1830596923828
0 0.0101 -80.0 582.8062438964844 -39.36399459838868 607.2770690917969
0 0.0101 326.8299865722656 124.62583541870117 383.3125305175781 145.44939041137695
