0 0.0632 425.98388671875 -14.981527328491211 484.09629821777344 5.04673957824707
0 0.0615 415.9250259399414 -34.95480537414551 474.1508102416992 -14.98061180114746
0 0.0577 415.9861373901367 -54.98250961303711 474.09420013427734 -34.9522590637207
0 0.0512 425.9503936767578 5.03314971923828 484.12750244140625 25.031604766845703
0 0.0461 355.5009460449219 -34.771108627319336 414.54505920410156 -15.169668197631838
0 0.0448 355.80570220947266 -54.90162849426269 414.26151275634766 -35.0351619720459
0 0.0447 416.2306594848633 -75.0953221321106 473.8679885864258 -54.83689069747925
0 0.0440 365.15003204345703 -14.625654220581055 424.8720932006836 4.680166244506835
0 0.0390 305.9631824493408 -14.9700927734375 364.1150188446045 5.035400390625
0 0.0357 315.4823684692383 5.240874290466309 374.56127166748047 24.818787574768066
0 0.0343 296.5916442871094 -35.259695053100586 353.5328674316406 -14.667749404907228
0 0.0331 356.0660171508789 -75.0177478790283 414.0199661254883 -54.915962219238274
0 0.0305 436.07311248779297 24.976234436035153 494.0140914916992 45.089683532714844
0 0.0277 296.87750816345215 -65.39823293685913 353.2688236236572 -44.52615976333618
0 0.0254 0.0 159.8858642578125 638.75 498.74999999999994
0 0.0232 315.6990146636963 25.149955749511722 374.3593502044678 44.91275787353515
0 0.0229 0.0 -140.0 510.9122848510742 141.5149688720703
0 0.0216 477.33642578125 -55.63713073730468 532.8476715087891 -34.283790588378906
0 0.0213 406.70360565185547 -95.32032012939452 463.4310531616211 -74.60699081420898
0 0.0201 365.5107116699219 125.22600173950194 424.5356750488281 144.83354568481445
0 0.0199 435.8576202392578 45.07133483886718 494.2143249511719 64.99183654785156
0 0.0198 257.31454849243164 4.380602836608888 312.86630630493164 25.699238777160645
0 0.0193 425.3281021118164 125.30588150024415 484.7048568725586 144.75183486938477
0 0.0192 365.6312561035156 145.1768112182617 424.42291259765625 164.88468170166016
0 0.0184 374.7566604614258 25.53487777709961 435.2384567260742 44.514713287353516
0 0.0180 425.61511993408203 145.18455505371094 484.43775177001953 164.87686157226562
0 0.0171 435.120849609375 105.38925170898438 494.8985290527344 124.66537475585936
0 0.0162 366.20670318603516 164.9231243133545 423.88843536376953 185.14561653137204
0 0.0162 316.28421783447266 44.8891258239746 373.8161849975586 65.18072128295898
0 0.0159 238.35498809814453 -36.19964599609375 291.91455841064453 -13.713111877441404
0 0.0158 425.8959197998047 165.06240844726562 484.1767883300781 185.0025177001953
0 0.0153 435.58719635009766 65.18985748291016 494.46537017822266 84.87010955810547
0 0.0152 487.6632308959961 -15.81388473510742 542.5483322143555 5.895309448242188
0 0.0152 375.709228515625 105.14114379882811 434.35096740722656 124.92099761962889
0 0.0143 477.6536178588867 -85.80862045288085 532.5571060180664 -64.11001205444336
0 0.0143 435.2894592285156 85.31711578369139 494.74205017089844 104.73926544189452
0 0.0141 374.9657440185547 45.45450210571289 435.0425720214844 64.59844589233398
0 0.0141 238.1362533569336 -66.06996536254883 292.11360931396484 -43.84387969970703
0 0.0140 346.6035461425781 -95.26894569396971 403.52272033691406 -74.65892791748047
0 0.0134 257.224178314209 34.42920684814453 312.94897079467773 55.65010070800781
0 0.0132 386.7500305175781 184.66640472412104 443.38592529296875 205.40821075439453
0 0.0125 365.7095718383789 65.14596939086914 424.34940338134766 84.91697311401367
0 0.0121 375.8382797241211 85.08729934692383 434.23046112060547 104.97682571411131
0 0.0116 316.89754486083984 104.58969116210936 373.25084686279297 125.48576354980467
0 0.0113 446.1400604248047 184.95059967041016 503.9508819580078 205.1168441772461
0 0.0109 287.32276916503906 64.37812805175781 342.85831451416016 85.70205688476562
0 0.0106 538.6392974853516 -139.99999999999997 638.75 -53.65842819213867
0 0.0104 306.9499683380127 134.56975936889648 363.20109367370605 155.50718307495114
0 0.0103 609.3721199035645 312.6854705810547 638.7499809265137 337.3419189453125
