0 0.0473 505.46669006347656 44.97002029418947 544.7248840332031 78.12572860717775
0 0.0448 375.84178924560547 73.85855102539064 414.40624237060547 109.14537811279297
0 0.0446 545.3034973144531 55.336555480957045 584.8728942871094 87.79096984863283
0 0.0379 340.58956146240234 67.70679855346681 369.0431594848633 115.18741989135742
0 0.0376 333.0625534057617 121.41418838500978 448.19149017333984 171.06403732299805
0 0.0364 465.6393051147461 54.524883270263686 504.57279205322266 88.53329086303712
0 0.0356 0.0 66.59801864624025 211.54129028320312 165.7983055114746
0 0.0352 415.7725143432617 74.11718750000001 454.4606399536133 108.9074935913086
0 0.0336 430.7252502441406 186.59800910949707 638.75 285.79827690124506
0 0.0311 0.0 186.59800910949707 211.54129028320312 285.79827690124506
0 0.0296 310.59338569641113 67.73020172119142 339.03857231140137 115.1679458618164
0 0.0295 509.63985443115234 19.426712036132834 560.7603073120117 43.65902328491213
0 0.0290 505.5107116699219 84.85908889770509 544.6858978271484 118.22723770141603
0 0.0262 550.0547409057617 89.08007049560547 600.3972244262695 113.9996566772461
0 0.0253 585.120964050293 55.7122268676758 625.0409317016602 87.44863891601564
0 0.0243 589.466381072998 159.55593490600583 638.7500190734863 183.53069686889648
0 0.0243 390.7354736328125 48.36571598052981 439.8246765136719 74.68971157073976
0 0.0235 559.4851684570312 29.544338226318377 610.8975982666016 53.542522430419936
0 0.0229 519.0488433837891 159.8462142944336 571.2895202636719 183.24087524414062
0 0.0226 450.3383255004883 28.81277465820314 500.15377044677734 54.259990692138686
0 0.0222 388.9684295654297 179.90908050537107 441.3600158691406 203.17926788330078
0 0.0216 511.90391540527344 306.34184265136724 638.75 406.1270751953125
0 0.0215 0.0 -53.401981353759744 211.54129028320312 45.798305511474624
0 0.0214 280.628604888916 67.95130157470705 308.9960289001465 114.98487854003908
0 0.0207 300.6342029571533 117.99429321289064 328.9892864227295 164.95073699951172
0 0.0201 455.4441833496094 95.00706100463869 494.7466278076172 128.0919303894043
0 0.0200 447.97054290771484 160.5171241760254 502.2666549682617 182.56679916381833
0 0.0183 565.2412796020508 115.46650314331055 604.9301528930664 147.67246627807617
0 0.0182 609.6960639953613 488.9173355102539 638.7499809265137 514.1057815551758
0 0.0178 313.06254386901855 221.41416931152347 428.191499710083 271.0640563964844
0 0.0168 0.0 366.4971199035645 320.47874450683594 535.2499809265137
0 0.0162 345.6570816040039 34.47487258911135 384.55745697021484 68.57916259765626
0 0.0160 335.1194763183594 175.71014785766602 375.0428771972656 207.4505271911621
0 0.0157 509.13482666015625 -20.203872680664038 561.2104034423828 3.2921066284179905
0 0.0154 609.0385246276855 89.430908203125 638.7500190734863 113.59781646728514
0 0.0152 609.0099334716797 519.1236152648926 638.75 535.2499809265136
0 0.0151 609.0375518798828 129.4315948486328 638.75 153.59712982177734
0 0.0151 250.6496810913086 68.09337997436525 278.97064208984375 114.86927413940431
0 0.0146 400.2626419067383 18.889106750488303 450.21785736083984 44.18608093261721
0 0.0143 0.0 -90.61099863052364 40.72211265563965 -66.30411481857297
0 0.0143 525.1633071899414 125.61354064941406 565.0032424926758 157.5385513305664
0 0.0138 449.0675735473633 129.8241844177246 501.2746810913086 153.2616081237793
0 0.0137 459.91146087646484 -0.7961616516113073 510.5220413208008 23.87831115722658
0 0.0134 608.8470649719238 -30.437551498413058 638.7499809265137 -6.533781051635718
0 0.0133 270.66734313964844 118.23036575317383 298.9494323730469 164.76093673706055
0 0.0131 512.6921272277832 -103.49999999999996 638.7499809265137 -33.65076160430906
0 0.0128 312.1534729003906 466.28935241699213 530.1152038574219 535.25
0 0.0126 295.4384994506836 165.03073120117188 334.75074768066406 198.07024383544922
0 0.0126 574.3924140930176 421.33680725097656 638.7499809265137 471.24700927734375
0 0.0121 328.11859130859375 273.5982360839844 412.6026153564453 339.62622070312494
0 0.0117 228.11857223510742 213.59823608398438 312.60263442993164 279.626220703125
0 0.0112 295.7000255584717 34.34894943237306 334.520845413208 68.69467163085939
0 0.0111 608.720703125 -0.3554306030273226 638.75 23.383583068847674
0 0.0107 220.62517166137695 67.92517089843751 249.00014877319336 115.00570678710938
0 0.0106 8.118572235107422 293.59823608398443 92.60263442993164 359.626220703125
