0 0.2524 178.44585418701172 -95.18397712707518 364.04903411865234 -17.750753402709947
0 0.1840 377.7426528930664 -87.2333469390869 523.9835739135742 -25.83988571166991
0 0.1156 158.21455001831055 40.13060665130616 252.2696876525879 76.96109867095949
0 0.0620 177.5236701965332 -18.987163543701154 272.9829978942871 16.16372680664064
0 0.0499 250.0885009765625 47.48834228515626 340.3999710083008 89.37226867675781
0 0.0449 337.7426528930664 72.76664352416992 483.9835739135742 134.16011428833008
0 0.0438 357.7426528930664 -27.233346939086896 503.9835739135742 34.160123825073256
0 0.0437 187.30363845825195 17.888523101806655 242.87580490112305 39.19156646728517
0 0.0429 127.07181930541992 -41.99966573715208 183.09076309204102 -20.92348718643187
0 0.0415 109.0411901473999 -85.46791934967038 181.35569095611572 -57.37672710418699
0 0.0384 149.34478759765625 76.64174652099611 201.0238265991211 100.44503784179689
0 0.0371 317.7426528930664 132.76664352416992 463.9835739135742 194.16011428833008
0 0.0363 127.21267700195312 17.93287849426271 182.9600715637207 39.14597129821779
0 0.0316 116.97790622711182 -11.948932647705064 173.17643642425537 9.025417327880874
0 0.0304 193.0625343322754 98.41418838500978 308.1915092468262 148.06403732299805
0 0.0287 98.37730407714844 47.28923416137696 151.89374923706055 69.79842758178711
0 0.0270 247.93611526489258 17.535806655883803 302.29833602905273 39.54777336120607
0 0.0267 315.4065704345703 -17.91626358032225 354.7816467285156 15.021892547607434
0 0.0265 275.0883674621582 -17.2563018798828 315.074520111084 14.420104980468762
0 0.0255 273.06254386901855 198.4141788482666 388.191499710083 248.0640468597412
0 0.0230 57.78310775756836 -102.37620496749877 112.43770599365234 -80.54092550277709
0 0.0229 0.0 250.52486038208005 510.9126281738281 532.2499809265137
0 0.0226 219.18354034423828 226.75927734375 271.1674118041992 250.32846069335938
0 0.0196 169.15849685668945 206.77800750732422 221.18959426879883 230.30995941162107
0 0.0191 179.25334930419922 166.70978164672852 231.10496520996094 190.37768936157227
0 0.0180 121.6273307800293 102.03618621826173 188.85236740112305 134.9638900756836
0 0.0165 0.0 -103.24284934997556 51.15738868713379 -79.66877841949461
0 0.0162 139.73229885101318 136.34494400024414 190.6805658340454 160.73867416381836
0 0.0161 67.83287286758423 -42.39641809463499 122.39049673080444 -20.519238948822004
0 0.0159 68.6471152305603 17.122407913208022 121.64907693862915 39.96616935729982
0 0.0159 389.21302795410156 196.7404613494873 441.1405944824219 220.3474292755127
0 0.0155 89.6238899230957 76.43922424316408 140.77444076538086 100.64668273925781
0 0.0153 119.34733867645264 166.63995361328125 171.0215425491333 190.44683074951175
0 0.0150 235.162353515625 172.6115951538086 275.00450134277344 204.54030609130862
0 0.0145 345.5543899536133 41.75088500976563 384.6470260620117 75.32624816894533
0 0.0137 468.80443572998047 137.01591110229492 521.5081405639648 160.0721321105957
0 0.0137 275.3216552734375 162.28273010253906 314.8577880859375 194.84014129638672
0 0.0136 405.1852798461914 42.58174037933351 444.98165130615234 74.5674524307251
0 0.0131 608.9387512207031 516.1788330078125 638.75 532.25
0 0.0129 511.90391540527344 23.341804504394542 638.75 123.12707519531251
0 0.0127 609.4973945617676 486.0886917114258 638.7499809265137 510.93785858154297
0 0.0125 109.12914276123047 196.79588890075684 161.2164306640625 220.29177284240723
0 0.0121 538.6392974853516 -106.49999999999997 638.75 -20.158428192138658
0 0.0120 47.61922597885132 -72.2818305492401 102.58676767349243 -50.63585782051085
0 0.0119 0.0 -73.52421665191648 40.81893444061279 -49.38972377777098
0 0.0118 458.60706329345703 177.14002227783206 511.68697357177734 199.94737243652344
0 0.0117 148.85005950927734 -106.49999999999997 201.5526580810547 -89.55027127265927
0 0.0116 309.7453022003174 16.3342628479004 360.6691265106201 40.74918365478516
0 0.0113 58.4658145904541 -12.766174316406236 111.81370735168457 9.853988647460952
