0 0.1774 355.3924560546875 55.2750015258789 414.6459197998047 74.78288650512694
0 0.1540 355.6178283691406 35.17763137817383 414.4366455078125 54.882869720458984
0 0.1497 345.7079315185547 75.14564514160156 404.3511962890625 94.91710662841797
0 0.1136 366.61182403564453 194.72909927368164 423.5145950317383 215.34341812133786
0 0.0975 356.2394332885742 174.9048042297363 413.8589096069336 195.16374588012695
0 0.0884 355.7252883911133 15.133466720581055 414.3362045288086 34.92875099182129
0 0.0847 346.5796661376953 214.7460174560547 403.54393005371094 235.32642364501953
0 0.0777 346.02745056152344 95.00368118286133 404.05479431152344 115.06280899047852
0 0.0755 565.7118606567383 235.1409149169922 624.348258972168 254.92141723632815
0 0.0701 296.1723232269287 54.93861198425292 353.92029762268066 75.12965202331543
0 0.0685 355.6742858886719 155.15811920166016 414.3829345703125 174.90386962890625
0 0.0573 565.9862899780273 255.01960754394534 624.0935897827148 275.04600524902344
0 0.0568 296.12003326416016 34.96023178100585 353.9693069458008 55.107078552246094
0 0.0529 565.6101608276367 215.18270492553708 624.4433212280273 234.87798690795896
0 0.0516 305.9346389770508 195.04449844360352 364.1410446166992 215.02077102661133
0 0.0490 366.5972900390625 234.7376251220703 423.52760314941406 255.33500671386722
0 0.0481 345.2815246582031 135.32415390014648 404.74853515625 154.73276138305664
0 0.0453 336.0641860961914 114.98363494873047 394.02156829833984 135.08270263671875
0 0.0383 296.2482452392578 14.902162551879885 353.85040283203125 35.16671180725097
0 0.0354 566.2627792358398 274.8944854736328 623.8371658325195 295.1744079589844
0 0.0354 406.44813537597656 214.80983734130857 463.6651611328125 235.26138305664062
0 0.0345 406.47857666015625 74.78702545166016 463.6390686035156 95.28320312499999
0 0.0337 287.1887683868408 84.44660186767578 342.9817485809326 105.63224792480469
0 0.0327 295.46764373779297 175.24805068969727 354.5747756958008 194.81157302856442
0 0.0307 417.15625762939453 44.4550895690918 473.0135726928711 65.6222152709961
0 0.0298 335.65582275390625 -4.834423065185547 394.40025329589844 14.896106719970701
0 0.0287 416.22230529785156 174.91357803344727 473.87451171875 195.15493392944336
0 0.0259 295.2785873413086 155.32487869262692 354.7513961791992 174.7319221496582
0 0.0254 0.0 219.8858642578125 638.75 558.75
0 0.0241 307.1563720703125 234.46431159973142 363.01124572753906 255.61442375183103
0 0.0236 576.2104034423828 194.9106407165527 633.8876342773438 215.15638351440427
0 0.0229 0.0 -79.99999999999999 510.9122848510742 201.51496887207028
0 0.0221 504.6529769897461 235.57834625244138 565.3346633911133 254.47032928466794
0 0.0219 425.9365463256836 195.04297256469724 484.13944244384766 215.02222061157227
0 0.0201 357.15892791748047 264.4637298583984 413.0087661743164 285.61515808105463
0 0.0201 416.1126708984375 154.96299743652344 473.9762878417969 175.10414123535156
0 0.0198 577.0616149902344 304.50836181640625 633.0995178222656 325.56884765624994
0 0.0192 574.3924140930176 44.836812019348145 638.7499809265137 94.74700450897215
0 0.0182 416.8690872192383 14.604330062866211 473.27693939208984 35.47093391418457
0 0.0178 505.1353454589844 255.38715362548828 564.884033203125 274.66831207275385
0 0.0174 405.6376647949219 135.17177581787107 464.4175720214844 154.88941192626953
0 0.0163 286.1113452911377 134.95859146118164 343.97868156433105 155.10770797729492
0 0.0161 504.60079193115234 215.59579849243164 565.3841018676758 234.45165634155273
0 0.0160 588.1923675537109 333.8928985595703 638.75 356.19293212890625
0 0.0159 406.0646438598633 94.97705459594727 464.02271270751953 115.08829116821289
0 0.0150 395.33660888671875 115.29630661010741 454.698486328125 134.7604942321777
0 0.0138 567.3209762573242 164.36956405639646 622.8622055053711 185.70917129516602
0 0.0137 426.26060485839844 234.8981952667236 483.8385009765625 255.1710796356201
0 0.0137 276.62899017333984 -5.27538537979126 333.49781036376953 15.348684787750242
0 0.0135 609.3417358398438 12.707576751708984 638.75 37.31985092163086
0 0.0129 396.0396194458008 -5.004537105560303 454.04415130615234 15.070722103118895
0 0.0125 575.2782440185547 98.87365341186525 614.8976898193359 131.2571907043457
0 0.0118 512.6921272277832 -80.0 638.7499809265137 -10.150761604309086
0 0.0116 505.8719253540039 275.07537841796875 564.1984939575195 294.9896240234375
0 0.0111 237.78154373168945 24.131021499633786 292.437686920166 45.95278739929199
0 0.0109 568.5778427124023 133.64898681640622 621.7155075073242 156.43695831298828
0 0.0108 416.5816879272461 254.74529266357425 473.54198455810547 275.32718658447266
0 0.0107 267.1109390258789 214.48688507080075 323.0532455444336 235.59131622314453
0 0.0106 267.06775665283203 114.50340270996094 323.09425354003906 135.57357788085938
0 0.0105 608.8929748535156 363.0329895019531 638.75 386.99592590332026
0 0.0104 608.9988708496094 542.6322937011719 638.75 558.7499999999999
