0 0.1665 293.9254379272461 -14.14440393447876 356.0147476196289 4.183237552642822
0 0.1371 294.6609592437744 5.578174591064454 355.3263759613037 24.471092224121094
0 0.1311 293.63426208496094 -34.04063701629639 356.28807067871094 -15.92494487762451
0 0.0867 235.16904830932617 -14.623982906341551 294.8519706726074 4.680306911468505
0 0.0759 295.6217956542969 25.183849334716793 354.4309997558594 44.877986907958984
0 0.0728 283.59622955322266 -54.02755618095397 346.3238525390625 -35.93866467475891
0 0.0631 354.9968719482422 -14.561855792999266 415.0144958496094 4.614574909210204
0 0.0630 235.93538284301758 5.048036575317382 294.1393852233887 25.01786231994629
0 0.0607 225.16563415527344 -34.62336540222168 284.8553466796875 -15.320482254028322
0 0.0490 355.39012908935547 5.277395248413087 414.64778900146484 24.780683517456055
0 0.0434 254.75885391235352 -74.47359502315521 315.23839950561523 -55.47805368900299
0 0.0389 306.3191223144531 44.86995697021484 363.7846374511719 65.19981384277344
0 0.0374 355.00152587890625 -44.56522941589355 415.0105285644531 -25.382242202758786
0 0.0352 236.48517608642578 24.792737960815426 293.6308288574219 45.278959274291985
0 0.0335 215.40563583374023 -54.72486495971679 274.6322441101074 -35.216145515441895
0 0.0286 314.8043155670166 -74.4944977760315 375.19667625427246 -55.457017421722405
0 0.0281 356.10877990722656 24.964523315429684 413.9799499511719 45.10251998901367
0 0.0259 206.08840942382812 224.9734115600586 263.99890899658203 245.09334564208987
0 0.0254 0.0 219.8858642578125 638.75 558.75
0 0.0246 176.71653747558594 204.68124389648435 233.41720581054688 225.3927993774414
0 0.0236 246.06689453125 44.978876113891594 304.01988983154297 65.08694648742676
0 0.0235 296.4623260498047 64.79829788208008 353.65325927734375 85.27231216430664
0 0.0230 297.2633361816406 114.4028854370117 352.9143524169922 135.67584991455075
0 0.0229 0.0 -79.99999999999999 510.9122848510742 201.51496887207028
0 0.0212 137.32374668121338 184.3785858154297 192.85718441009521 205.70175170898438
0 0.0207 286.39217376708984 84.83203887939453 343.71795654296875 105.23792266845702
0 0.0204 226.04347229003906 244.99217987060544 284.0409469604492 265.0738143920898
0 0.0193 196.27796173095703 184.88903045654297 253.8227081298828 205.1802825927734
0 0.0186 236.1936378479004 204.92425918579102 293.9016914367676 225.1435279846191
0 0.0177 297.11108207702637 144.4789886474609 353.05493354797363 165.598030090332
0 0.0174 127.08072662353516 154.5059585571289 183.0801773071289 175.57254791259766
0 0.0171 348.0113983154297 94.00064468383789 402.2278594970703 116.08457565307616
0 0.0170 266.7361831665039 224.66903686523438 323.3997344970703 245.40481567382812
0 0.0170 608.9846992492676 22.968282699584957 638.7499809265137 47.06044197082519
0 0.0166 137.25839614868164 224.4081211090088 192.9183006286621 245.67091941833496
0 0.0162 185.9625244140625 165.03374099731445 244.11476135253906 185.03213882446286
0 0.0159 78.97308111190796 173.404426574707 131.3561463356018 196.6836929321289
0 0.0152 512.6921272277832 -80.0 638.7499809265137 -10.150761604309086
0 0.0149 196.57184600830078 -75.25487422943115 253.55224609375 -54.67350482940674
0 0.0145 609.0028381347656 -7.044754028320312 638.75 17.07342147827148
0 0.0144 236.4609146118164 264.80113983154297 293.6540222167969 285.26981353759766
0 0.0142 235.40155410766602 65.2712631225586 294.6374320983887 84.78675842285156
0 0.0140 266.3573169708252 164.8478889465332 323.75025749206543 185.22161483764648
0 0.0138 276.29645347595215 184.8763656616211 333.80661964416504 205.19248962402344
0 0.0137 296.7066192626953 204.68328475952148 353.4270477294922 225.3902244567871
0 0.0137 357.4919891357422 64.28491592407227 412.703857421875 85.79612731933592
0 0.0135 88.79469871520996 203.52424621582028 141.51646614074707 226.56410217285156
0 0.0132 609.0727233886719 52.90644645690919 638.75 77.12218284606934
0 0.0132 235.73759078979492 135.1248550415039 294.3255805969238 154.93698120117188
0 0.0131 235.8309555053711 115.08441925048827 294.2387390136719 134.9786376953125
0 0.0129 176.9960594177246 -15.456979274749754 233.15946578979492 5.533788204193116
0 0.0128 358.3980941772461 123.77059936523435 411.87618255615234 146.31629943847656
0 0.0125 608.9346122741699 173.00405502319336 638.7500190734863 197.0248222351074
0 0.0124 145.65407276153564 135.1692199707031 204.4011640548706 154.8929214477539
0 0.0119 609.0279388427734 542.609691619873 638.75 558.7500190734863
0 0.0118 599.5370292663574 213.00676345825195 638.7500190734863 237.07994461059567
0 0.0116 608.8512420654297 143.05950164794922 638.75 166.9691467285156
0 0.0116 337.7484893798828 164.14241790771484 392.469482421875 185.94013214111328
0 0.0115 574.3924140930176 84.83682632446289 638.7499809265137 134.74702835083008
0 0.0114 68.92376899719238 143.4385871887207 121.40027046203613 166.64972305297852
0 0.0111 225.4472541809082 85.25501251220703 284.5941734313965 104.80407714843749
0 0.0110 565.3276824951172 38.781890869140625 604.85107421875 71.34086608886719
0 0.0109 609.1683197021484 242.83756256103516 638.75 267.1908187866211
0 0.0107 98.0687427520752 43.967485427856445 152.17555046081543 66.11804008483887
0 0.0104 39.08864736557007 33.329668045043945 91.25150918960571 56.75887107849121
0 0.0101 126.14831924438477 114.94997024536133 183.94245147705078 135.11808395385742
0 0.0101 107.28550434112549 84.3953514099121 162.89306163787842 105.68418502807617
