0 0.1104 268.3816146850586 163.77071380615234 321.89334869384766 186.31465911865234
0 0.0772 330.0201416015625 162.5978660583496 380.4298400878906 187.4808311462402
0 0.0750 258.3804512023926 133.77885818481442 311.8927574157715 156.30762100219727
0 0.0682 277.9761505126953 194.0141677856445 332.2615051269531 216.06983184814453
0 0.0626 218.44585418701172 291.3160705566406 404.04903411865234 368.7492370605468
0 0.0561 207.3069190979004 164.37915802001953 262.87458419799805 185.69980621337888
0 0.0509 319.6500778198242 132.91257858276367 370.75260162353516 157.17222213745117
0 0.0446 339.06360626220703 193.32576751708984 391.2784957885742 216.75987243652344
0 0.0438 217.31441497802734 194.38100814819333 272.86632537841797 215.69887161254883
0 0.0358 197.7224349975586 134.1568565368652 252.4933624267578 155.9255027770996
0 0.0318 307.81922340393066 224.1049098968506 362.4043941497803 245.97840309143064
0 0.0277 238.26250076293945 103.85219573974608 291.99941635131836 126.23409271240233
0 0.0277 318.1840133666992 263.9027786254883 372.0699691772461 286.1837387084961
0 0.0265 248.23675155639648 223.87088775634766 302.0221138000488 246.21578216552737
0 0.0261 259.040470123291 263.36254119873047 311.2947654724121 286.7260360717773
0 0.0254 0.0 -79.99999999999999 638.75 259.48570251464844
0 0.0225 379.6371841430664 152.92865753173825 430.7627487182617 177.15709686279297
0 0.0219 588.3568572998047 193.79274368286133 638.75 216.29358291625977
0 0.0214 399.69268798828125 322.8853988647461 450.7136535644531 347.19982147216797
0 0.0210 157.3986291885376 184.33536529541016 212.78932094573975 205.7450485229492
0 0.0201 128.11857223510742 297.0982360839844 212.60263442993164 363.12622070312494
0 0.0197 147.58905410766602 154.23370361328125 202.6146125793457 175.84823608398438
0 0.0197 133.0625343322754 244.9141693115234 248.19150924682617 294.5640563964843
0 0.0188 324.97406005859375 389.9990081787109 638.75 558.75
0 0.0185 598.486499786377 223.7171459197998 638.7499809265137 246.370210647583
0 0.0183 298.5878849029541 103.65480422973633 351.7037868499756 126.43293380737303
0 0.0168 0.0 389.9971199035644 320.47874450683594 558.7499809265137
0 0.0167 178.19772720336914 103.88792037963866 232.05896377563477 126.19768142700194
0 0.0164 237.75108337402344 74.14888381958006 292.4653625488281 95.93484878540039
0 0.0154 378.40057373046875 273.77269744873047 431.8731689453125 296.31473541259766
0 0.0151 608.5284233093262 163.26841354370114 638.7500190734863 186.75905227661133
0 0.0147 368.12633514404297 223.92708778381348 422.12459564208984 246.15775108337402
0 0.0144 369.21730041503906 123.2406234741211 421.13609313964844 146.84772491455078
0 0.0142 168.04431915283203 213.9813232421875 222.1978759765625 236.10401153564453
0 0.0128 289.32018280029297 373.15574645996094 341.0465621948242 396.9306182861328
0 0.0122 608.9950370788574 542.6353454589844 638.7500190734863 558.75
0 0.0121 380.08399963378906 362.54802703857416 430.3730773925781 387.5303268432617
0 0.0121 608.6588859558105 253.1861877441406 638.7500190734863 276.84196472167963
0 0.0117 608.7048530578613 283.1562042236328 638.7499809265137 306.8721008300781
0 0.0116 178.20987701416016 73.8856267929077 232.04681396484375 96.20073795318604
0 0.0115 108.61242294311523 223.643217086792 161.68071746826172 246.44513130187985
0 0.0112 128.05221557617188 123.97428512573241 182.1912384033203 146.11074447631836
0 0.0110 394.88372802734375 179.6531295776367 435.26283264160156 210.54786682128906
0 0.0109 608.722095489502 313.14453125 638.7499809265137 336.88377380371094
0 0.0106 277.1605396270752 54.457979202270515 333.008451461792 75.62014579772949
0 0.0103 608.4626960754395 133.30944061279294 638.7499809265137 156.71768188476562
0 0.0100 97.99140930175781 184.0114974975586 152.24620819091797 206.0734939575195
