0 0.0869 45.8538818359375 77.29972839355469 84.39800262451172 112.69954681396484
0 0.0731 45.91472625732422 116.96825981140137 84.35937881469727 153.0050754547119
0 0.0703 125.92988967895506 436.53209686279297 164.38135147094724 473.40824127197266
0 0.0683 100.45185089111328 390.60985565185547 129.2108917236328 439.23152923583984
0 0.0669 85.63364028930665 78.04240942001343 124.57750320434569 112.01723337173462
0 0.0610 130.46003341674802 380.63621520996094 159.20087814331055 429.20509338378906
0 0.0608 85.79490661621094 117.53939628601074 124.44255828857423 152.4790096282959
0 0.0604 10.544042587280273 70.9683895111084 39.098405838012695 118.89384269714355
0 0.0596 70.50102233886717 400.7848358154297 99.15081024169922 449.0619659423828
0 0.0555 33.0625343322754 24.914169311523438 148.19150924682614 74.56404685974121
0 0.0517 159.9224853515625 2.690908908843994 210.51315307617188 27.390587329864502
0 0.0513 115.91213226318361 476.96990966796875 154.3621826171875 513.0035400390625
0 0.0507 10.526609420776365 120.88838577270508 39.11961555480956 168.96562576293945
0 0.0489 160.48248291015625 390.71231842041016 189.17343139648438 439.13013458251953
0 0.0489 100.53268432617186 340.91617584228516 129.11220550537107 388.9406204223633
0 0.0470 75.83253860473631 157.39477157592773 114.41339492797852 192.61205673217773
0 0.0461 80.55883407592772 451.04652404785156 109.08044815063477 498.8262939453125
0 0.0450 70.54107666015625 350.9574890136719 99.10202026367188 398.9042663574219
0 0.0432 209.9281311035156 2.6906442642211914 260.50727844238276 27.391371726989746
0 0.0427 165.9206962585449 446.9017791748047 204.35865402221677 483.0664825439453
0 0.0425 40.58807373046875 401.2080383300781 69.04502868652344 448.6882781982422
0 0.0416 125.7205009460449 107.78822898864746 164.50342178344727 142.250394821167
0 0.0392 130.58494567871094 331.18221282958984 159.04876708984375 378.70861053466797
0 0.0390 -19.416439533233643 101.1857795715332 9.050533771514893 148.70784759521484
0 0.0384 70.56873321533203 301.0937023162842 99.06841278076172 348.78445625305176
0 0.0378 155.3085899353027 38.81843447685242 194.86898422241208 71.30753636360168
0 0.0370 209.63385581970215 102.92298316955566 260.76737403869623 127.16166496276855
0 0.0369 100.56669235229492 291.0810947418213 129.0709114074707 338.7949275970459
0 0.0355 40.59412956237792 341.236572265625 69.03767585754395 388.66294860839844
0 0.0350 40.5849552154541 161.18459701538086 69.04877662658691 208.7070655822754
0 0.0345 115.84192276000978 157.35891342163086 154.40607070922852 192.6450538635254
0 0.0345 155.88842391967773 487.12772369384766 194.37467575073242 522.8580093383789
0 0.0340 229.39743041992188 73.10171127319336 280.9772491455078 96.9845962524414
0 0.0339 160.59846878051758 341.2608337402344 189.03242111206052 388.64234924316406
0 0.0330 -79.3704891204834 91.49148941040039 -51.00486278533935 138.45781326293945
0 0.0327 105.82260131835936 197.4287223815918 144.42150115966797 232.58081436157227
0 0.0326 199.8537826538086 132.74500846862793 250.5739974975586 157.337007522583
0 0.0322 50.6225299835205 451.4193344116211 79.00340080261229 498.51245880126953
0 0.0321 10.644989013671875 391.56482696533203 38.976287841796875 438.39298248291016
0 0.0299 130.20475387573242 82.44491577148438 180.2673530578613 107.6318359375
0 0.0295 130.610294342041 281.33045196533203 159.01811599731445 328.5838317871094
0 0.0290 219.2745590209961 43.18756103515625 271.08753204345703 66.89885139465332
0 0.0289 -19.37453269958496 51.43781661987305 8.999853134155272 98.49715232849121
0 0.0284 75.75651168823242 257.6675796508789 114.47401046752928 292.36122131347656
0 0.0281 70.63501358032227 191.49225234985352 98.98828506469727 238.45117568969727
0 0.0279 -4.34990882873535 7.988681793212891 34.56402778625488 42.06650733947754
0 0.0276 40.612602233886726 291.34806632995605 69.01533126831055 338.5698413848877
0 0.0270 260.1127624511719 102.53019332885742 310.3465270996093 127.54867553710938
0 0.0268 250.28015136718753 132.36878395080566 300.20355224609375 157.70548820495605
0 0.0267 115.78275680541991 247.5795555114746 154.45257186889646 282.44211196899414
0 0.0267 199.88056182861328 162.72457122802734 250.5501556396484 187.35733032226562
0 0.0264 10.655021667480469 341.63951873779297 38.96425247192383 388.3334732055664
0 0.0263 -79.35607433319092 41.58586263656616 -51.02225065231323 88.38056802749634
0 0.0261 190.57596206665036 361.13162994384766 219.0596580505371 408.7516403198242
0 0.0258 95.67686080932617 517.9013824462891 134.54206466674805 552.1466064453125
0 0.0256 260.02098083496094 162.60557174682617 310.4273986816406 187.4742317199707
0 0.0254 -79.99999999999999 299.8858642578125 558.75 638.75
0 0.0253 259.484748840332 13.04318904876709 310.89824676513666 37.043471336364746
0 0.0248 10.601892471313475 171.28610610961914 39.0282917022705 218.62207412719727
0 0.0239 155.5417442321777 148.28155040740967 194.65837478637695 181.7981767654419
0 0.0237 -49.34304714202881 91.64873123168945 -21.038107872009277 138.3253288269043
0 0.0235 184.9384307861328 69.55743789672852 225.211181640625 100.63474655151367
0 0.0232 270.02292633056635 212.6085662841797 320.4247665405273 237.47180938720703
0 0.0232 35.675630569458 257.91969299316406 74.54171180725098 292.1297836303711
0 0.0230 165.7345199584961 307.7430725097656 204.49180603027344 342.2918701171875
0 0.0215 40.66120147705078 211.68180465698242 68.95679473876953 258.29919815063477
0 0.0215 220.05967140197754 192.57457733154297 270.39313316345215 217.50492095947266
0 0.0214 -80.0 137.63198852539062 -45.51384449005126 172.39404678344727
0 0.0212 -19.37896728515625 151.41391277313232 9.005231857299803 198.5176134109497
0 0.0210 20.688142776489258 451.89342498779297 48.92451286315917 498.1325149536133
0 0.0209 220.57915687561035 351.14856719970703 249.0557765960693 398.7369918823242
0 0.0206 55.70278644561767 497.82615661621094 94.51987743377684 532.2156524658203
0 0.0205 95.25743484497072 608.9100456237793 134.91758346557617 638.7500190734863
0 0.0200 145.6620979309082 197.95598983764648 184.55358505249023 232.09650039672852
0 0.0200 19.73492622375488 612.8296279907227 70.68093299865723 637.2521591186523
0 0.0198 -4.3710732460021955 308.04524421691895 34.58256006240845 342.01464653015137
0 0.0197 160.65099716186523 261.6020965576172 188.96902084350583 308.36212158203125
0 0.0193 279.4114303588867 63.099424839019775 330.96309661865234 86.98791265487671
0 0.0192 135.59114456176755 528.1336975097656 174.61679458618164 561.9336700439453
0 0.0191 270.40294647216797 242.2490119934082 320.0986862182617 267.8219413757324
0 0.0179 -49.31737899780273 41.84385299682617 -21.068916320800778 88.1706428527832
0 0.0178 299.77359771728516 132.82042503356934 350.6424331665039 157.26391792297363
0 0.0178 75.28520107269287 558.8672637939453 114.8905038833618 591.2629699707031
0 0.0177 -44.69236373901367 8.82110595703125 -5.130205154418947 41.30509376525879
0 0.0175 195.75651168823242 487.6687240600586 234.4738960266113 522.3601913452148
0 0.0169 210.63592910766602 301.4977264404297 238.98717880249023 348.4465789794922
0 0.0165 205.78472137451172 447.5710678100586 244.4511032104492 482.44991302490234
0 0.0164 160.46892166137695 232.18036651611328 210.04304885864258 257.88829803466797
0 0.0163 135.2266502380371 608.9785575866699 174.94543075561523 638.7500190734863
0 0.0163 -19.290151596069336 392.0844268798828 8.898611068725586 437.98545837402344
0 0.0163 225.55617332458496 218.2478141784668 264.64531898498535 251.82905197143555
0 0.0162 175.63995361328125 528.01025390625 214.5734405517578 562.0467376708984
0 0.0161 -80.0 8.122996091842651 -45.384740829467766 41.943455934524536
0 0.0160 309.75208282470703 162.8359603881836 360.6617355346679 187.24838256835938
0 0.0158 -79.30743932723999 321.9378662109375 -51.08073234558105 368.09898376464844
0 0.0158 239.3003749847412 622.6838493347168 291.16456031799316 638.7500190734863
0 0.0158 -19.286193847656246 342.11483001708984 8.893852233886719 387.96154022216797
0 0.0158 185.25707244873044 608.9109039306641 224.9178695678711 638.75
0 0.0155 -40.41936635971069 612.9545211791992 10.816457271575928 637.1292495727539
0 0.0150 109.40698623657225 0.0 161.0532188415527 17.34647512435913
0 0.0149 250.61466217041018 351.3597869873047 279.0128707885742 398.55987548828125
0 0.0148 139.70592498779297 562.8600692749023 190.70499420166013 587.223014831543
0 0.0147 35.19108772277831 559.0630340576172 74.97702598571777 591.0845184326172
0 0.0147 195.66070556640625 257.9620361328125 234.55455780029294 292.09095001220703
0 0.0147 205.89406013488767 407.1013641357422 244.37067985534665 442.88230895996094
0 0.0146 -4.438600540161131 268.2280921936035 34.64133262634277 301.8471336364746
0 0.0145 320.04817962646484 212.5863265991211 370.4027938842773 237.49359130859375
0 0.0145 240.65364837646482 301.6200637817383 268.9658737182617 348.3475875854492
0 0.0140 -4.392588138580323 218.1020164489746 34.60146188735962 251.96264266967773
0 0.0140 -79.30397510528564 371.9666290283203 -51.08487844467163 418.0766296386719
0 0.0139 -79.34196472167969 171.680908203125 -51.03926181793212 218.3032989501953
0 0.0137 -9.27206039428711 442.24109649658203 18.87701034545898 487.8647994995117
0 0.0135 15.521011352539064 498.3266830444336 54.67744827270508 531.7568588256836
0 0.0132 -80.0 602.8093338012695 -39.35007095336913 627.2729873657227
0 0.0130 358.74954223632807 0.0 558.75 173.48594665527344
0 0.0130 270.66959381103516 301.7448425292969 298.9467239379882 348.2490539550781
0 0.0130 309.11491394042963 93.31077575683594 361.22810363769526 116.7776107788086
0 0.0129 369.2558670043945 622.7204132080078 421.20365142822266 638.75
0 0.0128 49.624142646789544 0.0 100.86230754852294 17.522296905517578
0 0.0127 240.6624603271484 251.68533325195312 268.9552307128906 298.2954406738281
0 0.0125 299.7056198120117 612.8543472290039 350.7065200805664 637.2279739379883
0 0.0124 325.55904388427734 238.24033737182617 364.64282989501953 271.8359184265137
0 0.0122 365.56091308593744 248.2349967956543 404.6411895751953 281.8408012390137
0 0.0121 40.31527996063232 532.3254013061523 90.17536640167235 557.746696472168
0 0.0120 -4.953801631927492 569.3515014648438 35.1110053062439 600.8219146728516
0 0.0119 -80.0 572.8513717651367 -39.31473731994628 597.232551574707
0 0.0117 -79.30583000183105 271.9498634338379 -51.082665920257575 318.0894660949707
0 0.0117 195.28074264526364 568.8780975341797 234.89446640014646 601.2531280517578
0 0.0114 -79.29715156555174 422.0219421386719 -51.09304904937744 468.033447265625
0 0.0113 529.0081024169922 622.6253509521484 558.7499999999999 638.75
0 0.0111 300.63671112060547 301.5097427368164 328.98624420166016 348.4379196166992
0 0.0108 359.48612213134766 173.04218292236328 410.89702606201166 197.04448699951172
0 0.0107 275.76107025146484 267.65371322631836 314.4701766967773 302.3739433288574
0 0.0107 -44.78724956512451 309.0176010131836 -5.042834281921385 341.1259078979492
0 0.0102 370.6672668457031 281.7211437225342 398.9494323730468 328.26695442199707
0 0.0102 -79.31583881378174 221.8718147277832 -51.070663928985596 268.1509208679199
0 0.0101 -79.27931547164917 502.1748733520508 -51.11435413360595 547.9153060913086
