0 0.0387 -106.99999999999999 327.9658889770508 -72.43139457702637 362.08751678466797
0 0.0375 -106.99999999999999 287.8969192504883 -72.45054674148558 322.15076446533203
0 0.0328 -106.99999999999999 368.099365234375 -72.39233446121214 401.96510314941406
0 0.0320 -106.3312096595764 241.75790786743164 -78.05219602584837 288.2415580749512
0 0.0279 -106.99999999999999 408.26690673828125 -72.33923149108887 441.8115997314453
0 0.0254 -106.99999999999999 299.8858642578125 531.75 638.75
0 0.0252 -76.27474975585936 210.09801864624023 144.5412902832031 309.2983055114746
0 0.0239 21.806271553039558 563.5129547119141 74.50683879852295 586.5748596191406
0 0.0237 -106.99999999999999 207.97992706298828 -72.42798995971678 242.07462310791016
0 0.0234 12.509921073913581 613.0115509033203 63.87852954864503 637.0732116699219
0 0.0232 -106.99999999999999 448.3779525756836 -72.30158281326294 481.7100143432617
0 0.0227 -6.380054473876946 321.39366149902344 22.006462097167976 368.5319519042969
0 0.0227 53.66255569458008 321.6876983642578 81.95513534545898 368.29383850097656
0 0.0220 -71.65461254119872 328.73592376708984 -32.16435146331786 361.3828659057617
0 0.0220 23.661420822143562 341.6790008544922 51.95651817321778 388.30078125
0 0.0206 58.586261749267585 368.1641387939453 97.61938858032227 401.9056701660156
0 0.0204 83.66764831542969 301.72635078430176 111.94905090332031 348.26319694519043
0 0.0199 72.58345413208009 612.9540252685547 123.81361770629884 637.1299743652344
0 0.0195 38.47096252441406 408.45752716064453 77.72126007080078 441.6371536254883
0 0.0192 -106.99999999999999 50.098018646240234 104.54129028320312 149.2983055114746
0 0.0192 22.175739288330085 533.2607650756836 74.17523193359375 556.8264389038086
0 0.0192 -6.350690841674796 371.58958435058594 21.971071243286136 418.3721160888672
0 0.0184 -106.27797317504881 482.18555450439453 -78.1159610748291 527.9069900512695
0 0.0181 132.56987380981445 612.9641342163086 183.82571029663086 637.1199417114258
0 0.0181 -106.3204140663147 161.83813095092773 -78.0651659965515 208.17773818969727
0 0.0181 -71.77228641510008 368.98616790771484 -32.0565481185913 401.1545944213867
0 0.0180 -47.315103530883775 612.8716659545898 3.724592208862311 637.2109603881836
0 0.0177 93.62807083129884 161.44500732421875 121.99663925170898 208.48957061767578
0 0.0176 217.97261047363276 0.0 531.75 169.68856811523438
0 0.0175 123.62974929809569 171.45553588867188 151.9946174621582 218.48087310791016
0 0.0174 3.6587791442871165 421.6587829589844 31.959674835205085 468.3168029785156
0 0.0173 78.26428222656249 408.9164733886719 117.90917205810547 441.2181091308594
0 0.0173 63.632038116455085 161.47027969360352 91.99187088012697 208.4687614440918
0 0.0171 33.69847583770753 441.9707489013672 61.912081718444824 488.0712127685547
0 0.0168 -106.99999999999999 532.5947189331055 -66.57778930664061 557.4843215942383
0 0.0167 98.4635238647461 348.47400665283203 137.7280502319336 381.6221237182617
0 0.0165 113.7001495361328 301.98619842529297 141.91010284423828 348.0594253540039
0 0.0162 62.842491149902344 442.76100158691406 113.58254241943361 467.32208251953125
0 0.0158 -68.15318059921263 573.4843826293945 -15.529303073883046 596.6032028198242
0 0.0156 -106.99999999999999 602.6610565185547 -56.5216178894043 627.4202728271484
0 0.0155 153.64929962158203 171.59095764160156 181.97109985351562 218.37127685546875
0 0.0154 -71.94013786315918 409.32201385498047 -31.901371002197255 440.8487319946289
0 0.0151 131.54505538940433 473.6825942993164 184.7423439025879 496.40514373779297
0 0.0148 -26.30139541625976 421.98822021484375 1.912029266357429 468.0598449707031
0 0.0147 33.627903938293464 161.44298553466797 61.996844291687026 208.49105834960938
0 0.0145 122.02448654174805 413.3697509765625 174.3099098205566 436.71836853027344
0 0.0143 121.86655807495116 443.47503662109375 174.45212173461914 466.6130828857422
0 0.0140 72.04666900634766 583.3570098876953 124.28948211669922 606.7314147949219
0 0.0139 102.77504730224608 382.81299591064453 153.64239501953122 407.27046966552734
0 0.0139 28.316615104675297 488.79981994628906 67.861798286438 521.3245391845703
0 0.0138 -77.80152511596678 3.2457351684570312 -25.845319747924794 26.841511726379395
0 0.0133 81.51007461547852 543.6997604370117 134.7750358581543 566.3872146606445
0 0.0132 143.68729400634766 231.87891006469727 171.92547607421878 278.1428337097168
0 0.0132 -27.498018264770497 543.0261993408203 23.883760452270515 567.0597839355469
0 0.0129 -106.99999999999999 558.9809036254883 -72.06160974502563 591.1593246459961
0 0.0128 68.25171279907227 468.94664764404297 107.92033004760742 501.1906051635742
0 0.0128 192.6297454833984 612.9150390625 243.7733154296875 637.1681213378906
0 0.0124 143.72504043579102 292.2027111053467 171.88036727905273 337.89265632629395
0 0.0124 131.70161056518555 573.5830307006836 184.60081863403317 596.505012512207
0 0.0124 -72.06170272827147 449.55055236816406 -31.787969589233388 480.6410217285156
0 0.0123 3.608978271484382 161.32177352905273 32.01969909667969 208.59094619750977
0 0.0121 -11.501552581787102 468.3820343017578 27.69755172729493 501.70623779296875
0 0.0119 72.38468933105469 513.1099700927734 123.98880767822267 536.9762420654297
0 0.0116 98.74552536010742 127.70841598510742 137.48259353637695 162.3236846923828
0 0.0115 138.21541595458984 349.0134048461914 177.9545669555664 381.12972259521484
0 0.0114 131.76419067382812 503.54373931884766 184.54407501220703 526.5445327758789
0 0.0114 183.6690216064453 171.73458099365234 211.94737243652344 218.25634002685547
0 0.0111 138.70064544677732 137.84931182861328 177.52011108398438 172.19432830810547
0 0.0106 -26.35952186584472 161.53911590576172 1.9817714691162185 208.41468811035156
0 0.0104 141.51964950561523 543.6945724487305 194.76618576049805 566.3925552368164
0 0.0103 -78.03145360946654 483.40179443359375 -25.638556003570546 506.68556213378906
0 0.0102 -21.770421981811516 508.98677825927734 17.94128227233887 541.1539840698242
0 0.0101 173.70144653320312 221.99703216552734 201.90853881835938 268.0509948730469
