0 0.0359 17.575082778930664 13.74463272094726 72.62663841247559 35.33772659301758
0 0.0279 17.335891723632812 -16.130664825439464 72.84670829772949 5.210678100585931
0 0.0265 17.821760177612305 43.60825729370117 72.40100860595703 65.47578048706055
0 0.0254 0.0 159.38586425781256 638.75 498.25000000000006
0 0.0242 77.3723316192627 3.8508481979370037 132.81310081481934 25.229565620422356
0 0.0229 0.0 -140.50000000000003 510.9122848510742 141.0149688720703
0 0.0210 307.68383026123047 -76.31740379333496 362.5276565551758 -54.59984588623048
0 0.0199 27.45894432067871 73.8023681640625 82.73419380187988 95.27838897705077
0 0.0191 247.63185501098633 -76.28819274902345 302.5750923156738 -54.6293239593506
0 0.0186 17.602081298828125 -46.27246665954591 72.60246276855469 -24.645345687866218
0 0.0180 609.2808532714844 442.2585983276368 638.75 466.76985931396496
0 0.0175 77.84126281738281 33.596927642822266 132.38327026367188 55.487186431884766
0 0.0173 117.13993549346924 -76.03207635879518 173.0275297164917 -54.89008474349976
0 0.0170 37.00146675109863 104.03723907470705 93.15522193908691 125.03916931152345
0 0.0169 574.3924140930176 -75.66318321228029 638.7499809265137 -25.752981185913093
0 0.0161 77.25360870361328 -56.088092803955085 132.92240142822266 -34.83265686035157
0 0.0157 608.6871147155762 132.66749572753906 638.7500190734863 156.3606948852539
0 0.0155 77.29881286621094 -26.113117218017585 132.8812026977539 -4.807460784912116
0 0.0155 608.729248046875 162.6407070159912 638.75 186.38775062561035
0 0.0154 608.9454650878906 482.17408370971685 638.75 498.2500190734864
0 0.0152 37.16147422790527 -76.04221153259279 93.00750732421875 -54.87961578369142
0 0.0141 308.05702209472656 -46.527479171752944 362.18666076660156 -24.387319564819343
0 0.0138 367.7732467651367 -76.36602210998537 422.44564056396484 -54.55047416687013
0 0.0137 574.3924140930176 -15.663187980651863 638.7499809265137 34.24700450897217
0 0.0136 188.03499221801758 -76.51365327835084 242.20647811889648 -54.40110731124879
0 0.0133 247.90128707885742 -46.437223434448256 302.3285102844238 -24.478338241577156
0 0.0130 608.8372611999512 192.57006835937506 638.7500190734863 216.4586944580078
0 0.0129 137.43266582489014 -46.18588256835938 192.75883197784424 -24.733932495117195
0 0.0127 609.3998527526855 332.16460418701183 638.7500190734863 356.8626327514649
0 0.0126 608.812255859375 62.58475494384765 638.75 86.4437026977539
0 0.0126 574.3924140930176 -135.6631832122803 638.7499809265137 -85.75297164916994
0 0.0126 137.37402439117432 3.8473434448242125 192.81213283538818 25.232688903808587
0 0.0125 608.6634063720703 102.68286895751953 638.75 126.34524536132814
0 0.0124 37.55080223083496 133.7581558227539 92.64880180358887 155.32408905029297
0 0.0122 0.0 -81.2615089416504 35.05453586578369 -49.57526969909669
0 0.0114 88.00886154174805 63.50003433227539 142.2306251525879 85.58484268188477
0 0.0111 277.4697780609131 -106.20281982421876 332.7241611480713 -84.7162609100342
0 0.0110 77.24827766418457 -96.08765888214113 132.92784690856934 -74.83350086212161
0 0.0109 0.0 98.78339004516603 35.07426977157593 130.38388442993167
0 0.0106 308.3876419067383 -16.722505569458015 361.8855667114258 5.809423446655266
0 0.0103 0.0 -107.68265533447266 40.64345836639404 -83.23345947265626
0 0.0101 248.27598571777344 -16.654470443725593 301.9868469238281 5.741044998168939
0 0.0100 137.76275634765625 33.63921356201171 192.45540618896484 55.44413757324219
