0 0.1310 133.42028856277466 235.7887551188469 171.71159386634827 256.4399316906929
0 0.1268 141.24153554439545 259.2147886753082 179.51710522174835 279.8883020877838
0 0.1192 133.3489865064621 212.4461531639099 171.76814377307892 232.91224241256714
0 0.1068 141.22414588928223 282.67425298690796 179.53115701675412 303.30485105514526
0 0.0927 133.06018710136414 189.32437896728516 172.00905084609985 209.17057991027832
0 0.0873 172.33189940452576 235.97896844148636 210.8956277370453 256.2585398554802
0 0.0774 180.19106984138486 259.36031341552734 218.6700999736786 279.7497510910034
0 0.0766 101.80224478244781 259.63544845581055 140.76764881610868 279.4835567474365
0 0.0751 172.08313196897504 212.80187368392944 211.1050561070442 232.5693666934967
0 0.0735 152.8846025466919 303.02122235298157 183.2248866558075 329.82656359672546
0 0.0708 132.77716934680936 166.14551842212677 172.25341498851776 185.48054993152618
0 0.0695 93.94380450248718 228.43262553215027 132.9938769340515 248.18795919418335
0 0.0636 180.1011562347412 282.89955854415894 218.74457597732544 303.089439868927
0 0.0595 171.9391942024231 189.49714303016663 211.229145526886 209.0023159980774
0 0.0587 101.70137882232665 283.16643834114075 140.85465669631958 302.829772233963
0 0.0568 93.87072920799255 205.06590604782104 133.05625319480893 224.68170523643494
0 0.0559 121.42364680767058 303.5600483417511 152.1613448858261 329.3331563472748
0 0.0474 171.85333371162412 166.13538563251495 211.3036811351776 185.490682721138
0 0.0464 124.63909387588501 142.97032356262207 164.72744941711426 161.78449988365173
0 0.0405 184.04939025640485 303.2642602920532 214.54802900552747 329.60373163223267
0 0.0387 93.55466067790985 181.89974129199982 133.33187997341156 200.97802579402924
0 0.0342 210.8604907989502 228.6837100982666 250.41425228118894 247.94337153434753
0 0.0309 140.81957936286926 329.987496137619 179.86959218978882 349.7571647167206
0 0.0300 171.66367173194885 142.85624027252197 211.46968007087708 161.89754009246826
0 0.0281 218.8291847705841 259.79503989219666 258.09136033058167 279.32897210121155
0 0.0280 210.69878339767456 205.37704229354858 250.5565285682678 224.3768870830536
0 0.0272 124.13205206394196 119.89158391952515 165.1809960603714 137.9898488521576
0 0.0254 -62.499999999999986 234.28583145141602 436.5234375 499.0234375
0 0.0239 89.8958146572113 304.1471540927887 121.165931224823 328.7977874279022
0 0.0237 54.24100533127785 228.9678007364273 94.4918654859066 247.6619929075241
0 0.0235 62.30394169688225 252.21416354179382 102.0822413265705 271.28878235816956
0 0.0231 249.11391735076901 221.4667648077011 290.1971936225891 239.5397573709488
0 0.0229 -62.499999999999986 0.0 336.6502225399017 219.93356943130493
0 0.0227 85.41129529476166 150.90438723564148 125.81221759319305 169.47627067565918
0 0.0224 210.34967899322507 182.20341205596924 250.86623430252072 200.67813992500305
0 0.0212 218.7519371509552 283.30105543136597 258.158415555954 302.6994466781616
0 0.0207 247.43431806564328 167.7207201719284 291.7324900627136 183.89974534511566
0 0.0200 101.26005113124847 330.4213881492615 141.2390023469925 349.33239221572876
0 0.0199 62.12839111685753 275.78556537628174 102.23806276917458 294.59357261657715
0 0.0197 54.06596139073372 205.65538108348846 94.64837238192558 224.09997880458832
0 0.0196 257.5286030769348 244.4739043712616 297.47170209884644 263.40529322624207
0 0.0187 217.02852845191956 151.66029334068298 259.7058117389679 168.71803998947144
0 0.0178 262.85129785537714 152.19080448150635 307.55072832107544 168.17674040794373
0 0.0176 100.84746778011322 486.6059422492981 141.68332517147064 499.0234375
0 0.0172 265.6596601009369 267.64577627182007 305.00528216362 287.10389137268066
0 0.0169 180.05681037902832 329.82051372528076 218.78206729888916 349.9199151992798
0 0.0165 215.18206596374512 303.55221033096313 245.9025979042053 329.34027910232544
0 0.0161 53.9843589067459 486.5970015525818 94.79774534702301 499.0234375
0 0.0161 256.8243443965912 198.09412956237793 298.10211062431335 216.0370647907257
0 0.0159 171.33426666259766 119.6688823401928 211.76183223724365 138.21237161755562
0 0.0158 -61.942582949995995 236.02362722158432 -39.92639295756817 271.84752374887466
0 0.0157 147.72086590528488 486.60708963871 188.55977803468704 499.0234225988388
0 0.0151 -8.440755307674408 486.5386486053467 32.23150223493576 499.0234375
0 0.0142 194.59381699562073 486.6088032722473 235.43652892112732 499.0234375
0 0.0139 272.71372079849243 486.6124987602234 313.56608867645264 499.0234375
0 0.0138 -62.499999999999986 209.7441852092743 -35.36613285541534 235.64332723617554
0 0.0138 -54.992064833641045 478.853315114975 -15.007644891738893 497.77451157569885
0 0.0138 89.68663215637207 124.84810128808022 121.36119604110718 148.7574838101864
0 0.0137 115.90109765529633 96.7189371585846 157.7470451593399 114.28658664226532
0 0.0132 -62.5 272.23968505859375 -35.36706790328026 298.14743995666504
0 0.0129 296.8415319919586 244.26833540201187 336.3144099712372 263.6076435446739
0 0.0119 292.99384355545044 218.26434135437012 324.3157267570495 242.81054735183716
0 0.0118 247.4510371685028 136.4598572254181 291.71767830848694 152.66036987304688
0 0.0118 -61.932174488902085 173.6137866973877 -39.93882052600383 209.27807688713074
0 0.0118 15.102103352546692 236.84171587228775 55.49629032611847 255.4142102599144
0 0.0115 308.9015781879425 264.560341835022 339.68010544776917 290.2132272720337
0 0.0114 58.54230746626854 296.533077955246 90.01207724213599 320.8049237728119
0 0.0113 319.6379244327545 486.5747094154358 360.39748787879944 499.0234375
0 0.0112 413.2518619298935 486.45395040512085 436.5234524011612 499.0234375
0 0.0111 -62.5 9.766172617673874 -30.99337592720985 29.35667335987091
0 0.0111 31.799256801605225 478.59178483486176 53.836166858673096 499.0234524011612
0 0.0110 58.572858572006226 179.28478121757507 89.9839699268341 203.67267727851868
0 0.0109 93.215674161911 463.4121358394623 133.63155722618103 481.96879029273987
0 0.0106 -61.9286373257637 298.6467480659485 -39.9430301040411 334.2530131340027
0 0.0105 -62.5 455.363392829895 -30.702006071805954 474.3897318840027
0 0.0105 27.434185147285458 257.2024166584015 58.62979590892792 281.986266374588
0 0.0103 7.082827389240263 213.5498821735382 47.86882549524307 231.83166980743408
0 0.0100 -62.5 416.12255573272705 -30.888553708791733 435.50246953964233
