0 0.0356 0.0 -76.09457015991211 52.07361698150635 -53.81889343261718
0 0.0327 84.68632698059082 -74.43356513977051 145.3031826019287 -55.51712989807128
0 0.0325 338.5133361816406 -76.29881858825682 391.7713165283203 -53.613691329956055
0 0.0296 608.3024406433105 153.40730667114258 638.7500190734863 176.61882400512695
0 0.0293 0.0 -106.08675003051758 52.08849906921387 -83.82702827453613
0 0.0291 94.5823860168457 -94.39536571502684 155.40088653564453 -75.55716037750243
0 0.0260 608.5839080810547 183.23440551757807 638.75 206.79351806640625
0 0.0254 0.0 159.8858642578125 638.75 498.74999999999994
0 0.0253 36.03560447692871 -54.997587203979485 94.04661178588867 -34.93544578552246
0 0.0241 278.27781677246094 -76.15900039672852 331.98596954345703 -53.75493049621582
0 0.0240 597.8943061828613 124.06234741210936 638.7499809265137 146.0213851928711
0 0.0236 338.7620544433594 -46.455345153808594 391.5460968017578 -23.456459045410153
0 0.0235 598.2908821105957 -76.16721868515015 638.7499809265137 -53.74670267105102
0 0.0232 95.14501571655273 -54.61623191833496 154.87489700317383 -35.32811164855957
0 0.0231 0.0 -136.20862483978271 51.90174102783203 -113.70413303375243
0 0.0229 0.0 -140.0 510.9122848510742 141.5149688720703
0 0.0216 338.4520721435547 -106.26104831695557 391.8269348144531 -83.65167140960693
0 0.0213 94.95951652526855 -114.54645991325377 155.0492763519287 -95.40126919746398
0 0.0200 598.4341430664062 -126.2543201446533 638.75 -103.65907669067383
0 0.0197 144.9119234085083 -74.52704429626463 205.09360790252686 -55.4212760925293
0 0.0197 517.0761489868164 144.5001983642578 573.0862808227539 165.5770111083984
0 0.0186 17.050371170043945 44.518623352050774 73.1087589263916 65.55915832519531
0 0.0185 85.97280502319336 -134.98363494873047 144.10833358764648 -114.95242834091188
0 0.0184 328.95496368408203 -16.583423614501953 381.3724899291992 6.671562194824217
0 0.0182 278.5048294067383 -46.29661560058594 331.7797088623047 -23.616371154785153
0 0.0175 608.4977722167969 -46.71221733093262 638.75 -23.260431289672848
0 0.0173 608.2099151611328 93.46052169799805 638.75 116.56465530395506
0 0.0171 87.06438064575195 44.51171874999999 143.09581756591797 65.56625366210936
0 0.0170 155.15531063079834 -94.62825298309326 214.86727237701416 -75.31724452972412
0 0.0167 517.3200225830078 114.37236785888672 572.8624725341797 135.7067108154297
0 0.0165 278.3060073852539 -106.17584705352783 331.9602966308594 -83.7379503250122
0 0.0161 608.3849334716797 63.35567474365234 638.75 86.67076110839844
0 0.0159 517.5679016113281 174.24633026123047 572.6337432861328 195.83560943603513
0 0.0157 608.7528991699219 213.12484741210935 638.75 236.9036102294922
0 0.0155 76.47413492202759 -35.19850730895996 133.64021062850952 -14.72935676574707
0 0.0154 0.0 -36.817989349365234 41.062893867492676 -13.094005584716797
0 0.0152 7.642216682434082 14.201908111572266 62.566561698913574 35.88003158569336
0 0.0146 609.1913604736328 432.8247451782226 638.75 457.2040939331054
0 0.0145 278.4984302520752 3.704357147216798 331.78614616394043 26.382217407226562
0 0.0143 398.1597137451172 -96.0862398147583 452.0928192138672 -73.82785320281982
0 0.0142 517.8657531738281 -135.92119216918945 572.3619079589844 -113.99519681930542
0 0.0141 216.94095611572266 -75.43347597122192 273.2112121582031 -54.490859508514404
0 0.0139 37.43122339248657 74.31659698486327 92.75974035263062 95.76385498046875
0 0.0137 608.4559440612793 33.31321716308593 638.7500190734863 56.713829040527344
0 0.0135 155.4371452331543 -114.74666595458984 214.60504531860352 -95.19534111022948
0 0.0128 609.3235015869141 332.72308349609375 638.75 357.3046875
0 0.0128 338.59283447265625 13.64901065826416 391.6999053955078 36.43834590911865
0 0.0128 146.07534408569336 -135.03171443939206 204.01372909545898 -114.90345478057861
0 0.0126 517.9042053222656 84.05584335327148 572.3270416259766 106.02781295776367
0 0.0125 608.9267158508301 482.6881599426269 638.7499809265137 498.7499809265136
0 0.0125 97.74020195007324 74.1548728942871 152.47530937194824 95.92878341674805
0 0.0125 608.5377311706543 -16.73783302307129 638.7500190734863 6.765298843383788
0 0.0123 338.44017028808594 -136.25466585159302 391.8379211425781 -113.65822553634644
0 0.0120 86.73489570617676 14.670238494873043 143.4007740020752 35.403690338134766
0 0.0120 398.41434478759766 -66.23785018920898 451.86107635498047 -43.67498397827148
0 0.0117 37.39668130874634 124.33408737182619 92.79163122177124 145.74594497680664
0 0.0116 155.5891227722168 -54.80722427368165 214.46264266967773 -35.132179260253906
0 0.0115 97.67082214355469 134.1890525817871 152.53973007202148 155.89349746704102
0 0.0115 288.7040328979492 33.58098983764648 341.59873962402344 56.50697708129883
0 0.0114 517.7799606323242 -95.87039947509764 572.4396896362305 -74.0461540222168
0 0.0113 518.411865234375 53.75946044921875 571.8643188476562 76.32709503173828
0 0.0113 418.2763671875 173.8437747955322 471.9868469238281 196.2425899505615
0 0.0111 216.99884414672852 -115.46422004699707 273.1582832336426 -94.45983409881592
0 0.0109 278.35838317871094 -136.20723724365232 331.9126892089844 -113.70631217956543
0 0.0109 47.38433837890625 154.34057235717773 102.80298233032227 175.73934555053708
0 0.0109 47.57038116455078 184.24160003662107 102.63222694396973 205.83988189697263
0 0.0108 87.95719146728516 104.02818679809569 142.2780990600586 126.05619430541991
0 0.0107 367.8268814086914 154.1012954711914 422.3972702026367 175.98217010498047
0 0.0105 37.93947458267212 -15.958518981933594 92.29354619979858 6.043243408203124
