0 0.1555 496.1397171020508 -75.0556707382202 553.952751159668 -54.87790584564208
0 0.1183 587.3191070556641 -65.6308889389038 638.75 -44.29060935974121
0 0.1161 516.4777755737305 -55.20385742187499 573.6377334594727 -34.72454547882081
0 0.0746 436.42784118652344 -75.18613576889038 493.685302734375 -54.74373340606689
0 0.0668 456.5359878540039 -55.22931098937988 513.5834121704102 -34.698123931884766
0 0.0618 588.4139251708984 -36.23846530914306 638.75 -13.674492835998533
0 0.0392 27.460603713989258 -75.69924354553223 82.73283958435059 -54.22010898590088
0 0.0364 377.5335693359375 -75.73613166809082 432.6654052734375 -54.18231010437011
0 0.0310 399.7151184082031 32.865819931030266 450.69419860839844 57.218961715698235
0 0.0275 207.50032424926758 -75.71961402893065 262.6962089538574 -54.19929027557373
0 0.0273 574.3924140930176 124.83682632446288 638.7499809265137 174.74702835083008
0 0.0254 0.0 219.8858642578125 638.75 558.75
0 0.0252 267.8070545196533 -75.8876371383667 322.4153423309326 -54.02904510498046
0 0.0246 609.0250396728516 -7.058496475219726 638.75 17.087373733520508
0 0.0231 87.8111457824707 -75.89077949523924 142.41182327270508 -54.026002883911126
0 0.0229 528.6012649536133 -26.35535717010498 581.692008972168 -3.5571336746215816
0 0.0229 0.0 -79.99999999999999 510.9122848510742 201.51496887207028
0 0.0220 574.3924140930176 64.83682632446288 638.7499809265137 114.74702835083006
0 0.0217 397.95093536376953 -45.961170196533196 452.28221893310547 -23.953456878662106
0 0.0210 349.71900939941406 42.858915328979485 400.6916046142578 67.22531318664551
0 0.0206 147.8397512435913 -75.90431213378905 202.38512516021729 -54.01191234588622
0 0.0204 405.4692840576172 58.46189022064209 444.7227478027344 91.63321018218993
0 0.0191 459.21436309814453 33.24103355407715 511.1391067504883 56.847066879272454
0 0.0188 28.12511444091797 -46.06417536735535 82.12392807006836 -23.8498318195343
0 0.0181 328.10054779052734 -56.049718856811516 382.1462631225586 -33.86439800262451
0 0.0176 468.15345764160156 -26.080360412597656 522.0980072021484 -3.8334369659423837
0 0.0174 408.57017517089844 3.667783737182618 461.7193603515625 26.420164108276367
0 0.0173 349.2700958251953 13.198881149291992 401.08978271484375 36.88868522644043
0 0.0170 535.5213928222656 148.33074569702148 574.6765899658203 181.75317764282224
0 0.0170 574.3924140930176 184.8368263244629 638.7499809265137 234.74702835083008
0 0.0156 609.2127799987793 22.80501365661621 638.7500190734863 47.22317695617675
0 0.0151 445.3414535522461 58.7555170059204 484.83814239501953 91.36491298675537
0 0.0144 365.33130645751953 68.77094745635986 404.84806060791016 101.35085582733154
0 0.0143 495.61336517333984 148.09322357177734 534.5955276489258 181.97067260742185
0 0.0139 299.84002113342285 32.765846252441406 350.58409690856934 57.31761932373046
0 0.0130 248.23354721069336 -46.12946033477783 302.02550888061523 -23.784213066101074
0 0.0129 249.7035026550293 32.869224548339844 300.70566177368164 57.21488952636719
0 0.0128 338.91231536865234 -26.55367851257324 391.41056060791016 -3.3580017089843754
0 0.0124 285.31365394592285 178.81195068359372 324.86388206481934 211.31343841552734
0 0.0124 455.69007873535156 137.87294387817383 494.52980041503906 172.17267990112305
0 0.0124 0.7904672622680664 -67.13761329650879 28.802828788757324 -22.600612640380856
0 0.0122 335.4002380371094 198.61848831176758 374.7853088378906 231.4900779724121
0 0.0121 405.5870819091797 138.15923690795898 444.61891174316406 171.9101905822754
0 0.0121 405.6513214111328 97.98986434936523 444.5625305175781 132.06541061401364
0 0.0119 188.3635139465332 -46.20560169219971 241.90698623657227 -23.70724201202393
0 0.0118 535.5097961425781 108.36074829101562 574.6868133544922 141.72569274902344
0 0.0117 365.4744338989258 158.44753265380857 404.7182846069336 191.64630889892578
0 0.0116 375.25787353515625 218.93024444580078 414.9150085449219 251.20552062988284
0 0.0114 495.54115295410156 108.28685760498047 534.6585083007812 141.79332733154297
0 0.0113 453.0625534057617 184.91418838500977 568.1914901733398 234.56403732299805
0 0.0111 488.6415100097656 283.6245727539062 541.6544342041016 306.46377563476557
0 0.0108 275.32129287719727 318.7884521484375 314.85761642456055 351.33491516113276
0 0.0106 485.2338409423828 58.98391246795654 524.9367523193359 91.15662097930907
0 0.0106 325.4051208496094 158.6063766479492 364.7810363769531 191.50115966796872
0 0.0105 468.4413528442383 3.7436771392822266 521.837043762207 26.343297958374023
0 0.0105 445.6345748901367 98.0396270751953 484.5766830444336 132.01976776123047
0 0.0103 295.2574062347412 218.92905235290527 334.91570472717285 251.20667457580564
0 0.0103 299.3404006958008 3.1503105163574228 351.02657318115234 26.937236785888672
0 0.0102 549.5956420898438 32.95306205749512 600.8010864257812 57.131986618041985
0 0.0100 305.3047847747803 58.83232593536378 344.8719120025635 91.29481792449951
0 0.0100 405.3990936279297 178.62056732177734 444.7864532470703 211.4881896972656
0 0.0100 575.4707145690918 524.7563171386718 638.7500190734863 558.75
