0 0.1737 405.7329559326172 4.630939483642606 464.32884216308594 24.431507110595728
0 0.1691 566.8918609619141 154.0931625366211 623.2559204101562 174.98236846923828
0 0.1491 395.7135009765625 24.639904022216818 454.3468475341797 44.42237091064455
0 0.1406 405.62599182128906 -15.321262359619109 464.4279479980469 4.382612228393583
0 0.1205 546.3103485107422 174.3647689819336 603.7950134277344 194.70343780517575
0 0.1166 345.7381820678711 4.630701065063503 404.3235397338867 24.43212699890139
0 0.1146 504.73052978515625 155.04498672485352 565.2629089355469 174.00422286987305
0 0.1114 546.0038375854492 134.5067901611328 604.078483581543 154.55821228027344
0 0.0962 395.79593658447266 44.604475021362326 454.27013397216797 64.45890617370607
0 0.0889 336.3445281982422 24.3605823516846 393.7605285644531 44.70985603332522
0 0.0880 345.54073333740234 -15.28487968444821 404.5072555541992 4.3451328277588175
0 0.0801 484.6000671386719 175.09877395629883 545.3841400146484 193.94910049438477
0 0.0748 455.67028045654297 24.65711784362795 514.3873977661133 44.40437507629397
0 0.0740 515.1919555664062 194.8594207763672 574.8324584960938 214.19600677490232
0 0.0718 484.6934127807617 135.06074142456055 545.2972793579102 153.98816299438477
0 0.0691 444.64439392089844 155.08124542236328 505.34278869628906 173.96720123291016
0 0.0680 607.9635429382324 123.10265731811523 638.7500190734863 145.92030715942383
0 0.0651 577.3642349243164 193.84810638427734 632.822151184082 215.23120117187497
0 0.0601 465.8478546142578 4.5794792175293235 524.222412109375 24.48418807983401
0 0.0579 425.0815200805664 134.9058837890625 484.9350357055664 154.14828491210935
0 0.0578 455.5848693847656 44.694921493530295 514.466552734375 64.3656749725342
0 0.0546 405.7516860961914 64.62317180633546 464.31140899658203 84.4395799636841
0 0.0544 405.4805374145508 -35.26012706756588 464.56348419189453 -15.680525779724087
0 0.0498 546.1536026000977 114.43654251098633 603.9402389526367 134.6297950744629
0 0.0498 424.96212005615234 174.95595169067383 485.0459671020508 194.0969200134277
0 0.0475 385.92350006103516 154.54964828491214 444.1513442993164 174.51550674438477
0 0.0441 405.7542419433594 114.62241363525392 464.3089294433594 134.44041442871097
0 0.0431 515.5468368530273 214.71055221557617 574.502067565918 234.34945297241208
0 0.0418 455.242919921875 194.84246444702148 514.783935546875 214.21433639526367
0 0.0414 345.5508041381836 -35.290344238281214 404.49817657470703 -15.64946937561032
0 0.0408 405.77842712402344 84.61198043823244 464.2864227294922 104.45115280151367
0 0.0403 484.96028900146484 114.95381546020508 545.0484085083008 134.09856033325195
0 0.0389 465.4862594604492 64.7374839782715 524.5581436157227 84.32194900512697
0 0.0375 597.7460479736328 93.64239883422852 638.75 115.43992233276369
0 0.0374 366.29859924316406 134.37895965576172 423.8037109375 154.6905059814453
0 0.0360 465.78441619873047 -15.392377853393521 524.2812728881836 4.45531082153323
0 0.0345 598.0828857421875 223.4529323577881 638.75 245.6317539215088
0 0.0340 475.1484680175781 254.87837982177732 534.8726654052734 274.1767044067383
0 0.0326 395.5758285522461 194.70172119140625 454.4742202758789 214.35923767089844
0 0.0324 465.4370880126953 84.75852203369142 524.6038055419922 104.30030059814455
0 0.0317 505.5394744873047 234.71224975585938 564.50927734375 254.347412109375
0 0.0311 336.8727493286133 54.10521697998048 393.2729721069336 74.97050476074219
0 0.0303 366.4323425292969 174.31752395629883 423.6797332763672 194.7535820007324
0 0.0302 516.6711807250977 274.1982192993164 573.4602737426758 294.8745651245117
0 0.0300 455.7292938232422 214.63366699218747 514.3319702148438 234.42889404296875
0 0.0293 525.7583999633789 94.61402130126955 584.3066787719727 114.4477767944336
0 0.0276 516.2980270385742 34.37159729003908 573.8061141967773 54.69662857055666
0 0.0273 608.4945678710938 252.79071044921872 638.75 276.2367553710937
0 0.0272 346.01367950439453 114.50791549682619 404.06803131103516 134.55807876586917
0 0.0268 287.3408508300781 3.8696022033691677 342.84149169921875 25.21088790893557
0 0.0254 0.0 219.3858642578125 638.75 558.2499999999999
0 0.0253 525.999755859375 74.50737667083742 584.0825653076172 94.55735874176027
0 0.0244 445.4359817504883 234.7554035186767 504.60575103759766 254.30280876159665
0 0.0241 608.1956481933594 62.969104766845724 638.75 86.05597686767581
0 0.0233 526.270637512207 54.38365173339845 583.8315963745117 74.68417358398439
0 0.0232 395.8258056640625 214.59395599365232 454.24171447753906 234.47020721435547
0 0.0229 0.0 -80.49999999999994 510.9122848510742 201.0149688720703
0 0.0228 456.0081481933594 274.51426696777344 514.0721893310547 294.55226135253906
0 0.0226 345.8750534057617 94.56778717041016 404.1971206665039 114.49626159667969
0 0.0223 608.3718109130859 22.863018035888697 638.75 46.16324615478518
0 0.0217 608.9603424072266 282.48763275146484 638.75 306.5414352416992
0 0.0200 27.49823570251465 -76.22038173675531 82.69855499267578 -54.69882297515865
0 0.0193 415.6842803955078 254.65583038330078 474.3731689453125 274.40665435791016
0 0.0172 527.1135711669922 3.9766521453857706 583.0529022216797 25.100214004516623
0 0.0171 345.7984924316406 -55.398352622985804 404.2681884765625 -35.538509368896456
0 0.0170 528.4127044677734 303.2533950805664 581.8647766113281 325.83235931396484
0 0.0168 287.08839416503906 -26.001942634582488 343.0740737915039 -4.920104026794406
0 0.0165 608.6685943603516 -7.321842193603486 638.75 16.349784851074244
0 0.0163 277.77466773986816 33.63267135620119 332.44444847106934 55.45075607299806
0 0.0161 326.8567657470703 154.11372375488278 383.28758239746094 174.96192169189453
0 0.0150 589.8062896728516 312.2908706665039 638.75 336.7926712036133
0 0.0146 405.6398010253906 -55.329964637756305 464.4157409667969 -35.60895729064938
0 0.0144 386.4279556274414 234.32131004333493 443.68335723876953 254.75002479553217
0 0.0136 337.2834777832031 193.89996719360352 392.8941345214844 215.18010330200195
0 0.0126 326.76708221435547 -75.84975528717037 383.37207794189453 -55.07666397094723
0 0.0123 397.0747756958008 274.00916290283203 453.0855941772461 295.06934356689453
0 0.0120 0.0 -47.507651329040485 40.83789348602295 -23.40609836578366
0 0.0110 306.68816566467285 74.18698024749759 363.445348739624 94.88553714752199
0 0.0109 465.7344055175781 -35.37284183502194 524.3283081054688 -15.565207481384245
0 0.0108 609.0017509460449 542.130157470703 638.7500190734863 558.2499999999999
0 0.0108 286.4898681640625 114.29087829589844 343.62640380859375 134.78091430664062
