0 0.0280 87.41381645202637 57.828289031982436 142.7751636505127 79.25239181518555
0 0.0261 87.09871292114258 97.99001312255861 143.06522369384766 119.08761596679688
0 0.0254 0.0 193.38586425781247 638.75 532.25
0 0.0229 0.0 -106.49999999999999 510.9122848510742 175.01496887207034
0 0.0227 86.77159309387207 128.1522331237793 143.36691856384277 148.92203903198242
0 0.0217 97.4372386932373 27.81434631347658 152.7540111541748 49.26627731323243
0 0.0192 126.9078779220581 78.08360671997072 183.24158191680908 98.9918098449707
0 0.0165 86.84709548950195 158.1168327331543 143.29687118530273 178.95846939086914
0 0.0163 47.37025260925293 77.8480682373047 102.8158950805664 99.23173522949219
0 0.0140 147.0112419128418 118.03235626220702 203.14619064331055 139.04412841796875
0 0.0125 608.9421844482422 516.1762390136719 638.75 532.25
0 0.0120 609.5079040527344 476.08018493652344 638.75 500.9462127685546
0 0.0118 147.23480224609375 47.91914081573487 202.94025421142578 69.159556388855
0 0.0118 147.07868576049805 147.99913024902344 203.0838966369629 169.07815551757812
0 0.0117 27.31196403503418 117.88224792480469 82.86860466003418 139.1976318359375
0 0.0116 76.9656753540039 228.05379486083982 133.18853378295898 249.02204132080075
0 0.0116 147.55956649780273 217.74816131591797 202.64196395874023 239.33332061767575
0 0.0116 512.6921272277832 -106.49999999999997 638.7499809265137 -36.65076160430907
0 0.0113 458.3761215209961 57.285419464111335 511.89579010009766 79.80159378051759
0 0.0113 37.993621826171875 37.50705337524415 92.24491119384766 59.57748031616211
0 0.0111 97.97822952270508 -2.48403930664061 152.25893020629883 19.568496704101577
0 0.0109 574.3924140930176 118.3368263244629 638.7499809265137 168.24702835083008
0 0.0107 408.68629455566406 77.0921096801758 461.6148376464844 99.99578094482423
0 0.0106 127.21137523651123 177.93340301513672 182.9613161087036 199.1454086303711
0 0.0106 357.5723648071289 207.7428207397461 412.62989044189453 229.3390426635742
0 0.0105 608.6087226867676 -33.282169342040994 638.7499809265137 -9.68994522094725
0 0.0103 46.974661350250244 178.05297470092773 103.1793761253357 199.02350997924805
0 0.0102 27.20165252685547 147.93965911865234 82.96996116638184 169.1392669677734
