0 0.2235 433.0625534057617 178.4141788482666 548.1914901733398 228.06404685974118
0 0.1763 313.06254386901855 178.4141788482666 428.191499710083 228.06404685974118
0 0.1040 259.0689468383789 186.82881927490234 311.2722396850586 210.2577362060547
0 0.0992 439.9467468261719 146.1761817932129 490.49072265625 170.90571975708008
0 0.0923 519.0283966064453 156.86542129516602 571.3067626953125 180.22243118286133
0 0.0824 297.7426528930664 112.76664352416994 443.9835739135742 174.16011428833008
0 0.0764 38.38845252990723 197.27593994140625 91.88505172729492 219.81084442138672
0 0.0638 549.4412231445312 196.5762481689453 600.9368133544922 220.5107650756836
0 0.0598 275.3479766845703 212.2296962738037 314.83333587646484 244.88855934143066
0 0.0596 248.5810089111328 157.14933013916016 301.7121124267578 179.93695831298828
0 0.0595 37.75212287902832 167.64480209350586 92.46519088745117 189.43843460083008
0 0.0594 530.545654296875 225.57370758056638 579.9834442138672 251.48900604248047
0 0.0560 421.2909698486328 230.77317810058594 489.61387634277344 266.0617218017578
0 0.0534 340.39539337158203 55.755783081054695 390.1052474975586 81.31528472900392
0 0.0520 98.84637832641602 186.9894561767578 151.4700698852539 210.0987777709961
0 0.0506 28.999652862548828 226.88241577148435 81.33312225341797 250.20509338378903
0 0.0503 275.4295539855957 511.23698806762695 314.8373603820801 532.2499809265137
0 0.0477 350.74657440185547 85.35535430908205 399.81502532958984 111.69992065429688
0 0.0471 198.08141708374023 187.46335601806643 252.1632957458496 209.6227035522461
0 0.0446 27.59683609008789 137.73049926757812 82.60724067687988 159.35166931152344
0 0.0442 97.93400764465332 157.54359817504883 152.29876518249512 179.54093551635745
0 0.0430 352.5538635253906 229.64562988281247 418.2977294921875 267.1509704589844
0 0.0425 315.4114627838135 511.341510772705 354.847936630249 532.2499809265137
0 0.0424 235.41851043701172 511.30029296874994 274.84386444091797 532.25
0 0.0417 489.1452407836914 126.78842163085939 541.2012100219727 150.29973602294922
0 0.0354 355.3779983520508 511.4873847961426 394.87186431884766 532.2499809265137
0 0.0347 300.59428215026855 85.52585220336914 349.94175910949707 111.53564071655273
0 0.0343 290.3042984008789 55.844379425048835 340.18310546875 81.22909164428711
0 0.0328 195.39072036743164 511.4331970214844 234.86265182495117 532.25
0 0.0296 87.6052474975586 127.72462463378905 142.5998306274414 149.35742950439453
0 0.0296 445.07457733154297 112.80349349975587 485.0839614868164 144.36557388305664
0 0.0295 201.28124237060547 212.41921997070315 269.18277740478516 244.6041259765625
0 0.0288 0.0 383.59803771972656 211.54129028320312 482.7982482910156
0 0.0287 150.04644870758057 206.06900787353513 200.4081106185913 231.00843048095703
0 0.0282 329.43859100341797 26.578327178955092 380.9391403198242 50.50872421264649
0 0.0280 0.0 192.75083160400393 35.059823989868164 224.41350555419925
0 0.0275 90.33045768737793 215.79835510253906 140.1648235321045 241.27175903320307
0 0.0273 350.7252502441406 263.59803771972656 571.5412902832031 362.7982482910156
0 0.0271 108.7047004699707 490.4805908203125 191.95663452148438 532.25
0 0.0270 187.92547225952148 157.54766082763672 242.3067283630371 179.53672027587888
0 0.0254 19.0872859954834 256.82332611083984 71.2542724609375 280.2641830444336
0 0.0254 394.65137481689453 498.3036193847656 506.56055450439453 532.25
0 0.0244 248.92911911010742 126.92557907104492 301.3974952697754 150.16139602661133
0 0.0225 399.8445129394531 86.26206970214844 450.58021545410156 110.82131958007812
0 0.0220 17.57988929748535 107.73967361450194 72.62277603149414 129.34238052368164
0 0.0219 389.54235076904297 56.50233840942383 440.84659576416016 80.58429336547853
0 0.0211 544.9329376220703 123.06254959106447 585.2168273925781 154.13013076782227
0 0.0205 574.9614334106445 163.01383590698242 615.1897811889648 194.17438125610352
0 0.0204 230.72525024414062 383.59803771972656 451.5412902832031 482.7982482910156
0 0.0169 5.211087465286255 282.5342330932617 44.95736002922058 314.61072540283203
0 0.0169 59.7153377532959 515.7836303710938 110.81103324890137 532.25
0 0.0163 70.72525024414062 263.59803771972656 291.5412902832031 362.7982482910156
0 0.0162 574.3924140930176 358.33680725097656 638.7499809265137 408.2470092773437
0 0.0157 389.1139221191406 -106.49999999999997 638.75 34.202791213989265
0 0.0155 0.7964015007019043 146.42961120605466 28.79584550857544 190.85023498535156
0 0.0154 269.42638397216797 26.58518409729005 320.95043182373047 50.50163841247559
0 0.0153 249.81170654296875 96.275936126709 300.6116485595703 120.80611801147461
0 0.0144 518.9689636230469 96.90415954589844 571.3604736328125 120.1835403442383
0 0.0144 574.3924140930176 258.33680725097656 638.7499809265137 308.24700927734375
0 0.0142 512.8874015808105 463.1266937255858 638.7500190734863 532.25
0 0.0141 589.0910339355469 136.8247947692871 638.75 160.26328659057614
0 0.0140 588.8920402526855 86.9585952758789 638.7500190734863 110.12956237792969
0 0.0135 0.0 -106.49999999999997 255.4166603088379 34.204278945922866
0 0.0131 453.0625534057617 378.41416931152344 568.1914901733398 428.0640563964844
0 0.0124 0.0 516.0895881652831 51.07322692871094 532.2499809265137
0 0.0121 301.04217529296875 244.804931640625 349.60838317871094 272.212387084961
0 0.0121 147.88442611694336 127.56959533691408 202.34453201293945 149.5143280029297
0 0.0120 608.815746307373 216.58242797851565 638.7500190734863 240.44602966308594
0 0.0118 239.9759864807129 56.14980316162111 290.46552658081055 80.93144989013672
0 0.0106 77.63367652893066 97.70652389526367 132.57439613342285 119.37533950805664
0 0.0106 458.99349212646484 86.89071273803712 511.33777618408203 110.19740676879883
0 0.0104 0.0 321.9905242919922 34.74167823791504 355.1070556640625
0 0.0100 598.7322998046875 57.06307983398438 638.75 80.02496337890626
