0 0.0980 220.9524154663086 77.28513717651367 359.8137283325195 183.75085830688477
0 0.0404 251.77997589111328 184.94556427001953 318.55648040771484 244.6800994873047
0 0.0339 233.06254386901855 24.914169311523438 348.191499710083 74.56404685974121
0 0.0280 320.5439758300781 180.9684944152832 349.09851074218744 228.8938331604004
0 0.0262 220.56262969970703 181.06922149658203 249.07588958740237 228.80722045898438
0 0.0254 -79.99999999999999 299.8858642578125 558.75 638.75
0 0.0251 186.14957809448242 95.2989387512207 223.75379562377927 154.63056564331055
0 0.0225 432.69212722778315 0.0 558.7499809265137 69.84923839569092
0 0.0181 185.6813049316406 57.900428771972656 224.53712463378906 92.14744567871094
0 0.0170 320.60977935791016 231.33079528808594 349.0187454223632 278.5841751098633
0 0.0162 350.5481338500976 170.98821640014648 379.0934371948242 218.87632369995117
0 0.0159 290.6161117553711 251.36974334716797 319.01111602783203 298.5517883300781
0 0.0159 -79.99999999999999 568.4435272216797 -45.276846885681145 601.6500091552734
0 0.0158 -79.64770317077637 602.2933578491211 -29.857048988342285 627.7782821655273
0 0.0156 368.1185913085937 77.0982551574707 452.6026153564453 143.126220703125
0 0.0156 190.59347152709958 161.2392234802246 219.0384864807129 208.6619758605957
0 0.0154 -30.371484756469723 612.9185104370117 20.773868560791012 637.1650314331055
0 0.0147 260.60596466064453 251.30964279174805 289.0233993530273 298.60219955444336
0 0.0143 79.4714593887329 613.0431747436523 130.91210842132568 637.0421981811523
0 0.0135 -79.99999999999999 0.0 175.41666030883786 140.70427894592285
0 0.0127 139.49975967407227 613.0191040039062 190.88758468627927 637.0657348632812
0 0.0126 220.65632820129392 231.6555404663086 248.9626598358154 278.32157135009766
0 0.0126 -80.0 528.4151077270508 -45.28788566589356 561.6759872436523
0 0.0122 199.9808883666992 2.6392269134521484 250.46253204345703 27.441110610961914
0 0.0116 458.3281707763672 74.28496837615967 558.75 206.156964302063
0 0.0114 329.90787506103516 2.704892158508301 380.52555084228516 27.377042770385742
0 0.0114 350.6057357788086 221.30437850952148 379.0236282348632 268.60586166381836
0 0.0113 325.711669921875 277.80616760253906 364.51171875 312.2339630126953
0 0.0113 260.6212615966797 311.40071868896484 289.00482177734375 358.52588653564453
0 0.0112 19.62346076965332 602.9361724853516 70.77549934387207 627.1492767333984
0 0.0108 -40.88951110839844 573.3105087280273 11.232786178588867 596.777458190918
0 0.0107 495.47071456909174 604.7563171386719 558.7500190734862 638.75
0 0.0105 290.6354141235351 311.49295806884766 318.9877700805664 358.45020294189453
