0 0.1169 395.5400085449219 25.21519660949707 454.5079803466797 44.84501838684082
0 0.1093 586.9852447509766 -65.46030044555663 638.75 -44.46433067321777
0 0.1023 396.1224365234375 44.95967864990234 453.96697998046875 65.10774612426758
0 0.1016 336.1350631713867 34.95535850524902 393.9548873901367 55.112428665161126
0 0.0986 215.83194732666016 55.08732795715331 274.2369842529297 74.97628211975096
0 0.0916 215.68357467651367 35.15103340148925 274.37509536743164 54.91057395935058
0 0.0904 526.4699554443359 -75.2083110809326 583.6469268798828 -54.72146034240722
0 0.0879 335.63995361328125 15.173120498657227 394.4148254394531 34.88846778869629
0 0.0833 405.48797607421875 5.235013961791992 464.5569610595703 24.82415199279785
0 0.0767 276.4503002166748 34.80719566345214 333.66360664367676 55.263795852661126
0 0.0750 456.04393005371094 24.99314308166504 514.0402221679688 45.073041915893555
0 0.0717 216.3402557373047 74.8587417602539 273.76537322998047 95.21102905273438
0 0.0658 597.764892578125 -35.864906311035156 638.75 -14.05217170715332
0 0.0628 225.78414916992188 15.107593536376951 284.28157806396484 34.955310821533196
0 0.0623 316.9498538970947 54.56837654113769 373.2015132904053 75.50833702087402
0 0.0622 386.7231750488281 64.67873096466063 443.41094970703125 85.39550304412842
0 0.0573 516.4708709716797 -55.20212173461914 573.6444854736328 -34.72660064697265
0 0.0541 466.45240783691406 -75.19969940185547 523.6630249023438 -54.730210304260254
0 0.0532 608.4335136413574 -6.671447753906249 638.7500190734863 16.69857025146484
0 0.0511 466.1027526855469 4.962205886840819 523.9867401123047 25.10396003723144
0 0.0499 155.9263038635254 55.048379898071296 214.14873123168945 75.01681327819824
0 0.0493 589.3966865539551 33.10776710510254 638.7499809265137 56.979303359985344
0 0.0471 405.82130432128906 -14.910316467285156 464.2474365234375 4.973421096801759
0 0.0469 345.58040618896484 -4.803342819213867 404.47071075439453 14.86384391784668
0 0.0435 487.5733184814453 44.24276351928711 542.6289367675781 65.83915710449219
0 0.0421 155.9608030319214 35.032997131347656 214.1167116165161 55.03261566162109
0 0.0413 156.2733268737793 74.89274978637695 213.82661819458008 95.17675399780273
0 0.0392 277.31101989746094 74.3810987472534 332.86983489990234 95.69851398468018
0 0.0368 165.72526931762695 15.135517120361326 224.3357276916504 34.927024841308594
0 0.0364 456.21944427490234 -55.08607864379883 513.8774490356445 -34.845614433288574
0 0.0349 447.3698425292969 64.3502426147461 502.81585693359375 85.72986602783203
0 0.0335 196.7224884033203 94.67857360839844 253.41167449951172 115.39558410644531
0 0.0325 466.50535583496094 -15.223665237426756 523.6138153076172 5.29449462890625
0 0.0323 456.3772964477539 -35.160646438598626 513.7316513061523 -14.769496917724611
0 0.0319 609.37744140625 62.681236267089844 638.75 87.34609603881835
0 0.0318 215.83751678466797 -4.916775226593017 274.23221588134766 14.980175495147703
0 0.0303 286.0775661468506 -5.0223350524902335 344.0091037750244 15.088863372802734
0 0.0281 527.4346160888672 24.314479827880863 582.7567291259766 45.765933990478516
0 0.0271 527.2880554199219 -25.61117649078369 582.8919219970703 -4.310059547424316
0 0.0254 0.0 219.8858642578125 638.75 558.75
0 0.0244 397.3838806152344 94.34387207031249 452.8026580810547 115.73650360107422
0 0.0241 396.26903533935547 -35.11270523071289 453.83243560791016 -14.819030761718748
0 0.0229 0.0 -79.99999999999999 510.9122848510742 201.51496887207028
0 0.0219 156.1678695678711 -5.062932968139648 213.92532348632812 15.130567550659178
0 0.0216 398.1475830078125 153.91971588134766 452.10411071777344 176.16596221923825
0 0.0204 337.84820556640625 84.09191131591797 392.3771667480469 105.99205017089844
0 0.0189 397.83447265625 124.09889221191408 452.38990783691406 145.98487854003906
0 0.0187 398.54801177978516 183.6818695068359 451.73938751220703 206.4060592651367
0 0.0187 336.22303009033203 -25.090341567993164 393.8747024536133 -4.84172821044922
0 0.0180 609.478931427002 92.59860992431639 638.7499809265137 117.42744445800781
0 0.0172 458.33473205566406 153.81023406982422 511.9334411621094 176.2765884399414
0 0.0164 407.3015594482422 -75.61742305755614 462.87933349609375 -54.30357933044433
0 0.0158 176.4206314086914 -25.18284320831299 233.69197845458984 -4.747118949890138
0 0.0156 257.3887252807617 104.33843612670898 312.7989196777344 125.74155807495117
0 0.0154 458.01395416259766 93.99660110473631 512.2260665893555 116.08823776245117
0 0.0147 458.1825637817383 123.90047073364256 512.0719528198242 146.18558883666992
0 0.0143 599.1666984558105 193.26862335205078 638.7500190734863 216.81880950927732
0 0.0139 544.8422622680664 49.72713470458984 585.3017807006836 80.48072814941405
0 0.0136 206.77606582641602 124.64996337890622 263.3628273010254 145.42434692382812
0 0.0134 127.22179412841797 94.43037033081055 182.9511833190918 115.64889907836913
0 0.0134 98.01715850830078 43.99831771850585 152.2223663330078 66.08707427978516
0 0.0133 458.44478607177734 183.74040603637692 511.83414459228516 206.34641647338867
0 0.0131 236.25198364257812 -25.104379653930664 293.8480758666992 -4.827470779418946
0 0.0131 574.3924140930176 124.83682632446288 638.7499809265137 174.74702835083008
0 0.0127 608.7850189208984 223.1037139892578 638.75 246.92481994628906
0 0.0123 177.54512786865234 194.25752639770508 232.65483856201172 215.8241081237793
0 0.0120 338.2292938232422 163.87332916259763 392.0293426513672 186.2130355834961
0 0.0119 107.80265808105469 14.118919372558594 162.41846084594727 35.96498489379883
0 0.0116 236.89857482910156 144.58759307861325 293.2502746582031 165.48763275146484
0 0.0114 608.9931488037109 542.6369476318359 638.75 558.75
0 0.0114 408.4844207763672 213.7192153930664 461.7974853515625 236.36821746826172
0 0.0113 227.28248596191406 174.39744949340817 282.89573669433594 195.68212509155273
0 0.0111 518.6416244506836 163.61339569091797 571.6567611694336 186.473388671875
0 0.0108 338.8288879394531 193.50229263305664 391.4855194091797 216.58613204956052
0 0.0106 337.6443862915039 134.2034149169922 392.56397247314453 155.87894439697263
