0 0.0670 607.2375297546387 2.991289138793966 638.7500190734863 25.023378372192404
0 0.0506 596.8594551086426 -26.403056144714334 638.7499809265137 -5.523653984069801
0 0.0419 607.5468254089355 32.83312225341799 638.7500190734863 55.18572235107423
0 0.0330 597.5456237792969 -66.75168609619139 638.75 -45.16802406311033
0 0.0283 597.7435111999512 93.14716720581056 638.7500190734863 114.93564987182619
0 0.0275 546.4094161987305 3.826116561889671 603.7014389038086 24.24437904357912
0 0.0254 0.0 218.88586425781253 638.75 557.75
0 0.0251 598.4996223449707 122.71242523193361 638.7499809265137 145.37542724609378
0 0.0236 597.6290130615234 63.20833587646486 638.75 84.87337493896486
0 0.0229 0.0 -80.99999999999996 510.9122848510742 200.5149688720703
0 0.0224 27.705307006835938 -76.83278417587277 82.5088119506836 -55.084842205047586
0 0.0222 487.6744842529297 113.18909072875977 542.5359344482422 134.89380264282227
0 0.0213 536.5019226074219 23.78354454040529 593.6156463623047 44.288133621215835
0 0.0209 517.1338272094727 -16.52943229675291 573.0332565307617 4.607137680053732
0 0.0187 537.567253112793 93.24474716186525 592.6347732543945 114.83692550659183
0 0.0184 608.9395141601562 152.00085067749023 638.75 176.02806472778323
0 0.0181 468.0818176269531 142.96053314208987 522.1634674072266 165.1251449584961
0 0.0171 418.3613586425781 112.79457473754884 471.9091796875 135.29240036010742
0 0.0156 468.2338333129883 172.8692665100098 522.0254898071289 195.21690750122073
0 0.0155 477.5670623779297 83.24711227416995 532.6344299316406 104.83490371704103
0 0.0148 408.4093475341797 142.76140594482422 461.866455078125 165.32518768310547
0 0.0147 378.07178497314453 302.9637756347656 432.1731948852539 325.12144470214844
0 0.0146 538.7434768676758 132.5539436340332 591.5634536743164 155.53383255004886
0 0.0144 477.8722381591797 13.079990386962912 532.3548889160156 35.00437164306643
0 0.0144 108.0714464187622 262.96152496337896 162.17406749725342 285.12339019775396
0 0.0140 467.76599884033203 203.13211822509768 522.4536514282227 224.95046997070312
0 0.0136 488.35723876953125 -47.20345115661618 541.9130706787109 -24.70965957641599
0 0.0135 378.00540924072266 273.0012741088867 432.23392486572266 295.08348846435547
0 0.0135 408.37596893310547 82.78564834594728 461.8959426879883 105.30140304565431
0 0.0134 488.6554718017578 -77.38691186904906 541.6423797607422 -54.52506399154661
0 0.0134 507.0237731933594 43.52999114990236 563.1337738037109 64.54723739624025
0 0.0134 88.3199405670166 -77.18259429931638 141.94729804992676 -54.73090505599973
0 0.0133 298.55438232421875 -77.32327556610105 351.7339324951172 -54.58895778656003
0 0.0128 547.3394775390625 -46.63345432281492 602.8436279296875 -25.286637306213358
0 0.0124 108.20541381835938 232.88317108154297 162.05202102661133 255.20243072509766
0 0.0123 398.7852096557617 22.52816581726076 451.5255355834961 45.55983924865724
0 0.0121 467.19539642333984 243.4401550292969 522.9763412475586 264.6382751464844
0 0.0120 347.5820541381836 243.23698425292966 402.6211166381836 264.8448791503906
0 0.0118 458.970947265625 -17.593284606933572 511.3578796386719 5.681537628173849
0 0.0115 28.10384750366211 -47.05393409729001 82.1437931060791 -24.860502243041964
0 0.0112 407.8989028930664 173.0574645996094 462.33219146728516 195.02596282958984
0 0.0110 609.2099761962891 181.80755996704102 638.75 206.22070693969727
0 0.0110 378.35811614990234 332.79661560058594 431.91211700439453 355.29035949707037
0 0.0110 398.6494827270508 52.61613273620608 451.64798736572266 75.4717769622803
0 0.0110 575.4707145690918 523.7563171386719 638.7500190734863 557.7500000000001
0 0.0108 98.32230567932129 292.8181686401367 151.94464683532715 315.2686538696289
0 0.0107 358.65177154541016 -77.38788461685178 411.6464614868164 -54.524577617645235
0 0.0107 0.7812786102294922 -78.23985671997067 28.8136625289917 -33.525558471679666
0 0.0107 297.8084182739258 263.11415100097656 352.4135208129883 284.96954345703125
0 0.0106 437.6731872558594 283.19017791748047 492.53700256347656 304.8927536010743
0 0.0104 407.6213836669922 243.2188262939453 462.5843811035156 264.8638000488281
0 0.0103 358.70445251464844 122.57883453369142 411.59873962402344 145.50886535644534
0 0.0100 285.3123474121094 37.81335258483889 324.86522674560547 70.31217002868654
0 0.0100 318.05572509765625 292.9754867553711 372.1873474121094 315.1100387573242
