0 0.0534 477.99671173095703 37.0015459060669 532.2429275512695 59.08245372772217
0 0.0459 488.77647399902344 6.532123565673835 541.5337371826172 29.555633544921882
0 0.0373 487.13768005371094 217.47086334228516 543.0291748046875 238.60726165771487
0 0.0362 477.4161148071289 67.32207107543945 532.7742385864258 88.75784683227539
0 0.0334 428.18084716796875 16.89575004577637 482.07481384277344 39.18945121765137
0 0.0322 427.4448013305664 217.31228637695312 482.74662017822266 238.76873779296872
0 0.0292 417.5336456298828 47.261112213134766 472.6659393310547 68.82002639770508
0 0.0291 197.40732192993164 207.33253288269043 252.78093338012695 228.74818611145022
0 0.0287 293.06254386901855 -102.08583068847655 408.191499710083 -52.435953140258775
0 0.0277 488.5002899169922 -23.287803649902333 541.7825317382812 -0.6243247985839776
0 0.0276 396.8964385986328 97.5913314819336 453.25164794921875 118.48427581787108
0 0.0254 0.0 192.88586425781247 638.75 531.75
0 0.0251 287.14816093444824 137.46487426757812 343.01968574523926 158.61321258544922
0 0.0250 428.5443115234375 -13.320085525512686 481.7436981201172 9.407384872436529
0 0.0249 527.0503234863281 197.51306343078613 583.1101226806641 218.56384086608884
0 0.0246 197.25492477416992 177.40763473510742 252.92203903198242 198.6710624694824
0 0.0244 437.01915740966797 187.53134536743164 493.1382369995117 208.5456733703613
0 0.0243 357.1923065185547 117.44351196289062 412.97874450683594 138.63518524169922
0 0.0238 587.9649353027344 217.0206527709961 638.75 239.06327056884768
0 0.0233 456.9532012939453 97.56092834472655 513.1998443603516 118.51490783691405
0 0.0230 426.7611312866211 117.65848922729491 483.3762741088867 138.4158592224121
0 0.0217 247.6301383972168 157.2133140563965 302.5765037536621 178.86923599243164
0 0.0211 377.40379333496094 67.33042526245117 432.7851104736328 88.74968338012697
0 0.0201 297.1488285064697 107.46313858032227 353.01939964294434 128.61475753784183
0 0.0196 406.88411712646484 157.59693908691406 463.2631301879883 178.47847747802734
0 0.0194 238.6319923400879 -103.37334346771239 291.66391372680664 -80.53887081146239
0 0.0191 318.80504608154297 -43.48727416992186 371.50814056396484 -20.42505455017089
0 0.0186 357.6737976074219 37.18315887451172 412.5379943847656 58.898780822753906
0 0.0185 257.75747299194336 187.14350509643555 312.4599266052246 208.93999862670898
0 0.0183 608.3663940429688 186.36746215820312 638.75 209.658935546875
0 0.0182 187.3287582397461 147.36973571777347 242.85404205322266 168.70972442626953
0 0.0178 428.3498764038086 -43.19847297668456 481.91959381103516 -20.71458053588866
0 0.0175 227.59803771972656 127.22859191894533 282.60643005371094 148.85338592529297
0 0.0171 337.30953216552734 87.38047409057617 392.8715133666992 108.6989097595215
0 0.0166 369.0032958984375 -23.617794036865224 421.329345703125 -0.29435348510741555
0 0.0166 307.11517333984375 167.4814872741699 363.0500793457031 188.59625625610352
0 0.0165 413.0625534057617 -102.08583068847655 528.1914901733398 -52.435953140258775
0 0.0164 347.21630096435547 147.42880630493164 402.95726776123047 168.64973831176758
0 0.0163 107.4812126159668 57.28943634033203 162.71400451660156 78.79132080078126
0 0.0163 368.4998321533203 6.70141029357911 421.7853546142578 29.384859085083015
0 0.0161 377.27386474609375 197.4021224975586 432.9035949707031 218.67741394042972
0 0.0160 166.89496994018555 117.59171295166016 223.25307846069336 138.4838562011719
0 0.0158 237.86123275756836 97.08281326293945 292.365665435791 119.00099563598634
0 0.0155 608.4285736083984 246.33011627197266 638.75 269.69673919677734
0 0.0150 527.4224090576172 237.32598114013666 582.7667236328125 258.75511932373047
0 0.0150 476.9981002807617 167.53886032104492 533.1583023071289 188.5375099182129
0 0.0150 167.03481674194336 77.51828002929688 223.12501907348633 98.55809020996092
0 0.0149 277.68677711486816 57.18109893798828 332.524938583374 78.9016799926758
0 0.0149 257.7786636352539 217.13089752197263 312.4407196044922 238.95264434814453
0 0.0148 137.67541885375977 217.18750762939453 192.53530502319336 238.8951950073242
0 0.0145 497.92980194091797 -52.95477581024169 552.3027420043945 -30.960814476013173
0 0.0144 456.95220947265625 137.56058502197266 513.2009124755859 158.51513671875
0 0.0139 126.83443069458008 97.62238311767578 183.3087158203125 118.4526901245117
0 0.0137 98.1277084350586 26.93077850341798 152.12236404418945 49.154708862304695
0 0.0136 317.7463912963867 207.1482162475586 372.4703598022461 228.93502044677734
0 0.0135 257.9401969909668 -42.961427688598626 312.29345321655273 -20.954210281372063
0 0.0131 217.59143829345703 57.2336654663086 272.6121520996094 78.84850311279295
0 0.0130 127.23835468292236 137.41965103149414 182.93643474578857 158.65942764282227
0 0.0129 608.9155578613281 515.696304321289 638.75 531.75
0 0.0126 137.422194480896 187.3239974975586 192.76743412017822 208.75675964355466
0 0.0125 574.3924140930176 -102.16318321228026 638.7499809265137 -52.25297164916991
0 0.0124 157.92487621307373 37.042282104492195 212.30854511260986 59.04124069213868
0 0.0122 534.6526718139648 33.04615783691407 575.4813003540039 63.19161224365236
0 0.0121 98.16100120544434 -3.090087890624993 152.09233283996582 19.175556182861335
0 0.0119 308.4859085083008 -13.287288665771475 361.79737091064453 9.373901367187507
0 0.0119 367.78079986572266 227.13185119628906 422.43824005126953 248.95199584960935
0 0.0119 113.06253433227539 -102.08583068847655 228.19150924682617 -52.435953140258775
0 0.0118 87.33259201049805 117.37160491943361 142.84961700439453 138.70846557617188
0 0.0115 188.2137107849121 236.88542175292972 242.04286575317383 259.2012481689453
0 0.0113 497.66761779785156 117.18869018554688 552.5431060791016 138.89351654052734
0 0.0113 307.9372501373291 17.03800964355469 362.296667098999 39.04600906372071
0 0.0107 537.5085067749023 167.27305221557617 592.6893997192383 188.80766677856445
0 0.0106 609.0504264831543 345.9233169555664 638.7500190734863 370.10552215576166
0 0.0105 608.4068298339844 156.34356307983398 638.75 179.6832160949707
0 0.0103 467.7280807495117 247.16046142578122 522.486686706543 268.9229278564453
0 0.0103 87.20948219299316 157.4334602355957 142.96326637268066 178.64519882202148
0 0.0102 0.0 216.33965301513675 51.261935234069824 239.74915313720703
