0 0.0311 -77.11839103698729 593.1175994873047 -25.50957107543944 616.9693756103516
0 0.0302 13.23763942718507 612.8216934204102 64.17972660064699 637.2593307495117
0 0.0254 -106.49999999999997 299.8858642578125 532.25 638.75
0 0.0250 -106.49999999999997 562.914924621582 -55.75164222717283 587.170524597168
0 0.0247 -77.3248424530029 622.7852058410645 -25.225309371948224 638.7499809265137
0 0.0229 -106.49999999999997 0.0 404.4122848510742 281.5149688720703
0 0.0222 63.28023529052735 612.7925491333008 114.14117431640625 637.288703918457
0 0.0187 113.20533370971678 612.8536987304688 164.2069206237793 637.2284698486328
0 0.0183 -106.49999999999997 532.7204132080078 -65.95405483245847 557.3613739013672
0 0.0182 -15.723556518554672 602.7330780029297 12.31952285766603 638.75
0 0.0158 -27.146073818206773 573.1335830688477 24.515985012054454 596.9529342651367
0 0.0157 163.2473239898682 612.8174209594727 214.17046165466311 637.2639846801758
0 0.0133 406.19212722778315 0.0 532.2499809265136 69.84923839569092
0 0.0124 82.43577575683595 553.4282302856445 134.8899612426758 576.6597366333008
0 0.0120 22.701335906982436 553.2514190673828 74.65049362182619 576.8369293212891
0 0.0119 -105.74516677856442 592.5065994262695 -77.6549091339111 637.6652145385742
0 0.0112 214.2587432861328 602.5557708740234 242.34048461914057 638.75
0 0.0110 -106.49999999999997 502.55279541015625 -66.11972713470459 527.5254821777344
0 0.0110 82.9002151489258 583.1061553955078 134.47339630126956 606.9810485839844
0 0.0103 23.36825466156007 582.7411651611328 74.05963993072511 607.3417663574219
0 0.0103 468.97071456909174 604.7563171386719 532.2500190734863 638.75
