0 0.2914 127.52511978149414 63.15273761749267 196.68787002563477 83.85501384735107
0 0.2666 129.28809642791748 47.07143783569336 197.3002290725708 65.97673416137695
0 0.2059 240.0155258178711 42.83092498779297 296.849365234375 66.01633071899414
0 0.1915 29.5491623878479 115.10705947875977 81.55717611312866 134.43937301635742
0 0.1553 481.4535140991211 464.1646194458008 533.5078048706055 481.26728057861334
0 0.1521 538.636589050293 463.25965881347656 602.8056716918945 480.4373168945312
0 0.1504 255.79328536987305 266.7902374267578 319.0253257751465 283.734130859375
0 0.1502 32.353055477142334 155.12645721435544 82.71169900894165 176.2405014038086
0 0.1423 233.26528549194336 135.2480697631836 296.0088539123535 155.18993377685547
0 0.1361 96.21353149414062 61.16333007812501 133.91460418701172 89.73033905029297
0 0.1281 254.26342010498047 63.313751220703125 313.9687728881836 82.96318054199217
0 0.1094 286.7684555053711 44.88017082214355 334.06089782714844 66.88069343566895
0 0.1061 308.3966827392578 138.85175704956052 343.86009216308594 169.22990798950195
