0 0.0611 288.85743021965027 362.89921402931213 359.952837228775 394.8380649089813
0 0.0547 250.30839443206787 353.3271551132202 289.1448140144348 373.29113483428955
0 0.0529 275.83011984825134 394.4641947746277 365.77460169792175 433.2531690597534
0 0.0465 86.50410175323486 382.8890919685364 259.01663303375244 460.38925647735596
0 0.0447 249.8457431793213 330.3099274635315 289.5445227622986 349.4431972503662
0 0.0391 305.0098419189453 276.1649191379547 375.0673532485962 309.6323311328888
0 0.0386 358.92316699028015 361.78797483444214 399.18336272239685 380.46735525131226
0 0.0383 405.96452355384827 346.03458642959595 445.9111988544464 364.96925354003906
0 0.0347 144.7431445121765 483.0694794654846 175.74959993362427 499.0234375
0 0.0345 288.6521816253662 338.31432461738586 328.83501052856445 357.0650517940521
0 0.0326 275.83011984825134 441.3391947746277 365.77460169792175 480.1281690597534
0 0.0320 235.3261411190033 303.89729142189026 288.47160935401917 328.93678545951843
0 0.0316 405.74371814727783 322.76594638824463 446.1067318916321 341.3647413253784
0 0.0301 343.2554006576538 338.3806347846985 383.5967183113098 356.9997549057007
0 0.0298 448.74407351017 347.52875566482544 499.0234225988388 386.5211009979248
0 0.0296 234.45895314216614 253.0922293663025 304.9834668636322 285.8593463897705
0 0.0291 250.58448314666748 376.44654512405396 288.9172434806824 397.0338702201843
0 0.0285 113.45881223678589 483.1598401069641 144.5295512676239 499.0234375
0 0.0282 406.1911702156067 369.28680539131165 445.71220874786377 388.58911395072937
0 0.0274 405.6548476219177 299.3917763233185 446.1861848831177 317.86420941352844
0 0.0265 304.5341968536377 244.36825513839722 344.23190355300903 263.5093927383423
0 0.0264 178.6755621433258 466.39108657836914 243.71612071990967 499.0234375
0 0.0259 227.07287967205048 345.01388669013977 249.19240176677704 381.5229833126068
0 0.0254 367.19921231269836 384.8545551300049 406.58751130104065 404.2707085609436
0 0.0254 0.0 0.0 499.0234375 265.2232050895691
0 0.0253 448.74407351017 300.65375566482544 499.0234225988388 339.6461009979248
0 0.0253 405.62430024147034 275.9759724140167 446.2135136127472 294.40513253211975
0 0.0247 195.11081278324127 260.03342866897583 234.89923775196075 279.0948748588562
0 0.0245 311.1009895801544 221.78924083709717 353.1613051891327 239.21620845794678
0 0.0243 329.16465401649475 311.6159737110138 382.13637471199036 336.83744072914124
0 0.0237 405.2862823009491 198.07210564613342 446.5189278125763 216.05822443962097
0 0.0236 405.4696261882782 252.64403223991394 446.3525116443634 270.8621919155121
0 0.0236 160.4708433151245 256.7322552204132 191.2364661693573 282.4149429798126
0 0.0234 277.43974328041077 483.357310295105 308.6646497249603 499.0234375
0 0.0227 400.69328248500824 445.020854473114 499.0234524011612 499.0234375
0 0.0227 460.5119824409485 252.39184498786926 499.0234375 271.1131274700165
0 0.0227 475.9998172521591 275.5911946296692 499.0234524011612 294.74323987960815
0 0.0226 295.6530451774597 120.1174296438694 337.3759984970093 137.7633772790432
0 0.0226 257.2968602180481 229.02457416057587 297.677218914032 247.60641157627106
0 0.0224 405.1818251609802 221.57813608646393 446.6129541397095 239.42725360393524
0 0.0213 202.9270976781845 236.59172654151917 242.70863831043243 255.66139817237854
0 0.0210 448.74407351017 394.40375566482544 499.0234225988388 433.3961009979248
0 0.0209 246.63380533456802 467.08017587661743 276.9761309027672 493.8923120498657
0 0.0209 203.0472308397293 283.37016701698303 242.60275065898895 302.6317059993744
0 0.0207 332.09678530693054 483.4247827529907 363.37974667549133 499.0234375
0 0.0206 86.45511418581009 462.26605772972107 108.5587814450264 498.6605942249298
0 0.0203 257.1910321712494 135.35040616989136 297.77172207832336 153.780996799469
0 0.0199 318.37961077690125 198.64781200885773 361.46262288093567 215.47849476337433
0 0.0196 311.1690282821655 143.62147450447083 353.09988260269165 161.13397479057312
0 0.0192 257.196843624115 104.09203171730042 297.76740074157715 122.53877520561218
0 0.0190 405.5183231830597 174.4837909936905 446.3091790676117 192.77207553386688
0 0.0185 264.47615027427673 206.01023733615875 306.0595691204071 223.74586760997772
0 0.0185 367.2584295272827 408.23736786842346 406.5365791320801 427.7614653110504
0 0.0182 168.25643181800842 225.5423590540886 199.0734338760376 251.11008435487747
0 0.0182 207.2145640850067 210.14106273651123 238.23142051696777 235.28099060058594
0 0.0181 342.27466583251953 120.26333436369896 384.48262214660645 137.61553540825844
0 0.0175 272.44511246681213 159.03212130069733 313.7314021587372 176.97374522686005
0 0.0175 144.92450654506683 123.73332679271698 175.54087936878204 149.77289736270905
0 0.0173 460.33523976802826 143.14480125904083 499.0234524011612 161.6109162569046
0 0.0171 303.53832244873047 96.6322273015976 345.1231122016907 114.37341570854187
0 0.0171 261.8427872657776 77.44868099689484 292.9736375808716 102.35904157161713
0 0.0170 363.5931611061096 467.67377853393555 394.3641185760498 493.34877729415894
0 0.0170 405.4924249649048 127.62834131717682 446.33203744888306 145.87782323360443
0 0.0166 199.66204464435577 303.29206585884094 230.18430173397064 329.5782506465912
0 0.0165 311.0140860080719 174.96070265769958 353.2414138317108 192.29364395141602
0 0.0165 203.6106288433075 329.2218744754791 225.78474879264832 366.0339415073395
0 0.0164 460.4170322418213 229.02314364910126 499.0234375 247.60718643665314
0 0.0161 264.4405663013458 182.59282410144806 306.0922920703888 200.28789341449738
0 0.0161 160.73565185070038 287.2750759124756 191.00521504878998 314.31275606155396
0 0.0159 280.61333298683167 57.23533779382706 321.2229907512665 75.64602047204971
0 0.0158 406.41266107559204 392.52451062202454 445.52063941955566 412.2218191623688
0 0.0157 288.98486495018005 314.61092829704285 328.54196429252625 333.88975262641907
0 0.0157 176.0568618774414 124.00610744953156 206.89696073532104 149.52360093593597
0 0.0156 152.59669721126556 155.30337393283844 183.48033726215363 180.73047697544098
0 0.0155 129.3347328901291 92.39767491817474 159.88437831401825 118.60127747058868
0 0.0155 175.98062753677368 194.48372721672058 206.96651935577393 219.68546509742737
0 0.0153 350.13899207115173 237.4270334839821 392.24645495414734 254.8280581831932
0 0.0152 117.71528795361519 118.58388781547546 139.79650661349297 154.85543012619019
0 0.0151 413.31779956817627 151.05824172496796 454.13273572921753 169.32307183742523
0 0.0146 63.03972005844116 462.4367952346802 85.09476482868195 498.52579832077026
0 0.0146 160.427987575531 92.76601672172546 191.27532839775085 118.26455593109131
0 0.0146 207.21463859081268 178.8903921842575 238.2313758134842 204.03160154819489
0 0.0146 0.0 289.1390919685364 165.26663303375244 366.63925647735596
0 0.0144 183.79130959510803 155.42136132717133 214.78107571601868 180.622860789299
0 0.0144 363.4890019893646 428.83625626564026 394.4593369960785 454.0809690952301
0 0.0144 460.3221267461777 166.59246385097504 499.0234524011612 185.03843247890472
0 0.0143 238.40104788541794 155.58205544948578 269.54007893800735 180.47641217708588
0 0.0142 357.2801351547241 214.3566757440567 400.6742835044861 231.01799190044403
0 0.0139 129.3126493692398 264.3265724182129 159.9041074514389 290.42696952819824
0 0.0138 405.5324196815491 104.16221618652344 446.2963938713074 122.46870994567871
0 0.0135 230.71250319480896 77.19992846250534 261.6135776042938 102.5857999920845
0 0.0135 218.5085117816925 127.25244462490082 258.37185978889465 146.25127613544464
0 0.0134 358.1578731536865 143.54342222213745 399.8734951019287 161.21116280555725
0 0.0134 98.1186181306839 92.30714291334152 128.60481441020966 118.68419498205185
0 0.0133 144.78415250778198 186.55791878700256 175.6674349308014 211.9763195514679
0 0.0132 94.28267180919647 118.62309277057648 116.35315418243408 154.82468903064728
0 0.0132 58.87673981487751 123.98026511073112 89.70369212329388 149.54723790287971
0 0.0130 238.49564790725708 46.01414501667023 269.4528102874756 71.27721607685089
0 0.0130 121.4175820350647 155.14525771141052 152.165949344635 180.87485432624817
0 0.0129 460.5046659708023 119.5848286151886 499.0234225988388 138.29517364501953
0 0.0127 357.4243187904358 183.02635848522186 400.5427956581116 199.84890520572662
0 0.0126 133.67959856987 461.7651402950287 171.54857516288757 483.54318737983704
0 0.0126 141.18458330631256 220.40929645299911 163.19598257541656 256.2132850289345
0 0.0125 140.44231176376343 72.52031564712524 180.19455671310425 91.60809218883514
0 0.0125 180.1358312368393 328.999400138855 202.3923546075821 366.2203550338745
0 0.0124 66.73526763916016 92.63177216053009 97.47393429279327 118.38719248771667
0 0.0123 242.80916899442673 181.97254836559296 264.68486338853836 216.6827768087387
0 0.0123 383.42589139938354 322.5098252296448 405.3196907043457 357.37258195877075
0 0.0122 59.07856673002243 435.9866976737976 89.52369540929794 462.4987840652466
0 0.0122 0.0 413.08850049972534 59.76919084787369 499.0234375
0 0.0120 460.4186862707138 189.96046483516693 499.0234524011612 208.5450142621994
0 0.0119 272.7491855621338 33.83323177695274 313.4568929672241 52.173156291246414
0 0.0119 199.42106306552887 100.72627291083336 230.40147125720978 125.94226375222206
0 0.0118 105.73375597596169 61.531201004981995 136.59393414855003 87.00069785118103
0 0.0117 66.92087650299072 365.59516191482544 97.31002151966095 392.2587037086487
0 0.0115 383.40264558792114 283.1968665122986 405.3471088409424 318.4952139854431
0 0.0115 155.49491345882416 49.503304064273834 196.32945954799652 67.75308400392532
0 0.0112 350.30871629714966 96.69311344623566 392.0937776565552 114.31166529655457
0 0.0109 187.12617456912994 72.66668230295181 227.23908722400665 91.46309643983841
0 0.0108 117.72838234901428 196.81109488010406 139.78081941604614 232.89991915225983
0 0.0107 319.25156712532043 73.14014434814453 360.66803336143494 90.99084138870239
0 0.0105 74.47416335344315 61.54973804950714 105.35291582345963 86.98378503322601
0 0.0104 35.208508372306824 101.02171078324318 66.47825241088867 125.67320093512535
0 0.0103 475.93575716018677 88.13799917697906 499.0234375 107.19664394855499
0 0.0101 207.17358589172363 46.15606367588043 238.26980590820312 71.14788144826889
0 0.0100 59.0773019939661 404.73756194114685 89.52503465116024 431.2479794025421
