0 0.0468 515.6030654907227 -11.816551208496085 574.4504928588867 7.876785278320319
0 0.0461 515.7125473022461 -31.86268043518065 574.3484878540039 -12.07554054260253
0 0.0400 515.2930450439453 8.314807891845708 574.7389221191406 27.741497039794925
0 0.0350 415.64586639404297 -11.831228256225577 474.40982818603516 7.892606735229498
0 0.0345 587.7377319335938 -32.855903625488274 638.75 -11.062271118164055
0 0.0339 515.7236099243164 -51.86804008483886 574.3383407592773 -32.07013320922851
0 0.0331 405.4120635986328 8.26769638061524 464.62745666503906 27.79059219360352
0 0.0328 455.46058654785156 -31.75161552429198 514.5819854736328 -12.189275741577141
0 0.0326 587.4797248840332 7.280490875244146 638.7499809265137 28.79879760742188
0 0.0276 587.6324462890625 -62.799064636230455 638.75 -41.12002563476562
0 0.0276 395.99048614501953 -31.980688095092763 454.08924102783203 -11.953413009643546
0 0.0275 525.4992294311523 28.229744911193848 584.5466232299805 47.82945919036865
0 0.0254 0.0 182.88586425781244 638.75 521.75
0 0.0243 385.4125213623047 28.26901245117188 444.6266174316406 47.789543151855476
0 0.0233 587.3607635498047 37.34598922729492 638.75 58.732669830322266
0 0.0229 0.0 -116.99999999999997 510.9122848510742 164.5149688720703
0 0.0228 455.4396438598633 -51.74365472793578 514.6017074584961 -32.197656154632554
0 0.0219 515.9602737426758 -71.97339248657225 574.1188430786133 -51.962072372436516
0 0.0214 598.2261657714844 -103.13241910934448 638.75 -80.78235578536986
0 0.0202 356.57615661621094 -12.252695083618155 413.5472869873047 8.32502174377442
0 0.0187 395.9183120727539 -51.94939804077147 454.15645599365234 -31.985713958740227
0 0.0185 464.90814208984375 28.476574897766117 525.0965881347656 47.575381278991706
0 0.0180 346.37950897216797 7.838857650756842 403.7294387817383 28.23110389709473
0 0.0160 574.3924140930176 67.83682632446289 638.7499809265137 117.74702835083008
0 0.0157 375.53394317626953 48.21806716918945 434.51351165771484 67.84209060668945
0 0.0156 525.8850860595703 48.06223678588868 584.1880798339844 68.00173568725586
0 0.0151 526.5885162353516 -92.2647292613983 583.5372924804688 -71.6637737751007
0 0.0151 574.3924140930176 147.8368263244629 638.7499809265137 197.74702835083008
0 0.0134 455.7408905029297 -71.87522125244139 514.3222045898438 -52.06268501281737
0 0.0125 326.5210723876953 27.774546623229988 383.5979461669922 48.29736042022705
0 0.0122 108.04792404174805 36.98012161254883 162.19440460205078 59.10536575317383
0 0.0117 356.03675842285156 67.99977111816406 414.0460205078125 88.0668716430664
0 0.0116 608.939380645752 505.67839431762684 638.7499809265137 521.7499809265136
0 0.0115 609.0361022949219 225.93083190917966 638.75 250.09762573242188
0 0.0109 336.95934295654297 -42.43692350387572 393.1929397583008 -21.486362934112538
0 0.0109 609.4712829589844 465.61062622070307 638.75 490.41630554199213
0 0.0107 396.136474609375 -72.04962921142577 453.9546203613281 -51.883251190185526
0 0.0104 88.4075927734375 66.76533508300781 141.86744689941406 89.3216781616211
0 0.0102 167.93289184570312 47.045982360839844 222.29938507080078 69.038818359375
