0 0.0436 598.8134574890137 233.5102939605713 638.7500190734863 256.57782554626465
0 0.0376 598.6259269714355 263.627815246582 638.7500190734863 286.4595413208008
0 0.0316 517.5603103637695 234.24674034118652 572.641487121582 255.8345890045166
0 0.0313 598.5786437988281 203.6604309082031 638.75 226.42723083496094
0 0.0285 598.4918212890625 293.7123489379883 638.75 316.37477874755854
0 0.0262 359.7084426879883 32.866573333740234 410.7010269165039 57.217655181884766
0 0.0254 0.0 219.8858642578125 638.75 558.75
0 0.0250 598.5007476806641 173.70704650878906 638.75 196.38011932373047
0 0.0243 517.7839660644531 204.12517547607422 572.4365234375 225.9579849243164
0 0.0241 517.3098754882812 264.378433227539 572.8716278076172 285.70068359375
0 0.0235 385.3492736816406 58.73365879058838 424.8314666748047 91.38490200042723
0 0.0234 309.16576385498047 23.26958656311035 361.1838150024414 46.8178653717041
0 0.0231 598.5774993896484 323.6603164672851 638.75 346.4272689819336
0 0.0229 0.0 -79.99999999999999 510.9122848510742 201.51496887207028
0 0.0221 309.5033264160156 -6.979112625122069 360.88348388671875 17.064504623413086
0 0.0219 359.58690643310547 2.962684631347654 410.80821990966797 27.122821807861325
0 0.0211 309.27913665771484 53.19061279296875 361.08211517333984 76.89666748046875
0 0.0206 379.6780776977539 92.88557052612303 430.72887420654297 117.19827651977539
0 0.0195 608.3764839172363 -66.63843631744385 638.7499809265137 -43.33506584167481
0 0.0195 517.4708557128906 294.2955780029297 572.723388671875 315.7852172851562
0 0.0193 598.708324432373 143.57780456542966 638.7500190734863 166.5100860595703
0 0.0190 458.06934356689453 223.96540641784668 512.175407409668 246.11989021301267
0 0.0189 409.3294906616211 23.158874511718746 461.0361862182617 46.92882537841797
0 0.0189 429.53941345214844 82.99749374389648 480.85060119628906 107.08818435668945
0 0.0185 309.6030330657959 -37.049503326416016 360.79392433166504 -12.865095138549803
0 0.0182 517.9465103149414 164.0342330932617 572.2878646850586 186.0500717163086
0 0.0182 389.13299560546875 123.29364776611327 441.2128448486328 146.7940521240234
0 0.0179 429.5807647705078 52.969980239868164 480.8131408691406 77.11592674255371
0 0.0176 329.3666076660156 83.12501907348631 381.0045623779297 106.9615364074707
0 0.0174 588.6692810058594 353.59996795654297 638.75 376.48746490478516
0 0.0174 219.08584594726562 323.3258819580078 271.2552261352539 346.76185607910156
0 0.0170 517.999382019043 324.00543212890625 572.2392654418945 346.0794067382812
0 0.0168 468.04229736328125 183.98042678833008 522.2001647949219 206.1046028137207
0 0.0166 598.8838195800781 113.46437454223633 638.75 136.62382125854492
0 0.0166 448.8837432861328 113.45897674560545 501.43768310546875 136.62845611572263
0 0.0163 508.23169708251953 133.8686180114746 562.0278549194336 156.2172508239746
0 0.0159 359.57557678222656 -27.024717330932614 410.81748962402344 -2.8891468048095703
0 0.0155 368.90777587890625 223.44230651855466 421.4161682128906 246.64501190185547
0 0.0155 279.2982482910156 323.1764221191406 331.0651397705078 346.9107055664062
0 0.0155 608.8981437683105 83.02717208862305 638.7500190734863 107.00143814086913
0 0.0154 329.1345977783203 113.29320907592773 381.21131896972656 136.79460525512695
0 0.0153 608.585205078125 -36.76614761352539 638.75 -13.20591926574707
0 0.0151 457.8107452392578 254.11182403564447 512.4116516113281 275.97171783447266
0 0.0149 328.8138198852539 -76.48804187774658 381.49913787841797 -53.42357158660889
0 0.0148 279.31602478027344 93.16471099853516 331.0490417480469 116.92249298095703
0 0.0148 448.25489044189453 143.8535499572754 502.0070266723633 166.23224258422852
0 0.0147 608.9366912841797 542.6801872253418 638.75 558.7500190734863
0 0.0147 608.7895965576172 -6.898930072784423 638.75 16.927521228790283
0 0.0147 408.76426696777344 193.54534149169922 461.5436553955078 216.54315948486328
0 0.0146 268.92027854919434 123.43387603759767 321.40496253967285 146.6534423828125
0 0.0144 259.56220626831055 32.985591888427734 310.82929611206055 57.10065841674804
0 0.0142 608.7885284423828 383.1014633178711 638.75 406.9270706176757
0 0.0141 198.84037017822266 293.49193572998047 251.47579193115234 316.5961074829101
0 0.0140 228.87187957763672 353.46893310546875 281.44786834716797 376.6188049316406
0 0.0140 409.10316467285156 -6.683549880981444 461.2391662597656 16.771612167358395
0 0.0138 188.40307235717773 243.76777648925784 241.87162399291992 266.31919860839844
0 0.0137 508.6977005004883 103.58200073242186 561.605110168457 126.50550842285156
0 0.0137 158.61064910888672 323.63685607910156 211.6839599609375 346.45042419433594
0 0.0137 608.8727569580078 23.045425415039062 638.75 46.98331832885742
0 0.0137 608.9438629150391 52.9970645904541 638.75 77.03173637390137
0 0.0137 259.6357727050781 62.92221069335937 310.7655334472656 87.16251373291016
0 0.0136 368.9115524291992 253.4421920776367 421.41223907470703 276.6454696655273
0 0.0134 389.05296325683594 153.35296630859372 441.28379821777344 176.73545837402344
0 0.0134 608.8892936706543 413.03455352783203 638.7500190734863 436.99428558349604
0 0.0133 248.62152099609375 -16.36938095092773 301.67396545410156 6.456756591796874
0 0.0132 199.02814865112305 103.36492538452147 251.30712509155273 126.72285079956053
0 0.0131 609.3773651123047 512.6827621459961 638.75 537.3447799682617
0 0.0130 479.2887496948242 73.1848907470703 531.0732650756836 96.90250396728516
0 0.0130 259.2119789123535 293.2387542724609 311.14206314086914 316.84883117675776
0 0.0129 518.1915283203125 353.89190673828125 572.0645141601562 376.1936950683594
0 0.0129 268.14906120300293 -76.08451843261719 322.10354804992676 -53.830289840698235
0 0.0128 288.38006019592285 223.7826919555664 341.8923091888428 246.30428314208982
0 0.0125 188.4878921508789 43.71618270874024 241.79454803466797 66.3711166381836
0 0.0122 268.51612091064453 153.6968421936035 321.76937103271484 176.39028549194336
0 0.0122 188.35838317871094 213.79411697387695 241.91238403320312 236.2925148010254
0 0.0122 608.9700317382812 442.9781723022461 638.75 467.0505142211914
0 0.0120 128.47449779510498 233.7249374389648 181.80660724639893 256.3624191284179
0 0.0120 348.63746643066406 193.61726760864255 401.6602325439453 216.46966934204102
0 0.0118 248.07960510253906 -46.0416030883789 302.1662902832031 -23.873224258422848
0 0.0116 188.82522583007812 73.50188732147217 241.48944854736328 96.58611774444579
0 0.0115 128.28510284423828 33.84067535400391 181.97843551635742 56.246013641357415
0 0.0115 329.05296325683594 143.350715637207 381.2842559814453 166.73740386962888
0 0.0114 208.9015769958496 133.4487152099609 261.42126083374023 156.63894653320312
0 0.0114 278.3208179473877 193.81595611572263 331.94666862487793 216.27040863037107
0 0.0114 289.0540313720703 353.3478164672851 341.2837600708008 376.7399978637695
0 0.0114 378.8607406616211 283.4780883789062 431.45755767822266 306.60987854003906
0 0.0114 28.619203567504883 133.6343765258789 81.67556762695312 156.4533233642578
0 0.0114 308.8990020751953 253.45527648925776 361.42250061035156 276.63307189941406
0 0.0114 339.03648376464844 323.36009979248047 391.2994384765625 346.72779083251953
0 0.0113 138.48957061767578 263.71639251708984 191.79275512695312 286.3711166381836
0 0.0112 68.66848945617676 223.60335350036618 121.63092613220215 246.4845371246338
0 0.0111 457.7811050415039 284.1304016113281 512.4383163452148 305.9532928466797
0 0.0109 238.92852783203125 263.43284606933594 291.39652252197266 286.6551208496094
0 0.0109 168.5936737060547 353.64734649658203 221.69937133789062 376.43985748291016
0 0.0108 148.55187892913818 123.6736297607422 201.73719882965088 146.41345977783203
0 0.0106 208.31777572631836 13.817224502563477 261.9495964050293 36.26904487609863
0 0.0105 9.259204864501953 203.2069969177246 61.09946250915527 226.88066482543942
0 0.0104 319.2963695526123 293.1804656982422 371.066255569458 316.90704345703125
0 0.0104 28.586578369140625 103.65333557128906 81.70544624328613 126.43405914306639
0 0.0103 138.6272096633911 293.62937927246094 191.66831493377686 316.45835876464844
0 0.0103 388.4234619140625 -76.24358654022217 441.8528747558594 -53.66924285888672
0 0.0102 28.247976303100586 33.8615894317627 82.01248168945312 56.22475624084472
0 0.0102 479.25708770751953 43.21051597595215 531.100959777832 66.87741279602051
0 0.0100 518.1044387817383 383.9434814453125 572.1437454223633 406.14173889160156
0 0.0100 48.67354393005371 163.60120773315427 101.62612915039062 186.48679733276367
0 0.0100 218.4147834777832 183.76041412353516 271.86105728149414 206.3265228271484
