0 0.4764 213.06254386901855 65.91417407989503 328.191499710083 115.56405162811281
0 0.4215 233.06254386901855 125.91418838500978 348.191499710083 175.56403732299805
0 0.3564 178.44585418701172 -27.68397712707518 364.04903411865234 49.74924659729005
0 0.2322 253.06254386901855 185.91418838500977 368.191499710083 235.56403732299805
0 0.2062 555.1371765136719 246.38458824157715 614.8828125 265.6705722808838
0 0.1604 555.6298065185547 266.1774597167969 614.4242858886719 285.884033203125
0 0.1601 362.00130462646484 -49.79967498779294 476.6434097290039 133.3202896118164
0 0.1562 554.9962997436523 226.4389381408691 615.0149154663086 245.6138572692871
0 0.1201 160.50592422485352 53.120952606201186 210.01588821411133 78.94380187988281
0 0.0994 57.864627838134766 95.5871353149414 223.34039688110352 226.88314056396484
0 0.0956 565.9529495239258 286.03459930419916 624.1244888305664 306.03063201904297
0 0.0862 545.2212524414062 206.3453826904297 604.8056030273438 225.71012115478516
0 0.0736 296.6229248046875 235.71630096435544 353.50608825683594 256.35518646240234
0 0.0687 576.0940170288086 305.96768951416016 633.9944839477539 326.09860992431635
0 0.0616 586.2477111816406 325.8939514160156 638.75 346.17356872558594
0 0.0590 276.46199226379395 255.80350494384763 333.6522960662842 276.2679061889648
0 0.0543 586.339111328125 345.85443115234375 638.75 366.21453857421875
0 0.0507 296.7605972290039 275.65953826904297 353.37657928466797 296.41492462158203
0 0.0488 495.49190521240234 236.2384948730469 554.5520401000977 255.82154846191406
0 0.0479 525.2743148803711 186.3244400024414 584.7558975219727 205.73194122314456
0 0.0450 267.70633697509766 325.1677474975586 322.50762939453125 346.91480255126953
0 0.0449 129.50401306152344 24.017549514770522 180.8834457397461 48.06746101379396
0 0.0429 495.6610870361328 256.16571044921875 554.3947601318359 275.8963928222656
0 0.0414 257.6344108581543 295.2122268676758 312.5723075866699 316.8705520629883
0 0.0408 557.2520446777344 365.4178771972656 612.9226684570312 386.6621551513672
0 0.0407 267.67212867736816 355.18746948242193 322.5386714935303 376.89500427246094
0 0.0393 607.4557495117188 204.87763977050778 638.75 227.1396026611328
0 0.0391 614.1822624206543 251.354528427124 638.7500190734863 280.9146366119385
0 0.0379 373.0625534057617 145.91418838500977 488.19149017333984 195.56403732299805
0 0.0376 237.9623794555664 235.03093338012698 292.2720718383789 257.05432510375977
0 0.0371 337.72388458251953 255.1504669189453 392.49332427978516 276.93109130859375
0 0.0354 317.5417995452881 305.26250457763666 372.6571750640869 326.81958770751953
0 0.0353 505.74134826660156 286.1304244995117 564.3202972412109 305.9325942993164
0 0.0342 485.79551696777344 206.1069259643555 544.2699432373047 225.95681762695312
0 0.0333 369.0989685058594 204.31912994384766 421.24298095703125 227.76891326904297
0 0.0330 526.3545989990234 345.85408782958984 583.7516021728516 366.2161788940429
0 0.0311 515.8837127685547 306.06763458251953 574.1881561279297 325.9971389770508
0 0.0311 129.64227676391602 -6.090544700622543 180.76135635375977 18.174172401428233
0 0.0299 525.9714126586914 326.0271224975586 584.1071701049805 346.03841400146484
0 0.0297 268.02642822265625 384.9899444580078 322.21458435058594 407.09504699707026
0 0.0296 515.5374145507812 166.2132225036621 574.5111846923828 185.84643936157227
0 0.0292 109.43782329559326 54.07662963867188 160.9402894973755 78.01011657714844
0 0.0291 528.5841751098633 394.65474700927734 581.707649230957 417.4326095581054
0 0.0278 586.5144157409668 175.7673797607422 638.7500190734863 196.30281066894528
0 0.0272 0.0 231.09800910949707 211.54129028320312 330.2982769012451
0 0.0271 327.9888153076172 335.01390075683594 382.2483825683594 357.0712432861328
0 0.0262 114.34864044189453 -58.999999999999986 226.86927795410156 -24.25578498840331
0 0.0256 497.28092193603516 365.3991470336914 552.8969955444336 386.68058013916016
0 0.0254 608.2084465026855 384.46389770507807 638.7500190734863 407.5615844726562
0 0.0241 328.14517974853516 364.92337799072266 382.10582733154297 387.1626052856445
0 0.0231 426.83433532714844 195.623966217041 483.30841064453125 216.45133590698242
0 0.0225 608.5521125793457 14.253953456878675 638.7499809265137 37.773703098297126
0 0.0224 273.06254386901855 405.9141693115234 388.191499710083 455.5640563964843
0 0.0221 387.96375274658203 235.02725219726562 442.2714614868164 257.0575866699219
0 0.0213 234.56151962280273 261.2080535888672 275.5663871765137 291.0450897216797
0 0.0210 482.00130462646484 -49.79967498779294 596.6434097290039 133.3202896118164
0 0.0207 608.6620330810547 44.18406105041505 638.75 67.84409141540529
0 0.0195 607.8923225402832 144.64194869995117 638.7499809265137 167.38021469116214
0 0.0186 224.6701431274414 321.02658843994135 265.46375274658203 351.2093124389648
0 0.0185 528.7007904052734 424.5782241821289 581.6027069091797 447.5090560913086
0 0.0183 516.0795211791992 145.9738883972168 574.0079879760742 166.09218215942383
0 0.0181 608.6167144775391 74.21185111999513 638.75 97.8159580230713
0 0.0169 574.3924140930176 445.8368072509765 638.7499809265137 495.7470092773437
0 0.0166 367.72144317626953 285.15988922119135 422.4937057495117 306.92281341552734
0 0.0165 608.3476257324219 104.37747573852539 638.75 127.64861679077148
0 0.0165 512.8874015808105 510.626693725586 638.7500190734863 579.75
0 0.0165 608.4896850585938 -15.707735061645492 638.75 7.73496246337892
0 0.0163 224.60494995117188 351.1365661621094 265.52528381347656 381.1097106933594
0 0.0160 218.0327033996582 404.9833068847656 272.209529876709 427.1013031005859
0 0.0159 232.71953582763672 -58.99999999999998 297.8554916381836 -26.162985801696763
0 0.0158 79.12450790405273 14.30356359481813 131.21963500976562 37.78472757339478
0 0.0150 214.80510711669922 290.7977066040039 255.33615112304688 321.41667938232416
0 0.0149 65.34401893615723 49.75073432922364 104.83572959899902 82.36929512023927
0 0.0149 0.0 439.57154846191406 255.418701171875 579.75
0 0.0147 608.5395622253418 -45.73938035964964 638.7500190734863 -22.233191967010484
0 0.0144 608.5701751708984 414.24321746826166 638.75 437.7846298217773
0 0.0139 38.806190490722656 -55.489365100860574 91.50741577148438 -32.42315673828123
0 0.0133 456.92638397216797 345.5720291137695 513.2250595092773 366.5031967163086
0 0.0132 426.90216064453125 255.5895290374756 483.24607849121094 276.48630714416504
0 0.0130 457.34710693359375 385.3636703491211 512.8363800048828 406.71643829345703
0 0.0122 79.20694351196289 -15.758589744567857 131.14675521850586 7.8460416793823375
0 0.0117 25.356030464172363 49.71984481811524 64.82522487640381 82.39749526977539
0 0.0112 302.7665424346924 -58.999999999999986 367.8161144256592 -26.088289260864247
0 0.0110 447.11219787597656 285.487190246582 503.0518341064453 306.5911636352539
0 0.0107 273.06254386901855 465.91416931152344 388.191499710083 515.5640563964844
0 0.0103 377.7048110961914 315.1704940795898 432.50858306884766 336.91236114501953
0 0.0101 443.87332916259766 222.23516082763672 486.22425079345703 250.11956787109375
0 0.0100 387.1973419189453 365.44061279296875 442.9742431640625 386.63804626464844
