0 0.1693 586.1134147644043 -65.0438642501831 638.7500190734863 -44.89004135131836
0 0.1112 526.9480514526367 -65.42906284332275 583.2027816772461 -44.493980407714844
0 0.1051 587.77099609375 -35.8644151687622 638.75 -14.052042961120604
0 0.1000 478.6528015136719 -46.38405323028564 531.6445159912109 -23.52776050567627
0 0.0739 469.69154357910156 -17.116985321044922 520.71533203125 7.201805114746093
0 0.0683 440.22090911865234 22.42545127868652 490.2543258666992 47.650346755981445
0 0.0634 534.8365783691406 -40.25904178619385 575.3067016601562 -9.531836509704592
0 0.0574 467.8826141357422 -75.92695713043211 522.3456573486328 -53.988766670227044
0 0.0564 489.4192886352539 13.086109161376953 540.9576797485352 37.000160217285156
0 0.0557 418.5459518432617 -46.31758213043212 471.74144744873047 -23.594613075256344
0 0.0530 419.94380950927734 -7.325143814086913 470.4941177368164 17.406587600708004
0 0.0524 589.017505645752 -6.622724533081055 638.7499809265137 16.711225509643555
0 0.0491 390.5189514160156 22.125215530395504 440.0013732910156 47.9413890838623
0 0.0453 420.56602478027344 52.07250595092773 469.96238708496094 77.9920768737793
0 0.0404 574.3924140930176 44.836812019348145 638.7499809265137 94.74700450897215
0 0.0374 539.6699905395508 2.8877830505371103 590.7368850708008 27.195587158203125
0 0.0348 408.2682800292969 -76.15070819854736 461.9940185546875 -53.76288175582885
0 0.0347 470.3390884399414 52.31244087219239 520.1530075073242 77.76036262512207
0 0.0307 370.25848388671875 -7.60730743408203 420.2214813232422 17.682552337646484
0 0.0292 345.57281494140625 18.20171356201172 384.63096618652344 51.87128067016601
0 0.0276 574.3924140930176 104.83682632446288 638.7499809265137 154.74702835083005
0 0.0259 370.7547378540039 51.842374801635735 419.80892181396484 78.21208000183104
0 0.0254 0.0 219.8858642578125 638.75 558.75
0 0.0251 375.1010513305664 -40.746464729309075 415.05924224853516 -9.088969230651855
0 0.0250 435.76805114746094 77.63200283050537 474.4642639160156 112.39389896392821
0 0.0229 0.0 -79.99999999999999 510.9122848510742 201.51496887207028
0 0.0228 305.46053886413574 18.481187820434567 344.7307300567627 51.61555290222168
0 0.0225 519.4640350341797 43.056392669677734 570.9171295166016 67.03008651733397
0 0.0223 475.63793182373047 78.02732467651367 514.574089050293 112.03107833862303
0 0.0209 349.149169921875 -66.7122220993042 401.19720458984375 -43.199348449707024
0 0.0208 265.4792785644531 8.439292907714846 304.71363067626953 41.65384292602539
0 0.0200 319.9971389770508 -7.3737168312072745 370.44811248779297 17.45392084121704
0 0.0193 395.86692810058594 77.2421646118164 434.3885040283203 112.75253295898438
0 0.0176 335.26790618896484 -41.08890056610107 374.9056625366211 -8.777012825012209
0 0.0160 270.07630348205566 -17.438087463378903 320.3783321380615 7.51755714416504
0 0.0153 225.557861328125 8.242607116699219 264.64393615722656 41.83382034301758
0 0.0152 515.6918716430664 77.87347793579102 554.527702331543 112.17214584350586
0 0.0140 340.62999725341797 51.45890712738037 368.9943313598633 98.47837924957274
0 0.0136 250.74655532836914 41.85344696044922 299.8153877258301 68.20158004760742
0 0.0127 574.3924140930176 164.83682632446286 638.7499809265137 214.74702835083005
0 0.0125 475.7510757446289 117.69065856933595 514.4780349731445 152.3400115966797
0 0.0123 380.55458068847656 131.01987838745114 409.0856170654297 178.84843826293945
0 0.0120 435.83621978759766 117.38105773925781 474.41051483154297 152.62466430664062
0 0.0119 295.14620780944824 -50.838767290115356 335.017671585083 -19.004944562911984
0 0.0118 289.2014694213867 -76.75139427185059 341.1509323120117 -53.16066980361939
0 0.0116 300.6260299682617 51.4324951171875 328.99913787841797 98.49998474121094
0 0.0114 540.6444931030273 111.55900955200194 568.9768600463867 158.39731216430664
0 0.0110 0.0 148.86894226074216 34.895124435424805 181.26148223876953
0 0.0108 350.5776596069336 131.1422348022461 379.05757904052734 178.74279022216797
0 0.0107 410.6026840209961 151.28599166870117 439.0272903442383 198.62123489379883
0 0.0107 19.56223487854004 222.98155784606934 70.83009719848633 247.10419654846189
0 0.0107 220.1265525817871 -17.486627101898193 270.3354835510254 7.564637660980225
0 0.0107 0.0 -77.13954448699951 40.69136619567871 -52.776031494140625
0 0.0104 609.0505981445312 542.5911712646484 638.75 558.75
0 0.0102 19.247360229492188 363.2142639160156 71.11028671264648 386.87324523925776
0 0.0101 9.86079216003418 182.74597167968747 60.566463470458984 207.33684539794922
