0 0.1290 329.21566009521484 -72.23069310188293 421.26392364501953 -32.80047297477723
0 0.0795 357.3371887207031 -33.14447641372681 412.8485870361328 -11.777493953704836
0 0.0631 418.04126739501953 -43.52272987365722 472.2019577026367 -21.392803192138672
0 0.0605 277.69883155822754 -43.33529472351074 332.5160884857178 -21.58329010009766
0 0.0560 329.6754455566406 -107.5 420.8003234863281 -72.19076156616211
0 0.0512 428.6445617675781 -73.88117790222168 481.65252685546875 -51.03099822998047
0 0.0479 295.50365447998047 37.7352523803711 354.5406723022461 57.32524871826172
0 0.0450 279.04064178466797 -74.15605664253235 331.2985610961914 -50.757941007614136
0 0.0415 326.1369323730469 -12.555837631225586 383.9556884765625 7.622003555297852
0 0.0395 306.3959789276123 57.33865737915038 363.71235847473145 77.7326774597168
0 0.0391 305.01856803894043 17.93060302734375 364.9939441680908 37.12261199951172
0 0.0378 396.63448333740234 -12.790718078613281 453.4957504272461 7.862091064453124
0 0.0378 266.74930572509766 -12.837209701538084 323.38756561279297 7.911214828491211
0 0.0369 237.34371185302734 36.865830421447754 292.83939361572266 58.21431636810302
0 0.0358 355.3591537475586 37.79130935668945 414.6763229370117 57.26652145385742
0 0.0331 279.39292907714844 -104.39459323883057 330.98114013671875 -80.51901817321777
0 0.0321 365.2745056152344 17.825078964233402 424.75555419921875 37.23141670227051
0 0.0307 227.43047714233398 6.818170547485352 282.76018142700195 28.262434005737305
0 0.0306 218.1943702697754 -33.6075496673584 272.0614433288574 -11.30650520324707
0 0.0297 365.83106994628906 57.58853912353515 424.2375946044922 77.47520446777344
0 0.0294 326.7140197753906 77.18517303466797 383.41888427734375 97.88928985595703
0 0.0293 336.72595977783203 137.17599868774414 393.40869903564453 157.8980445861816
0 0.0273 428.58360290527344 -103.84016990661621 481.7071533203125 -81.07178211212158
0 0.0270 247.68932342529297 66.68161392211914 302.5221633911133 88.40147018432617
0 0.0265 346.43978118896484 97.31279373168944 403.67313385009766 117.75819778442381
0 0.0254 0.0 192.3858642578125 638.75 531.25
0 0.0247 306.8143081665039 117.1310043334961 363.32759857177734 137.94364929199222
0 0.0231 366.5751647949219 117.24733352661133 423.54827880859375 137.82491683959964
0 0.0225 177.38672256469727 26.84345245361328 232.79985427856445 48.23711395263672
0 0.0218 267.75463104248047 96.64350509643555 322.46288299560547 118.43973159790039
0 0.0218 234.55560684204102 -67.28690147399902 275.5724906921387 -37.459468841552734
0 0.0215 377.26879119873047 156.90570831298825 432.9080581665039 178.17394256591797
0 0.0207 267.4971675872803 136.78560256958008 322.69829750061035 158.29599380493167
0 0.0204 187.55687713623047 56.75434112548829 242.6433563232422 78.32786560058594
0 0.0201 317.4559783935547 166.8062973022461 372.7363586425781 188.27476501464847
0 0.0200 386.39270782470703 77.33245849609375 443.7173080444336 97.73761749267578
0 0.0198 167.77694702148438 -3.371019363403319 222.44293212890625 18.454103469848633
0 0.0186 416.40586853027344 37.325968742370605 473.70521545410156 57.744221687316895
0 0.0182 426.6383361816406 7.2120094299316415 483.4911346435547 27.860126495361328
0 0.0170 218.65814208984375 -103.89186382293703 271.64066314697266 -81.02057456970215
0 0.0158 198.0196762084961 86.49747848510742 252.2199249267578 108.58800888061525
0 0.0158 257.88822174072266 166.57094955444336 312.3402404785156 188.51350784301758
0 0.0144 416.9828796386719 137.04763412475586 473.1720733642578 158.02873611450195
0 0.0143 208.18593978881836 146.39400482177734 262.0699119567871 168.69140625
0 0.0141 317.76936531066895 196.63360595703125 372.44975090026855 218.44947814941403
0 0.0140 158.36009979248047 -33.70708465576172 211.91085815429688 -11.206283569335938
0 0.0140 218.53464126586914 116.18896484375 271.75180435180664 138.89873504638672
0 0.0137 406.7740249633789 97.1511459350586 463.3646774291992 117.92316436767578
0 0.0130 258.1933403015137 196.39614105224607 312.061710357666 218.69026184082028
0 0.0125 608.9175224304199 515.1948738098145 638.7500190734863 531.2499809265137
0 0.0124 178.4317398071289 -63.749923706054695 231.8456268310547 -41.16305351257324
0 0.0121 197.98477172851562 176.51403427124023 252.2525405883789 198.57072830200192
0 0.0117 484.3911552429199 -107.5 638.7500190734863 117.6491928100586
0 0.0114 378.01326751708984 186.49900436401367 432.2262954711914 208.58613967895508
0 0.0108 0.0 -104.56714630126953 40.76896667480469 -80.34719944000243
0 0.0104 608.5782623291016 215.7370376586914 638.75 239.29073333740237
0 0.0101 0.0 15.861244201660158 51.292219161987305 39.2274284362793
