0 0.2857 -21.55414581298828 111.31602764129639 164.04903411865234 188.74924182891846
0 0.2090 -31.88142776489258 197.09827423095703 52.60263442993164 263.126220703125
0 0.1971 110.72525024414062 450.09803771972656 331.5412902832031 549.2982482910156
0 0.1941 -59.10134315490722 2.727079391479492 29.630546569824215 47.034029960632324
0 0.1677 -80.0 64.9141788482666 28.19150924682617 114.56404685974121
0 0.1601 53.06253433227539 204.91418838500977 168.19150924682617 254.56403732299805
0 0.1523 161.90937042236325 131.09493255615234 248.78116607666016 178.54925155639648
0 0.1482 -69.56513881683348 230.56873321533203 -40.76824188232422 279.2774200439453
0 0.1418 -14.215211868286131 266.1934471130371 24.57554817199707 303.7229347229004
0 0.1356 -69.6150016784668 180.4706573486328 -40.70691585540772 229.39716339111328
0 0.1351 -80.0 114.6521520614624 -21.43695831298828 174.97606754302979
0 0.1321 -69.51619625091553 280.7181167602539 -40.82817077636719 329.12487030029297
0 0.1196 273.0625534057617 544.9141693115234 388.19149017333984 594.5640563964844
0 0.1131 188.1185817718506 557.0982360839844 272.6026248931884 623.126220703125
0 0.1074 31.480026245117184 61.78825378417969 119.11525726318358 107.9035758972168
0 0.1050 173.06254386901855 184.91418838500977 288.191499710083 234.56403732299805
0 0.1011 25.856227874755863 266.28618240356445 64.48652267456053 303.6364936828613
0 0.1007 -24.09139394760132 306.4365005493164 14.413926601409912 343.4968948364258
0 0.1004 70.72525024414061 330.09803771972656 291.5412902832031 429.2982482910156
0 0.0939 161.4205551147461 81.88421249389648 249.1644287109375 127.81442642211914
0 0.0918 248.11859130859372 117.0982551574707 332.6026153564453 183.126220703125
0 0.0873 88.11857223510741 557.0982360839844 172.60263442993164 623.126220703125
0 0.0822 -69.47216510772705 330.8952331542969 -40.88186740875245 378.95973205566406
0 0.0777 31.526241302490227 8.653078079223633 98.94781112670897 41.35424613952637
0 0.0735 75.90417861938475 467.0087432861328 114.36765670776366 502.96775817871094
0 0.0721 328.1185913085937 477.0982360839844 412.6026153564453 543.126220703125
0 0.0705 15.909824371337887 306.42478942871094 54.41358566284179 343.5076904296875
0 0.0680 25.598449707031246 578.1365966796875 64.60826873779297 611.9309234619141
0 0.0677 289.43664550781244 181.40405654907227 340.6703186035156 228.35329055786133
0 0.0656 -9.498462677001953 350.7865524291992 19.15019989013672 399.0602493286133
0 0.0647 75.89764118194579 507.0560836791992 114.37076091766356 542.9240798950195
0 0.0611 68.11857223510742 257.09827423095703 152.6026344299316 323.126220703125
0 0.0598 245.91300964355466 236.98097229003906 284.3601989746094 272.9933547973633
0 0.0589 265.25501251220703 618.3760833740234 304.97318267822266 638.75
0 0.0571 251.51458740234375 71.72893524169922 339.08149719238276 117.95846939086914
0 0.0566 40.60071945190429 552.0227432250977 89.93564605712889 578.0389785766602
0 0.0551 305.7050323486328 597.8211975097656 344.517822265625 632.2201538085938
0 0.0538 205.89416503906247 237.0986557006836 244.37080383300778 272.8847885131836
0 0.0530 290.52886962890625 230.89778900146484 319.11682128906244 278.9569091796875
0 0.0529 260.46878814697266 280.66704750061035 289.1901779174804 329.1751003265381
0 0.0527 159.65866088867185 622.3512077331543 210.85693359375 638.7500190734863
0 0.0524 20.486059188842773 350.72349548339844 49.16905403137207 399.11888122558594
0 0.0523 89.53670501708984 622.4734497070312 140.9600830078125 638.75
0 0.0513 -39.41198348999023 351.2051773071289 -10.954914093017576 398.69022369384766
0 0.0513 230.5609607696533 271.0591697692871 259.0778636932373 318.8156318664551
0 0.0500 -74.39472079277037 558.1176376342773 -35.39763569831848 591.9482803344727
0 0.0499 -9.444353580474854 401.0327911376953 19.08434152603149 448.83880615234375
0 0.0492 -79.39145803451537 381.3681411743164 -50.979487895965576 428.56128692626953
0 0.0489 165.9168243408203 236.93809509277344 204.3597412109375 273.0329132080078
0 0.0488 -79.99999999999999 517.8920364379883 -45.44942378997802 552.1552658081055
0 0.0481 35.774240493774414 467.6093292236328 74.45940971374512 502.4147033691406
0 0.0479 345.71422576904297 597.7881622314453 384.5105361938476 632.2505187988281
0 0.0479 -14.420833587646483 568.1787109375 24.62602615356445 601.8923950195312
0 0.0474 -80.0 1.8790912628173828 -60.99591970443725 48.21324825286865
0 0.0473 331.5396499633789 116.09325885772705 398.78391265869135 173.68808269500732
0 0.0465 85.93511581420898 426.6107940673828 124.36841964721678 463.3354187011719
0 0.0462 275.9271621704101 416.49696350097656 314.38755035400385 453.44078063964844
0 0.0461 290.43052673339844 280.5544662475586 319.23706054687494 329.2915725708008
0 0.0452 340.5144119262695 180.83452224731445 369.1344833374023 229.0144920349121
0 0.0451 -80.0 477.73799896240234 -45.489945411682136 512.2966384887695
0 0.0450 20.52520751953125 400.8835220336914 49.12132263183593 448.97037506103516
0 0.0445 35.71120262145996 517.8075790405273 74.51209068298338 552.2326278686523
0 0.0442 320.506591796875 230.80259323120117 349.14398193359375 279.04409408569336
0 0.0442 120.40554046630858 62.23795175552368 170.09811401367188 87.8318190574646
0 0.0429 -80.0 437.66544342041016 -45.5054521560669 472.36331939697266
0 0.0427 40.11125087738037 612.4861907958984 90.35692691802979 637.5867462158203
0 0.0424 185.82260131835935 277.4310493469238 224.42127227783203 312.5786781311035
0 0.0416 -69.56910133361815 592.2206497192383 -19.925045967102047 617.8493881225586
0 0.0404 -24.243650436401367 467.64965057373047 14.475889205932617 502.3777389526367
0 0.0400 50.53778648376464 410.9440612792969 79.10605430603026 458.9167022705078
0 0.0392 -34.43179130554199 528.1990432739258 4.636449813842774 561.8737411499023
0 0.0385 99.41099166870117 13.097419738769531 150.96395492553708 36.98960304260254
0 0.0383 -39.35765743255615 401.5512466430664 -11.020493507385254 448.4047317504883
0 0.0374 -14.644317626953123 608.68408203125 24.82917785644531 638.75
0 0.0363 320.43674468994135 280.57225227355957 349.2294692993164 329.27294731140137
0 0.0354 290.47374725341797 330.68370819091797 319.1841506958008 379.1586685180664
0 0.0327 321.60713195800776 415.8050537109375 388.71856689453125 473.931884765625
0 0.0318 388.1185913085937 557.0982360839844 472.6026153564453 623.126220703125
0 0.0306 -39.41917657852173 502.0320129394531 9.954683780670166 528.0288696289062
0 0.0293 -70.60223579406738 622.6011848449707 -18.920421600341797 638.7499809265137
0 0.0273 320.46401977539057 330.65189361572266 349.1960144042968 379.1903305053711
0 0.0265 151.86878204345703 0.0 370.3997421264648 69.61675643920898
0 0.0258 370.52650451660156 190.887451171875 399.1197204589843 238.9663314819336
0 0.0250 432.69212722778315 0.0 558.7499809265137 69.84923839569092
0 0.0249 350.48946380615234 280.7387161254883 379.16492462158203 329.1050720214844
0 0.0230 389.5447540283203 622.4671173095703 440.95291137695307 638.75
0 0.0199 345.83736419677734 77.3759937286377 384.40967559814453 112.62932777404785
0 0.0190 291.0909271240234 380.8205032348633 339.6450042724609 409.14379119873047
0 0.0190 431.90391540527344 89.84180450439453 558.75 189.6270751953125
0 0.0177 350.49682617187494 330.7653045654297 379.1558837890625 379.0794372558594
0 0.0171 395.69671630859375 157.85751342773438 434.5237731933594 192.1868133544922
0 0.0154 351.1086654663086 240.89040756225586 399.6139144897461 269.08395767211914
0 0.0148 410.64765930175776 511.5781021118164 438.97300720214844 558.3813858032227
0 0.0147 400.55503845214844 201.02455139160156 429.0850830078125 248.8448715209961
0 0.0135 380.5402374267578 300.9512710571289 409.10301208496094 348.90926361083984
0 0.0131 400.674934387207 111.78216934204102 428.94031524658203 158.21903228759766
0 0.0130 390.7006072998047 451.91272735595703 439.85221862792963 478.14510345458984
0 0.0123 495.47071456909174 604.7563171386719 558.7500190734862 638.75
0 0.0120 431.90391540527344 209.84180450439453 558.75 309.6270751953125
0 0.0117 341.1194610595703 381.04591369628906 389.5745849609375 408.94805908203125
0 0.0112 431.90391540527344 329.8418426513672 558.75 429.6270751953125
0 0.0107 415.69679260253906 477.86109924316406 454.52331542968744 512.1835327148438
0 0.0106 385.8069610595703 77.49179124832153 424.43336486816406 112.52279996871948
