0 0.1872 211.11690521240232 411.05140686035156 259.5762634277344 438.9430236816406
0 0.1764 210.94600677490234 381.54541015625 259.6645736694336 408.49151611328125
0 0.1720 211.09947204589844 440.86299896240234 259.62841033935547 469.10717010498047
0 0.1580 159.3895721435547 401.6194534301758 210.71266174316406 448.1557846069336
0 0.1394 161.0700416564941 371.285400390625 209.5827293395996 398.7323760986328
0 0.1337 210.51471710205075 352.13111877441406 260.0046920776367 377.935791015625
0 0.1316 161.03334426879883 451.3584518432617 209.60775375366208 478.66443634033203
0 0.1211 211.09333992004392 470.8554458618164 259.6361827850341 499.11319732666016
0 0.1157 260.4847717285156 440.7197570800781 289.1706085205078 489.12269592285156
0 0.0952 160.90797424316406 341.61781311035156 209.69089508056638 368.4241485595703
0 0.0925 261.06510162353516 411.28761291503906 309.5875167846679 438.7299346923828
0 0.0849 160.9940719604492 481.44954681396484 209.63207244873047 508.5805130004883
0 0.0760 210.04446983337402 322.5912094116211 260.405740737915 347.48897552490234
0 0.0703 130.60197830200195 381.2813949584961 159.02814865112302 428.62499237060547
0 0.0681 160.55044174194333 312.09141731262207 209.97499465942383 337.97404289245605
0 0.0678 260.7357406616211 381.8621826171875 309.8250198364258 408.1928253173828
0 0.0676 125.70531845092772 257.8340530395508 164.51623916625977 292.2083282470703
0 0.0643 170.0554656982422 282.58060455322266 220.39634704589844 307.49927520751953
0 0.0617 130.63543319702148 431.49757385253906 158.9877891540527 478.447265625
0 0.0601 120.55202484130858 232.0895767211914 169.97371673583984 257.97576904296875
0 0.0567 130.6090545654297 331.3229751586914 159.01958465576172 378.59004974365234
0 0.0565 169.81180191040036 252.78718948364258 220.60926437377927 277.29639053344727
0 0.0531 290.5381774902344 440.9429168701172 319.10552978515625 488.91700744628906
0 0.0528 255.8782196044922 497.13871002197266 294.3852233886718 532.8479385375977
0 0.0527 195.83555221557617 507.35973358154297 234.41320419311523 542.6443099975586
0 0.0522 110.45158386230469 202.19968795776367 160.05741119384766 227.8697395324707
0 0.0516 85.85378646850586 257.307186126709 124.39741134643556 292.6926612854004
0 0.0514 110.90675354003905 291.6220474243164 159.69135284423828 318.4203338623047
0 0.0509 199.38156127929685 213.11660766601562 250.9906768798828 236.97025299072266
0 0.0487 219.62847709655756 292.9324150085449 270.7710742950439 317.1529960632324
0 0.0460 219.68280792236325 262.8899955749512 270.7229995727539 287.19491958618164
0 0.0458 260.1082229614258 352.5320816040039 310.35091400146484 377.5465774536133
0 0.0451 155.6796073913574 517.8969573974609 194.53939437866208 552.1506500244141
0 0.0433 219.5577239990234 182.98612594604492 270.8338928222656 207.0997428894043
0 0.0419 239.27116394042966 153.1991195678711 291.088638305664 176.88858032226562
0 0.0396 115.71971893310545 477.7859878540039 154.50450897216794 512.2524642944336
0 0.0392 80.61962127685547 201.38965606689453 109.00684356689452 248.53492736816406
0 0.0390 100.62707901000975 331.4398193359375 128.99785995483398 378.49403381347656
0 0.0386 120.30931472778319 172.33909606933594 170.17892837524414 197.73418426513672
0 0.0382 100.63953399658203 381.5266418457031 128.98284912109375 428.42384338378906
0 0.0362 70.61242580413818 291.3446807861328 99.0155267715454 338.5721969604492
0 0.0353 170.09120941162107 182.53911972045898 220.36727905273435 207.53881454467773
0 0.0335 45.84007263183593 257.36106872558594 84.40795898437499 292.64305114746094
0 0.0317 155.38833618164062 558.6388397216797 194.7967529296875 591.4714813232422
0 0.0310 100.66833496093749 431.73583984375 128.94824981689453 478.2563018798828
0 0.0307 249.08210754394528 233.33269119262695 301.2577056884765 256.7556571960449
0 0.0289 248.79451751708982 123.52407455444336 301.5166854858398 146.56421661376953
0 0.0288 365.5659866333008 448.22193145751953 404.63672637939453 481.8527603149414
0 0.0284 115.39756774902342 538.619499206543 154.78824615478516 571.489143371582
0 0.0271 50.601835250854485 201.2804412841797 79.02832984924315 248.62579345703125
0 0.0261 70.64142704010008 341.536865234375 98.9805746078491 388.4150695800781
0 0.0260 195.55423736572266 548.2404708862305 234.6482467651367 581.835823059082
0 0.0260 -20.248448848724365 612.8144836425781 30.666673183441166 637.2669219970703
0 0.0254 -79.99999999999999 0.0 558.75 339.48570251464844
0 0.0252 259.56077575683594 322.98343658447266 310.8312225341797 347.1023941040039
0 0.0246 235.62920570373535 538.0404663085938 274.5827388763428 572.01904296875
0 0.0244 195.3705596923828 148.6916971206665 234.81159210205078 181.42320156097412
0 0.0238 75.20963191986084 549.0281677246094 114.95962619781494 581.1162567138672
0 0.0237 295.77449798583984 497.59437561035156 334.4604873657226 532.4285125732422
0 0.0237 360.42938232421875 422.2216033935547 410.0763702392578 447.8484344482422
0 0.0237 75.73219299316406 167.74675369262695 114.4940948486328 202.28849411010742
0 0.0233 155.36155700683594 598.706169128418 194.82032775878906 631.410026550293
0 0.0226 320.60466766357416 441.2965393066406 349.02492523193354 488.6121368408203
0 0.0224 269.10770416259766 193.3134651184082 321.2350845336914 216.77461624145508
0 0.0222 79.7508192062378 612.8149795532227 130.66730976104736 637.2664260864258
0 0.0217 10.620889663696289 231.39825820922852 39.00530815124512 278.52792739868164
0 0.0212 40.6387996673584 301.52137756347656 68.983736038208 348.42803955078125
0 0.0208 105.24986267089842 578.9485931396484 144.92225646972653 611.1888122558594
0 0.0199 29.79838848114014 612.7756500244141 80.62565326690672 637.3050689697266
0 0.0198 70.6865119934082 391.87896728515625 98.92644882202147 438.14369201660156
0 0.0198 -70.0129222869873 602.6388549804688 -19.543867111206055 627.4420166015625
0 0.0198 49.77354049682618 582.8176879882812 100.64302444458008 607.2663116455078
0 0.0197 238.1033229827881 93.94694328308105 292.14417457580566 116.13869667053223
0 0.0196 365.6204605102539 488.0763626098633 404.58911895751953 521.9861221313477
0 0.0193 100.50691604614256 512.1233749389648 150.01436233520505 537.941780090332
0 0.0190 -40.757122039794915 573.2136917114258 11.11508369445801 596.8733596801758
0 0.0188 195.38915634155273 598.6438369750977 234.79536056518552 631.4669418334961
0 0.0182 140.29279708862302 142.3591184616089 190.19224166870114 167.71515369415283
0 0.0173 35.17936706542969 549.091682434082 74.98733520507811 581.0583877563477
0 0.0171 -79.34370517730711 141.66902542114258 -51.03716373443603 188.31293106079102
0 0.0170 298.0715942382812 153.96620273590088 352.17285156249994 176.11939907073975
0 0.0168 -79.99999999999999 568.8479232788086 -45.1184320449829 601.280632019043
0 0.0164 232.1534729003906 569.7893524169922 450.1152038574218 638.75
0 0.0163 275.4475784301758 538.5029602050781 314.7432327270508 571.5956878662109
0 0.0163 20.62759399414063 181.44170761108398 48.997230529785156 228.49225997924805
0 0.0154 370.195083618164 392.45288848876953 420.27587890625 417.62393951416016
0 0.0153 -9.359502792358398 151.53069019317627 18.981695175170895 198.42013835906982
0 0.0150 10.648326873779297 281.5865230560303 38.97226333618164 328.37525367736816
0 0.0146 40.67837715148926 351.81427001953125 68.93620491027832 398.1945037841797
0 0.0142 310.84888458251953 411.7121124267578 359.73506927490234 438.3355712890625
0 0.0141 75.53346633911133 478.29471588134766 114.66646194458006 511.7861557006836
0 0.0136 90.27816772460938 142.3737382888794 140.20465850830078 167.70095348358154
0 0.0136 -19.34605836868286 211.63480758666992 8.965561389923096 258.3376884460449
0 0.0136 -80.0 542.5240707397461 -39.644489288330085 567.5532913208008
0 0.0136 158.54461669921872 3.683929443359375 211.74251556396484 26.40397071838379
0 0.0134 189.54902648925778 122.99768447875977 240.84056854248047 147.08894729614258
0 0.0133 -79.3243408203125 91.80728912353516 -51.060457229614265 138.20201873779297
0 0.0132 269.38282012939453 273.1184196472168 320.9889602661132 296.9687843322754
0 0.0132 -79.34194564819336 191.68161392211914 -51.039276123046875 238.3028221130371
0 0.0129 247.65537261962888 64.19922828674316 302.5534439086914 85.88347434997559
0 0.0126 -50.626375675201416 3.121051788330078 0.9980416297912575 26.965641975402832
0 0.0126 217.78327941894528 4.124765396118164 272.43728637695307 25.958261489868164
0 0.0122 20.63913345336914 131.5186882019043 48.98330688476562 178.4294319152832
0 0.0121 49.86137390136719 522.7402114868164 100.5670166015625 547.3418807983398
0 0.0120 405.44788360595703 448.50772857666016 444.74239349365234 481.59130096435547
0 0.0114 357.5765609741211 154.23906326293945 412.62638092041016 175.84257125854492
0 0.0114 15.298423767089846 0.0 54.877662658691406 31.282002925872803
0 0.0112 -79.99999999999999 508.4465789794922 -45.27689695358276 541.6472625732422
0 0.0112 -4.8334217071533185 539.1154479980469 34.99936103820801 571.0367584228516
0 0.0111 -19.320201873779297 261.8329048156738 8.934535980224608 308.1808662414551
0 0.0110 55.46760082244872 438.45970153808594 94.72485065460204 471.6352081298828
0 0.0109 341.28059387207026 358.9252471923828 409.18190002441406 391.0987854003906
0 0.0106 10.687150955200195 331.8800735473633 38.92565727233887 378.1422805786133
0 0.0105 -24.395999908447266 118.10545921325684 14.604988098144531 151.95948600769043
0 0.0105 495.47071456909174 604.7563171386719 558.7500190734862 638.75
0 0.0102 -79.2848777770996 2.125697135925293 -51.107721328735344 47.95308589935303
0 0.0100 310.72303771972656 342.18441009521484 338.88275146484375 387.90660858154297
0 0.0100 297.1389007568359 84.47360038757324 353.02726745605463 105.60502052307129
