0 0.0490 194.8625946044922 105.99592971801759 255.1388168334961 125.05564498901369
0 0.0451 195.15735626220703 125.87796020507812 254.86358642578125 145.177734375
0 0.0435 194.97379302978516 85.94992446899414 255.035400390625 105.10290908813477
0 0.0390 254.2266845703125 106.24256896972656 315.73299407958984 124.80030822753908
0 0.0361 185.45587539672852 65.74993896484375 244.58650588989258 85.30903625488281
0 0.0344 254.2941665649414 86.21590423583986 315.670166015625 104.82769775390626
0 0.0342 607.9786682128906 204.09325408935547 638.75 226.92974853515625
0 0.0336 254.64075088500977 126.08546066284181 315.3454399108887 144.96340560913086
0 0.0317 324.15958404541016 106.2661247253418 385.7962417602539 124.77553176879883
0 0.0316 135.80419540405273 105.60055541992188 194.26252365112305 125.46288299560548
0 0.0312 135.84514617919922 125.58342742919922 194.22428131103516 145.4806594848633
0 0.0307 175.92166900634766 145.55075454711914 234.15294647216797 165.5144386291504
0 0.0304 245.28017044067383 245.8245544433594 304.749813079834 265.23228454589844
0 0.0300 598.0282783508301 174.48378372192383 638.7499809265137 196.60048294067383
0 0.0296 135.99494457244873 85.51523971557617 194.08565998077393 105.55037307739258
0 0.0288 597.2300910949707 234.91413879394534 638.7499809265137 256.1633758544922
0 0.0284 244.67500686645508 66.06804656982423 305.3144645690918 84.98062896728516
0 0.0276 184.91344451904297 235.97557830810547 245.09136199951172 255.07668304443362
0 0.0271 324.25960540771484 86.2275390625 385.7028579711914 104.81533813476562
0 0.0267 334.5213317871094 126.12976837158203 395.45753479003906 144.9171142578125
0 0.0266 385.32196044921875 105.80239105224611 444.71214294433594 125.25421905517578
0 0.0254 0.0 200.38586425781247 638.75 539.25
0 0.0252 265.27369499206543 225.82440185546872 324.75659370422363 245.2319030761719
0 0.0248 607.7191352844238 334.2390518188476 638.7499809265137 356.7815475463867
0 0.0242 235.61182022094727 145.68739700317383 294.44047927856445 165.37421035766602
0 0.0238 126.47834777832031 65.29293823242189 183.63788604736328 85.77820587158203
0 0.0237 306.86875343322754 245.10304260253906 363.27765464782715 265.97203063964844
0 0.0233 185.90070724487305 45.555885314941406 244.17341232299805 65.50837326049805
0 0.0229 0.0 -99.49999999999999 510.9122848510742 182.01496887207028
0 0.0228 385.29956817626953 85.81259536743165 444.73278045654297 105.24386215209961
0 0.0222 598.4722900390625 144.22148513793945 638.75 166.8651466369629
0 0.0222 105.2146863937378 225.8509521484375 164.81102466583252 245.20497131347653
0 0.0222 387.0870590209961 244.99905395507812 443.0752182006836 266.07891845703125
0 0.0222 156.22695922851562 165.4101448059082 213.87054443359375 185.65821456909183
0 0.0219 304.39868927001953 66.17428588867188 365.5729293823242 84.87046051025392
0 0.0213 116.24635696411133 145.40320205688477 173.85210037231445 165.66569137573242
0 0.0212 185.47971725463867 255.74345397949216 244.5633888244629 275.3164367675781
0 0.0212 607.7529907226562 304.2194061279297 638.75 326.8013458251953
0 0.0211 607.8357124328613 264.1746978759765 638.7499809265137 286.8471221923828
0 0.0206 245.72162628173828 265.6369094848633 304.3391418457031 285.4255752563477
0 0.0204 574.3924140930176 85.33682632446289 638.7499809265137 135.24702835083008
0 0.0203 125.28995037078857 245.8194808959961 184.74098682403564 265.2373580932617
0 0.0202 175.00442504882812 215.93472290039065 235.00755310058594 235.11799621582037
0 0.0201 395.92845916748047 125.54066467285156 454.1483688354492 145.5234603881836
0 0.0201 608.1672859191895 363.9883499145507 638.7499809265137 387.0369033813476
0 0.0197 105.51597118377686 205.72202491760254 164.53117847442627 225.3373317718506
0 0.0196 364.9296569824219 65.96508789062501 425.07728576660156 85.0867156982422
0 0.0187 136.0042142868042 185.50879287719727 194.07761096954346 205.5565528869629
0 0.0184 346.8513870239258 225.11719512939456 403.29235076904297 245.95856475830078
0 0.0184 216.42131805419922 165.32254028320315 273.68995666503906 185.7484130859375
0 0.0179 245.17412185668945 45.865543365478516 304.84933853149414 65.1894645690918
0 0.0172 447.2234344482422 234.92840576171872 502.9499053955078 256.1507110595703
0 0.0168 65.9165096282959 245.55229949951175 124.15791511535645 265.51270294189453
0 0.0165 335.1062774658203 145.89779663085938 394.9114990234375 165.15705871582034
0 0.0162 518.5124969482422 124.2002182006836 571.7723846435547 146.88706207275388
0 0.0159 96.47374153137207 165.29536056518555 153.64209175109863 185.77578353881836
0 0.0158 547.2602081298828 214.90665245056152 602.9167938232422 236.17238807678223
0 0.0157 609.2436218261719 473.2859115600586 638.75 497.7426223754883
0 0.0152 512.6921272277832 -99.5 638.7499809265137 -29.650761604309075
0 0.0150 85.60427665710449 265.6890182495117 144.4478702545166 285.3722457885742
0 0.0149 196.35343551635742 185.34750747680664 253.75444412231445 205.72161483764648
0 0.0146 255.76959609985352 205.608060836792 314.2965507507324 225.45373725891113
0 0.0146 76.27286911010742 185.38710403442383 133.8284683227539 205.68144607543945
0 0.0145 574.3924140930176 25.33681201934815 638.7499809265137 75.24700450897217
0 0.0144 45.95500946044922 225.53311157226562 104.1226863861084 245.53204345703122
0 0.0144 518.6211013793945 154.12993240356445 571.6745376586914 176.95730972290042
0 0.0144 507.1334457397461 234.96964263916016 563.0338668823242 256.10787200927734
0 0.0143 304.9152374267578 45.96930313110352 365.0910949707031 65.08202362060547
0 0.0142 76.81492805480957 125.13321685791014 133.32640647888184 145.94185638427734
0 0.0141 426.2431335449219 65.40110397338867 483.85597229003906 85.66717910766602
0 0.0139 517.7106475830078 84.6659927368164 572.5035095214844 106.4166717529297
0 0.0135 366.30725860595703 205.3740005493164 423.7959671020508 225.6953887939453
0 0.0134 518.1035232543945 184.4385414123535 572.1458053588867 206.64587783813477
0 0.0133 396.20513916015625 145.41580963134766 453.89183044433594 165.65159606933594
0 0.0132 127.13927745819092 34.96704864501954 183.02841663360596 56.110599517822266
0 0.0132 608.8909912109375 523.214614868164 638.75 539.25
0 0.0131 365.85899353027344 175.57623672485352 424.21165466308594 195.48785018920898
0 0.0131 77.09540367126465 84.99182510375977 133.06822776794434 106.08576583862306
0 0.0129 246.2974739074707 285.38025665283203 303.8046073913574 305.68932342529297
0 0.0129 276.388521194458 165.33924865722656 333.71996879577637 185.73155212402347
0 0.0128 307.3981475830078 274.8317031860352 362.7906799316406 296.2481002807617
0 0.0128 365.3445053100586 45.79209136962892 424.6913528442383 65.26467132568361
0 0.0128 186.18719100952148 275.4320983886719 243.9064598083496 295.63641357421875
0 0.0125 446.94217681884766 85.0692825317383 503.20926666259766 106.00689697265625
0 0.0123 256.60228729248047 185.23175048828128 313.5238265991211 205.84038543701172
0 0.0123 608.8210296630859 393.5819702148437 638.75 417.4469451904297
0 0.0122 46.14116668701172 205.44831085205078 103.95028114318848 225.61886596679688
0 0.0121 76.131591796875 285.45765686035156 133.95793914794922 305.6102447509766
0 0.0119 467.30987548828125 204.8787384033203 522.8716278076172 226.20041656494138
0 0.0117 608.8471221923828 -26.43687200546264 638.75 -2.534365177154533
0 0.0115 186.5760040283203 25.243347167968757 243.54835510253906 45.82835006713867
0 0.0114 26.316347122192383 265.370834350586 83.78727912902832 285.6988220214844
0 0.0110 426.3703918457031 45.33907222747804 483.7388610839844 65.73016452789307
0 0.0109 427.36751556396484 174.84846878051758 482.81864166259766 196.23118209838867
0 0.0104 496.67606353759766 265.19879150390625 553.4550857543945 285.87452697753906
0 0.0104 517.5754165649414 54.73641681671143 572.6281356811523 76.34472179412842
0 0.0100 457.95494079589844 114.5322494506836 512.2795104980469 136.5525131225586
