0 0.1348 97.30084419250488 124.38617706298828 152.87924766540527 145.69332122802734
0 0.1138 127.8976821899414 154.0626335144043 182.3322868347168 176.02144241333008
0 0.1060 158.10715198516846 123.9406204223633 212.1415662765503 146.14444732666018
0 0.1015 97.24737167358398 94.41495895385742 152.92816162109375 115.6641960144043
0 0.0732 157.3847198486328 94.34158325195311 212.80235290527344 115.738525390625
0 0.0671 586.9839477539062 354.5401382446289 638.75 375.5351638793946
0 0.0557 587.401294708252 324.32563781738276 638.7499809265137 345.75355529785156
0 0.0545 97.0363998413086 64.52495574951172 153.12179565429688 85.55259704589844
0 0.0465 184.8712921142578 149.6654319763184 225.2755355834961 180.53674697875977
0 0.0455 138.5301399230957 183.69136810302737 191.75596237182617 206.39625549316406
0 0.0454 587.3271942138672 384.3705749511719 638.75 405.7088470458985
0 0.0427 527.0003890991211 344.54051971435547 583.1555557250977 365.5363082885743
0 0.0398 68.1861686706543 153.90155792236328 122.06798553466797 176.18499755859378
0 0.0314 37.87137031555176 104.07670974731447 92.35650062561035 126.00709915161134
0 0.0308 156.87841415405273 64.59952354431152 213.26841354370117 85.47581672668457
0 0.0283 468.35174560546875 343.79402160644537 521.9193267822266 366.29203796386724
0 0.0277 87.04488754272461 34.519710540771484 143.11420440673828 55.55776596069336
0 0.0270 527.2324371337891 374.4242477416992 582.9415130615234 395.65502166748047
0 0.0262 38.0656623840332 73.96631240844727 92.17903137207031 96.11875534057616
0 0.0261 87.83501625061035 214.0890884399414 142.39153861999512 235.99327087402344
0 0.0256 527.4939727783203 314.28180694580084 582.7024841308594 335.79891204833984
0 0.0254 0.0 229.88586425781253 638.75 568.75
0 0.0252 587.872314453125 294.07333374023443 638.75 316.0100555419922
0 0.0244 78.7639331817627 183.54131698608398 131.54486656188965 206.54657363891602
0 0.0243 608.4929656982422 413.2921981811523 638.75 436.73534393310547
0 0.0229 0.0 -70.0 510.9122848510742 211.51496887207034
0 0.0204 148.60815048217773 213.6418342590332 201.68546676635742 236.44590377807617
0 0.0183 469.1531753540039 313.2805633544922 521.1945724487305 336.8072509765625
0 0.0182 0.0 243.21018218994143 51.09577178955078 266.8781661987305
0 0.0179 0.0 302.83409118652344 50.657453536987305 327.2504425048828
0 0.0173 28.017561435699463 43.995323181152344 82.22261190414429 66.08964920043945
0 0.0171 467.55287170410156 374.2525863647461 522.6479339599609 395.82897186279297
0 0.0164 0.0 272.9148101806641 50.746192932128906 297.1708679199219
0 0.0161 0.0 332.7830505371094 50.60276508331299 357.3006439208985
0 0.0160 600.7131767272949 439.23587799072266 638.7500190734863 470.789909362793
0 0.0158 18.204030990600586 133.88925552368167 72.0521068572998 156.1971092224121
0 0.0158 97.99764633178711 244.00612831115723 152.24092483520508 266.07863426208496
0 0.0157 0.0 213.49008560180664 51.46550178527832 236.5986442565918
0 0.0155 575.4707145690918 534.7563171386719 638.7500190734863 568.75
0 0.0149 116.47204875946045 14.795875549316406 173.64372730255127 35.27519226074219
0 0.0142 146.34557723999023 34.85483169555664 203.76081466674805 55.21478652954101
0 0.0142 0.0 69.43702697753906 35.15031814575195 100.7441520690918
0 0.0141 598.6324310302734 -56.374685764312744 638.75 -33.53768110275268
0 0.0140 598.0583953857422 263.9699172973632 638.75 286.11499786376953
0 0.0136 47.94607162475586 14.036655426025392 102.28775978088379 36.04795455932618
0 0.0134 159.2051362991333 243.24248313903811 211.14840984344482 266.84494972229004
0 0.0131 215.11184692382812 119.22817230224611 255.04962921142578 150.93414306640625
0 0.0119 511.90391540527344 -20.15819549560547 638.75 79.62707519531251
0 0.0119 199.60071563720703 182.94416427612308 250.79761505126953 207.1401405334473
0 0.0118 139.2047882080078 273.24352264404297 191.14856719970703 296.84398651123047
0 0.0115 168.79737854003906 333.518180847168 221.5149688720703 356.5695571899414
0 0.0114 538.288688659668 403.83556365966797 591.9758224487305 426.25072479248047
0 0.0113 0.0 13.120994567871096 40.99106788635254 36.9663429260254
0 0.0111 5.221400260925293 359.0106964111328 44.948105812072754 391.13220214843744
0 0.0110 609.4850158691406 472.59628295898443 638.75 497.43003845214844
0 0.0107 48.89756202697754 343.45035552978516 101.42508506774902 366.6371536254883
0 0.0106 574.3924140930176 114.83682632446288 638.7499809265137 164.74702835083008
0 0.0105 159.1819190979004 303.2581329345703 211.16933822631836 326.82929992675787
0 0.0103 0.0 183.42990875244138 51.38737678527832 206.65851593017578
