0 0.1999 339.1548156738281 53.284263610839844 391.1920928955078 76.80419921874999
0 0.1459 279.23954010009766 63.21749210357666 331.11778259277344 86.86971187591553
0 0.1354 447.3558807373047 54.35330390930175 502.8296661376953 75.72604179382323
0 0.1265 338.7561798095703 23.55299949645996 391.5504455566406 46.53582572937012
0 0.1110 329.3242645263672 83.15885543823242 381.04164123535156 106.92834854125977
0 0.1024 387.3561096191406 74.36296939849854 442.8271484375 95.71786403656006
0 0.1002 279.0475845336914 33.3485221862793 331.2903594970703 56.738777160644524
0 0.0980 396.39549255371094 34.83320236206055 453.71421813964844 55.23723602294922
0 0.0944 458.03993225097656 83.97832870483397 512.2031402587891 106.1061668395996
0 0.0832 457.4386978149414 24.311275482177738 512.7531814575195 45.76902389526367
0 0.0643 279.54087257385254 92.99957275390625 330.8486843109131 117.0865249633789
0 0.0588 396.26556396484375 14.893798828124998 453.83445739746094 35.17520904541015
0 0.0566 37.19515800476074 74.44023132324219 92.9765796661377 95.63819885253906
0 0.0476 447.64591217041016 224.20296669006345 502.5624465942383 245.87943077087402
0 0.0466 499.2342758178711 113.21903228759766 551.122932434082 136.86790466308594
0 0.0464 37.75012969970703 104.14669036865234 92.46684074401855 125.9366226196289
0 0.0452 508.8555908203125 63.477244377136216 561.4630889892578 86.61015033721924
0 0.0450 229.2490005493164 83.21361541748047 281.10870361328125 106.87397003173827
0 0.0422 288.7344741821289 3.5623455047607404 341.571044921875 26.52579307556152
0 0.0408 234.73560333251953 49.91689682006835 275.4017639160156 80.3086471557617
0 0.0394 26.99833869934082 44.54080581665039 83.15763473510742 65.53586959838867
0 0.0380 97.75296211242676 84.14451599121092 152.46438026428223 105.938720703125
0 0.0378 437.72178649902344 114.15813446044922 492.4937438964844 135.9243392944336
0 0.0377 499.3777847290039 143.1117057800293 550.9956741333008 166.9740867614746
0 0.0338 437.7516555786133 254.1434097290039 492.4660110473633 275.9395980834961
0 0.0331 447.96314239501953 194.02368545532227 502.27291107177734 216.06054306030273
0 0.0323 574.3924140930176 144.8368263244629 638.7499809265137 194.74702835083008
0 0.0316 87.4530029296875 54.30755615234374 142.7391815185547 75.77344894409178
0 0.0309 387.5042724609375 224.278564453125 442.69248962402344 245.8026123046875
0 0.0293 228.4263801574707 13.75298500061035 281.8506050109863 36.333951950073235
0 0.0293 347.45399475097656 -5.6879401206970215 402.73712158203125 15.769708156585693
0 0.0291 498.9665985107422 173.39670181274414 551.3645935058594 196.6897392272949
0 0.0270 388.12328338623047 193.93278121948242 442.12650299072266 216.15259170532224
0 0.0263 378.00621032714844 104.00400161743163 432.2325134277344 126.08121871948242
0 0.0261 437.99339294433594 144.0058898925781 492.2454071044922 166.07845306396482
0 0.0254 0.0 219.8858642578125 638.75 558.75
0 0.0250 426.33609771728516 -5.1419639587402335 483.7698745727539 15.211277008056639
0 0.0249 27.21658706665039 14.427957534790037 82.95716285705566 35.65049171447754
0 0.0234 549.484748840332 103.0439567565918 600.8980941772461 127.04282760620119
0 0.0231 97.8978157043457 114.06568527221678 152.33144760131836 136.01888656616208
0 0.0229 0.0 -79.99999999999999 510.9122848510742 201.51496887207028
0 0.0217 328.5999298095703 193.6452293395996 381.6932678222656 216.44224166870117
0 0.0211 279.23272132873535 123.21680068969725 331.12502098083496 146.86967849731445
0 0.0211 508.55052947998047 203.6670684814453 561.7399978637695 226.41895294189453
0 0.0204 0.0 69.42449569702148 35.14326095581055 100.75555801391602
0 0.0199 608.7795257568359 113.10741424560547 638.75 136.9211196899414
0 0.0195 377.8847122192383 254.07596588134763 432.3427963256836 276.0089492797851
0 0.0191 608.8610649108887 203.0512237548828 638.7500190734863 226.97723388671875
0 0.0187 28.634300231933594 133.6254119873047 81.66177749633789 156.46240234375
0 0.0186 334.7342300415039 109.91519927978517 375.40348052978516 140.31021118164062
0 0.0183 388.02310943603516 163.99583816528317 442.21675872802734 186.08972549438477
0 0.0181 148.11716079711914 63.93772125244141 202.13178634643555 86.14782333374023
0 0.0177 268.91273498535156 183.4473609924316 321.409912109375 206.64113998413086
0 0.0173 514.7220611572266 29.931163787841793 555.4154968261719 60.2957534790039
0 0.0171 318.5951900482178 163.6518669128418 371.69678688049316 186.4361000061035
0 0.0168 234.94939804077148 109.5309066772461 275.2015495300293 140.65887451171875
0 0.0168 497.8803253173828 244.0708541870117 552.3484802246094 266.0129165649414
0 0.0167 427.9833221435547 284.0149688720703 482.2538757324219 306.0697937011719
0 0.0165 608.7291717529297 83.14023971557617 638.75 106.88810348510742
0 0.0165 87.26672172546387 24.402704238891598 142.91090965270996 45.67629814147949
0 0.0158 328.23482513427734 223.86913299560547 382.02449798583984 246.2171173095703
0 0.0157 608.651294708252 233.18920135498044 638.7499809265137 256.83864593505854
0 0.0142 238.48333358764648 -16.280460357666012 291.7985725402832 6.367826461791993
0 0.0142 269.03087615966797 213.36341857910153 321.30462646484375 236.72439575195312
0 0.0142 0.0 -16.598548889160153 51.34765625 6.687088012695313
0 0.0138 377.7069854736328 134.16839599609375 432.5067901611328 155.91430664062497
0 0.0135 177.99694061279297 34.00535583496094 232.2418212890625 56.0792350769043
0 0.0133 608.7799072265625 53.105783462524414 638.75 76.92255973815918
0 0.0131 258.3774948120117 153.78244400024414 311.89502716064453 176.3042640686035
0 0.0130 565.03662109375 69.3734884262085 605.1195526123047 100.80191135406494
0 0.0128 158.38136672973633 93.77714157104492 211.89218521118164 116.30914688110352
0 0.0123 0.792543888092041 102.88669586181639 28.800392150878906 147.38166809082028
0 0.0119 488.0149459838867 273.9984130859375 542.2246170043945 296.0868072509765
0 0.0117 608.5468864440918 263.25614929199213 638.7500190734863 286.7713165283203
0 0.0116 0.0 163.00497055053708 50.85206985473633 187.0814323425293
0 0.0116 512.6921272277832 -80.0 638.7499809265137 -10.150761604309086
0 0.0114 608.9076042175293 23.02014350891113 638.7500190734863 47.00840950012206
0 0.0111 487.7798080444336 -5.875260829925537 542.4409103393555 15.957982540130613
0 0.0109 608.9496040344238 542.6704597473145 638.7499809265137 558.7499809265137
0 0.0103 608.4751892089844 293.30131530761713 638.75 316.72584533691406
