0 0.2394 422.4752426147461 137.47018814086914 488.0629348754883 172.46370315551758
0 0.1979 440.3668975830078 112.28628158569336 490.12908935546875 137.78589248657227
0 0.1776 410.70545196533203 171.8967628479004 459.8501968383789 198.1595420837402
0 0.1685 138.91090869903564 143.43872070312497 191.4136838912964 166.64840698242188
0 0.1678 370.5962371826172 142.03353881835938 419.9382781982422 168.02909851074216
0 0.1445 459.9751281738281 172.6401138305664 510.46836853027344 197.43976593017575
0 0.1431 489.8736572265625 142.73435592651367 540.5553436279297 167.34819412231445
0 0.1355 360.8106231689453 171.76288604736328 409.7655487060547 198.28727722167966
0 0.1325 390.5086898803711 112.12818145751952 440.01155853271484 137.9377746582031
0 0.1192 190.38780212402344 152.26226806640625 240.11188507080078 177.80887603759763
0 0.1153 139.74908828735352 172.82899856567383 190.66625595092773 197.25412368774414
0 0.1107 558.8357734680176 158.73979568481445 638.7499809265137 221.18635177612302
0 0.1076 128.61377239227295 113.63298416137695 181.68156147003174 136.45402908325195
0 0.1057 380.54149627685547 202.0743751525879 429.98767852783203 227.98799514770505
0 0.0831 489.8854446411133 112.72144317626952 540.5456924438477 137.3604965209961
0 0.0800 189.9691390991211 122.65184402465819 240.47225952148438 147.42902755737305
0 0.0749 339.8382568359375 112.7582550048828 390.58753967285156 137.3240280151367
0 0.0743 509.46632385253906 173.04885864257812 560.9162902832031 197.0368194580078
0 0.0738 439.8796081542969 82.73214340209961 490.54962158203125 107.35067367553711
0 0.0736 108.63418579101562 83.6284828186035 161.66122436523438 106.45975112915039
0 0.0714 320.19763946533203 142.44224548339844 370.27530670166016 167.63343811035156
0 0.0707 88.91836166381836 163.44491958618164 141.4045524597168 186.6437721252441
0 0.0691 330.32310485839844 202.30388641357422 380.1714324951172 227.7661895751953
0 0.0658 429.5519256591797 202.98431396484375 480.8403015136719 227.10075378417966
0 0.0604 574.3924140930176 224.83680725097656 638.7499809265137 274.74700927734375
0 0.0585 389.8643112182617 82.73630142211913 440.5647659301758 107.34556198120116
0 0.0582 78.9251708984375 133.43791961669922 131.39896392822266 156.65042877197266
0 0.0580 310.60126304626465 172.02606201171875 359.9343967437744 198.0361557006836
0 0.0578 369.51080322265625 233.0127239227295 420.87738037109375 257.07226753234863
0 0.0571 489.24842834472656 203.21367263793942 541.1093139648438 226.8738746643066
0 0.0567 195.5562400817871 178.24684143066406 234.64536666870117 211.82994842529297
0 0.0525 574.3924140930176 104.83682632446288 638.7499809265137 154.74702835083005
0 0.0461 239.87943649291992 152.7323532104492 290.54975509643555 177.3504638671875
0 0.0400 120.03156661987305 202.5944709777832 170.4185676574707 227.48491287231445
0 0.0375 179.17449951171875 93.26448440551758 231.17572784423828 116.82310104370116
0 0.0367 98.08652877807617 53.95867347717286 152.15900421142578 76.12717628479004
0 0.0359 325.15438079833984 229.14505958557126 365.0101089477539 261.00981712341303
0 0.0351 489.41951751708984 233.08829307556152 540.9569931030273 256.99830055236816
0 0.0339 574.3924140930176 284.83680725097656 638.7499809265137 334.74700927734375
0 0.0324 235.33601760864258 178.76476287841797 274.8433494567871 211.35650634765625
0 0.0306 429.22657012939453 233.2318878173828 481.1282730102539 256.8560791015625
0 0.0304 329.1091537475586 83.30842971801758 381.23462677001953 106.77907943725586
0 0.0303 280.08399963378906 202.54558563232422 330.37353515625 227.53246307373044
0 0.0294 59.40688133239746 103.09959411621094 110.96779823303223 126.98734283447264
0 0.0292 360.0443649291992 262.5820541381836 410.40767669677734 287.4969100952148
0 0.0266 489.9054718017578 82.70441055297852 540.5281829833984 107.37722396850585
0 0.0258 499.9217224121094 262.68680572509766 550.5147552490234 287.3940658569336
0 0.0245 49.39846992492676 73.10846328735352 100.9747314453125 96.9788932800293
0 0.0234 409.92828369140625 262.6893615722656 460.50743103027344 287.39250183105463
0 0.0233 158.32579135894775 63.813152313232415 211.94215297698975 86.2732696533203
0 0.0231 360.5556869506836 311.02478027343744 389.0842819213867 358.843994140625
0 0.0230 574.3924140930176 344.83680725097656 638.7499809265137 394.74700927734375
0 0.0229 0.0 277.02486038208013 510.9126281738281 558.7499809265137
0 0.0226 249.14085388183594 123.29347610473631 301.20471954345703 146.79494857788086
0 0.0215 390.58189392089844 311.16390228271484 419.05242919921875 358.7239456176758
0 0.0211 330.59215545654297 311.2284469604492 359.0401077270508 358.6704635620117
0 0.0207 310.2888584136963 262.36248016357416 360.1956844329834 287.7118301391601
0 0.0206 540.7302856445312 112.2568130493164 568.8742065429688 157.85213470458984
0 0.0200 285.28446197509766 228.8762378692627 324.89044189453125 261.25475883483887
0 0.0192 0.0 -79.99999999999999 406.9585418701172 267.1209716796875
0 0.0190 608.4252738952637 73.33280563354491 638.7500190734863 96.69416427612305
0 0.0180 420.6211471557617 311.3990783691406 449.00501251220703 358.5270690917969
0 0.0179 78.3669376373291 23.788480758666992 131.90470695495605 46.29813194274902
0 0.0167 300.6691265106201 311.7447662353515 328.94734382629395 358.24966430664057
0 0.0165 170.42547225952148 212.21858978271484 220.0810432434082 237.85068511962888
0 0.0164 75.19457817077637 189.06494140624997 114.97288703918457 221.08276367187497
0 0.0162 429.4241714477539 53.086404800415046 480.9524917602539 77.0003604888916
0 0.0154 525.6381988525391 288.0187606811523 564.5745849609375 322.0389175415039
0 0.0152 450.6638717651367 291.6953659057617 478.9535140991211 338.2873916625976
0 0.0149 368.73985290527344 53.55846405029297 421.5662384033203 76.52961730957031
0 0.0140 608.4440612792969 43.31890106201172 638.75 66.70783996582031
0 0.0139 238.5950469970703 93.6532974243164 291.6966247558594 116.43486022949217
0 0.0137 230.1165008544922 212.5249481201172 280.34366607666016 237.553596496582
0 0.0135 565.086669921875 69.28135395050047 605.0725555419922 100.88572978973387
0 0.0133 125.24225234985352 228.9615249633789 164.92952346801758 261.1770248413086
0 0.0132 485.5161666870117 288.34617614746094 524.6810531616211 321.7390441894531
0 0.0132 29.33711051940918 43.15299987792968 81.02947235107422 66.93460464477539
0 0.0129 265.38671493530273 268.651008605957 304.7973823547363 301.4603805541992
0 0.0127 270.7159423828125 312.1235275268554 298.8912582397461 357.95352935791016
0 0.0123 120.66146850585938 331.67720794677734 148.9564323425293 378.30188751220703
0 0.0121 150.69429874420166 311.9368362426758 178.91709804534912 358.0977249145508
0 0.0120 28.662874698638916 3.606824874877929 81.63602590560913 26.480989456176758
0 0.0120 200.68649291992188 311.8810272216797 228.9264678955078 358.14239501953125
0 0.0118 0.0 68.82688045501709 34.87383842468262 101.29984378814697
0 0.0118 608.6044311523438 13.21990966796875 638.75 36.807861328125
0 0.0116 165.53390502929688 278.30291748046875 204.6651840209961 311.77864074707026
0 0.0115 512.6921272277832 -80.0 638.7499809265137 -10.150761604309086
0 0.0112 218.30886840820312 63.82726192474364 271.9566345214844 86.25967502593994
0 0.0112 148.18745136260986 33.89357566833497 202.0684003829956 56.19191169738769
0 0.0111 125.5384635925293 278.2905578613281 164.66121673583984 311.78993225097656
0 0.0106 230.6843376159668 311.85375213623047 258.92900466918945 358.16234588623047
0 0.0106 88.68860244750977 -6.40960693359375 141.61277770996094 16.497459411621094
0 0.0105 165.3434181213379 238.74369621276853 204.83709335327148 271.37570381164545
0 0.0102 512.8874015808105 489.6266937255859 638.7500190734863 558.7499999999999
0 0.0102 485.3097152709961 48.819422721862786 524.8675918579102 81.30661487579344
0 0.0100 300.833044052124 93.37890624999999 328.75298500061035 137.0264434814453
