0 0.0648 -38.24638748168944 337.66735076904297 0.47732925415040556 372.36141204833984
0 0.0508 -38.355983734130845 298.0049991607666 0.5693397521972783 332.05153465270996
0 0.0459 1.7187461853027481 337.7932357788086 40.50490951538087 372.2458267211914
0 0.0446 -38.186697006225565 377.4473190307617 0.4302845001220842 412.5637435913086
0 0.0360 -78.79603767395018 339.03289794921875 -39.034456253051744 371.1119842529297
0 0.0337 1.846233367919937 377.33970642089844 40.40296173095704 412.66273498535156
0 0.0335 1.5416107177734526 298.28563690185547 40.65814590454103 331.79443359375
0 0.0315 -38.47324752807616 258.31459045410156 0.672126770019543 291.76795959472656
0 0.0300 -123.99999999999996 328.08372497558594 -89.3983974456787 361.9794464111328
0 0.0286 -38.25116539001463 417.67372131347656 0.48212623596192933 452.35565185546875
0 0.0284 -78.87409830093381 299.1912078857422 -38.962460994720445 330.96778869628906
0 0.0267 -123.99999999999999 288.1307315826416 -89.3841209411621 321.9363307952881
0 0.0262 -123.99999999999996 368.0564498901367 -89.40625572204587 402.00443267822266
0 0.0261 -78.76426124572752 378.96373748779297 -39.06334304809568 411.17504119873047
0 0.0254 -123.99999999999999 299.8858642578125 514.75 638.75
0 0.0244 -58.6379470825195 598.7052154541016 -19.180130004882795 631.4108276367188
0 0.0229 -123.99999999999999 0.0 386.9122848510742 281.5149688720703
0 0.0225 1.8102035522461066 417.4727249145508 40.43143844604493 452.54032135009766
0 0.0224 1.4367065429687653 258.53899002075195 40.75196838378907 291.5627098083496
0 0.0220 -123.30493593215937 241.9571876525879 -95.0837364196777 288.08374404907227
0 0.0217 41.73703765869142 347.73181915283203 80.4900131225586 382.30220794677734
0 0.0217 -123.99999999999996 508.30848693847656 -89.32499790191648 541.7736053466797
0 0.0216 -123.99999999999996 408.1332778930664 -89.38286447525023 441.9340133666992
0 0.0207 -64.44525146484374 572.9860305786133 -13.1630172729492 597.0995712280273
0 0.0202 -123.99999999999996 448.2139587402344 -89.35753965377805 481.86012268066406
0 0.0199 -123.93983745574947 602.5731658935547 -73.60707187652585 627.5061798095703
0 0.0196 -78.96996164321897 259.37829971313477 -38.87352132797239 290.7975959777832
0 0.0195 -13.322566986083967 211.8021583557129 14.9373016357422 258.2033348083496
0 0.0194 -78.85924720764157 419.1566848754883 -38.97569084167478 450.99925994873047
0 0.0192 35.52907085418702 612.9962158203125 86.86170673370361 637.0883178710938
0 0.0184 -58.67483282089231 458.7661361694336 -19.14452219009398 491.3553237915039
0 0.0183 -123.99999999999996 548.6772918701172 -89.18647670745848 581.4363861083984
0 0.0180 -123.30608987808226 191.9485855102539 -95.08235120773314 238.09059143066406
0 0.0173 41.437927246093764 308.53710174560547 80.75078582763672 341.56444549560547
0 0.0172 -18.73798751831053 598.9248657226562 20.91090774536134 631.2104034423828
0 0.0171 -123.31141853332517 141.90643787384033 -95.075963973999 188.12366008758545
0 0.0161 95.6452522277832 612.90283203125 146.75960159301758 637.18017578125
0 0.0155 -123.30691003799436 91.94185256958008 -95.08136892318723 138.0958366394043
0 0.0153 41.801906585693374 387.51060485839844 80.437313079834 422.5054931640625
0 0.0151 -18.39749717712401 458.1195831298828 20.605321884155288 491.9464874267578
0 0.0150 -84.78267097473143 543.2310485839844 -32.861904144287095 566.8559265136719
0 0.0145 -43.274215698242166 212.22713470458984 -15.120395660400376 257.8761672973633
0 0.0145 -58.80151891708372 509.04022216796875 -19.029013156890855 541.1053466796875
0 0.0141 35.16800975799562 573.2722473144531 87.18088245391846 596.8157958984375
0 0.0137 16.727314949035655 212.22824096679688 44.87771129608155 257.8737258911133
0 0.0136 41.71702957153322 427.7863311767578 80.50750350952148 462.252197265625
0 0.0135 388.69212722778315 0.0 514.7499809265137 69.84923839569092
0 0.0135 -8.820442199707017 559.0864944458008 30.987659454345717 591.063117980957
0 0.0133 -123.99999999999996 482.15282440185547 -83.95822906494138 507.9129409790039
0 0.0130 -94.75479507446286 233.21401596069336 -42.8874053955078 256.87326431274414
0 0.0130 45.56384658813478 282.98511505126953 96.82765579223633 307.10121154785156
0 0.0129 -13.349098205566392 161.60009384155273 14.96913528442384 208.36355209350586
0 0.0126 -3.330043792724595 71.74136161804199 24.946247100830092 118.25093269348145
0 0.0126 485.0292358398437 622.6091003417969 514.75 638.75
0 0.0121 21.338115692138683 468.7511444091797 60.842357635498054 501.3689422607422
0 0.0118 16.706043243408217 162.0328140258789 44.90304565429688 208.02288055419922
0 0.0116 61.27795791625977 488.8846969604492 100.89694595336914 521.2470626831055
0 0.0115 11.218625068664563 509.01477813720703 50.95082378387452 541.1285018920898
0 0.0114 -123.2976903915405 42.01650619506836 -95.09241008758542 88.03751945495605
0 0.0110 45.42928314208985 253.08050155639648 96.9484100341797 277.0059394836426
0 0.0110 -123.99999999999996 12.384238243103027 -83.77337837219234 37.68956661224365
0 0.0109 31.34969329833985 78.73593091964722 70.83078002929688 111.38280153274536
0 0.0107 1.5606651306152473 118.23352813720703 40.641647338867195 151.84213638305664
0 0.0104 75.02076721191408 83.37175369262695 127.31336212158203 106.71627044677734
0 0.0104 81.7388687133789 347.7278518676758 120.48833465576172 382.30587005615234
0 0.0103 -33.33238029479978 91.73179626464844 -5.050901412963853 138.25971603393555
0 0.0102 45.221820831298835 543.2311630249023 97.13336563110352 566.8562698364258
0 0.0102 -43.30209159851073 161.9849395751953 -15.08712196350096 208.062744140625
0 0.0102 -84.85848808288571 3.2816600799560547 -32.79346847534178 26.80518627166748
0 0.0100 155.6576976776123 612.8935241699219 206.74856758117676 637.1894073486328
0 0.0100 101.23296356201172 488.9844512939453 140.93770599365234 521.1560821533203
