0 0.0697 264.4412612915039 -31.839439868927006 325.5324172973633 -13.114783763885498
0 0.0572 254.77956771850586 -11.97110176086426 315.21631240844727 7.021532058715819
0 0.0411 204.87207412719727 -32.00818061828613 265.1300621032715 -12.940187454223633
0 0.0410 264.3758010864258 -51.81602478027344 325.5940628051758 -33.1393814086914
0 0.0384 325.54954528808594 -32.291433811187744 384.49974060058594 -12.648656368255615
0 0.0361 195.1589584350586 -12.123594284057617 254.8623275756836 7.1791744232177725
0 0.0347 225.35223007202148 7.7965545654296875 284.6822166442871 27.261581420898438
0 0.0304 315.64727783203125 -12.334127426147463 374.4090270996094 7.395143508911133
0 0.0254 0.0 192.3858642578125 638.75 531.25
0 0.0250 205.02113342285156 -52.06970691680908 264.9913787841797 -32.876925468444824
0 0.0241 325.2203369140625 -52.15394020080566 384.8063659667969 -32.790517807006836
0 0.0237 285.41080474853516 7.769794464111329 344.6282196044922 27.288742065429688
0 0.0229 0.0 -107.5 510.9122848510742 174.01496887207034
0 0.0191 574.3924140930176 157.3368263244629 638.7499809265137 207.24702835083008
0 0.0187 226.1901092529297 117.42664337158203 283.9047622680664 137.64122009277344
0 0.0184 166.07280731201172 7.482776641845704 224.0127944946289 27.584171295166016
0 0.0175 206.03788375854492 27.498035430908203 264.04531478881836 47.568416595458984
0 0.0173 246.95379257202148 137.05957412719727 303.199520111084 158.01610946655276
0 0.0159 205.77478408813477 97.61045455932617 264.2905616760254 117.45214462280272
0 0.0149 206.72569274902344 207.17605590820312 263.40892791748047 227.89794921875
0 0.0144 216.4615821838379 157.30043411254883 273.653507232666 177.77044296264648
0 0.0143 512.6921272277832 -107.5 638.7499809265137 -37.65076160430909
0 0.0130 196.6992950439453 177.18963623046875 253.4331512451172 197.8842544555664
0 0.0130 254.8973274230957 -72.02249526977539 315.1075553894043 -52.92623519897461
0 0.0127 186.23538970947266 137.40844726562503 243.86219024658203 157.66033172607422
0 0.0126 265.8837413787842 27.567815780639652 324.1881275177002 47.496957778930664
0 0.0125 387.17166900634766 -43.04903030395508 442.9984664916992 -21.87294960021973
0 0.0122 609.0496826171875 -34.576261043548584 638.75 -10.394937992095947
0 0.0120 511.90391540527344 22.341804504394528 638.75 122.1270751953125
0 0.0120 186.01068496704102 77.50534057617186 244.07175064086914 97.56000518798828
0 0.0118 176.20058059692383 57.42116928100585 233.89524459838867 77.64669418334961
0 0.0115 608.9602470397949 515.162525177002 638.7500190734863 531.2499809265137
0 0.0113 146.34994983673096 37.35413074493408 203.75644207000732 57.71571636199951
0 0.0113 287.8313159942627 116.59914016723633 342.3931407928467 138.48440170288083
0 0.0110 257.45567321777344 176.80004119873044 312.73815155029297 198.28006744384766
0 0.0106 146.68733596801758 -32.80302047729492 203.4438133239746 -12.122974395751953
0 0.0103 166.1784553527832 117.43547439575195 223.91469955444336 137.63280868530273
0 0.0103 0.0 35.883522033691406 51.322455406188965 59.2051124572754
0 0.0101 308.6030960083008 146.14288330078125 361.6904830932617 168.94454956054688
