0 0.0263 538.0216979980469 58.488571166992216 592.2198486328125 80.5957717895508
0 0.0254 0.0 194.38586425781253 638.75 533.25
0 0.0229 0.0 -105.49999999999997 510.9122848510742 176.01496887207034
0 0.0217 588.2752990722656 38.344361305236845 638.75 60.7419652938843
0 0.0186 527.7329635620117 28.652317047119165 582.4834060668945 50.430309295654325
0 0.0183 517.7108383178711 88.6640090942383 572.503776550293 110.41838836669922
0 0.0159 608.5330390930176 -32.23452377319333 638.7499809265137 -8.737972259521456
0 0.0155 608.4329223632812 -2.173431396484346 638.75 21.20021057128909
0 0.0142 517.9793167114258 158.51618957519534 572.2577285766602 180.56842041015625
0 0.0140 257.9887580871582 58.51357650756838 312.2485160827637 80.5714912414551
0 0.0140 598.6483573913574 68.1180877685547 638.7500190734863 90.96999359130862
0 0.0127 575.4707145690918 499.2563171386718 638.7500190734863 533.25
0 0.0125 477.2367477416992 68.9197463989258 532.938117980957 90.15921783447268
0 0.0122 608.6135864257812 -92.28692817687985 638.75 -68.6853914260864
0 0.0115 547.984733581543 -1.4875679016112988 602.2529220581055 20.572101593017607
0 0.0111 257.54655838012695 28.755847930908228 312.653751373291 50.325653076171896
0 0.0111 208.21441650390625 78.38090133666995 262.04315185546875 100.70519638061525
0 0.0105 608.4994316101074 -62.2134094238281 638.7500190734863 -38.75925827026364
0 0.0101 507.8019714355469 118.61684036254884 562.4196624755859 140.4667015075684
