0 0.1655 44.5077046751976 211.37256622314453 88.42457085847855 227.74983644485474
0 0.1590 467.14943647384644 148.46190512180328 499.0234375 165.66642820835114
0 0.1555 13.822339475154877 195.4562410712242 56.65486305952072 212.42170482873917
0 0.1471 475.4244089126587 171.29660844802856 499.0234375 189.66246843338013
0 0.1380 459.64454114437103 195.15485763549805 499.0234524011612 212.72481679916382
0 0.1366 75.72028785943985 227.01601386070251 119.70909684896469 243.35597157478333
0 0.1253 5.972128361463547 172.037672996521 48.8772839307785 188.96470665931702
0 0.1250 29.336996376514435 234.5749855041504 72.38180935382843 251.42652988433838
0 0.1238 67.54561513662338 195.94172090291977 112.23094910383224 211.92656904459
0 0.1197 466.8283313512802 125.19685626029968 499.0234524011612 142.0534372329712
0 0.1011 5.910668522119522 148.63316416740417 48.93368110060692 165.49370884895325
0 0.0966 51.67829245328903 180.42726516723633 96.83071821928024 196.18801474571228
0 0.0905 68.46781075000763 250.16499757766724 111.38124763965607 267.0873522758484
0 0.0900 467.7354693412781 218.4253752231598 499.0234375 236.33102774620056
0 0.0773 99.05004501342773 211.44146919250488 143.2466208934784 227.67902612686157
0 0.0706 475.7798910140991 241.37533903121948 499.0234375 260.2097511291504
0 0.0681 460.9203189611435 264.5694136619568 499.0234524011612 283.9316248893738
0 0.0671 405.7222008705139 288.39333057403564 446.1286664009094 306.9856286048889
0 0.0648 388.13164830207825 180.1846444606781 432.2908818721771 196.4364469051361
0 0.0637 0.0 214.9385631084442 27.344148606061935 239.86826539039612
0 0.0634 22.00263738632202 257.74539709091187 64.1319677233696 275.1345157623291
0 0.0606 0.0 124.91447925567627 40.663450956344604 142.34082102775574
0 0.0571 445.46207785606384 287.8556966781616 484.59312319755554 307.5168251991272
0 0.0569 421.83759808540344 264.58017230033875 461.31864190101624 283.92032980918884
0 0.0558 51.69878154993057 164.79177474975586 96.81200236082077 180.57356476783752
0 0.0542 380.56302070617676 156.62517845630646 424.2536425590515 173.12329709529877
0 0.0499 427.8522729873657 164.21656012535095 470.7489013671875 181.1599850654602
0 0.0496 467.0554995536804 101.63549780845642 499.0234375 118.74158382415771
0 0.0474 29.80928122997284 281.1834931373596 71.95044308900833 298.5710024833679
0 0.0470 412.1297001838684 203.3338963985443 455.2128314971924 220.16720175743103
0 0.0453 405.8167040348053 311.76714301109314 446.04334235191345 330.4871141910553
0 0.0448 296.1328327655792 280.7460844516754 336.94252371788025 299.01049733161926
0 0.0446 429.4776916503906 241.2897765636444 469.2814350128174 260.3386461734772
0 0.0436 365.86734652519226 273.29803705215454 407.7785313129425 290.83181619644165
0 0.0416 22.12093025445938 304.5490801334381 64.02457505464554 322.0812499523163
0 0.0412 388.04322481155396 133.35390090942383 432.37221240997314 149.5164453983307
0 0.0410 280.64829111099243 257.2122633457184 321.19137048721313 275.66919922828674
0 0.0396 310.659795999527 70.47319486737253 353.5650670528412 87.40391656756402
0 0.0391 51.91865563392639 149.0651786327362 96.60835564136505 165.05269408226013
0 0.0370 358.0584526062012 296.736341714859 399.9621272087097 314.2689287662506
0 0.0369 381.67208433151245 249.75154995918274 423.24018478393555 267.50407814979553
0 0.0361 296.2624430656433 304.0942072868347 336.8262052536011 322.53719568252563
0 0.0354 445.41746377944946 311.33524775505066 484.63135957717896 330.9133470058441
0 0.0344 262.00419664382935 277.1082043647766 292.8256392478943 302.66953706741333
0 0.0339 311.17552518844604 93.61506700515747 353.09451818466187 111.14005446434021
0 0.0336 395.50429582595825 117.89348423480988 440.5100345611572 133.7228387594223
0 0.0332 76.59493386745453 273.4252631664276 118.90634894371033 290.7040536403656
0 0.0329 389.335960149765 226.40816569328308 431.18688464164734 243.97240281105042
0 0.0328 98.52541983127594 180.43812811374664 143.7319964170456 196.17652595043182
0 0.0325 484.9238395690918 287.91014552116394 499.0234375 323.2125461101532
0 0.0305 234.5561683177948 256.57660961151123 273.6283242702484 276.2951970100403
0 0.0293 115.19402265548706 242.4269735813141 158.3939492702484 259.1983497142792
0 0.0293 0.6032735109329224 241.14627838134766 22.519083693623543 276.20590925216675
0 0.0290 310.0598454475403 47.3450616002083 354.1170358657837 63.651432096958175
0 0.0280 0.0 277.2968530654907 27.281833812594414 302.497398853302
0 0.0279 365.8600449562073 202.9962956905365 407.78374671936035 220.50945162773132
0 0.0264 380.3822994232178 102.02920138835907 424.41999912261963 118.34263503551483
0 0.0260 432.7573776245117 138.40521574020386 465.75790643692017 160.30330657958984
0 0.0260 249.88289922475815 303.7124991416931 289.5127907395363 322.91455268859863
0 0.0259 327.15892791748047 257.45235085487366 368.39520931243896 275.4285156726837
0 0.0254 0.0 184.28583145141602 499.0234375 449.0234375
0 0.0254 68.9721331000328 296.7503488063812 110.92131584882736 314.25480246543884
0 0.0247 230.79007863998413 277.02159881591797 261.5436613559723 302.7486324310303
0 0.0242 44.468194246292114 125.45035481452942 88.46202492713928 141.7959749698639
0 0.0237 279.97732162475586 234.2104434967041 321.79713249206543 251.7951250076294
0 0.0236 418.376624584198 331.50256872177124 448.9660859107971 357.6250195503235
0 0.0229 0.0 -49.999999999999986 399.15022253990173 169.93356943130493
0 0.0229 358.5740029811859 319.84679102897644 399.4957506656647 338.0346119403839
0 0.0223 334.51494574546814 156.17198944091797 376.6215741634369 173.5824465751648
0 0.0215 476.01284086704254 334.9557042121887 499.0234225988388 354.1285514831543
0 0.0213 311.88100576400757 327.53620743751526 352.4569869041443 345.9701955318451
0 0.0210 311.4094138145447 116.90964996814728 352.8822064399719 134.72139537334442
0 0.0207 357.4959933757782 78.3070892095566 400.47553181648254 95.19478380680086
0 0.0200 98.38965907692909 164.8725986480713 143.85828003287315 180.49020767211914
0 0.0199 467.298686504364 78.0612349510193 499.0234375 95.44266462326051
0 0.0199 262.81189918518066 55.33635318279268 307.5867295265198 71.28108739852907
0 0.0196 61.61656975746155 319.90272998809814 102.69473493099213 337.97885179519653
0 0.0195 342.4340784549713 179.5493185520172 384.33632254600525 197.08110094070435
0 0.0185 233.86359959840775 233.70964527130127 274.2357775568962 252.29640007019043
0 0.0180 475.57641565799713 -39.73820358514784 499.0234225988388 -21.17706760764121
0 0.0178 14.722920954227448 327.7272403240204 55.836595594882965 345.7792818546295
0 0.0176 468.11462938785553 -0.5793768912553676 499.0234225988388 17.835556343197833
0 0.0172 5.9843286871910095 101.71554684638977 48.86678606271744 118.66150498390198
0 0.0172 263.5163962841034 78.42752039432527 306.9365918636322 95.07220685482027
0 0.0171 194.92954015731812 257.04057216644287 235.061377286911 275.8381485939026
0 0.0170 277.5940001010895 324.0641176700592 308.4823191165924 349.47065711021423
0 0.0167 262.5400722026825 39.83557671308519 307.83864855766296 55.52866011857988
0 0.0165 21.349014714360237 -46.586922556161866 64.7315364331007 -29.91376742720603
0 0.0165 403.5554826259613 86.52774691581727 448.1026828289032 102.59057283401489
0 0.0163 355.1027476787567 129.88698184490204 387.1835768222809 153.12683284282684
0 0.0163 387.0847225189209 339.420747756958 417.75310039520264 365.3408408164978
0 0.0158 295.779824256897 171.60117328166962 337.2610807418823 189.40502107143402
0 0.0158 324.61220026016235 378.41869592666626 355.22836446762085 404.46234941482544
0 0.0156 357.35389590263367 54.94317859411241 400.6064236164093 71.68217450380327
0 0.0156 336.59860491752625 280.89759945869446 358.388751745224 314.7697865962982
0 0.0155 98.42998906970024 149.22985136508942 143.82081106305122 164.883491396904
0 0.0154 4.205998033285141 363.0183458328247 34.999676048755646 388.6320114135742
0 0.0151 342.93287992477417 233.91945362091064 383.88538360595703 252.08688974380493
0 0.0149 295.9641218185425 140.2315616607666 337.09484338760376 158.2747519016266
0 0.0149 83.88537168502808 47.148567438125625 127.19708681106567 63.85174095630647
0 0.0146 90.55587276816368 133.63314867019653 136.0652782022953 149.22956824302673
0 0.0146 449.58649575710297 422.4658727645874 499.0234524011612 449.0234375
0 0.0142 301.87469720840454 24.0853250026703 346.649169921875 40.0319814682007
0 0.0140 0.21958723664283752 397.1648037433624 39.22043740749359 416.9559895992279
0 0.0139 271.9801068305969 210.87939739227295 314.15343284606934 228.2498002052307
0 0.0139 130.7971626520157 195.56472897529602 174.03875291347504 212.31059432029724
0 0.0138 476.28964483737946 358.1665873527527 499.0234225988388 377.78921127319336
0 0.0129 355.6234836578369 339.8833990097046 386.69562339782715 364.91854190826416
0 0.0129 246.3967427611351 323.9446699619293 277.1846428513527 349.5797336101532
0 0.0129 54.33480627834797 342.9644227027893 94.40758638083935 361.7903709411621
0 0.0126 264.24771547317505 101.46005153656006 306.2673807144165 118.91995072364807
0 0.0126 138.0826085805893 55.209618806839 182.33589828014374 71.41112983226778
0 0.0125 199.27626848220825 277.570378780365 230.53625226020813 302.24831104278564
0 0.0125 312.24310398101807 350.7028639316559 352.1353006362915 369.6760952472687
0 0.0125 387.2331380844116 370.2875792980194 417.62232780456543 396.94170355796814
0 0.0122 0.0 436.4659160375595 39.96928781270981 449.0234524011612
0 0.0120 453.65551114082336 334.22876596450806 475.7307469844818 370.46457529067993
0 0.0120 355.9107184410095 370.4850494861603 386.43527030944824 396.76074385643005
0 0.0116 255.85687160491943 187.71929740905762 298.98422956466675 204.5313537120819
0 0.0116 214.89311754703522 308.8433563709259 246.1680918931961 333.4773600101471
0 0.0116 293.2811975479126 378.6102056503296 324.0510821342468 404.2872905731201
0 0.0115 255.88536262512207 156.4496874809265 298.95907640457153 173.30054640769958
0 0.0113 35.28700955212116 363.3709669113159 66.40510074794292 388.3103847503662
0 0.0111 75.90358704328537 23.79804551601411 119.54040080308914 40.325638651847854
0 0.0109 319.2501366138458 202.8284192085266 360.66934466362 220.6775665283203
0 0.0109 349.40460324287415 31.576883792877208 392.9196894168854 48.17221760749818
0 0.0105 418.5318350791931 362.3271107673645 448.8312602043152 389.2649531364441
0 0.0105 123.32246825098991 265.6932592391968 165.91675952076912 282.8096270561218
0 0.0104 476.22519731521606 381.6571056842804 499.0234375 401.17446780204773
0 0.0103 37.219179794192314 47.03545272350313 80.13086207211018 63.966345787048354
0 0.0103 92.04944595694542 70.39572000503541 134.6873678267002 87.48234510421754
0 0.0102 215.77205508947372 55.413794517517104 260.8640566468239 71.20196223258974
0 0.0101 43.27698051929474 394.2448914051056 74.05491918325424 419.903439283371
0 0.0101 153.3285677433014 39.76283669471742 198.3117163181305 55.60357570648195
0 0.0101 186.84354424476624 233.80438685417175 227.49224305152893 252.20100283622742
0 0.0101 225.5542054772377 210.61120629310608 266.8693885207176 228.52055430412292
0 0.0100 403.98967266082764 62.87644878029825 447.70216941833496 79.37125191092493
