0 0.0429 85.48084259033203 128.43027114868164 124.71275329589844 161.6621208190918
0 0.0415 325.7090377807617 107.82272338867188 364.5131301879883 142.21874237060547
0 0.0408 395.6977081298828 147.85491466522217 434.5228576660156 182.18918323516846
0 0.0402 38.106698989868164 33.946166038513184 92.14079856872559 56.13967418670654
0 0.0382 415.6477355957031 188.00186157226562 454.5654296875 222.05440521240234
0 0.0373 505.7041549682617 167.83809661865234 544.5171737670898 202.20462799072266
0 0.0357 340.63465118408203 141.4892339706421 368.98868560791016 188.45350742340088
0 0.0354 95.49551010131836 168.3965301513672 134.69945907592773 201.69296264648438
0 0.0354 285.6610107421875 107.96092987060547 324.55432891845703 142.0919418334961
0 0.0351 609.3344116210938 72.71411895751953 638.75 97.31348037719727
0 0.0346 365.62015533447266 108.0792236328125 404.58927154541016 141.98348999023438
0 0.0342 125.39924144744873 128.62664699554443 164.7856569290161 161.48260593414307
0 0.0334 59.78538513183594 102.80257225036621 110.63373565673828 127.2805118560791
0 0.0330 49.03364181518555 63.365910053253174 101.30118370056152 86.72251462936401
0 0.0316 37.603721618652344 4.223535060882568 92.60167121887207 25.85820198059082
0 0.0311 400.5794906616211 231.15018844604492 429.0553665161133 278.73559951782227
0 0.0310 455.7008743286133 187.8448486328125 494.52022552490234 222.19844818115234
0 0.0301 45.09483337402344 129.25594329833984 85.06596565246582 160.90887069702148
0 0.0300 375.77293395996094 187.61663436889648 414.46022033691406 222.40800857543945
0 0.0300 109.71759796142578 102.86538124084473 160.69171905517578 127.21957206726074
0 0.0299 310.67023277282715 141.75673007965088 338.946008682251 188.24071407318115
0 0.0289 435.6792449951172 147.91187286376953 474.53834533691406 182.1369171142578
0 0.0282 589.2741394042969 13.197658061981201 638.75 36.89012289047241
0 0.0281 98.404541015625 43.76828193664551 151.8699836730957 66.3188648223877
0 0.0275 471.54075622558594 236.08636856079102 538.782958984375 293.6943244934082
0 0.0275 245.5486297607422 108.26323509216309 284.6523666381836 141.8149471282959
0 0.0274 300.2885437011719 82.36144065856934 350.19622802734375 107.71269798278809
0 0.0274 609.1642951965332 42.842278480529785 638.7499809265137 67.18634128570557
0 0.0269 430.62625885009766 221.43245697021484 458.9988327026367 268.49971771240234
0 0.0265 370.5794906616211 231.15276336669922 399.0553665161133 278.7338638305664
0 0.0265 135.42503356933594 168.56569290161133 174.76251602172852 201.5382957458496
0 0.0262 55.267813205718994 168.9048194885254 94.90636587142944 201.22873306274414
0 0.0254 0.0 299.8858642578125 638.75 638.75
0 0.0253 508.96461486816406 83.40960502624512 561.3639068603516 106.67845726013184
0 0.0250 405.4560852050781 108.49281311035156 444.7345733642578 141.60491943359375
0 0.0248 108.80054473876953 73.5222339630127 161.51081085205078 96.56636238098145
0 0.0248 98.0257797241211 13.991842269897461 152.2148323059082 36.09336853027344
0 0.0243 495.5908203125 128.15485000610352 534.6151733398438 161.9141960144043
0 0.0240 335.76271057128906 187.63713836669922 374.46983337402344 222.38922119140625
0 0.0236 350.20591735839844 82.44230270385742 400.2666473388672 107.63422012329102
0 0.0233 505.7414245605469 387.7220153808594 544.4859313964844 422.31117248535156
0 0.0232 280.6937599182129 141.93780899047852 308.9177894592285 188.09770584106445
0 0.0232 609.2329406738281 102.78987884521484 638.75 127.23819732666016
0 0.0231 249.89795684814453 82.71356582641602 300.5342102050781 107.36856460571289
0 0.0226 430.61119079589844 271.3365173339844 459.01702880859375 318.57887268066406
0 0.0224 15.278844833374023 98.88486862182617 54.89591598510742 131.24692916870117
0 0.0221 165.28369903564453 118.87580871582031 204.891357421875 151.25518798828125
0 0.0221 205.41549682617188 108.585205078125 244.7713851928711 141.52048110961914
0 0.0218 105.58905601501465 208.1507682800293 144.61752891540527 241.91797256469727
0 0.0213 5.393099784851074 58.640899658203125 44.791178703308105 91.46958351135254
0 0.0210 320.6437683105469 341.5524673461914 348.9777374267578 388.4023666381836
0 0.0209 380.6081008911133 291.32144927978516 409.0208053588867 338.5921096801758
0 0.0207 250.6978416442871 141.97025299072266 278.91286849975586 188.0722427368164
0 0.0206 340.6480407714844 231.59517288208008 368.9727020263672 278.36992263793945
0 0.0201 574.3924140930176 184.8368263244629 638.7499809265137 234.74702835083008
0 0.0199 278.65540504455566 3.611001968383789 331.6429042816162 26.476716995239258
0 0.0197 275.430908203125 318.55027198791504 314.75738525390625 351.5524196624756
0 0.0195 189.98432159423828 332.6402282714844 240.45875549316406 357.44056701660156
0 0.0194 465.8098602294922 387.4837112426758 504.43084716796875 422.5302505493164
0 0.0193 339.29080963134766 3.1825947761535645 391.0715866088867 26.904685497283936
0 0.0192 5.484118461608887 138.4283685684204 44.709229469299316 171.66383266448975
0 0.0191 350.6534957885742 331.61991119384766 378.96602630615234 378.34781646728516
0 0.0188 521.0049438476562 201.43564224243164 569.6232604980469 228.59380722045898
0 0.0188 485.8006286621094 447.50255584716797 524.4394683837891 482.51293182373047
0 0.0188 485.7393264770508 347.72640228271484 524.4879531860352 382.30716705322266
0 0.0188 410.6324768066406 331.4734649658203 438.99131774902344 378.4661865234375
0 0.0187 295.3423309326172 188.7417221069336 334.8385238647461 221.3775634765625
0 0.0187 535.1913070678711 109.07005310058594 574.9760818481445 141.07810974121094
0 0.0187 205.43838500976562 148.52943897247314 244.75101470947266 181.57145977020264
0 0.0186 350.64857482910156 281.5929412841797 378.9720153808594 328.3707809448242
0 0.0185 215.56167602539062 358.2297897338867 254.6408462524414 391.84558868408203
0 0.0184 575.4707145690918 604.7563171386719 638.7500190734863 638.75
0 0.0183 380.6376266479492 341.5102767944336 408.9851760864258 388.4365463256836
0 0.0182 559.8352432250977 62.7633261680603 610.5896377563477 87.31933832168579
0 0.0178 498.83392333984375 53.49390983581543 551.4820861816406 76.59379005432129
0 0.0177 320.69557189941406 291.95045471191406 348.9155578613281 338.0875015258789
0 0.0175 425.8009719848633 387.5174331665039 464.43775177001953 422.4991989135742
0 0.0174 245.2507781982422 188.93434524536133 284.9226379394531 221.20183944702148
0 0.0174 450.64579010009766 331.56532287597656 478.97533416748047 378.3917999267578
0 0.0172 65.2405834197998 208.95774841308594 104.93178367614746 241.1804962158203
0 0.0171 290.65935134887695 351.6653060913086 318.9590263366699 398.3119583129883
0 0.0169 199.6894073486328 82.88382530212402 250.71739196777344 107.20089912414551
0 0.0168 485.8027648925781 297.50149726867676 524.4371795654297 332.51383781433105
0 0.0167 459.6510314941406 102.91572570800781 510.75096130371094 127.16960906982422
0 0.0166 425.6239318847656 448.05946350097656 464.5868682861328 482.00164794921875
0 0.0165 260.67609786987305 351.7894744873047 288.9388847351074 398.2130432128906
0 0.0164 295.418701171875 258.57580184936523 334.7686767578125 291.5290641784668
0 0.0164 145.63419818878174 328.04115295410156 184.57698345184326 362.0183563232422
0 0.0159 385.3028106689453 608.8049125671387 424.8768615722656 638.7500190734863
0 0.0159 79.27464485168457 622.7040863037109 131.18733406066895 638.75
0 0.0158 350.62671661376953 381.43516540527344 378.99829864501953 428.4974670410156
0 0.0157 0.0 19.17242169380188 35.02197265625 50.98485827445984
0 0.0157 205.12624740600586 189.19309616088867 245.03694534301758 220.96609115600586
0 0.0157 574.3924140930176 244.8368263244629 638.7499809265137 294.7470283508301
0 0.0156 189.59701538085938 302.9551696777344 240.7992172241211 327.1302795410156
0 0.0156 270.14774322509766 292.491397857666 320.3177261352539 317.58581161499023
0 0.0155 399.5726013183594 82.9786491394043 450.8198547363281 107.10765838623047
0 0.0153 385.81974029541016 387.4431610107422 424.4234085083008 422.56752014160156
0 0.0153 309.86289978027344 52.744789123535156 360.5644989013672 77.33808517456055
0 0.0152 525.6775283813477 427.91419982910156 564.5400619506836 462.13478088378906
0 0.0151 135.60168743133545 368.11405181884766 174.60678577423096 401.9516372680664
0 0.0149 320.6108093261719 391.33487701416016 349.0174865722656 438.58036041259766
0 0.0149 105.50899505615234 328.35750579833984 144.6880340576172 361.7287063598633
0 0.0147 199.13471221923828 223.2947540283203 251.2108612060547 246.7932891845703
0 0.0147 55.25761604309082 338.92635345458984 94.91572380065918 371.20906829833984
0 0.0144 475.41831970214844 488.5707473754883 514.7695922851562 521.5336990356445
0 0.0144 525.7241821289062 347.77164459228516 564.5008087158203 382.26566314697266
0 0.0144 240.74054718017578 302.3493957519531 268.86192321777344 347.7814483642578
0 0.0143 75.1547646522522 449.13936614990234 115.01025915145874 481.01497650146484
0 0.0141 175.60609817504883 368.11737060546875 214.60145950317383 401.94854736328125
0 0.0140 230.67249298095703 391.7643737792969 258.9432144165039 438.23326110839844
0 0.0139 115.28685569763184 468.8690948486328 154.88844871520996 501.26129150390625
0 0.0139 290.03299713134766 222.5914192199707 340.4176712036133 247.48769760131836
0 0.0138 157.58740901947021 4.233222007751465 212.61641025543213 25.848517417907715
0 0.0138 145.43857097625732 208.52975845336914 184.75075244903564 241.57114028930664
0 0.0138 545.5965805053711 388.14205169677734 584.6098709106445 421.9259262084961
0 0.0138 540.5937957763672 241.2328338623047 569.0380859375 288.665771484375
0 0.0138 199.3047332763672 253.17686080932617 251.0582733154297 276.9109535217285
0 0.0136 140.13322830200195 302.51094818115234 190.32899856567383 327.5674057006836
0 0.0134 495.10108947753906 618.7455749511719 535.1104736328125 638.75
0 0.0133 255.09042739868164 249.26568984985352 295.06994247436523 280.8999824523926
0 0.0132 385.56766510009766 448.2108688354492 424.6358871459961 481.86290740966797
0 0.0132 55.149497985839844 379.14710998535156 95.01541137695312 411.00791931152344
0 0.0132 365.26973724365234 48.9091682434082 404.9037551879883 81.22474670410156
0 0.0131 259.5815658569336 52.96624183654785 310.8130645751953 77.11923599243164
0 0.0130 130.74560165405273 602.4308586120605 158.85614395141602 638.7500190734863
0 0.0129 545.5645370483398 148.22631359100342 584.6379470825195 181.84875965118408
0 0.0128 115.30048370361328 408.8369369506836 154.87628936767578 441.2906265258789
0 0.0128 345.25962829589844 608.9034843444824 384.915771484375 638.7500190734863
0 0.0127 35.14573931694031 609.1473388671875 75.0196373462677 638.75
0 0.0127 535.1058197021484 618.7353324890137 575.106201171875 638.7500190734863
0 0.0125 95.34562110900879 368.7362289428711 134.83534812927246 401.38256072998047
0 0.0125 5.652050971984863 177.98795700073242 44.56188678741455 212.06716537475586
0 0.0125 158.5088586807251 53.70275020599365 211.77564144134521 76.38455867767334
0 0.0125 85.32682418823242 588.7815856933594 124.85206604003906 621.3411712646484
0 0.0125 215.50649642944336 448.36498260498047 254.69011306762695 481.72183990478516
0 0.0124 435.42327880859375 488.5672378540039 474.7643280029297 521.5369033813477
0 0.0124 149.49579238891602 263.0311965942383 200.88918685913086 287.0549011230469
0 0.0123 275.7577896118164 397.6633834838867 314.47296142578125 432.36507415771484
0 0.0120 160.73980331420898 602.3780822753906 188.8630485534668 638.75
0 0.0120 218.17693710327148 3.9010238647460938 272.077693939209 26.18459701538086
0 0.0120 519.0615463256836 3.342404365539551 571.2770462036133 26.7453670501709
0 0.0120 175.4702377319336 448.4532165527344 214.72248077392578 481.6411590576172
0 0.0119 530.60546875 291.3014602661133 559.0239715576172 338.60809326171875
0 0.0118 325.60089111328125 448.11939239501953 364.60716247558594 481.9466781616211
0 0.0117 525.5183792114258 468.3384704589844 564.6792984008789 501.7460632324219
0 0.0116 609.2339897155762 132.78968811035156 638.7500190734863 157.23846435546875
0 0.0115 200.6892204284668 401.8946838378906 228.92316818237305 448.1304931640625
0 0.0113 49.536094665527344 412.9971694946289 100.85416793823242 437.08812713623047
0 0.0112 155.58120250701904 408.1735610961914 194.62421894073486 441.89708709716797
0 0.0112 90.15357971191406 302.4863052368164 140.31261444091797 327.59082794189453
0 0.0111 425.3157424926758 608.7780952453613 464.8649215698242 638.7499809265137
0 0.0110 119.97273921966553 442.6468276977539 170.46953678131104 467.4337387084961
0 0.0109 580.7697677612305 92.64181137084961 608.8273239135742 137.56244659423828
0 0.0109 255.56657791137695 448.2095718383789 294.63727951049805 481.86412811279297
0 0.0108 465.4304504394531 528.5535049438477 504.7576141357422 561.5494155883789
0 0.0107 280.7460594177246 602.4356269836426 308.8556098937988 638.7499809265137
0 0.0105 0.0 458.4987258911133 34.74362373352051 491.5995407104492
0 0.0104 75.21921396255493 489.01134490966797 114.95050191879272 521.1316299438477
0 0.0104 0.0 508.52725982666016 34.75441932678223 541.5734481811523
0 0.0104 454.7899627685547 69.82265710830688 495.35057067871094 100.3940749168396
0 0.0103 0.0 598.6531066894531 34.80952262878418 631.4585113525391
0 0.0103 310.7541275024414 602.5100517272949 338.8460159301758 638.7500190734863
0 0.0103 69.8648452758789 242.73700714111328 120.56404113769531 267.34500885009766
0 0.0103 440.9281921386719 421.5751266479492 489.6776580810547 448.46363067626953
0 0.0101 515.4024505615234 508.61305236816406 554.7834014892578 541.4950561523438
