0 0.1074 200.7970943450928 254.7075653076172 267.5479068756104 314.9110412597656
0 0.0764 269.3268814086914 280.4361820220947 298.3649673461914 329.4838619232178
0 0.0719 154.88773727416992 267.1415901184082 193.37417984008792 302.84521102905273
0 0.0638 204.89549064636233 217.0747947692871 243.37146186828613 252.90681838989258
0 0.0589 224.8551025390625 316.3057041168213 263.486083984375 353.6183834075928
0 0.0541 164.84169387817383 227.35454559326172 203.40671920776367 262.6490783691406
0 0.0504 184.92228889465332 316.8630599975586 223.36030387878418 353.1022262573242
0 0.0480 114.81489562988284 267.4592971801758 153.42737579345703 302.5526809692383
0 0.0469 299.3466033935547 280.4307174682617 328.34043884277344 329.4657897949219
0 0.0447 144.86174011230472 307.25852966308594 183.3928909301758 342.7375030517578
0 0.0435 269.43624877929693 230.5767059326172 298.23004150390625 279.27059173583984
0 0.0370 269.4084014892578 330.5095672607422 298.26422119140625 379.3456268310547
0 0.0345 124.65208435058597 227.98046112060547 163.56256866455078 262.0740509033203
0 0.0345 164.74329376220706 187.70816802978516 203.48516845703128 222.3239517211914
0 0.0306 104.71723937988283 307.78629302978516 143.50729370117188 342.25223541259766
0 0.0304 204.65166473388675 177.98389434814453 243.56272125244146 212.07088470458984
0 0.0268 157.82831573486328 3.502635955810547 210.48605346679688 26.585779190063477
0 0.0267 299.4402160644531 230.5866241455078 328.2252349853515 279.2597198486328
0 0.0255 79.65155029296876 261.60852432250977 107.96839141845705 308.35737228393555
0 0.0254 -100.99999999999999 299.8858642578125 537.75 638.75
0 0.0251 244.84796905517575 187.3197364807129 283.4028091430664 222.6811408996582
0 0.0232 194.8447265625 357.31884002685547 233.40658569335938 392.68199920654297
0 0.0223 299.4268264770508 330.5497360229492 328.2416000366211 379.29882049560547
0 0.0222 124.39873123168947 188.61770629882812 163.7871208190918 221.49078369140625
0 0.0221 164.38759231567383 148.64919662475586 203.79658126831058 181.4620018005371
0 0.0218 159.6513023376465 351.60888671875 187.96867752075195 398.3573913574219
0 0.0202 84.58900833129884 228.1621551513672 123.6164894104004 261.9075012207031
0 0.0195 129.67705154418945 341.8054962158203 157.9377784729004 388.20159912109375
0 0.0190 329.3911209106446 280.4716491699219 358.2854690551758 329.3897247314453
0 0.0186 98.20738220214847 3.244595527648926 150.14562988281253 26.843342781066895
0 0.0182 167.9272785186768 33.43752861022949 220.39681816101077 56.650962829589844
0 0.0181 204.32535552978518 138.78756999969482 243.85309600830078 171.33568286895752
0 0.0179 239.5521011352539 361.0186767578125 268.08870697021484 408.8520050048828
0 0.0173 64.62421798706056 308.0600357055664 103.58646774291994 342.0010757446289
0 0.0172 -71.44451713562009 602.9874038696289 -20.16406631469724 627.0984268188477
0 0.0170 148.73424911499026 122.84879684448242 199.67773818969727 147.23554611206055
0 0.0169 108.61978912353517 612.9243850708008 159.78178405761722 637.1590805053711
0 0.0161 217.49174499511722 3.712191581726074 270.7914581298828 26.37488842010498
0 0.0160 168.06493186950684 63.3432412147522 220.2733554840088 86.74495458602905
0 0.0158 124.20664215087893 149.03584957122803 163.9622344970703 181.10926151275635
0 0.0157 288.1139221191406 0.0 537.7500000000001 140.70279121398926
0 0.0156 -100.99999999999999 572.8173828125 -50.35823440551756 597.2666931152344
0 0.0154 329.47088623046875 230.67598342895508 358.18762207031256 279.1668891906738
0 0.0153 158.3729019165039 93.12741279602051 209.99746704101562 116.96009635925293
0 0.0153 48.47861194610598 613.0349731445312 99.90636730194093 637.0499420166016
0 0.0152 -100.99999999999997 508.48777770996094 -66.26222944259642 541.6095733642578
0 0.0146 84.3355407714844 188.76775741577148 123.84359741210939 221.35374069213867
0 0.0145 49.69141387939456 261.9182586669922 77.92059326171876 308.11290740966797
0 0.0142 99.71315765380861 342.1024703979492 127.8945770263672 387.9701614379883
0 0.0139 -11.516481399536111 613.0334854125977 39.90153694152834 637.0517349243164
0 0.0135 -100.99999999999999 542.5707626342773 -60.60165977478025 567.5078201293945
0 0.0134 124.24314880371094 38.96596908569336 163.92805480957034 71.17295265197754
0 0.0134 168.65434074401855 612.8952789306641 219.7516956329346 637.1875762939453
0 0.0133 -100.99999999999997 468.3755111694336 -66.30322551727292 501.7122268676758
0 0.0133 -72.16570472717282 3.4924697875976562 -19.517980575561502 26.59506320953369
0 0.0132 507.9717292785645 622.6535797119141 537.7499809265137 638.75
0 0.0132 104.3737831115723 98.6778450012207 143.80932235717776 131.43585205078125
0 0.0131 289.6237030029297 181.41958236694336 318.0019226074219 228.51091384887695
0 0.0130 38.506816864013686 3.027477264404297 89.87846755981447 27.059154510498047
0 0.0127 244.57384490966794 148.19879531860352 283.63008880615234 181.87395095825195
0 0.0126 -100.29146766662595 422.06775665283203 -72.09985351562497 467.9976272583008
0 0.0124 359.5011367797852 210.78279495239258 388.15065765380865 259.0631294250488
0 0.0123 329.472526550293 330.6810760498047 358.1856002807618 379.16168212890625
0 0.0120 208.3495559692383 103.13941955566406 260.01932525634766 126.9474983215332
0 0.0118 44.5329751968384 228.30337524414062 83.66619014739992 261.7782211303711
0 0.0118 410.9039154052735 169.84180450439453 537.7500000000001 269.6270751953125
0 0.0117 189.6966781616211 391.9649887084961 217.91429901123047 438.0769729614258
0 0.0116 84.35898208618165 58.713200092315674 123.82255935668947 91.40356779098511
0 0.0115 144.53306579589847 398.29769134521484 183.66663360595703 431.78340911865234
0 0.0113 227.7863540649414 43.527541160583496 280.52446746826166 66.5604829788208
0 0.0112 -100.2868947982788 52.10627555847168 -72.10532283782956 97.9677963256836
0 0.0112 84.19115447998048 139.06830310821533 123.97642517089845 171.07970714569092
0 0.0110 -100.26675319671628 2.2845935821533203 -72.12934827804564 47.83103942871094
0 0.0108 218.7586441040039 612.8076171875 269.6606674194336 637.2735595703125
0 0.0108 -100.99999999999997 622.6843070983887 -69.4294772148132 638.7500190734863
0 0.0107 69.7189178466797 342.1509552001953 97.88771057128908 387.9326629638672
0 0.0105 -100.28564548492429 112.11673736572266 -72.10681533813474 157.95969009399414
0 0.0104 -42.06997489929197 573.4321975708008 10.395101547241229 596.6557693481445
0 0.0104 64.31332015991212 98.81123542785645 103.86436843872072 131.31409645080566
0 0.0103 -5.787464141845684 0.0 33.956321716308615 31.116039752960205
0 0.0100 44.35516738891604 188.72289657592773 83.82587814331056 221.39471054077148
