0 0.1019 106.27365112304688 -76.11544704437253 163.82827758789062 -55.81632709503171
0 0.0694 106.28910064697266 -56.11435508728025 163.8119888305664 -35.81593608856198
0 0.0539 47.2232723236084 -76.57621479034422 102.95117378234863 -55.345390796661356
0 0.0501 126.6869306564331 -36.30263900756834 183.44414234161377 -15.623336791992163
0 0.0480 166.41056060791016 -76.18402099609372 223.7027359008789 -55.74698543548581
0 0.0433 117.34138488769531 3.3657588958740448 172.84183502197266 24.714197158813498
0 0.0400 67.73674964904785 -36.84218978881834 122.47822761535645 -15.074020385742168
0 0.0342 156.73120498657227 -16.325491428375223 213.40360641479492 4.399763584136983
0 0.0337 166.06945037841797 -56.01921772956845 224.0167999267578 -35.91444468498228
0 0.0294 0.0 -67.84509277343747 41.03024959564209 -44.06714057922361
0 0.0278 108.24717044830322 32.862752914428725 162.01303005218506 55.22368812561037
0 0.0254 0.0 218.88586425781253 638.75 557.75
0 0.0252 167.32009887695312 23.380054473876974 222.8606414794922 44.70018768310549
0 0.0245 8.244686126708984 32.86664390563967 62.014784812927246 55.22014045715334
0 0.0229 0.0 -80.99999999999996 510.9122848510742 200.5149688720703
0 0.0228 57.89609909057617 13.066581726074238 112.33304977416992 35.017951965332045
0 0.0225 599.2753410339355 -67.80182456970212 638.7500190734863 -44.11020851135251
0 0.0223 8.579940795898438 -37.3378047943115 61.71043395996094 -14.574142456054664
0 0.0192 186.62349700927734 -36.27748584747312 243.5040283203125 -15.650006294250469
0 0.0187 608.3838653564453 122.35737228393556 638.75 145.66921615600586
0 0.0181 0.0 2.535728454589865 51.53374671936035 25.552467346191428
0 0.0179 608.1237030029297 172.50940704345706 638.75 195.51481628417972
0 0.0169 0.0 62.48885059356691 51.465559005737305 85.59972667694095
0 0.0157 206.9649887084961 3.5564842224121302 263.18859100341797 24.51971435546877
0 0.0155 609.0921783447266 -38.10668087005613 638.75 -13.864632606506326
0 0.0152 608.4773063659668 92.29866409301759 638.7500190734863 115.72830581665042
0 0.0149 0.0 92.72938156127931 51.81168556213379 115.35805130004884
0 0.0145 607.9868316650391 202.59046936035156 638.75 225.43287658691406
0 0.0143 298.0303955078125 32.98863792419435 352.2107696533203 55.09652519226076
0 0.0142 227.13228225708008 33.47422027587893 283.0340003967285 54.603904724121115
0 0.0133 0.0 122.59277725219728 41.607465744018555 145.49583816528323
0 0.0133 518.8687896728516 -77.52633905410764 571.4501190185547 -54.385560512542696
0 0.0130 64.49039697647095 39.32028198242189 105.63419103622437 68.9436378479004
0 0.0129 609.0014457702637 541.6303863525392 638.7500190734863 557.75
0 0.0125 608.9100456237793 2.0183219909668186 638.7500190734863 26.0102119445801
0 0.0118 608.0387878417969 322.5616302490235 638.75 345.46232604980474
0 0.0115 377.98667907714844 23.01462554931643 432.2504425048828 45.070404052734396
0 0.0114 608.8446235656738 32.06400299072267 638.7499809265137 55.9646453857422
0 0.0113 608.7556457519531 62.121166229248075 638.75 85.90702438354494
0 0.0111 0.0 152.4172821044922 41.365036964416504 175.6716003417969
0 0.0111 328.1325912475586 -77.0740518569946 382.1183395385742 -54.84071826934812
0 0.0110 607.7982330322266 292.6954498291016 638.75 315.32591247558594
0 0.0107 499.6839141845703 31.88777351379396 550.7223510742188 56.19695091247561
0 0.0105 297.5438690185547 3.2575931549072488 352.6561737060547 24.8239269256592
0 0.0103 548.502197265625 112.70439529418947 601.7822265625 135.38254165649414
0 0.0100 426.0706329345703 243.98085021972656 484.0155029296875 264.0856018066406
