0 0.1141 241.38431549072266 221.94103240966794 329.1921615600586 267.76157379150385
0 0.0916 615.3237915039062 68.30913066864015 638.75 101.77444934844969
0 0.0651 390.7334899902344 22.986745834350586 479.77935791015625 66.79409980773926
0 0.0640 609.4898223876953 42.58905410766602 638.75 67.4367904663086
0 0.0639 609.7339630126953 102.37339019775389 638.75 127.64766693115233
0 0.0604 479.5420455932617 33.00126075744628 530.8471298217773 57.085180282592766
0 0.0598 260.8430480957031 191.71920776367188 309.7397994995117 218.3287811279297
0 0.0588 588.8389587402344 -66.51123046875 638.75 -43.40132236480712
0 0.0566 493.0625534057617 64.914174079895 608.1914901733398 114.56405162811278
0 0.0539 190.77688217163086 221.8070316314697 239.79246139526367 248.2452297210693
0 0.0516 210.8669662475586 191.6815948486328 259.7218322753906 218.364143371582
0 0.0502 515.75439453125 147.66273498535153 554.4768524169922 182.36568450927732
0 0.0465 265.7179832458496 267.79407501220703 304.50571060180664 302.2450637817383
0 0.0425 399.7809600830078 -7.1884822845458975 450.6365203857422 17.272329330444336
0 0.0422 205.7846450805664 257.5745010375976 244.45087432861328 292.44670867919916
0 0.0413 469.0601348876953 3.3469104766845703 521.2776184082031 26.74136161804199
0 0.0408 608.819751739502 13.082246780395506 638.7499809265137 36.94659233093262
0 0.0384 520.9166717529297 121.60512924194335 569.6841430664062 148.43618392944336
0 0.0380 574.3924140930176 144.8368263244629 638.7499809265137 194.74702835083008
0 0.0375 200.70825576782227 161.9037628173828 249.84590530395508 188.15372467041016
0 0.0364 598.5024833679199 -36.29541873931885 638.7500190734863 -13.6176061630249
0 0.0344 250.42484283447266 162.2255706787109 300.08033752441406 187.84454345703122
0 0.0343 350.0006866455078 2.626543045043943 400.4444122314453 27.45404243469238
0 0.0320 528.6371994018555 -66.38323545455933 581.6606521606445 -43.52991342544556
0 0.0311 574.3924140930176 204.8368167877197 638.7499809265137 254.7469997406006
0 0.0305 305.56654930114746 268.21750640869135 344.6365451812744 301.85680389404297
0 0.0304 340.32386779785156 32.321577072143555 390.1671600341797 57.750883102416985
0 0.0301 330.6808853149414 221.82789802551267 358.93314361572266 268.1828594207763
0 0.0294 475.7344055175781 117.73244857788086 514.4929504394531 152.30165481567383
0 0.0283 455.5464172363281 68.26880931854248 494.65431213378906 101.8098497390747
0 0.0277 475.76812744140625 157.62224197387692 514.4651031494141 192.4028968811035
0 0.0277 310.4216766357422 192.2304916381836 360.08270263671875 217.83992767333984
0 0.0271 213.06254386901855 304.91416931152344 328.191499710083 354.5640563964843
0 0.0266 560.434455871582 32.21130371093749 610.0730514526367 57.85791397094726
0 0.0261 165.61519622802734 188.08603286743164 204.5941925048828 221.97725296020508
0 0.0247 520.3690719604492 182.27882385253906 570.128288269043 207.79258728027344
0 0.0241 415.5834197998047 68.16637039184569 454.62242126464844 101.90366744995116
0 0.0238 558.8541793823242 -6.512136459350586 611.462287902832 16.60088539123535
0 0.0237 349.40738677978516 -26.899709701538086 400.9671401977539 -3.013219833374024
0 0.0228 538.5143280029297 -36.303009986877434 591.771240234375 -13.610014915466307
0 0.0220 608.7490653991699 263.1275177001953 638.7500190734863 286.90093994140625
0 0.0217 468.77140045166016 -26.461448669433594 521.5376663208008 -3.4503555297851554
0 0.0210 468.31676483154297 -76.18066787719725 521.9501876831055 -53.73284339904785
0 0.0203 355.51441192626953 58.34175586700439 394.6834182739258 91.7430830001831
0 0.0201 399.3050765991211 -36.82528972625732 451.05838775634766 -13.08716297149658
0 0.0192 299.71898078918457 -7.139666080474853 350.69132804870605 17.224085330963135
0 0.0188 324.97406005859375 389.9990081787109 638.75 558.75
0 0.0187 173.0625343322754 -55.08583068847656 288.1915092468262 -5.435953140258787
0 0.0184 170.6803321838379 141.82323455810547 198.93381118774414 188.18649291992188
0 0.0177 574.3924140930176 304.83680725097656 638.7499809265137 354.74700927734375
0 0.0175 165.74832916259766 247.69771575927732 204.48043823242188 282.33348846435547
0 0.0168 299.9868869781494 162.64118194580078 350.455846786499 187.43999481201172
0 0.0168 0.0 389.9971199035644 320.47874450683594 558.7499809265137
0 0.0167 205.54645538330078 128.27402114868164 244.65377807617188 161.80505752563474
0 0.0165 128.11857223510742 297.0982360839844 212.60263442993164 363.12622070312494
0 0.0159 153.0625343322754 4.914178848266602 268.1915092468262 54.564046859741204
0 0.0158 535.3923797607422 208.63854408264157 574.7922515869141 241.47170066833493
0 0.0157 295.26973724365234 18.906450271606445 334.9040222167969 51.227235794067376
0 0.0148 249.70331192016602 132.87603378295898 300.7044792175293 157.20899581909177
0 0.0147 565.1692581176758 259.11548614501953 604.9962997436523 291.0367202758789
0 0.0144 299.35455322265625 -36.8608808517456 351.01417541503906 -13.05175304412842
0 0.0141 530.7799911499023 12.758045196533203 558.8152694702148 57.47722625732421
0 0.0137 435.68931579589844 157.87160873413083 474.5307922363281 192.17390060424802
0 0.0133 475.5262756347656 198.3133316040039 514.6727752685547 231.76910400390625
0 0.0132 53.06253433227539 -55.08583068847656 168.19150924682617 -5.435953140258787
0 0.0131 435.4488754272461 108.5072898864746 474.74132537841797 141.59170150756833
0 0.0130 349.1548538208008 -56.72102451324462 401.19319915771484 -33.191237449645996
0 0.0126 608.9910888671875 542.6384162902832 638.75 558.7499809265137
0 0.0123 525.2610778808594 258.9214706420898 564.9123382568359 291.2135696411133
0 0.0117 153.0625343322754 64.914174079895 268.1915092468262 114.56405162811278
0 0.0114 409.00501251220703 -66.61557674407959 461.3270950317383 -43.296093940734856
0 0.0109 33.06253433227539 4.914178848266602 148.19150924682617 54.564046859741204
0 0.0108 360.73631286621094 212.30537414550778 388.86695861816406 257.81429290771484
0 0.0106 519.6855926513672 292.88406372070307 570.7212829589844 317.2003173828125
0 0.0106 395.31070709228516 108.81614685058592 434.86682891845703 141.30962371826172
0 0.0102 435.41133880615234 198.5852813720703 474.77603912353516 231.52042388916016
