0 0.2085 548.6214065551758 303.635025024414 601.6731643676758 326.4529418945312
0 0.1142 548.7393569946289 333.5548400878906 601.5675735473633 356.53266906738276
0 0.1098 538.1733322143555 273.90472412109375 592.0806503295898 296.1811065673828
0 0.0838 488.7204360961914 303.5724258422851 541.5834426879883 326.5158462524414
0 0.0636 407.9027557373047 154.06064987182614 462.3274230957031 176.02361679077148
0 0.0546 397.8574752807617 184.0834617614746 452.36942291259766 206.00008010864258
0 0.0520 598.4321403503418 283.7486267089843 638.7500190734863 306.33819580078125
0 0.0501 608.531665802002 313.2662200927734 638.7499809265137 336.76124572753906
0 0.0471 407.5602340698242 214.247932434082 462.6413345336914 235.83358764648438
0 0.0452 517.7096557617188 244.1707992553711 572.5034332275391 265.91251373291016
0 0.0451 478.33343505859375 273.8113021850586 531.9345855712891 296.275520324707
0 0.0434 488.5157775878906 333.6951828002929 541.7700958251953 356.39163970947266
0 0.0409 417.5015640258789 244.28340911865234 472.69420623779297 265.798225402832
0 0.0404 588.1956481933594 253.8882064819336 638.75 276.19724273681635
0 0.0316 558.5044479370117 363.70449066162104 611.779899597168 386.3826370239258
0 0.0302 407.9898452758789 124.00772094726562 462.2487258911133 146.07658386230466
0 0.0291 467.0958709716797 224.49371337890625 523.0673217773438 245.58422088623044
0 0.0291 347.1192169189453 154.479923248291 403.0462646484375 175.59793472290036
0 0.0279 608.4939575195312 343.28960418701166 638.75 366.7376327514648
0 0.0275 418.39874267578125 273.77590179443354 471.8743133544922 296.3118362426757
0 0.0254 0.0 219.8858642578125 638.75 558.75
0 0.0250 428.92967224121094 303.4366226196289 481.3945007324219 326.6519546508789
0 0.0229 0.0 -79.99999999999999 510.9122848510742 201.51496887207028
0 0.0200 357.58602142333984 234.23619270324704 412.61722564697266 255.84589958190915
0 0.0197 499.276123046875 -76.80296182632445 551.0839080810547 -53.109157085418694
0 0.0195 457.26318359375 174.40740585327148 512.9135131835938 195.67197799682617
0 0.0186 598.3894538879395 223.77334594726562 638.7499809265137 246.3131332397461
0 0.0176 347.4409484863281 124.31020736694337 402.75108337402344 145.7701301574707
0 0.0174 347.31510162353516 204.3793487548828 402.8660202026367 225.70034027099607
0 0.0174 467.5188446044922 144.26784515380857 522.6798248291016 165.81298828125
0 0.0167 428.9164352416992 333.4414291381836 481.4072799682617 356.64661407470703
0 0.0156 358.30814361572266 263.82514953613276 411.95789337158203 286.26136779785156
0 0.0155 498.2130432128906 363.8834381103515 552.0439910888672 386.2029266357422
0 0.0154 408.47789764404297 93.71816635131835 461.8045425415039 116.36850357055664
0 0.0148 527.3321914672852 214.3661117553711 582.8512954711914 235.71308135986328
0 0.0143 609.0185737609863 542.6170539855957 638.7499809265137 558.7499809265137
0 0.0139 438.93585205078125 -76.57174587249754 491.3899230957031 -53.340272903442376
0 0.0136 609.4155120849609 422.6514434814453 638.75 447.3755645751953
0 0.0134 495.24776458740234 -51.0462999343872 534.9241256713867 -18.81585597991943
0 0.0131 0.0 -66.85194492340088 41.02229595184326 -43.06037425994873
0 0.0130 608.8188171386719 113.08120727539061 638.75 136.94740295410153
0 0.0126 608.8471221923828 383.06396484375 638.75 406.96495056152344
0 0.0125 385.0612258911133 299.3251800537109 425.0967788696289 330.84587097167963
0 0.0117 609.6796989440918 512.4321746826171 638.7500190734863 537.591323852539
0 0.0117 408.64280700683594 63.61438751220703 461.6552734375 86.4726448059082
0 0.0116 608.805103302002 143.09005737304688 638.7499809265137 166.93847656249997
0 0.0109 575.2654266357422 -79.99999999999999 638.75 -45.12511253356933
0 0.0108 27.722797393798828 -35.83911895751953 82.49205589294434 -14.077882766723631
0 0.0106 608.6445426940918 193.19412231445312 638.7500190734863 216.83380126953122
0 0.0106 37.898550033569336 14.062309265136717 92.33145713806152 36.02180480957031
0 0.0103 348.02162170410156 93.99084091186523 402.2193908691406 116.09384536743164
0 0.0100 307.51832008361816 174.27141189575195 362.67958641052246 195.80991744995117
0 0.0100 608.8346862792969 83.07008743286133 638.75 106.9584846496582
0 0.0100 517.6312637329102 164.2026138305664 572.5777816772461 185.87844848632812
