0 0.6384 80.8078795671463 92.98959159851074 192.4363225698471 146.91892051696777
0 0.5588 358.16989839076996 177.17543029785156 499.0234524011612 229.90086460113523
0 0.4795 351.6976833343506 75.71832621097566 499.0234375 141.13546693325043
0 0.4068 361.6388738155365 164.1973608136177 412.4894440174103 178.6599957346916
0 0.2662 200.23412257432938 83.87107932567596 284.77995842695236 150.74164950847626
0 0.1653 284.4088673591614 92.04518580436707 315.5604600906372 109.30630350112915
0 0.1639 271.5286612510681 179.07559657096863 300.79054832458496 206.7351915836334
0 0.1229 332.4305862188339 129.9683132171631 499.0234524011612 186.4640691280365
0 0.1115 360.2350652217865 143.02427852153778 409.01681780815125 162.22600424289703
0 0.1061 58.591797947883606 69.70441126823425 103.23664546012878 86.56224393844604
0 0.1050 312.53382563591003 60.23753964900971 350.3805100917816 77.1670469045639
0 0.1012 315.8390522003174 91.00235784053802 333.6260914802551 128.91752803325653
