0 0.0328 426.1144697666168 131.68352842330933 456.8452537059784 157.45949745178223
0 0.0254 0.0 171.78583145141602 499.0234375 436.5234375
0 0.0231 414.16093707084656 111.33641004562377 453.3880054950714 130.9117078781128
0 0.0229 413.99386525154114 158.35292637348175 453.53421568870544 177.64754593372345
0 0.0229 0.0 -62.499999999999986 399.15022253990173 157.43356943130493
0 0.0228 394.67763900756836 132.0868581533432 425.7659316062927 157.09148347377777
0 0.0209 226.0456383228302 -5.352934822440147 266.42897725105286 13.233458623290062
0 0.0189 202.62287557125092 18.07192713022232 242.9787665605545 36.68326884508133
0 0.0189 457.282692193985 124.05771017074585 488.1691038608551 149.4765281677246
0 0.0189 265.4515206813812 -13.431206345558167 305.18779158592224 5.683623254299164
0 0.0167 265.36107063293457 10.08213311433792 305.266797542572 29.046751558780667
0 0.0165 374.6580183506012 111.70260608196259 414.7113263607025 130.55162131786346
0 0.0161 350.65627098083496 135.5353444814682 391.779363155365 153.59516441822052
0 0.0160 225.97071528434753 -28.73943746089935 266.496479511261 -10.255120694637299
0 0.0156 366.1804497241974 159.0372771024704 407.4955880641937 176.96796357631683
0 0.0155 453.1734585762024 103.57318818569182 492.4928545951843 123.05150926113129
0 0.0154 287.7277135848999 159.24403071403503 329.6669125556946 176.76070332527158
0 0.0151 457.21036195755005 155.46289086341858 488.2351756095886 180.58496713638306
0 0.0144 155.34530580043793 18.354296684265137 196.46389782428741 36.40227019786834
0 0.0143 178.4738451242447 -4.8905909061431885 220.18159925937653 12.771010398864744
0 0.0143 241.99676513671875 33.45923870801926 281.7651629447937 52.54357308149338
0 0.0142 21.750152111053467 81.32107555866241 64.36385214328766 98.43136370182037
0 0.0140 326.86424255371094 112.3252362012863 368.66194009780884 129.92994487285614
0 0.0137 303.40448021888733 135.77735424041748 345.244437456131 153.35288643836975
0 0.0135 265.51151275634766 -36.91560681909323 305.134654045105 -17.707430757582184
0 0.0134 288.6697053909302 33.61829370260239 328.81850004196167 52.386589348316186
0 0.0134 413.81531953811646 88.19107711315154 453.6900520324707 107.18725621700285
0 0.0133 280.0832688808441 182.58047848939893 321.7015564441681 200.3000900149345
0 0.0131 475.90333223342896 80.34910261631012 499.0234375 99.3606299161911
0 0.0131 304.37517166137695 2.3055970668792716 344.3724513053894 21.198481321334835
0 0.0129 202.57091522216797 41.54689610004425 243.02512407302856 60.08350849151611
0 0.0129 326.85181498527527 174.83513802289963 368.6726987361908 192.4203708767891
0 0.0120 295.96519470214844 65.2300715446472 337.0940685272217 83.27612280845642
0 0.0120 256.09827041625977 120.40168046951293 298.7627387046814 137.47602701187134
0 0.0117 311.21882796287537 88.90090882778168 353.05532813072205 106.47930204868317
0 0.0117 433.8081181049347 178.82148176431656 464.7658169269562 204.09443229436874
0 0.0116 29.724732041358948 104.66638207435606 72.02835381031036 121.96207046508788
0 0.0112 400.5407243967056 -62.5 499.0234225988388 -7.930282503366474
0 0.0110 248.41424822807312 143.76868307590485 290.83237051963806 160.98515689373016
0 0.0109 475.80553591251373 56.98136985301971 499.0234225988388 75.85357129573822
0 0.0109 475.7370352745056 25.77850222587585 499.0234375 44.55640912055969
0 0.0109 305.26480078697205 -37.24043071269989 327.2373378276825 -1.7233118414878836
0 0.0108 21.812930703163147 57.848621159791946 64.30638581514359 75.02929493784904
0 0.0107 249.53006953001022 57.108331471681595 289.82556611299515 75.77134296298027
0 0.0107 155.55256605148315 41.652001440525055 196.27755880355835 59.9794015288353
0 0.0105 389.7900581359863 182.3638752102852 430.77749013900757 200.51675289869308
0 0.0104 475.77880322933197 423.93290996551514 499.0234524011612 436.52343749999994
0 0.0103 475.90839862823486 181.90813809633255 499.0234375 200.92659443616867
0 0.0101 264.2856538295746 96.7435836791992 306.2342703342438 114.26067352294922
0 0.0100 240.84535986185074 167.06474125385284 282.79777616262436 184.56552922725677
