0 0.0605 18.757175020873547 -66.15839202702047 60.706930942833424 -51.70075878500939
0 0.0488 62.04096561670303 -66.14707116596402 104.04644680023193 -51.71266481466592
0 0.0432 18.746748693287373 -51.712864890694625 60.71578764170408 -37.2708694189787
0 0.0372 61.89866638183594 -51.64417642354966 104.1779100894928 -37.341857254505165
0 0.0262 26.16602736711502 -37.36612798273564 67.74861064553261 -22.74024499952794
0 0.0254 0.0 139.48010826110837 461.09765625 384.09765625
0 0.0236 69.27409699559212 -37.27469022572041 111.2509255707264 -22.83426438272
0 0.0229 0.0 -77.0 368.8148056268692 126.21861815452576
0 0.0173 13.020152807235718 12.50188159942626 52.12303251028061 28.465886831283562
0 0.0156 105.9376118928194 -73.6405401825905 146.81887404620647 -58.65054808557034
0 0.0155 0.0 -34.01342686265708 25.413411051034927 -11.567182041704664
0 0.0154 0.0 -70.34204460680486 18.273192398250103 -47.446156233549125
0 0.0133 0.0 -9.627804219722757 36.99694396555424 7.285482168197623
0 0.0132 105.64358188211918 -51.84011152386666 147.0896900743246 -37.14100673794747
0 0.0131 41.128845266997814 -23.179563768208034 81.70049471408129 -8.046060793101796
0 0.0118 84.06236426532269 -22.996843151748187 125.36317165195942 -8.232898242771634
0 0.0115 370.099629342556 -77.0 461.09764248132706 -26.577581033110626
0 0.0114 439.5790379047394 372.49516731500626 461.09765625 384.09767001867294
0 0.0113 164.21129304170609 99.34891521930695 204.0853698849678 114.8658516407013
0 0.0108 49.36348754167557 26.793571352958672 87.9892138838768 43.05068409442901
0 0.0104 157.12039893865585 120.93637692928314 196.74936586618423 136.59193634986877
