0 0.1927 218.44585418701172 123.81603240966795 404.04903411865234 201.24923706054685
0 0.1205 110.72525024414062 22.598018646240234 331.5412902832031 121.7983055114746
0 0.1186 262.096643447876 203.46256256103513 348.895788192749 251.1837387084961
0 0.0849 273.06254386901855 -22.585821151733395 388.191499710083 27.06404685974121
0 0.0779 353.0625534057617 197.41417884826657 468.19149017333984 247.06404685974118
0 0.0635 438.05511474609375 -23.522701263427734 492.1875762939453 -1.3915634155273433
0 0.0589 153.0625343322754 -42.5858211517334 268.1915092468262 7.064046859741212
0 0.0547 131.37417316436768 134.45770263671875 219.20119762420654 180.24612426757812
0 0.0506 398.08589935302734 156.46095275878906 452.1591567993164 178.62518310546875
0 0.0460 488.6791229248047 -3.8999176025390616 541.6205596923828 18.988285064697266
0 0.0429 100.26570320129395 -5.121984481811523 150.21685600280762 20.196027755737305
0 0.0428 389.5231246948242 -4.483556747436523 440.86368560791016 19.57024574279785
0 0.0387 108.7047004699707 489.4805908203124 191.95663452148438 531.25
0 0.0354 99.60932731628418 -34.55486059188843 150.78843116760254 -10.359842777252197
0 0.0349 388.16261291503906 -43.58260154724121 442.08900451660156 -21.330690383911133
0 0.0334 39.857845306396484 136.83414459228516 130.62408447265625 178.05492401123047
0 0.0328 0.0 182.59800910949707 211.54129028320312 281.7982769012451
0 0.0307 438.49964141845703 16.20477676391602 491.7848587036133 38.8819694519043
0 0.0306 497.6885223388672 -33.31745147705078 552.5228118896484 -11.599388122558592
0 0.0297 49.32208061218262 -4.347009658813476 101.04516983032227 19.433183670043945
0 0.0287 59.15825843811035 25.76602935791016 111.19236946105957 49.320220947265625
0 0.0278 190.72525024414062 262.59803771972656 411.5412902832031 361.7982482910156
0 0.0273 208.70471954345703 489.4805908203124 291.9566345214844 531.25
0 0.0265 230.52236557006836 203.3795928955078 259.12485122680664 251.47613525390625
0 0.0260 446.91402435302734 -52.9158878326416 503.2350540161133 -32.00807571411133
0 0.0246 70.72525024414062 382.59803771972656 291.5412902832031 481.79824829101557
0 0.0242 328.11859130859375 29.598269462585446 412.6026153564453 95.62622547149657
0 0.0232 58.950538635253906 55.91371536254882 111.37767791748047 79.17360305786133
0 0.0232 38.69967460632324 -33.91942024230957 91.60336494445801 -10.99308967590332
0 0.0212 273.06254386901855 -82.58583068847656 388.191499710083 -32.935953140258796
0 0.0208 498.4577178955078 26.23505592346191 551.8218994140625 48.85218620300293
0 0.0205 457.7878189086914 156.62561416625977 512.4323654174805 178.45796585083008
0 0.0188 324.97406005859375 362.49900817871094 638.75 531.25
0 0.0182 80.59724807739258 504.2530632019043 109.03692245483398 531.2500190734863
0 0.0180 0.0 15.857610702514648 51.2900447845459 39.23081398010254
0 0.0176 75.16138076782227 91.62805557250977 115.00394821166992 123.52529525756836
0 0.0175 329.1663360595703 95.76826095581055 381.1834716796875 119.31905746459961
0 0.0168 397.63072967529297 126.70751571655273 452.5772476196289 148.3742332458496
0 0.0168 13.06253433227539 -82.58583068847656 128.19150924682617 -32.935953140258796
0 0.0154 418.24134826660156 46.36529922485352 472.0185852050781 68.72098922729492
0 0.0145 0.0 -14.329776763916016 41.05457782745361 9.417133331298828
0 0.0145 133.0625343322754 -102.58583068847656 248.19150924682617 -52.935953140258796
0 0.0138 8.93312931060791 75.93481063842773 61.39132022857666 99.15384292602538
0 0.0134 0.0 45.85643291473389 51.28568649291992 69.2322587966919
0 0.0129 27.77454376220703 -103.37156772613525 82.4455738067627 -81.54564380645752
0 0.0128 19.138097763061523 105.79200744628908 71.20790481567383 129.29595947265625
0 0.0122 512.6921272277832 -107.5 638.7499809265137 -37.65076160430909
0 0.0120 467.9358673095703 186.54319763183594 522.2969055175781 208.54145050048828
0 0.0119 457.59857177734375 126.7289924621582 512.6057434082031 148.35309982299805
0 0.0118 418.1138229370117 76.4422607421875 472.13428497314453 98.64364624023438
0 0.0118 290.6537628173828 504.6401977539063 318.96888732910156 531.25
0 0.0115 20.880908966064453 476.85493469238276 78.46895217895508 531.25
0 0.0101 608.9244079589844 515.1891326904297 638.75 531.25
