0 0.0386 131.09721446037292 479.15783524513245 171.85743355751038 497.4726736545563
0 0.0320 145.04365825653076 425.4508316516876 189.01093506813046 441.7966902256012
0 0.0315 177.87526005506513 479.2250692844391 218.81925517320633 497.4057376384735
0 0.0302 68.50300931930542 447.97688722610474 109.44099926948549 466.15445613861084
0 0.0278 76.77146995067596 478.8919985294342 116.84802377223969 497.7363646030426
0 0.0278 160.07741743326187 410.1032018661499 205.18345588445663 425.8872866630554
0 0.0266 99.4858911037445 424.71638321876526 140.93135499954224 442.54013895988464
0 0.0256 115.40602350234985 447.9599595069885 156.29039907455444 466.17162227630615
0 0.0254 -63.50000000000002 234.28583145141602 435.52343750000006 499.0234375
0 0.0249 29.79601749777794 478.96936535835266 70.06185331940651 497.65995144844055
0 0.0242 224.74391961097714 479.2276918888092 265.70029759407043 497.4028766155243
0 0.0238 21.278606891632077 448.2022225856781 62.88157606124878 465.9285843372345
0 0.0237 52.74924838542938 424.6228039264679 93.9323922395706 442.6332414150238
0 0.0235 144.4966440796852 394.45823431015015 189.51744788885117 410.28279066085815
0 0.0234 191.9439306259155 425.43724179267883 235.86289787292478 441.81039929389954
0 0.0229 -63.5 0.0 335.65022253990173 219.93356943130493
0 0.0206 129.2727460861206 378.6443769931793 173.5213270187378 394.8511779308319
0 0.0191 -17.051366925239567 478.9492189884186 23.16221797466278 497.6799786090851
0 0.0190 162.01992535591125 448.1312036514282 203.40080761909485 466.00019931793213
0 0.0186 99.14289617538451 401.48741006851196 141.24284887313843 418.8927412033081
0 0.0183 5.566107273101804 424.8182773590088 47.336014151573174 442.43723154067993
0 0.0179 191.3857927322388 394.451379776001 236.37943172454834 410.2897644042969
0 0.0173 175.76591873168945 378.82325053215027 220.7498421669006 394.6678340435028
0 0.0173 75.93761587142943 370.095431804657 117.59476566314696 387.7853751182556
0 0.0172 214.99265933036804 409.9979102611542 259.66008210182184 425.99520087242126
0 0.0168 262.1058394908905 425.51079392433167 306.31448531150824 441.735178232193
0 0.0155 271.6912796497345 486.6294860839844 312.58602643013 499.0234375
0 0.0153 -25.491071701049805 448.1353163719177 15.911387443542479 465.9956693649292
0 0.0149 -55.96407300233841 471.03196382522583 -16.035059303045276 489.9723529815674
0 0.0146 269.44010162353516 410.1097881793976 314.5696988105774 425.88070034980774
0 0.0145 52.72521281242371 401.2022614479065 93.95380520820618 419.17896270751953
0 0.0143 152.76859158277512 362.9874587059021 196.90578633546826 379.2581558227539
0 0.0143 146.96113967895508 96.1802676320076 187.26782703399658 114.82509225606918
0 0.0138 412.265347480774 486.4434003829956 435.52343750000006 499.0234375
0 0.0132 154.81300854682922 119.58818510174751 195.04539871215823 138.2918767631054
0 0.0131 5.5816044807434055 401.37141942977905 47.3219176530838 419.00914907455444
0 0.0130 337.0407243967056 0.0 435.5234225988388 54.56971749663353
0 0.0128 28.967892915010452 370.1508045196533 70.80629298090936 387.729287147522
0 0.0126 154.81092238426208 72.71474599838257 195.04724645614624 91.41534566879272
0 0.0124 318.59253549575806 486.60968244075775 359.43769121170044 499.0234524011612
0 0.0122 193.89505887031558 103.9494201540947 234.09034514427185 122.68064171075821
0 0.0121 114.40380120277405 347.0008969306946 157.2016944885254 364.0010356903076
0 0.0121 222.55040907859805 378.86562943458557 267.7084972858429 394.6245610713959
0 0.0121 253.5932829380035 394.5830762386322 299.15072226524353 410.1545512676239
0 0.0120 -63.5 447.65523076057434 -31.58791533112526 466.4745628833771
0 0.0115 68.33672726154327 346.52331471443176 109.59100925922394 364.4828498363495
0 0.0114 193.94515657424924 80.47383278608322 234.04596948623657 99.28084164857864
0 0.0114 199.40169358253476 363.10428380966187 244.00420689582825 379.1387677192688
0 0.0114 193.73680853843686 127.50186026096344 234.23154854774475 146.00391685962677
0 0.0113 154.7711660861969 143.05666089057922 195.0826218128204 161.69866919517517
0 0.0112 107.95492136478425 111.76379024982452 148.15521442890167 130.49127161502838
0 0.0111 231.92475938796994 440.56829810142517 274.08318424224854 457.93673396110535
0 0.0109 -41.44522345066071 424.89758133888245 0.5855133533477794 442.3569142818451
0 0.0108 107.800545334816 80.62607795000076 148.29290115833282 99.12969917058945
0 0.0108 -17.858605667948723 370.11992931365967 23.887574836611748 387.7601623535156
0 0.0107 115.67674779891966 135.2667510509491 156.04873204231262 153.86363863945007
0 0.0106 412.71287405490875 462.92373538017273 435.52342259883886 482.4088513851166
0 0.0103 294.10146379470825 440.7501816749573 336.8787636756897 457.7525854110718
0 0.0103 224.59672594070435 151.20287239551544 265.83229207992554 169.17811334133148
