0 0.1251 217.72674560546875 37.161796569824226 272.48775482177734 58.92168807983399
0 0.0806 197.09945678710938 7.490699768066412 253.06427001953125 28.587081909179688
0 0.0733 257.2636032104492 17.405784606933604 312.91343688964844 38.67340850830079
0 0.0646 278.0564022064209 46.97718906402588 332.18628883361816 69.10864162445068
0 0.0574 157.73616313934326 27.156541824340824 212.4791383743286 48.927000045776374
0 0.0525 228.77199172973633 66.53855133056642 281.53703689575195 89.54968261718751
0 0.0442 168.25298309326172 56.85995864868164 222.00763702392578 79.22659683227538
0 0.0363 186.84524536132812 -22.380983352661126 243.2982635498047 -1.5435237884521413
0 0.0294 247.07202911376953 -12.496912002563468 303.08990478515625 8.574197769165046
0 0.0256 137.81044006347656 -2.885076522827142 192.41127014160156 18.969076156616218
0 0.0254 0.0 192.88586425781247 638.75 531.75
0 0.0229 0.0 -107.00000000000001 510.9122848510742 174.5149688720703
0 0.0187 288.9633846282959 76.41426849365236 341.36414527893066 99.67434692382814
0 0.0177 178.66914749145508 86.60134124755861 231.63068771362305 109.48628234863281
0 0.0170 517.7652740478516 77.13673400878906 572.4533081054688 98.94646453857422
0 0.0153 239.5049285888672 96.02602767944337 290.8807373046875 120.06022262573244
0 0.0152 156.92449569702148 -42.4200530052185 213.22515487670898 -21.503653049468983
0 0.0140 317.4157238006592 17.324626922607425 372.774019241333 38.75565338134766
0 0.0137 216.48250579833984 -42.2085781097412 273.63391876220703 -21.720163345336903
0 0.0136 512.6921272277832 -106.99999999999999 638.7499809265137 -37.15076160430907
0 0.0134 248.95519256591797 176.42010498046875 301.3714599609375 199.66854858398435
0 0.0131 239.81674194335938 215.78316497802732 290.6049346923828 240.30037689208984
0 0.0121 198.9531707763672 156.41815948486328 251.3739776611328 179.67003631591794
0 0.0118 608.946361541748 515.673110961914 638.7500190734863 531.75
0 0.0112 608.4220886230469 216.33400726318362 638.75 239.69284820556638
0 0.0111 188.86877059936523 116.47099304199219 241.4506721496582 139.61674499511722
0 0.0110 527.6756286621094 47.183635711669936 582.5359344482422 68.89853286743164
0 0.0109 289.86340522766113 215.7410125732422 340.5646800994873 240.34138488769534
0 0.0107 511.90391540527344 102.84180450439453 638.75 202.6270751953125
0 0.0105 337.8477478027344 47.09355640411377 392.3772430419922 68.99063396453857
0 0.0101 588.3903312683105 56.773231506347656 638.7500190734863 79.31332397460938
0 0.0101 98.3999252319336 26.770799636840827 151.87423706054688 49.3162899017334
