0 0.1463 8.117618560791016 -75.55926513671875 62.13064193725586 -53.35469913482665
0 0.1081 18.20702075958252 -45.609662055969224 72.04875469207764 -23.30353450775145
0 0.0833 288.4401321411133 4.246643066406257 341.83765411376953 26.84065628051758
0 0.0783 67.91668891906738 -65.44839572906493 122.31497764587402 -43.46743297576903
0 0.0712 409.2485809326172 33.713748931884766 461.1091613769531 57.373817443847656
0 0.0663 18.911514282226562 -16.051904678344716 71.41101837158203 7.140405654907232
0 0.0622 458.8288879394531 14.001405715942386 511.4857482910156 37.086885452270515
0 0.0611 299.0200424194336 33.87590217590332 351.3132858276367 57.212636947631836
0 0.0586 409.6432876586914 63.41212081909178 460.75977325439453 87.67195510864258
0 0.0567 589.4012260437012 3.6024551391601642 638.7500190734863 27.48432922363282
0 0.0547 459.63367462158203 43.430335998535156 510.76602935791016 67.6552848815918
0 0.0528 397.82482147216797 4.607589721679694 452.39795684814453 26.476619720458988
0 0.0520 237.88543701171875 -15.429002761840813 292.3431396484375 6.5132312774658265
0 0.0512 508.72509002685547 -5.933155536651603 561.5798568725586 17.021046161651615
0 0.0469 228.35315704345703 14.300687789916998 281.91638946533203 36.78643989562989
0 0.0462 419.5086669921875 93.51319122314452 470.8795166015625 117.57164764404295
0 0.0455 78.25007438659668 -35.641424179077134 132.01096534729004 -13.272478103637688
0 0.0452 599.0702056884766 33.8384895324707 638.75 57.24955368041992
0 0.0448 359.01302337646484 53.87465286254884 411.32083892822266 77.21304702758789
0 0.0446 19.213218688964844 13.741453170776374 71.14019393920898 37.34660911560059
0 0.0435 297.8594493865967 -25.411593437194814 352.3662281036377 -3.503939628601067
0 0.0432 589.1438293457031 -26.212417602539052 638.75 -2.6996917724609304
0 0.0430 447.7296447753906 -15.34226369857787 502.48565673828125 6.425405025482184
0 0.0407 429.6286392211914 123.42484283447264 480.7724380493164 147.65953826904297
0 0.0398 469.40258026123047 73.60208797454834 520.971794128418 97.48477268218994
0 0.0364 514.9646759033203 20.00681686401368 555.1868438720703 51.18075180053711
0 0.0363 479.9908447265625 143.1311492919922 530.4537200927734 167.9490737915039
0 0.0360 479.43870544433594 103.58046340942383 530.9385681152344 127.50689315795898
0 0.0358 19.34941291809082 43.64208984375001 71.0189151763916 67.4451904296875
0 0.0356 608.781909942627 183.60564041137692 638.7499809265137 207.42285537719724
0 0.0350 354.64111328125 20.57448196411133 395.4912567138672 50.665939331054695
0 0.0332 78.09964179992676 -5.552112579345695 132.14776039123535 16.637561798095707
0 0.0324 608.5957336425781 63.72423934936525 638.75 87.3033218383789
0 0.0321 499.55135345458984 173.48995971679685 550.839729309082 197.59583282470703
0 0.0309 608.5148429870605 93.77751159667969 638.7500190734863 117.24999237060545
0 0.0307 429.6005630493164 153.45286178588867 480.79601287841797 177.63262557983398
0 0.0282 265.78678131103516 118.0545310974121 304.4503402709961 152.96511459350583
0 0.0280 598.8436126708984 -66.00895118713377 638.75 -42.90284347534178
0 0.0276 239.45755004882812 43.563163757324226 290.92247009277344 67.52362060546875
0 0.0272 359.1286849975586 83.80074310302734 411.21585845947266 107.28756713867186
0 0.0267 309.72251892089844 63.361900329589844 360.6873321533203 87.72307205200195
0 0.0264 608.8129425048828 123.58612823486328 638.75 147.44259643554688
0 0.0258 608.8581848144531 153.55404663085938 638.75 177.47452545166016
0 0.0254 0.0 220.38586425781247 638.75 559.25
0 0.0243 529.2926406860352 123.68153381347656 581.0699081420898 147.4057846069336
0 0.0238 379.09400939941406 133.8252716064453 431.2468719482422 157.26315307617188
0 0.0235 555.105094909668 29.740932464599613 595.0559616088867 61.42250823974609
0 0.0229 0.0 -79.49999999999999 510.9122848510742 202.01496887207028
0 0.0226 386.8471145629883 -24.882232666015614 443.29662322998047 -4.0423126220703045
0 0.0226 608.8129997253418 213.58488845825195 638.7500190734863 237.44368362426755
0 0.0225 78.41604232788086 24.26317024230958 131.85911178588867 46.82430076599121
0 0.0222 507.8960418701172 -35.43626976013182 562.3337554931641 -13.479625701904286
0 0.0221 305.7754611968994 108.10402679443358 344.458532333374 142.91962432861325
0 0.0214 225.50355911254883 118.86511611938477 264.69343185424805 152.22174453735352
0 0.0214 29.392709732055664 73.61141967773438 80.98012924194336 97.47578430175781
0 0.0204 528.7662506103516 84.0365104675293 581.5435028076172 107.05092239379883
0 0.0199 449.6154022216797 183.44235229492185 500.7826232910156 207.64313507080078
0 0.0199 499.4230270385742 203.58635711669922 550.9537124633789 227.50031280517575
0 0.0198 247.45269775390625 -45.191719055175774 302.7393341064453 -23.727199554443352
0 0.0196 177.9401397705078 -5.45960617065429 232.2930908203125 16.54423522949219
0 0.0189 0.0 -47.019140243530266 18.919588327407837 -1.7513866424560447
0 0.0184 250.50710678100586 92.62579727172852 300.01367568969727 118.43970108032225
0 0.0183 549.5257949829102 183.51046371459958 600.8621597290039 207.5756721496582
0 0.0178 560.8044052124023 -16.47390556335448 588.7864303588867 27.780321121215824
0 0.0167 379.5814514160156 163.46983718872067 430.8124542236328 187.61610794067383
0 0.0163 127.46055603027344 -75.19783687591551 182.73256301879883 -53.721305847167955
0 0.0158 260.5443572998047 152.56937789916992 309.98565673828125 178.49261093139648
0 0.0149 187.56046295166016 -35.250966072082505 242.64083862304688 -13.667313575744618
0 0.0146 247.30525970458984 -75.11864852905272 302.8757858276367 -53.80221557617187
0 0.0145 549.5115661621094 153.51788330078122 600.8754730224609 177.56790924072266
0 0.0143 29.60092544555664 103.45053482055664 80.79608917236328 127.63468551635744
0 0.0136 78.89237403869629 53.96094131469727 131.42823219299316 77.12757873535156
0 0.0133 0.7480335235595703 72.93162155151367 28.853111267089844 118.22058486938475
0 0.0124 178.93348693847656 33.92814445495606 231.39236450195312 57.15959358215333
0 0.0124 538.0400085449219 -75.52076053619382 592.2028350830078 -53.394596099853494
0 0.0122 336.8842315673828 -44.89952754974364 393.2621765136719 -24.024483680725087
0 0.0121 310.4671859741211 142.66958999633786 360.04695892333984 168.39751052856445
0 0.0121 199.98991012573242 93.1310920715332 250.45473098754883 117.94905471801758
0 0.0119 185.0035858154297 119.92022323608397 225.1519775390625 151.2594871520996
0 0.0117 608.8140678405762 243.58414459228513 638.7500190734863 267.4443893432617
0 0.0116 416.7192840576172 -44.822546958923326 473.41529846191406 -24.103753089904778
0 0.0113 307.1144485473633 -75.02021980285643 363.05126190185547 -53.9023561477661
0 0.0113 399.5195007324219 193.5121803283691 450.8683776855469 217.5735740661621
0 0.0113 449.2560577392578 213.70507049560544 501.10313415527344 237.38201904296872
0 0.0110 209.7502899169922 153.3200340270996 260.6668472290039 177.7619819641113
0 0.0108 608.9825439453125 543.1448249816895 638.75 559.2499809265136
0 0.0107 189.57853317260742 63.4623031616211 240.8170509338379 87.62234497070312
0 0.0105 580.8032989501953 103.5067253112793 608.7876892089844 147.79375839233398
0 0.0103 565.1459884643555 209.66188240051267 605.0178909301758 241.49444389343262
0 0.0102 0.0 2.8792552947998096 18.93185257911682 48.32498359680176
0 0.0101 39.30889129638672 133.6670379638672 91.05598449707031 157.4198226928711
0 0.0100 386.84459686279297 -74.88887977600096 443.30081939697266 -54.036919593811014
