0 0.1105 -21.066762924194325 266.59175872802734 17.372243881225593 303.3530044555664
0 0.0933 -21.070863723754876 306.55333518981934 17.38031196594239 343.38860511779785
0 0.0859 -21.07115936279296 226.7984962463379 17.358730316162113 263.1618309020996
0 0.0736 18.922312736511238 266.89327239990234 57.35757160186768 303.07430267333984
0 0.0637 18.930385589599616 306.7832088470459 57.358348846435554 343.1759738922119
0 0.0593 103.53697586059569 200.9425163269043 132.10703659057617 248.91862869262695
0 0.0533 18.92216491699219 226.90488815307617 57.35668945312501 263.0635643005371
0 0.0506 -61.3503737449646 287.9551410675049 -22.432245731353753 322.0973491668701
0 0.0432 -61.43189382553099 248.18309783935547 -22.361902713775628 281.888427734375
0 0.0419 -1.0855979919433518 346.93729400634766 37.36256408691407 383.0337142944336
0 0.0398 63.58673858642579 281.19129180908203 92.04659271240234 328.7007141113281
0 0.0384 -11.104604721069327 187.09196090698242 27.370031356811527 222.89098739624023
0 0.0376 93.60058593749999 251.27147674560547 122.02984619140625 298.63304138183594
0 0.0375 208.799560546875 147.5232172012329 247.43878173828125 182.4938726425171
0 0.0358 73.62471389770508 201.42942428588867 102.00072097778322 248.50343704223633
0 0.0331 63.587368011474624 331.19651794433594 92.04584884643555 378.69659423828125
0 0.0314 203.65296173095706 181.62025451660156 231.96671295166016 228.34819793701172
0 0.0313 213.49407958984372 122.15161323547363 263.02227783203125 147.9158878326416
0 0.0311 -36.34858322143554 341.6415786743164 -8.031246185302729 388.33614349365234
0 0.0281 173.65011978149414 171.59832000732422 201.9701271057129 218.36559295654297
0 0.0278 93.59303283691406 301.2277603149414 122.03900146484374 348.66992950439453
0 0.0277 233.64674377441406 181.57712936401367 261.9741516113281 228.38300704956055
0 0.0274 -106.345064163208 281.6596221923828 -78.03552818298338 328.32054138183594
0 0.0270 133.6123161315918 181.35406494140625 162.0157127380371 228.5662078857422
0 0.0267 248.77720642089844 147.59771347045898 287.4571685791015 182.4254035949707
0 0.0266 203.17468452453613 92.46726036071777 253.29437065124512 117.60943412780762
0 0.0265 123.64306259155275 251.54720306396484 151.97859573364258 298.4065628051758
0 0.0259 168.78166961669922 137.58543491363525 207.45323944091794 172.43669033050537
0 0.0254 -106.99999999999999 299.8858642578125 531.75 638.75
0 0.0251 28.873999595642093 187.21120834350586 67.38337802886963 222.78104782104492
0 0.0237 62.46735382080079 613.0445098876953 113.9161376953125 637.0406341552734
0 0.0236 -61.60120439529418 208.60164642333984 -22.21136045455932 241.50550842285156
0 0.0229 -106.99999999999996 0.0 403.91228485107416 281.5149688720703
0 0.0219 152.77258682250977 82.81379699707031 203.6448173522949 107.2695541381836
0 0.0214 158.56737899780273 238.21622848510742 197.63571548461914 271.857967376709
0 0.0209 -66.27416801452635 322.2259521484375 -38.12046241760253 367.87689208984375
0 0.0208 -106.99999999999999 247.90781021118164 -72.44819355010985 282.14075088500977
0 0.0202 263.61290740966797 191.35494232177734 292.01500701904297 238.5649871826172
0 0.0198 -106.99999999999999 327.8860092163086 -72.45331954956055 362.16075897216797
0 0.0196 203.6840896606445 231.85209274291992 231.929328918457 278.16370010375977
0 0.0195 123.65134048461913 301.60900115966797 151.9686393737793 348.3572769165039
0 0.0193 128.5709457397461 148.19678783416748 167.63356018066406 181.87580585479736
0 0.0193 153.57453155517578 112.05631256103516 202.9565887451172 138.00704956054688
0 0.0186 122.24345016479492 613.2139587402344 174.11444473266602 636.8731689453125
0 0.0185 153.67975997924802 271.8172264099121 181.93449783325195 318.19101333618164
0 0.0185 78.63037872314453 168.0363655090332 117.58175659179688 202.02280044555664
0 0.0182 93.64533233642577 351.5694046020508 121.97590637207031 398.3896255493164
0 0.0175 38.69602489471436 377.84236907958984 77.52599048614503 412.2007369995117
0 0.0171 263.6962203979492 91.95711135864258 291.91483306884766 138.0824851989746
0 0.0164 2.388389587402349 613.1035614013672 53.98627090454102 636.9821166992188
0 0.0160 208.35289764404294 58.725643157958984 247.8281478881836 91.3922119140625
0 0.0159 62.17268753051758 583.2685089111328 114.17677688598633 606.8194580078125
0 0.0156 233.69053649902344 231.90433502197266 261.92158508300776 278.1228256225586
0 0.0151 168.32203674316406 48.78626823425293 207.85698699951172 81.33689880371094
0 0.0150 -106.31843280792235 201.85199737548828 -78.06754779815672 248.1665802001953
0 0.0150 293.5674362182617 181.08625411987305 322.0700149536132 228.7907600402832
0 0.0145 502.01390075683594 12.949271202087402 531.75 37.07961559295654
0 0.0145 108.33369064331056 98.76890182495117 147.84556198120117 131.35272979736328
0 0.0142 188.5992889404297 278.12984466552734 227.6079635620117 311.9371032714844
0 0.0140 -67.7752013206482 613.2240676879883 -15.86823892593383 636.862678527832
0 0.0136 158.3224754333496 0.0 197.85578536987308 31.33009433746338
0 0.0132 73.09958267211914 142.53978729248047 123.3584098815918 167.53904342651367
0 0.0132 -1.3537139892578045 387.98545837402344 37.56865310668946 422.06947326660156
0 0.0128 502.0397834777831 622.6003837585449 531.7499809265137 638.7500190734863
0 0.0127 201.9002227783203 3.4566354751586914 254.42097473144528 26.63200855255127
0 0.0127 263.6593704223633 241.66933059692383 291.95900726318354 288.309268951416
0 0.0123 102.7689437866211 72.8223967552185 153.64685821533203 97.26175546646118
0 0.0122 13.612945556640636 141.3472557067871 42.014892578125 188.56996536254883
0 0.0121 128.4062271118164 348.6042785644531 167.77996826171875 381.50306701660156
0 0.0119 -106.30880069732665 361.9282913208008 -78.07909440994263 408.10665130615234
0 0.0117 293.599365234375 231.26995086669922 322.0313720703125 278.63536834716797
0 0.0117 248.50296783447266 58.37831258773804 287.6928024291992 91.70963525772095
0 0.0117 -26.334230422973622 141.72626495361328 1.951368331909186 188.26534271240234
0 0.0115 68.46340942382812 98.47535133361816 107.7280502319336 131.62087440490723
0 0.0113 181.78130912780762 613.5305786132812 234.52905464172363 636.5573883056641
0 0.0110 121.40312957763673 583.773307800293 174.87034606933594 606.3144302368164
0 0.0105 288.76168060302734 137.64623165130615 327.47017669677734 172.38085269927979
0 0.0103 -106.99999999999999 593.0107498168945 -66.1380262374878 617.0754623413086
0 0.0103 43.65174102783203 131.60730361938477 71.96812438964844 178.3579444885254
0 0.0101 323.5346298217773 180.9255599975586 352.10984039306635 228.93230438232422
0 0.0101 153.39491653442383 322.24754333496094 203.10736465454102 347.8224182128906
0 0.0101 212.44046020507812 33.07661056518555 263.9375 57.01038360595703
0 0.0100 52.09454345703126 553.3186340332031 104.24771118164064 576.7689514160156
0 0.0100 1.7557172775268641 573.5446166992188 54.552700996398926 596.54296875
