0 0.0254 0.0 281.1429977416992 598.828125 598.828125
0 0.0229 0.0 0.0 478.9802670478821 263.9202833175659
0 0.0182 539.5037949085236 566.9590473175049 598.8281428813934 598.828125
0 0.0157 480.64886927604675 0.0 598.8281071186066 65.48366099596024
0 0.0146 55.61244785785675 574.8332262039185 104.10644710063934 597.1226692199707
0 0.0138 479.90992069244385 196.72669172286987 598.828125 290.27538299560547
0 0.0117 479.90992069244385 84.22669172286987 598.828125 177.77538299560547
0 0.0117 112.06614375114441 574.6777296066284 160.17614006996155 597.2763776779175
0 0.0114 412.01512813568115 574.716317653656 460.22143363952637 597.2381472587585
0 0.0111 355.59900999069214 574.8422384262085 404.1185975074768 597.1136569976807
0 0.0109 486.7924690246582 583.8086843490601 535.5120420455933 598.828125
0 0.0103 177.5776505470276 574.7657060623169 225.90140104293823 597.1895456314087
