0 0.0518 246.30874633789062 324.87232208251953 303.7948226928711 345.19695281982416
0 0.0457 236.4073944091797 344.82769012451166 293.7031936645508 365.24288177490234
0 0.0434 246.36943817138672 304.84458923339844 303.73851776123047 325.22544860839844
0 0.0311 306.5018081665039 324.7796630859375 363.6166763305664 345.29136657714844
0 0.0281 256.4262390136719 284.81719970703125 313.68614196777344 305.25329589843744
0 0.0279 296.2737274169922 344.888687133789 353.82720947265625 365.18020629882807
0 0.0277 186.25627517700195 324.89494323730463 243.8437843322754 345.1734924316406
0 0.0254 0.0 219.8858642578125 638.75 558.75
0 0.0231 176.4044189453125 344.8310852050781 233.7054443359375 365.2397918701172
0 0.0229 0.0 -79.99999999999999 510.9122848510742 201.51496887207028
0 0.0226 206.91184997558594 364.5870208740234 263.2366180419922 385.48927307128906
0 0.0223 326.7323684692383 304.67197418212885 383.4029769897461 325.40203094482416
0 0.0222 266.85465812683105 364.61589813232416 323.2892322540283 385.45993804931635
0 0.0212 197.39713668823242 284.3303298950195 252.79203414916992 305.7491683959961
0 0.0196 227.90708541870117 254.05864715576175 282.3233985900879 276.0257339477539
0 0.0176 168.47959518432617 243.7192916870117 221.80253982543945 266.36768341064453
0 0.0166 0.0 -67.14264392852783 40.686564445495605 -42.77284622192383
0 0.0166 28.272149562835693 -36.15257263183594 81.9904351234436 -13.760938644409178
0 0.0165 488.7345886230469 233.55902671813962 541.5716552734375 256.5286350250244
0 0.0162 499.0023422241211 263.3841705322265 551.3299179077148 286.70387268066406
0 0.0154 286.2305736541748 264.9089813232422 343.8670825958252 285.15945434570307
0 0.0152 509.10045623779297 293.3190155029297 561.2414169311523 316.76918029785156
0 0.0149 28.468074798583984 -6.271669864654541 81.81255340576172 16.358892917633057
0 0.0146 416.79637908935547 284.6342086791992 473.34545135498047 305.43941497802734
0 0.0136 386.32286071777344 304.86572265624994 443.78173828125 325.2037048339843
0 0.0134 366.48059844970703 324.79259490966797 423.6355972290039 345.2786636352539
0 0.0132 218.4189796447754 223.76082420349118 271.85659408569336 246.3266086578369
0 0.0132 478.49327087402344 203.7076187133789 531.7908477783203 226.37893676757812
0 0.0128 427.65357971191406 254.19021606445312 482.557373046875 275.8909606933594
0 0.0126 356.64772033691406 284.71160888671875 413.4814453125 305.36125183105463
0 0.0123 512.6921272277832 -80.0 638.7499809265137 -10.150761604309086
0 0.0121 0.7747960090637207 -37.301998138427734 28.82136821746826 7.521123886108397
0 0.0121 548.7269592285156 243.56498718261716 601.5782928466797 266.5228271484375
0 0.0119 458.5673522949219 153.65699768066406 511.7247009277344 176.42913818359375
0 0.0117 276.52721405029297 234.7714328765869 333.59230041503906 255.30051231384275
0 0.0114 38.69463920593262 23.587779998779297 91.6070556640625 46.50026321411133
0 0.0114 459.24610137939453 123.20289611816405 511.11400604248047 146.8829345703125
0 0.0112 608.2628059387207 263.4295654296875 638.7499809265137 286.5960693359375
0 0.0111 427.8104019165039 224.1085052490234 482.41275787353516 245.9745407104492
0 0.0111 509.19883728027344 323.2477951049804 561.1538696289062 346.8397903442382
0 0.0107 608.9744567871094 542.6513481140137 638.75 558.7500190734863
0 0.0107 148.11365127563477 303.9409255981445 202.13472366333008 326.14475250244135
0 0.0106 158.6104154586792 213.63954544067383 211.68358325958252 236.44807815551758
0 0.0106 48.1198787689209 -76.06730461120605 102.13007926940918 -53.84763717651367
0 0.0105 539.1653823852539 213.27180862426758 591.1837387084961 236.81592941284177
0 0.0104 448.0937957763672 313.9426803588867 502.1549987792969 336.14147186279297
