0 0.0996 16.28230094909668 74.89110469818114 73.81772041320801 95.17889499664307
0 0.0881 16.006460189819336 55.01400947570801 74.07400131225586 75.05236625671385
0 0.0758 494.72423553466797 145.5487251281738 555.2685165405273 164.50059890747067
0 0.0708 26.124162673950195 94.96347427368163 83.9642333984375 115.10469436645508
0 0.0666 484.81895446777344 165.5119514465332 545.1799011230469 184.5387840270996
0 0.0600 504.9153518676758 125.47082901000975 565.0905990600586 144.58078384399414
0 0.0565 16.224899291992188 34.912252426147454 73.87216567993164 55.156259536743164
0 0.0513 556.4182281494141 144.8204803466797 613.6936950683594 165.24986267089844
0 0.0498 433.9653778076172 135.83990097045896 495.97755432128906 154.1993141174316
0 0.0480 74.66495513916016 75.57322025299071 135.32354354858398 94.47553157806396
0 0.0461 424.13246154785156 155.7785415649414 485.8209991455078 174.26311492919922
0 0.0448 495.3563690185547 185.29409408569333 554.6785736083984 204.76396560668945
0 0.0446 546.2880325317383 164.87714767456052 603.8151168823242 185.19113540649414
0 0.0436 515.3562927246094 105.2883529663086 574.6800994873047 124.76875305175781
0 0.0414 566.4104080200195 124.82358932495116 623.701057434082 145.2466011047363
0 0.0413 444.0530014038086 115.80497741699219 505.8961868286133 134.23503875732422
0 0.0360 74.79372978210449 55.52083015441894 135.20373344421387 74.529390335083
0 0.0357 36.46486282348633 114.80504989624022 93.64897727966309 135.2668571472168
0 0.0354 424.21451568603516 175.74766159057614 485.7442855834961 194.29513931274414
0 0.0347 404.5058059692383 255.6353759765625 465.4721450805664 274.41123962402344
0 0.0322 26.173105239868164 14.934043884277342 83.92061233520508 35.133552551269524
0 0.0322 444.4063186645508 95.66978454589842 505.5662155151367 114.3748092651367
0 0.0318 405.59749603271484 275.1917266845703 464.45423126220703 294.869384765625
0 0.0315 25.83589792251587 185.0872802734375 84.23290014266968 204.97665405273438
0 0.0310 84.73624229431152 95.54582595825195 145.25681495666504 114.50399398803711
0 0.0303 505.63255310058594 85.17143249511717 564.4229125976562 104.88925933837889
0 0.0281 556.6672134399414 184.69966888427734 613.4640884399414 205.3730010986328
0 0.0278 505.82515716552734 205.09317398071286 564.2425918579102 224.97079849243164
0 0.0273 608.026294708252 163.56813430786133 638.7499809265137 186.45559310913086
0 0.0272 465.5061340332031 255.22869110107425 524.5397186279297 274.83097076416016
0 0.0269 434.5610046386719 195.61449050903317 495.4204559326172 214.43296432495117
0 0.0256 466.5067672729492 274.7835922241211 523.6106491088867 295.2885055541992
0 0.0254 0.0 219.8858642578125 638.75 558.75
0 0.0239 434.7850036621094 75.52243709564208 495.2123260498047 94.52734470367432
0 0.0237 16.771936416625977 -5.345995426177978 73.36614608764648 15.420572757720945
0 0.0236 526.7126083374023 254.67952728271482 583.421745300293 275.39394378662104
0 0.0229 384.97936248779297 115.44763565063474 445.0302505493164 134.60523605346677
0 0.0229 0.0 -79.99999999999999 510.9122848510742 201.51496887207028
0 0.0227 414.5010757446289 235.63461303710938 475.47725677490234 254.4114685058594
0 0.0227 16.086101531982422 164.97182846069336 74.00169372558594 185.0944709777832
0 0.0223 608.3314514160156 243.38981628417966 638.75 266.6365051269531
0 0.0217 526.1812591552734 224.93011474609375 583.9131164550781 245.1375579833984
0 0.0216 26.711597442626953 204.68360900878906 83.42179298400879 225.39039611816406
0 0.0208 608.1864738464355 213.47547531127927 638.7500190734863 236.54966354370117
0 0.0208 364.8513412475586 145.49966812133786 425.14949798583984 164.5516014099121
0 0.0200 576.8585586547852 94.60453033447266 633.2878494262695 115.46985626220703
0 0.0197 424.7635269165039 215.5330467224121 485.23181915283203 234.51681137084958
0 0.0191 495.88733673095703 65.06100177764893 554.1860580444336 85.0029706954956
0 0.0190 385.3267288208008 95.30521392822266 444.70645904541016 114.75227355957031
0 0.0185 608.5832214355469 273.23497772216797 638.75 296.7929458618164
0 0.0184 364.9372100830078 165.46722412109372 425.0688934326172 184.58553314208984
0 0.0182 95.10688781738281 115.39836883544922 154.9106788635254 134.6566390991211
0 0.0182 527.4382781982422 284.3132400512695 582.7532196044922 305.76732635498047
0 0.0165 26.671831607818604 144.69573974609372 83.46019506454468 165.37673950195312
0 0.0161 417.1817398071289 294.44789886474604 472.9887008666992 315.63053131103516
0 0.0158 75.25487899780273 35.33258438110352 134.77401733398438 54.72354888916015
0 0.0153 425.2352523803711 55.340728759765625 484.7922897338867 74.71513748168945
0 0.0141 0.0 -36.67555332183838 41.2468147277832 -13.23610782623291
0 0.0140 375.32772064208984 195.30759811401367 434.7048568725586 214.75034713745117
0 0.0139 375.9544372558594 75.03406524658203 434.1230773925781 95.03116607666014
0 0.0133 477.8952407836914 304.06852722167963 532.3334884643555 326.01623535156244
0 0.0133 87.01663970947266 194.5336151123047 143.14029693603516 215.5435562133789
0 0.0127 0.0 -66.8947696685791 40.97135066986084 -43.017959594726555
0 0.0126 608.9772033691406 542.6492500305175 638.75 558.7499809265137
0 0.0125 608.7122344970703 303.1515884399414 638.75 326.8767166137695
0 0.0123 608.1262397766113 63.50948810577391 638.7499809265137 86.51496410369873
0 0.0123 135.14467239379883 65.37834167480469 194.87661361694336 84.67639923095703
0 0.0119 345.70152282714844 275.14808654785156 404.3572235107422 294.91455078125
0 0.0115 0.0 98.99864196777342 25.205342769622803 131.14482879638672
0 0.0114 85.99654197692871 135.0193977355957 144.08297538757324 155.04701614379883
0 0.0111 345.4526138305664 255.2523422241211 404.58927154541016 274.80678558349604
0 0.0107 325.8988952636719 225.05836486816403 384.1747283935547 245.00614166259763
0 0.0106 326.6889953613281 104.69329833984375 383.4429931640625 125.38024902343749
0 0.0106 486.15760803222656 44.938926696777344 543.935546875 65.12813568115233
0 0.0104 428.1582260131836 323.91349792480463 482.0943832397461 346.1722564697265
0 0.0100 405.9690856933594 35.025148391723626 464.1100311279297 55.039892196655266
