0 0.2941 113.06253433227538 344.91416931152344 228.19150924682614 394.5640563964844
0 0.1842 141.6816520690918 394.8171615600586 208.67944717407227 454.88826751708984
0 0.1834 121.6326332092285 284.93069648742676 188.7319755554199 344.8097515106201
0 0.1472 75.5899429321289 346.2150192260742 114.7941207885742 383.7044143676758
0 0.1361 90.31892776489256 290.4669189453125 119.37501907348631 339.4723129272461
0 0.1337 100.3387451171875 390.45562744140625 129.35035705566406 439.4580078125
0 0.1258 195.79366683959958 306.2084197998047 234.56418991088864 343.7090301513672
0 0.1248 209.52462196350098 390.6787109375 260.6558132171631 439.0879821777344
0 0.0964 70.48633575439453 390.77239990234375 99.16900634765625 439.0864562988281
0 0.0907 60.465946197509766 290.6901168823242 89.19385910034178 339.16309356689453
0 0.0897 230.36669731140137 340.4484176635742 259.3156909942627 389.4320297241211
0 0.0781 125.88808059692381 246.3970947265625 164.4406700134277 283.5335159301758
0 0.0724 90.46741485595702 240.67291259765625 119.19193267822266 289.1727828979492
0 0.0697 185.92393875122067 266.5345573425293 224.38787460327146 303.40600967407227
0 0.0667 35.78204154968262 347.50492095947266 74.4603443145752 382.51087188720703
0 0.0632 260.46585083007807 380.6631088256836 289.1938018798828 429.18094635009766
0 0.0600 261.7449569702148 331.3558578491211 348.89774322509766 378.30562591552734
0 0.0550 60.5687141418457 241.11122131347656 89.06856536865234 288.7730407714844
0 0.0511 210.57001113891602 441.13819122314453 239.06709671020508 488.7540054321289
0 0.0474 40.66152572631837 381.7085266113281 68.9565658569336 428.28155517578125
0 0.0468 235.9295654296875 296.5529251098633 274.3798828125 333.38897705078125
0 0.0455 355.7194137573242 347.7883529663086 394.5046615600586 382.25032806396484
0 0.0426 30.6449031829834 261.5694236755371 58.97643089294433 308.3901023864746
0 0.0418 245.86177825927734 437.19627380371094 284.3986129760742 472.7949523925781
0 0.0407 165.80875396728516 457.4073791503906 204.43916320800778 492.6006317138672
0 0.0389 295.90118408203125 377.05726623535156 334.3666076660156 412.9229736328125
0 0.0358 280.5542755126953 281.0235118865967 309.08599853515625 328.8464069366455
0 0.0356 110.58416366577148 441.21227264404297 139.04993057250977 488.6899185180664
0 0.0347 165.85395812988278 227.2945785522461 204.39838409423828 262.7042770385742
0 0.0344 15.587568283081055 308.143310546875 54.61993217468262 341.92481994628906
0 0.0336 15.57936668395996 228.18504333496094 54.62517738342285 261.88655853271484
0 0.0307 350.6673049926758 321.9536590576172 399.87918853759766 348.1060028076172
0 0.0302 125.85819244384764 207.27489471435547 164.3954086303711 242.7224349975586
0 0.0297 -79.31785345077515 181.85348510742188 -51.068263053894036 228.16497802734375
0 0.0286 55.57435989379882 438.1510543823242 94.6341323852539 471.91783905029297
0 0.0281 0.7051467895507818 262.03718185424805 28.904170989990234 308.02106857299805
0 0.0277 340.8951568603515 381.63135528564453 389.70176696777344 408.4109878540039
0 0.0258 5.447006225585937 188.51539611816406 44.7426414489746 221.58428192138672
0 0.0257 230.55484771728513 241.02828979492188 259.0852737426758 288.8426208496094
0 0.0249 295.7560729980468 417.6582336425781 334.47540283203125 452.3698425292969
0 0.0246 60.8519983291626 211.68750762939453 109.73641872406004 238.35742950439453
0 0.0245 -24.73178625106811 228.89490127563477 14.906919002532957 261.2378120422363
0 0.0240 -4.6894264221191415 358.8096237182617 34.86763000488281 391.3155746459961
0 0.0238 -80.0 148.10937404632568 -45.39259910583497 181.95589542388916
0 0.0231 -79.31065082550049 231.90998077392578 -51.076898574829094 278.1205368041992
0 0.0229 -79.99999999999999 0.0 430.91228485107416 281.5149688720703
0 0.0221 10.739555358886717 392.3482894897461 38.86318206787109 437.78324127197266
0 0.0217 310.61901092529297 281.38912200927734 339.00760650634766 328.5359573364258
0 0.0204 165.63774108886716 188.02845001220703 204.5742034912109 222.030029296875
0 0.0198 -34.8611831665039 189.16376113891602 5.025768280029298 220.99279403686523
0 0.0188 244.97406005859375 469.99900817871094 558.75 638.75
0 0.0179 125.56745529174806 168.2189178466797 164.63537216186523 201.85550689697266
0 0.0175 335.66478729248047 407.94410705566406 374.5516586303711 442.1073913574219
0 0.0175 45.42591094970703 178.55951309204102 84.76213455200194 211.54394149780273
0 0.0174 -9.955101013183594 162.58750915527344 40.40601730346679 187.49225616455078
0 0.0162 345.6648635864258 287.9542541503906 384.5505905151367 322.0980453491211
0 0.0159 85.63005447387694 178.04590225219727 124.58124160766602 212.0140266418457
0 0.0154 395.3447341918945 348.74786376953125 434.83516693115234 381.3719177246094
0 0.0149 -80.0 498.57154846191406 175.418701171875 638.75
0 0.0149 209.4168472290039 613.0826568603516 260.9609222412109 637.0028686523438
0 0.0144 -79.30638074874878 101.94270133972168 -51.08202457427978 148.09470176696777
0 0.0143 -50.712547302246094 263.1795120239258 1.07574462890625 286.9070053100586
0 0.0138 205.72696685791013 207.7680206298828 244.49798583984375 242.2689437866211
0 0.0136 15.09561538696289 439.2485809326172 55.06584167480468 470.9156036376953
0 0.0133 260.62164306640625 231.4159393310547 289.00451660156244 278.515625
0 0.0125 -24.944782257080075 309.3206024169922 15.104017257690431 340.8500671386719
0 0.0123 -79.29528713226318 282.0345211029053 -51.09529495239257 328.0232334136963
0 0.0109 -4.722003936767578 128.8902711868286 34.89633560180664 161.2419843673706
0 0.0106 170.70457458496094 142.02239990234375 198.90480041503906 188.03119659423828
0 0.0102 375.55473327636713 408.2447052001953 414.64729309082026 441.83189392089844
0 0.0102 205.18321990966797 489.07039642333984 244.98516082763672 521.0778427124023
0 0.0102 39.85715866088867 152.7488899230957 90.5696678161621 177.33396530151367
0 0.0100 -19.20033454895019 392.9960632324219 8.792190551757812 437.3046112060547
