0 0.0446 116.26266479492188 208.39356994628906 173.83750915527344 228.67517089843747
0 0.0378 176.4057731628418 218.32639312744143 233.70519638061523 238.7438735961914
0 0.0357 116.3282585144043 228.36503601074222 173.7763214111328 248.70469665527344
0 0.0315 106.68781280517578 188.19093322753906 163.4447479248047 208.8821563720703
0 0.0295 196.7397689819336 198.16485023498535 253.39698791503906 218.90862083435056
0 0.0274 57.263479232788086 207.90574645996097 112.91356086730957 229.17344665527347
0 0.0258 526.9362258911133 198.06993103027344 583.2152938842773 219.00582885742188
0 0.0254 0.0 193.38586425781247 638.75 532.25
0 0.0229 0.0 -106.49999999999999 510.9122848510742 175.01496887207034
0 0.0212 196.67787551879883 238.19844818115234 253.45327377319336 258.8749465942383
0 0.0206 237.17174530029297 217.94892883300778 292.99888610839844 239.12881469726562
0 0.0206 587.3233032226562 207.865873336792 638.75 229.21248054504397
0 0.0193 517.5399017333984 167.75889968872073 572.6599884033203 189.32246780395508
0 0.0190 0.0 217.15028381347653 51.69410705566406 239.93775939941403
0 0.0189 17.672433853149414 187.68933868408203 72.53798484802246 209.39340209960938
0 0.0180 67.70713567733765 167.66778564453125 122.5067925453186 189.4148406982422
0 0.0180 0.0 137.0072898864746 51.4921760559082 160.08113479614258
0 0.0177 57.130231857299805 237.97490692138672 113.03597450256348 259.103141784668
0 0.0171 608.1086730957031 237.02077484130857 638.75 260.0037155151367
0 0.0158 0.0 106.93135833740236 51.387505531311035 130.15721893310547
0 0.0157 147.39728927612305 167.82798385620114 202.79241561889648 189.25117111206055
0 0.0152 237.57957458496094 177.73460006713867 292.62428283691406 199.34665298461914
0 0.0145 608.3207702636719 176.89422225952148 638.75 200.1317558288574
0 0.0138 608.6556243896484 -93.31312084197995 638.75 -69.65892696380612
0 0.0137 516.9233322143555 228.07927703857422 573.2265090942383 248.99678802490232
0 0.0137 0.0 76.78571319580078 51.19757652282715 100.30244445800781
0 0.0137 78.1063175201416 137.4426612854004 132.14198112487793 159.64263534545896
0 0.0131 136.68901443481445 248.19520568847656 193.44247817993164 268.87864685058594
0 0.0128 608.9614105224609 516.1615715026855 638.75 532.2500190734862
0 0.0127 0.0 247.27399444580078 51.872854232788086 269.813591003418
0 0.0122 508.16417694091797 137.40878677368167 562.0892715454102 159.67681503295898
0 0.0122 287.94758796691895 197.53466224670413 342.28663444519043 219.54979515075686
0 0.0117 338.0011749267578 217.50642395019528 392.23716735839844 239.57872009277344
0 0.0117 318.331298828125 157.30910873413086 371.937255859375 179.77721786499023
0 0.0117 609.5881652832031 486.0127792358399 638.75 511.0124740600586
0 0.0109 608.3731842041016 266.86524963378906 638.75 290.1614532470703
0 0.0108 511.90391540527344 -56.65819549560546 638.75 43.127075195312514
0 0.0107 467.5215148925781 207.7660236358643 522.6774597167969 229.31477165222168
0 0.0105 228.0744743347168 147.4586067199707 282.171573638916 169.62611770629883
0 0.0103 0.0 46.69358348846437 51.07826232910156 70.39438343048097
0 0.0100 608.5070991516113 146.7809829711914 638.7499809265137 170.2462921142578
