0 0.2450 178.94220352172852 46.92254638671876 231.3844871520996 70.16522979736328
0 0.1910 117.68985748291016 47.67861461639406 172.52229690551758 69.40408802032472
0 0.1783 167.13119506835938 17.97616577148439 223.03470611572266 39.10216903686525
0 0.1507 171.077880859375 72.63154602050781 239.3790054321289 104.4044647216797
0 0.1246 117.86667346954346 77.57825469970703 172.3610258102417 99.50536346435547
0 0.1237 107.30441570281982 17.88673019409181 162.87540912628174 39.193149566650405
0 0.0802 227.69371032714844 27.68068885803224 282.51781463623047 49.40266227722169
0 0.0770 196.52854919433594 -1.7293491363525249 253.59111785888672 18.80127525329591
0 0.0720 136.70272827148438 -11.811584472656234 193.42987060546875 8.88557052612306
0 0.0690 238.98303985595703 56.90209960937501 291.3462448120117 80.18663024902344
0 0.0417 77.87282705307007 -12.418626785278306 132.353937625885 9.503255844116223
0 0.0382 138.43223094940186 107.24996185302737 191.8451738357544 129.83708953857422
0 0.0344 74.61394309997559 43.622799873352065 115.51663398742676 73.62217998504639
0 0.0331 156.23027324676514 -31.589819431304917 213.8670778274536 -11.341554164886459
0 0.0303 239.8741340637207 86.23759841918947 290.5542182922363 110.84540939331055
0 0.0254 0.0 193.38586425781247 638.75 532.25
0 0.0225 216.41498565673828 -21.677564620971662 273.6965560913086 -1.2520351409911958
0 0.0207 74.69006538391113 73.49673843383789 115.44451713562012 103.73630142211915
0 0.0200 64.60564613342285 13.63569831848146 105.52458763122559 43.61052131652833
0 0.0187 97.09836959838867 -42.00737380981443 153.06495666503906 -20.914634704589826
0 0.0176 324.9726104736328 -106.49999999999997 638.75 63.18856811523439
0 0.0159 511.90391540527344 63.34180450439453 638.75 163.1270751953125
0 0.0156 194.90890502929688 113.09724426269531 235.24028778076172 144.09864044189453
0 0.0146 179.66663360595703 216.4044723510742 230.73692321777344 240.68082427978516
0 0.0146 369.58885192871094 206.4641819000244 420.80589294433594 230.62172508239746
0 0.0133 139.1560697555542 136.78216552734378 191.1912202835083 160.30614471435547
0 0.0130 608.9790344238281 516.1478767395018 638.75 532.2499809265137
0 0.0127 257.0770072937012 -1.9996871948242045 313.0853843688965 19.07699203491212
0 0.0114 129.83705520629883 206.26294708251953 180.58780670166016 230.81983184814456
0 0.0112 419.20360565185547 216.74890136718753 471.14864349365234 240.33929443359378
0 0.0111 94.73759651184082 103.41678237915039 135.3995418548584 133.80874252319336
0 0.0109 239.23894882202148 216.7210159301758 291.11764907836914 240.36664581298828
0 0.0109 319.5840549468994 216.46474456787112 370.8107662200928 240.62078094482422
0 0.0105 18.37697982788086 -12.713521957397447 71.89468383789062 9.800764083862319
0 0.0104 609.5929718017578 486.0081634521484 638.75 511.0169372558594
0 0.0102 156.27825260162354 -51.614531517028794 213.8232946395874 -31.316708564758287
