0 0.1478 155.04669666290283 104.91932106018068 214.96772289276123 124.13427543640135
0 0.1472 607.5653839111328 63.32292747497559 638.75 85.69608879089357
0 0.1387 155.10087966918945 124.89621353149414 214.9174690246582 144.1579360961914
0 0.1353 608.4017181396484 92.8487892150879 638.75 116.17823791503908
0 0.1263 596.4920234680176 34.2742557525635 638.7499809265137 54.79511451721194
0 0.1258 134.41293239593506 85.17184448242189 195.55880069732666 103.87360763549806
0 0.1157 506.5385437011719 64.2713875770569 563.5805511474609 84.80149221420288
0 0.1142 135.1865577697754 144.86453247070312 194.83671188354492 164.19131469726562
0 0.1119 498.01025390625 103.49486541748047 552.2303009033203 125.58938217163087
0 0.1020 586.1336517333984 14.44250297546389 638.75 34.62311935424807
0 0.1018 609.0937042236328 122.39339065551758 638.75 146.63544845581055
0 0.0981 505.35064697265625 44.799034118652365 564.6832275390625 64.25937843322755
0 0.0971 94.86349105834961 104.99565315246582 155.13795852661133 124.05594062805176
0 0.0968 123.778076171875 65.40806007385255 186.15312576293945 83.628475189209
0 0.0950 215.7799530029297 104.61177062988283 274.28489685058594 124.45145797729494
0 0.0944 94.88723754882812 124.98563957214357 155.11592864990234 144.06618309020996
0 0.0905 195.0108528137207 84.93610572814943 255.00055313110352 104.11739540100098
0 0.0845 216.22133255004883 124.41287231445312 273.8757133483887 144.6554298400879
0 0.0805 505.21236419677734 14.85001754760745 564.8136520385742 34.20552921295169
0 0.0789 507.61341094970703 133.72205924987793 562.5918960571289 155.36031913757324
0 0.0780 75.2945613861084 84.82136917114258 134.73572731018066 104.23613739013673
0 0.0780 136.03158473968506 164.50282287597653 194.05066013336182 184.56385803222656
0 0.0755 196.12249374389648 144.45601654052734 253.96780014038086 164.6108169555664
0 0.0684 75.64916372299194 144.6722526550293 134.40550088882446 164.38996505737302
0 0.0659 609.2083549499512 152.30824661254883 638.7500190734863 176.7199821472168
0 0.0634 114.42209243774414 45.16029071807863 175.55233001708984 63.883921623229995
0 0.0632 447.45262145996094 73.80844306945802 502.7394104003906 95.2726573944092
0 0.0619 36.503047943115234 104.28609085083009 93.61388206481934 124.78608322143555
0 0.0611 65.57854652404785 64.70091772079469 124.47157859802246 84.36013650894166
0 0.0580 194.6346664428711 65.08469772338869 255.35194396972656 83.96356773376466
0 0.0558 547.8153228759766 83.61371231079102 602.4064636230469 105.47055435180665
0 0.0542 490.0054931640625 192.1194381713867 540.4408264160156 216.9606704711914
0 0.0525 589.2797660827637 182.68763732910153 638.7500190734863 206.39929962158203
0 0.0505 76.41971588134766 164.3265075683594 133.69068145751953 184.74494171142578
0 0.0503 96.64871215820312 24.199220657348658 153.48339080810547 44.87180423736575
0 0.0489 7.571344375610352 73.74849510192873 62.629642486572266 95.33411216735841
0 0.0483 17.33774185180664 13.863818168640162 72.84605979919434 35.21551799774171
0 0.0483 196.54064178466797 164.2627639770508 253.58043670654297 184.80895233154297
0 0.0479 509.2277526855469 162.7298469543457 561.1274719238281 186.357967376709
0 0.0463 26.469707489013672 44.295532226562514 83.64623069763184 64.77527809143068
0 0.0460 446.5371322631836 44.268805503845236 503.58264923095703 64.80355930328372
0 0.0447 446.26049041748047 14.394123077392603 503.83960723876953 34.67450809478762
0 0.0435 116.99291229248047 184.04656600952146 173.16192626953125 205.0305290222168
0 0.0434 515.51513671875 257.84922790527344 554.6818542480469 291.2362213134765
0 0.0426 500.1494598388672 221.99114990234372 550.3159332275391 247.08621215820307
0 0.0421 174.62827682495117 45.08523178100588 235.3584098815918 63.962614059448256
0 0.0414 438.6787796020508 183.09521865844727 491.6219711303711 205.99240493774414
0 0.0408 137.16497898101807 3.9524145126343044 193.00511837005615 25.12524318695071
0 0.0387 437.94036865234375 103.53861999511719 492.2932434082031 125.54576110839844
0 0.0370 17.622766494750977 133.71799659729004 72.58312225341797 155.36461067199707
0 0.0369 539.9921417236328 192.13599395751956 590.4514312744141 216.94503021240232
0 0.0345 195.68111419677734 4.645146846771267 254.37911987304688 24.41529703140261
0 0.0341 589.2078399658203 212.745735168457 638.75 236.34242248535153
0 0.0339 28.589935302734375 293.1561965942383 81.70132637023926 315.93192291259766
0 0.0336 155.46411514282227 24.741637229919455 214.58002090454102 44.31665134429933
0 0.0332 387.3910140991211 13.83958530426028 442.7962875366211 35.24077606201174
0 0.0330 255.6441879272461 84.66978263854982 314.4112777709961 104.39161491394043
0 0.0325 564.9827194213867 118.96693420410156 605.1706314086914 150.21701049804685
0 0.0320 439.6409606933594 212.42085647583008 490.7604217529297 236.66417312622065
0 0.0319 475.4241180419922 248.06525421142572 514.7635650634766 281.0386962890625
0 0.0316 49.36171531677246 332.6316757202148 101.00825309753418 356.4553756713867
0 0.0311 387.3448181152344 43.86605453491214 442.8382110595703 65.21424484252931
0 0.0310 525.5828094482422 297.6676959991455 564.6229553222656 331.4024181365967
0 0.0295 27.588577270507812 263.7373847961426 82.61425971984863 285.34508895874023
0 0.0293 5.331411361694336 318.27915382385254 44.84713077545166 350.84337425231934
0 0.0292 177.1468734741211 193.96788787841797 233.02032470703125 215.11054229736328
0 0.0281 609.5275688171387 292.0546836853027 638.7500190734863 316.97022628784174
0 0.0269 448.17604064941406 153.39828205108643 502.07923889160156 175.6868619918823
0 0.0266 0.0 99.12617874145509 35.24498224258423 130.07231903076172
0 0.0264 118.16669464111328 273.4098167419433 172.08642959594727 295.6761665344238
0 0.0257 555.6204223632812 257.5734634399414 594.5894622802734 291.4887924194336
0 0.0256 108.93123626708984 332.9333419799804 161.39360427856445 356.15493011474604
0 0.0255 47.31509208679199 183.87883377075198 102.86614418029785 205.2007789611816
0 0.0254 0.0 299.38586425781244 638.75 638.2499999999999
0 0.0253 69.25724983215332 362.70705413818354 121.10148429870605 386.38045501708973
0 0.0250 276.3238525390625 104.36687660217287 333.7804412841797 124.7027988433838
0 0.0244 387.4309539794922 73.81887388229372 442.7594757080078 95.2618832588196
0 0.0236 214.9835205078125 24.94249534606936 275.02723693847656 44.10986614227296
0 0.0232 88.8827133178711 302.96694946289057 141.43701553344727 326.1215133666992
0 0.0229 0.0 -0.49999999999997174 510.9122848510742 281.01496887207026
0 0.0228 17.507405281066895 233.78110122680664 72.68867015838623 255.30072402954096
0 0.0225 235.07505416870117 44.90613174438479 294.9416923522949 64.14756965637208
0 0.0225 255.41810989379883 64.76389360427858 314.6221351623535 84.2942614555359
0 0.0223 595.5731582641602 257.70518493652344 634.630241394043 291.36809539794916
0 0.0221 485.4460906982422 298.01132392883295 524.7441101074219 331.08801078796387
0 0.0211 178.98544311523438 272.8947563171386 231.34532928466797 296.193172454834
0 0.0209 257.0051956176758 144.03680038452148 313.1514358520508 165.03985595703122
0 0.0208 515.363655090332 338.20128631591797 554.8184585571289 370.91445159912104
0 0.0208 435.29361724853516 238.35492324829102 474.88224029541016 270.774242401123
0 0.0205 76.8704628944397 224.10018157958984 133.27651739120483 244.97454833984372
0 0.0192 168.6418914794922 343.1186599731445 221.6553497314453 365.9689254760742
0 0.0191 0.0 203.11625671386716 51.64299964904785 225.9720916748047
0 0.0190 147.51142501831055 243.77450180053708 202.6860237121582 265.30667495727533
0 0.0190 78.29170227050781 -0.49999999999997174 132.05875396728516 16.088894128799463
0 0.0189 388.26244354248047 163.35570526123047 441.9987106323242 185.73111724853516
0 0.0189 148.86629104614258 302.97305297851557 201.45280838012695 326.11472320556635
0 0.0180 276.51058197021484 24.270193099975607 333.6098861694336 44.800116539001486
0 0.0179 237.54417419433594 183.7559814453125 292.65621185302734 205.3253479003906
0 0.0179 575.4707145690918 604.2563171386718 638.7500190734863 638.2499999999999
0 0.0178 387.7000427246094 123.67383193969727 442.5128173828125 145.40906143188477
0 0.0176 0.0 163.1391830444336 51.6754150390625 185.9491271972656
0 0.0175 565.6847381591797 297.39302825927734 604.5339202880859 331.65423583984375
0 0.0173 256.4369583129883 4.301425933837918 313.67881774902344 24.76751995086672
0 0.0173 389.43870544433594 202.57910919189453 440.9388732910156 226.508056640625
0 0.0173 25.028514862060547 358.8871688842773 65.12726783752441 390.28952789306635
0 0.0168 609.4190216064453 322.1466751098632 638.75 346.88002777099604
0 0.0168 486.9991683959961 -0.49999999999997174 543.2487106323242 15.372981548309351
0 0.0168 137.2705888748169 213.89994812011716 192.90751934051514 235.1789779663086
0 0.0167 198.05526733398438 223.4752960205078 252.1878433227539 245.6101531982422
0 0.0161 327.9766082763672 3.515548229217555 382.2607421875 25.568704128265406
0 0.0160 349.3088912963867 612.6633377075194 401.0567855834961 636.4230270385741
0 0.0159 420.02925872802734 272.10145187377924 470.4195785522461 296.9786186218261
0 0.0157 124.81933116912842 359.27138519287104 165.32291889190674 389.940559387207
0 0.0153 409.4213104248047 612.5788040161132 460.95703125 636.5066452026366
0 0.0149 289.3128967285156 612.6605529785155 341.05316162109375 636.425811767578
0 0.0146 89.24062728881836 622.2322387695311 141.21713638305664 638.2499999999999
0 0.0146 239.43586349487305 272.57519912719727 290.94263076782227 296.5111656188965
0 0.0143 209.02223587036133 302.86720466613764 261.3128089904785 326.22030448913574
0 0.0143 395.3398132324219 228.2588119506836 434.8396301269531 260.86192321777344
0 0.0142 475.42308807373047 338.06971740722656 514.764289855957 371.0346527099609
0 0.0141 228.78969192504883 343.02516174316406 281.5214729309082 366.0628051757812
0 0.0141 59.19867515563965 392.7468795776367 111.15422248840332 416.34055328369135
0 0.0141 390.7173538208008 261.6322250366211 418.8895034790039 307.4463577270507
0 0.0141 555.5690383911133 337.71094512939453 594.6343612670898 371.3628311157226
0 0.0138 515.5757904052734 377.6922149658202 554.6285247802734 411.37995910644526
0 0.0134 546.7998123168945 -0.49999999999997063 603.4340286254883 15.274220228195215
0 0.0134 229.27518844604492 612.6883239746093 281.0867118835449 636.3982696533202
0 0.0133 360.7026672363281 261.5062637329101 388.90708923339844 307.5436706542969
0 0.0129 0.7840490341186523 272.29260635375977 28.810410499572754 316.9507713317871
0 0.0128 445.35717010498047 298.21697425842285 484.82425689697266 330.90013694763184
0 0.0124 519.3056488037109 622.1791191101073 571.1600494384766 638.2500190734862
0 0.0123 289.98424530029297 272.13418197631836 340.4600524902344 296.94581222534174
0 0.0121 168.7586212158203 373.04568481445307 221.54945373535156 396.04235839843744
0 0.0120 279.2670726776123 322.6939697265625 331.09402656555176 346.39262390136713
0 0.0120 259.00524139404297 212.87848663330078 311.328125 236.20902252197266
0 0.0119 249.34423446655273 242.64184188842773 301.0243797302246 266.4449043273926
0 0.0115 307.06936836242676 124.0059871673584 363.0919933319092 145.0715274810791
0 0.0115 609.4291877746582 352.1385498046875 638.7499809265137 376.88807678222656
0 0.0114 438.99539947509766 572.8871841430663 491.33655548095703 596.2006301879882
0 0.0112 505.13458251953125 548.6778182983397 545.0291442871094 580.4799575805663
0 0.0110 609.3017578125 472.2387619018554 638.75 496.78900909423817
0 0.0109 459.77935791015625 602.309829711914 510.6385803222656 626.7736358642577
0 0.0109 370.72864532470703 311.7397899627685 398.8761520385742 357.3648853302002
0 0.0108 0.0 38.84747219085696 25.37646770477295 70.32728862762453
0 0.0106 340.7460021972656 311.9099731445312 368.8555145263672 357.2366638183593
0 0.0106 405.40382385253906 308.11316680908203 444.78179931640625 340.9949417114257
0 0.0105 525.18310546875 468.5878677368164 564.9835205078125 500.561897277832
0 0.0105 169.59821701049805 612.4434204101561 220.8003807067871 636.6405792236327
0 0.0104 347.3170852661133 103.87755584716798 402.86434173583984 125.20205688476561
0 0.0103 317.48547554016113 43.784896850585966 372.710599899292 65.29556465148927
0 0.0101 475.48694610595703 377.91567993164057 514.7072982788086 411.1754913330078
