0 0.0915 326.11802220344543 214.5589845776558 369.34390664100647 231.3162195086479
0 0.0905 195.17573714256287 330.5435659885406 234.84209179878235 349.709022283554
0 0.0901 325.92812180519104 152.16112458705902 369.51765418052673 168.71288740634918
0 0.0885 279.35418486595154 206.68481612205505 322.367399930954 223.56595420837402
0 0.0874 271.7915177345276 151.86854028701782 314.32420015335083 169.01038908958435
0 0.0864 186.0554814338684 261.12427139282227 228.2036542892456 278.5053434371948
0 0.0832 326.42632722854614 190.95591032505035 369.0609335899353 208.04697597026825
0 0.0827 333.7518870830536 238.09112930297852 377.32020020484924 254.65770387649536
0 0.0792 186.57739460468292 284.2400553226471 227.73022949695587 302.26634764671326
0 0.0791 154.97080981731415 237.58720183372498 196.8035250902176 255.1680090427399
0 0.0782 287.4264121055603 229.98614931106567 329.9405574798584 247.14257144927979
0 0.0767 194.8530077934265 307.3556008338928 235.1277470588684 326.0247292518615
0 0.0747 226.67860984802246 150.6353499889374 265.87221026420593 170.23773813247684
0 0.0743 234.13655906915665 322.81317138671875 273.9940509200096 341.8156089782715
0 0.0735 280.3361713886261 182.66624534130096 321.47350907325745 200.7143827676773
0 0.0723 156.098410487175 322.7430763244629 195.79263031482697 341.8846907615661
0 0.0711 139.56308364868164 260.8932735919952 180.9808611869812 278.73806977272034
0 0.0709 187.94916570186615 142.48195612430573 226.52815282344818 162.7551349401474
0 0.0693 233.2405149936676 268.7485101222992 274.7971713542938 286.5072371959686
0 0.0690 373.90974164009094 214.03174424171445 415.3824746608734 231.84888386726377
0 0.0682 201.62707567214966 237.71612668037417 243.87773871421814 255.03795170784
0 0.0678 148.55118095874786 150.63587152957916 187.74963915348053 170.2370377779007
0 0.0659 263.08712363243103 128.89458560943604 307.3318302631378 145.10114812850955
0 0.0649 140.06827771663666 283.99153375625605 180.52639067173004 302.51463079452515
0 0.0646 273.07960391044617 315.09338641166687 313.1621778011322 333.9114668369293
0 0.0641 249.0266188979149 245.21012926101682 290.2761474251747 263.17115449905396
0 0.0639 325.73115825653076 128.82143580913544 369.69947814941406 145.17543041706085
0 0.0639 240.64099043607712 222.12241911888128 282.98378735780716 239.38183808326724
0 0.0635 295.6981360912323 253.15238857269284 337.3350203037262 270.85359716415405
0 0.0632 234.43907499313354 345.99609994888306 273.72944355010986 365.503210067749
0 0.0620 249.076746404171 292.0541944503784 290.23054987192154 310.07738733291626
0 0.0608 312.2371435165405 322.8334369659424 352.1403670310974 341.7957010269165
0 0.0600 287.8282070159912 276.6221346855164 329.5753002166748 294.25819540023804
0 0.0589 365.80541729927063 167.33424687385562 407.8350365161896 184.79518914222717
0 0.0586 242.3117756843567 174.06292581558228 281.49062395095825 193.68465566635135
0 0.0582 187.79654800891876 166.07581400871277 226.657435297966 186.0411050319672
0 0.0580 341.95542335510254 261.32221841812134 384.77349281311035 278.3050718307495
0 0.0575 233.34186524152756 198.3563187122345 274.7088745236397 216.27243185043335
0 0.0569 460.4823738336563 151.10501968860626 499.0234225988388 169.7756382226944
0 0.0568 195.5002397298813 353.694904088974 234.5602959394455 373.42666411399836
0 0.0568 311.83040142059326 299.69705963134766 352.5022268295288 318.05952215194696
0 0.0563 148.48613739013672 174.13081550598147 187.8061592578888 193.61825609207153
0 0.0558 148.52206408977509 127.2251936197281 187.77473270893097 146.77337133884433
0 0.0558 273.3537554740906 338.3113625049591 312.9207491874695 357.56545090675354
0 0.0554 155.6520015001297 213.70075964927673 196.18989527225494 232.1794512271881
0 0.0549 373.6662268638611 143.8642921447754 415.6044125556946 161.3898458480835
0 0.0545 373.91912937164307 190.58806025981903 415.3740406036377 208.41756784915924
0 0.0543 350.8126735687256 315.37418389320374 391.63732528686523 333.632099866867
0 0.0508 381.84183835983276 237.39256286621094 423.086941242218 255.36324405670172
0 0.0500 156.24815225601196 346.0534098148346 195.66190242767334 365.4470326900482
0 0.0476 187.8763735294342 119.12997388839722 226.58777236938477 139.2357828617096
0 0.0474 350.2373993396759 284.48991799354553 392.1577036380768 302.015114068985
0 0.0473 312.3035430908203 346.2172331809997 352.0820140838623 365.28612995147705
0 0.0472 460.24976670742035 127.83278846740721 499.0234524011612 146.17358469963074
0 0.0466 187.06142902374268 190.14065289497375 227.29915380477905 208.86288905143738
0 0.0450 230.43712973594666 124.87541460990907 261.8681490421295 149.20957708358765
0 0.0438 286.6503894329071 113.20220255851746 330.6545913219452 129.54394841194153
0 0.0435 351.1333465576172 338.5836663246155 391.3506865501404 357.29654455184937
0 0.0435 460.7100635766983 174.36865293979645 499.0234225988388 193.38524663448334
0 0.0432 108.77279564738274 237.14624667167666 149.31761100888252 255.60967946052554
0 0.0425 273.4566926956177 361.6606476306915 312.83098459243774 381.0894968509674
0 0.0425 116.87040328979492 322.87304425239563 156.87638521194458 341.7562725543976
0 0.0417 418.2022511959076 147.78195643424988 449.12317395210266 173.13050055503845
0 0.0416 333.5924446582794 105.35924458503723 377.4670660495758 121.76303887367249
0 0.0410 234.48912054300308 369.3878533840179 273.6862525343895 388.9853837490082
0 0.0407 113.615483045578 131.93595731258392 144.34385299682617 157.70727717876434
0 0.0378 240.6189814209938 104.9458863735199 283.0042466521263 122.1829833984375
0 0.0371 148.28349649906158 103.99325513839723 187.98260390758514 123.13430333137514
0 0.0369 198.79674911499023 211.47166514396667 230.9873402118683 234.55028557777408
0 0.0365 116.98807775974274 205.5894317626953 156.77319467067719 224.6632459163666
0 0.0364 390.32548666000366 322.8591265678406 430.298388004303 341.76995182037354
0 0.0357 109.4864197075367 158.4531100988388 148.68856593966484 178.04518663883212
0 0.0351 101.08304023742676 276.1216940879822 141.39525592327118 294.7589340209961
0 0.0346 302.76888608932495 89.51329389214516 345.8249568939209 106.36286386847496
0 0.0339 467.80504286289215 104.56832075119019 499.0234225988388 122.56323122978209
0 0.0337 389.53644037246704 260.90635681152344 431.0057759284973 278.7243905067444
0 0.0333 373.71158599853516 120.39873325824739 415.56334495544434 137.9804941415787
0 0.0322 109.43952202796936 181.93304860591888 148.7291157245636 201.44123160839084
0 0.0317 109.47798192501068 111.58693158626558 148.69563281536102 131.1616929769516
0 0.0312 475.93630850315094 197.76223921775818 499.0234225988388 216.8223443031311
0 0.0306 390.0485038757324 299.6283056735992 430.54455518722534 318.12756085395813
0 0.0303 312.56479024887085 369.4339873790741 351.8536686897278 388.9404418468475
0 0.0295 77.638179063797 330.8130683898926 117.96462535858154 349.4423809051514
0 0.0291 101.07278451323509 299.56437969207764 141.4048708975315 318.1909503936767
0 0.0289 353.95511984825134 363.4641947746277 443.89960169792175 402.2531690597534
0 0.0288 228.95511239767075 394.71419477462763 318.89960914850235 433.5031690597534
0 0.0284 418.2443916797638 178.93202924728394 449.0855634212494 204.4717254638672
0 0.0284 121.28858268260956 343.1791248321533 152.28335559368134 368.36578273773193
0 0.0283 30.59142827987671 323.120135307312 71.2437555193901 341.5104928016662
0 0.0283 199.62476193904877 373.9516022205353 230.21705448627472 400.05193972587585
0 0.0281 310.93665957450867 65.8773365020752 353.31276059150696 83.12611603736877
0 0.0271 22.81491458415985 299.6571543216705 63.39907646179199 318.0983545780182
0 0.0266 448.74407351017 222.77875566482547 499.0234225988388 261.7711009979248
0 0.0264 82.3531225323677 131.96248137950897 113.10520023107529 157.68304789066315
0 0.0259 256.5215826034546 81.34164237976074 298.37727546691895 98.91313636302948
0 0.0258 187.44395673274994 96.10286676883698 226.95855796337128 115.3988274335861
0 0.0257 418.11996698379517 210.4427995681763 449.199914932251 235.4839029312134
0 0.0254 0.0 -31.0 499.0234375 234.2232050895691
0 0.0249 400.69328248500824 414.020854473114 499.0234524011612 468.0234375
0 0.0248 475.6993055343628 283.8657083511352 499.0234375 302.59402418136597
0 0.0247 22.90024608373642 276.16049671173096 63.322462141513824 294.71995258331293
0 0.0247 349.5614528656006 81.74032294750215 392.77660846710205 98.50947880744934
0 0.0243 467.63575077056885 81.23754286766054 499.0234375 99.01850247383118
0 0.0240 418.0310368537903 116.88299798965454 449.28085803985596 141.56066203117368
0 0.0239 475.544810295105 307.4063243865966 499.0234375 325.92816972732544
0 0.0234 448.74407351017 363.40375566482544 499.0234225988388 402.3961009979248
0 0.0231 199.5287835597992 405.4240765571594 230.30370473861694 431.09853887557983
0 0.0222 70.19531726837158 111.7740901708603 109.82558131217957 130.97781264781955
0 0.0217 69.94135677814484 252.60205888748166 110.04923284053802 271.40267515182495
0 0.0209 0.0 414.1479315757752 164.15248811244965 468.02343750000006
0 0.0209 82.23588019609451 202.5316240787506 113.21207135915756 227.76128673553467
0 0.0209 160.48546135425568 366.3220884799957 191.22342765331268 392.07212948799133
0 0.0209 475.58218240737915 330.82036995887756 499.0234375 349.38936257362366
0 0.0204 22.85383641719818 252.75664353370667 63.36383521556854 271.2490441799163
0 0.0204 43.0343821644783 343.4375705718994 74.27789270877838 368.1304039955139
0 0.0202 70.15503197908401 228.9964737892151 109.86057668924332 248.13117408752444
0 0.0200 296.1227595806122 41.93490320444107 336.9527757167816 60.19591861963272
0 0.0199 245.82138657569885 441.5028276443482 333.2504332065582 468.0234375
0 0.0196 147.93004095554352 80.82616651058197 188.29594552516937 99.42910397052765
0 0.0191 62.178969383239746 291.62614369392395 102.19234228134155 310.50317311286926
0 0.0189 257.1452260017395 57.502392172813416 297.8137731552124 75.87842965126036
0 0.0189 86.49839460849762 158.17274475097656 108.50691795349121 193.9531447887421
0 0.0189 109.1289222240448 88.4450594484806 149.0006148815155 107.43392953276634
0 0.0188 30.46105057001114 120.08546614646913 71.36059552431107 138.29548978805542
0 0.0182 334.46764945983887 404.2329969406128 400.4707932472229 455.8173599243164
0 0.0181 467.5924926996231 57.826142251491554 499.0234225988388 75.55466467142107
0 0.0178 168.2153046131134 405.5662634372711 199.11128282546997 430.96869015693665
0 0.0175 210.38973331451416 73.04506325721741 250.83142518997192 91.58569896221161
0 0.0175 35.23050807416439 226.22852349281308 66.45787693560123 250.96248412132263
0 0.0174 467.62214601039886 26.55848437547684 499.0234524011612 44.32251626253128
0 0.0172 397.6024091243744 96.68106162548065 438.5891258716583 114.82522213459016
0 0.0171 38.554973900318146 143.32427406311035 78.92140001058578 161.93072819709778
0 0.0170 475.1938581466675 -20.501547068357468 499.0234375 -2.416041254997254
0 0.0170 89.99834954738617 351.0746541023255 121.07039988040924 376.1025848388672
0 0.0168 30.903220176696777 205.7030680179596 70.96625864505768 224.55074214935303
0 0.0165 30.250422656536102 96.78636813163757 71.55050337314606 114.71943879127504
0 0.0157 222.77912497520447 46.44748145341874 253.9125680923462 71.36015170812608
0 0.0156 8.415035903453827 322.63447666168213 30.332431197166443 357.71425390243525
0 0.0153 467.4270302057266 3.2401862144470215 499.0234225988388 20.765076816082004
0 0.0152 433.7698817253113 319.7827818393707 464.8003578186035 344.89076161384577
0 0.0152 30.73660284280777 166.76633381843567 71.11407071352005 185.36372804641726
0 0.0149 261.7875039577484 30.9336050003767 293.02480816841125 55.63398213684559
0 0.0147 178.6755621433258 435.39108657836914 243.71612071990967 468.0234375
0 0.0143 0.5878768861293793 259.9954786300659 22.537361830472946 295.3190984725952
0 0.0143 429.3408989906311 291.6467072963714 469.4023132324219 310.4829671382904
0 0.0142 335.365891456604 455.49209737777704 375.93185901641846 468.0234375
0 0.0139 22.25711941719055 73.46482896804811 63.90121579170227 91.16582894325256
0 0.0138 121.32121622562408 389.9807217121124 152.2538810968399 415.307748556137
0 0.0137 437.1512532234192 268.2097735404968 477.2169589996338 287.0447816848755
0 0.0135 199.5154619216919 22.64550463855267 230.31538724899292 48.255031421780586
0 0.0130 296.28148674964905 18.390845000743862 336.8096649646759 36.86516308784485
0 0.0129 4.098840057849884 358.81160521507263 35.0976400077343 383.98395800590515
0 0.0125 69.83432173728943 80.80678382515907 110.14442145824432 99.4486058652401
0 0.0123 4.185773432254791 225.8124234676361 35.01814976334572 251.3417484760284
0 0.0121 230.69030046463013 14.999959111213682 261.63363456726074 40.29015028476715
0 0.0120 90.04455804824829 390.0405945777893 121.02797627449036 415.2531208992004
0 0.0119 342.91356801986694 41.98793643712998 383.90427827835083 60.14240854978562
0 0.0115 0.0 194.7491946220398 27.288515120744705 219.921368598938
0 0.0114 22.90928177535534 393.3401885032654 63.314663246273994 411.9150223731994
0 0.0113 14.519888907670975 49.98287135362625 56.01998791098595 67.77335280179977
0 0.0105 179.5455366373062 49.29311150312424 219.22262012958527 68.45892542600632
0 0.0103 420.93539237976074 73.31218892335892 462.1208906173706 91.31900542974472
0 0.0102 38.826845586299896 369.6804227828979 78.68020981550217 388.6975827217102
0 0.0102 0.0 174.3068280220032 31.737420707941055 193.4454026222229
0 0.0101 295.9112823009491 -28.235011309385296 337.1427357196808 -10.258880019187927
0 0.0100 4.026450216770172 140.21003568172455 35.16431152820587 165.0987001657486
