0 0.0815 245.8939552307129 78.55937576293947 304.1795539855957 98.50490188598633
0 0.0760 235.68845748901367 98.64890670776367 294.37055587768555 118.41277694702148
0 0.0662 118.56328964233398 37.17317676544191 171.7253875732422 59.914904594421394
0 0.0658 245.92544555664062 58.54615783691407 304.15016174316406 78.51861572265626
0 0.0637 187.07958221435547 68.001953125 243.08231353759766 89.0758285522461
0 0.0632 235.55667877197266 118.70736694335938 294.4926452636719 138.35294342041016
0 0.0489 177.28204727172852 37.900234222412124 232.89552688598633 59.17974090576173
0 0.0489 306.7496871948242 78.16037750244142 363.3877182006836 98.91328430175783
0 0.0476 176.92832946777344 98.07576751708984 233.22216033935547 119.00022125244139
0 0.0462 225.8782958984375 138.5698471069336 284.19322967529297 158.49481201171875
0 0.0456 128.57555389404297 67.162166595459 181.7150115966797 89.92545700073242
0 0.0421 58.56392860412598 37.16785049438477 111.72589302062988 59.91952514648438
0 0.0419 255.95647811889648 38.53156661987306 314.12153244018555 58.533454895019545
0 0.0408 296.4445209503174 108.30672836303712 353.66969108581543 128.76369094848636
0 0.0381 98.08029174804688 7.462373733520522 152.16466903686523 29.623437881469737
0 0.0347 316.9828796386719 48.04529285430909 373.1726837158203 69.03073406219484
0 0.0306 166.92102432250977 128.08209991455078 223.22824478149414 148.99423217773438
0 0.0298 216.48971557617188 158.29154586791992 273.62640380859375 178.7803611755371
0 0.0292 68.73153686523438 67.05995178222658 121.57461166381836 90.02755737304689
0 0.0287 286.1898899078369 138.42460250854492 343.9054775238037 158.64291763305664
0 0.0264 37.96661138534546 7.523447036743178 92.26934671401978 29.56106758117677
0 0.0260 157.25296020507812 7.9142532348632955 212.92251586914062 29.16530227661134
0 0.0254 0.0 193.38586425781247 638.75 532.25
0 0.0247 256.1007499694824 18.465705871582042 313.987979888916 38.60086059570313
0 0.0232 0.0 36.88109970092775 51.32002830505371 60.20745849609376
0 0.0229 0.0 -106.49999999999999 510.9122848510742 175.01496887207034
0 0.0224 118.36784362792969 97.28927230834962 171.90359115600586 119.79755020141603
0 0.0223 517.4911499023438 57.78537368774416 572.7046203613281 79.29565048217775
0 0.0210 276.1058807373047 158.46557235717773 333.9826965332031 178.60141372680664
0 0.0191 97.31510162353516 -22.11721801757811 152.86521911621094 -0.8025588989257673
0 0.0182 8.36254596710205 67.29449844360353 61.907958984375 89.7925910949707
0 0.0176 316.97933197021484 18.04685211181642 373.1760025024414 39.0290985107422
0 0.0173 157.77021408081055 157.63984298706055 212.44749069213867 179.4442710876465
0 0.0173 517.8152465820312 87.6091537475586 572.4076080322266 109.47442626953124
0 0.0172 367.53509521484375 67.76267623901367 422.6641082763672 89.31884384155273
0 0.0162 357.33936309814453 97.86452865600587 412.84420013427734 119.21504592895508
0 0.0159 37.40591287612915 -22.16712379455565 92.78232336044312 -0.7522144317626813
0 0.0157 246.38891220092773 -1.6671218872070168 303.72114181518555 18.73694992065431
0 0.0153 246.7405128479004 178.17132568359375 303.39468002319336 198.90325164794925
0 0.0139 517.3359298706055 27.86594963073732 572.8474807739258 49.21354866027833
0 0.0135 156.74640655517578 -21.83237457275389 213.38943481445312 -1.0931243896484237
0 0.0133 377.50762939453125 37.7775583267212 432.6892852783203 59.30373287200929
0 0.0131 347.1057891845703 127.9845962524414 403.0591583251953 149.09280395507815
0 0.0122 0.0 3.0207309722900546 35.191650390625 34.168096542358406
0 0.0120 512.6921272277832 -106.49999999999997 638.7499809265137 -36.65076160430907
0 0.0119 58.79467010498047 97.02210998535156 111.51695251464844 120.06593322753908
0 0.0119 108.45590591430664 127.23954772949219 161.8227767944336 149.8481903076172
0 0.0114 608.935546875 516.1809883117676 638.75 532.2499809265137
0 0.0113 236.56585693359375 -21.74882316589354 293.55701446533203 -1.1791172027587744
0 0.0113 187.79865264892578 187.6228485107422 242.42176055908203 209.46126556396482
0 0.0100 457.47997283935547 57.792583465576186 512.7145767211914 79.28855514526369
