0 0.0861 386.72012090682983 121.43585085868835 433.6012005805969 136.41810417175293
0 0.0683 386.7373466491699 105.80278933048248 433.58540534973145 120.80122530460358
0 0.0662 394.75518465042114 136.96925342082977 441.20633602142334 152.13759243488312
0 0.0454 458.7278366088867 120.6616312265396 499.0234375 137.21133768558502
0 0.0438 339.98218178749084 121.38228118419647 386.5978419780731 136.47387921810147
0 0.0380 395.13030648231506 152.4352729320526 440.8572018146515 167.92646050453186
0 0.0375 339.7974371910095 105.83066940307616 386.7705464363098 120.77274918556213
0 0.0363 348.1796681880951 136.8456482887268 394.0518796443939 152.2655487060547
0 0.0354 458.8570445775986 144.03297007083893 499.0234524011612 160.71628034114838
0 0.0335 387.0263993740082 90.05755186080933 433.31632018089294 105.30006885528564
0 0.0314 434.60166454315186 105.37423193454742 479.54100370407104 121.24197185039519
0 0.0283 302.5622069835663 65.93599915504456 346.01446986198425 82.56354928016663
0 0.0254 0.0 171.78583145141602 499.0234375 436.5234375
0 0.0246 317.10171699523926 89.89305794239043 362.6425862312317 105.46986758708952
0 0.0237 474.92194175720215 88.7799561023712 499.0234375 106.55000805854796
0 0.0229 0.0 -62.499999999999986 399.15022253990173 157.43356943130493
0 0.0204 395.162969827652 74.2938369512558 440.8273994922638 89.81795608997345
0 0.0196 302.791953086853 42.37716645002365 345.80349922180176 59.24936383962631
0 0.0189 348.809689283371 152.18728780746457 393.46739649772644 168.18150877952576
0 0.0186 294.43901777267456 105.15761375427246 338.4876847267151 121.46425247192381
0 0.0185 348.2084572315216 74.32709634304045 394.02660727500916 89.78347480297089
0 0.0176 475.0153422355652 65.28979539871216 499.0234375 83.16609263420105
0 0.0169 316.4704740047455 207.34801888465879 363.23001980781555 222.38180041313169
0 0.0167 256.4930021762848 57.6758086681366 298.40222001075745 75.20449161529541
0 0.0156 302.3541569709778 136.35721802711487 346.2054133415222 152.76578068733215
0 0.0153 475.1659482717514 166.76583886146545 499.0234524011612 184.81647968292236
0 0.0152 348.63245487213135 58.512523770332336 393.63324642181396 74.35311377048492
0 0.0147 387.7101242542267 167.88405179977417 432.68081545829773 183.73230099678037
0 0.0138 395.38854360580444 58.5688054561615 440.6179189682007 74.2957592010498
0 0.0135 264.2865777015686 81.12561702728271 306.2317371368408 98.62974286079407
0 0.0132 475.08372366428375 41.81292653083801 499.0234225988388 59.76857244968414
0 0.0128 317.29772686958313 222.61780500411987 362.46076226234436 238.3725047111511
0 0.0122 256.2897205352783 34.3581885099411 298.5873222351074 51.64611339569092
0 0.0114 316.4980411529541 191.70549511909485 363.2059097290039 206.77366852760315
0 0.0107 475.7559299468994 423.95056784152985 499.0234375 436.5234225988388
0 0.0104 364.75834250450134 206.7165970802307 408.7938964366913 223.03032875061035
0 0.0104 475.37803649902344 197.88858294487 499.0234375 216.19531512260437
0 0.0102 475.28792917728424 18.253222107887268 499.0234225988388 36.4546924829483
0 0.0101 400.5407243967056 -62.5 499.0234225988388 -7.930282503366474
