0 0.0908 29.32458496093751 287.4275588989258 67.91934585571289 322.5818634033203
0 0.0691 19.271045684814464 247.6239013671875 57.96165084838868 282.40135192871094
0 0.0677 -10.632852554321275 287.2453212738037 27.887979507446303 322.74964332580566
0 0.0593 69.29195022583009 287.55096435546875 107.94482803344727 322.46837615966797
0 0.0517 29.22126388549806 327.76885986328125 68.00437545776369 362.2682189941406
0 0.0514 59.18008422851563 247.91032791137695 98.03758239746095 282.1383476257324
0 0.0469 -20.697034835815412 247.50116348266602 17.936979293823253 282.5141716003418
0 0.0391 -10.725101470947251 327.5955581665039 27.959953308105483 362.42740631103516
0 0.0383 69.21815490722658 327.78194427490234 108.00664520263672 362.2562026977539
0 0.0354 19.175129890441905 207.92497634887695 58.04177379608155 242.12491989135742
0 0.0299 218.78003692626953 608.856372833252 258.39742279052734 638.7499809265137
0 0.0285 -51.01332092285154 288.3877944946289 -11.78969764709471 321.7010498046875
0 0.0279 153.05011367797852 612.9798126220703 204.3431053161621 637.1044921875
0 0.0277 114.15517425537108 281.63249015808105 142.46400451660156 328.3378314971924
0 0.0255 -15.844425201416 201.6384506225586 12.4635467529297 248.33351135253906
0 0.0254 -106.49999999999997 299.8858642578125 532.25 638.75
0 0.0248 59.057785034179695 208.24312210083008 98.14397430419922 241.8333625793457
0 0.0240 99.15698623657228 247.97582626342773 138.05747604370117 282.0782661437988
0 0.0231 92.68725967407228 613.2514953613281 144.66518020629886 636.8354797363281
0 0.0229 -106.49999999999997 0.0 404.4122848510742 281.5149688720703
0 0.0215 144.17693710327148 261.7948341369629 172.4378547668457 308.2085990905762
0 0.0187 109.09764862060548 328.1353759765625 148.1092987060547 361.93206787109375
0 0.0186 182.9263744354248 583.0820846557617 234.45112800598142 607.004280090332
0 0.0174 -7.450317382812484 613.3501815795898 44.78780364990236 636.7375564575195
0 0.0168 -61.228765487670884 248.88532638549805 -21.5955295562744 281.2465476989746
0 0.0166 -51.13926315307616 328.68099212646484 -11.6762294769287 361.43306732177734
0 0.0163 258.90069580078125 608.5810661315918 298.2885131835937 638.7500190734863
0 0.0158 148.99926757812503 308.38523864746094 188.1963119506836 341.7033386230469
0 0.0157 174.20560455322266 262.0298767089844 202.40357971191406 308.0252456665039
0 0.0151 -67.27162742614745 613.2221984863281 -15.371564865112289 636.8646240234375
0 0.0147 151.90919494628906 3.763132095336914 205.36626434326172 26.323697566986084
0 0.0138 172.7165756225586 553.2309341430664 224.63891601562497 576.8559646606445
0 0.0138 24.00601959228517 182.14101791381836 73.51186370849611 207.92631149291992
0 0.0136 104.20281982421875 202.00773239135742 132.40689849853516 248.04258346557617
0 0.0132 122.27931594848634 583.531608581543 175.03093338012695 606.5563583374023
0 0.0130 33.73868560791018 362.3976516723633 83.74124145507812 387.67627716064453
0 0.0123 48.45307922363282 609.52392578125 88.69813537597656 638.75
0 0.0122 -105.81377887725827 271.8874931335449 -77.57313632965085 318.13852310180664
0 0.0121 -45.76171302795409 202.35004425048828 -17.635234832763658 247.78358459472656
0 0.0118 502.5592765808106 622.5847625732422 532.2500190734863 638.75
0 0.0111 134.1747055053711 201.79183959960938 162.44062042236328 248.21304321289062
0 0.0109 -106.49999999999997 602.9437255859375 -65.70763492584227 627.1410369873047
0 0.0109 406.19212722778315 0.0 532.2499809265136 69.84923839569092
0 0.0108 -18.809560775756818 574.182014465332 36.020914077758796 595.9012222290039
0 0.0106 -105.8096351623535 221.91938400268555 -77.57810497283934 268.1133460998535
0 0.0102 -16.083129882812486 362.22068786621094 33.589626312255874 387.8479766845703
0 0.0102 -20.86470985412596 168.03058624267578 18.076768875122085 202.02808380126953
0 0.0101 204.22559356689456 262.20577239990234 232.3797378540039 307.89005279541016
