0 0.1421 104.75029468536377 -91.46906328201294 165.2460813522339 -72.48250436782835
0 0.1020 45.373876094818115 -91.72166299819945 104.66436624526978 -72.22142887115479
0 0.0986 165.70812225341797 -91.86857652664183 224.3545150756836 -72.07096767425536
0 0.0622 104.76635456085205 -71.46310997009277 165.2279233932495 -52.48616886138915
0 0.0549 0.0 -83.6569900512695 41.26509666442871 -60.25408458709716
0 0.0472 45.413408279418945 -71.72762703895567 104.62488174438477 -52.21319746971129
0 0.0400 165.7312774658203 -71.86916661262511 224.33063507080078 -52.068548917770386
0 0.0274 0.0 -53.82693004608153 41.050872802734375 -30.085026741027825
0 0.0254 0.0 202.88586425781244 638.75 541.7499999999999
0 0.0252 227.24920272827148 -92.59266090393065 282.92802810668945 -71.32917594909667
0 0.0229 0.0 -96.99999999999999 510.9122848510742 184.51496887207028
0 0.0208 16.689796447753906 7.69626426696778 73.44141960144043 28.377836227416996
0 0.0203 599.4857978820801 -83.95464134216309 638.7499809265137 -59.95829296112059
0 0.0201 96.23432159423828 -52.08743762969969 153.8623046875 -31.84321117401122
0 0.0178 609.4124031066895 -44.34640598297118 638.7499809265137 -19.6266050338745
0 0.0169 429.3320083618164 -93.8433094024658 481.03404998779297 -70.0690574645996
0 0.0164 77.32105016708374 17.377851486206062 132.86016702651978 38.70214271545411
0 0.0163 609.1533660888672 195.84845352172852 638.75 220.1799659729004
0 0.0152 499.100341796875 -93.68053150177 551.241455078125 -70.23123931884764
0 0.0150 609.1472053527832 165.85263061523438 638.7499809265137 190.17575073242188
0 0.0149 156.55656814575195 -52.24267673492431 213.5651969909668 -31.685101509094224
0 0.0144 609.1787528991699 225.829704284668 638.7500190734863 250.19860076904294
0 0.0139 369.3220901489258 -93.83846235275267 421.0433578491211 -70.07418346405028
0 0.0136 574.3924140930176 -12.163183212280268 638.7499809265137 37.74701881408692
0 0.0136 36.37433052062988 -12.162801742553704 93.7352180480957 8.232057571411138
0 0.0122 288.48904609680176 -93.28651142120361 341.7939281463623 -70.62647056579588
0 0.0119 609.0101432800293 525.6237297058105 638.7500190734863 541.7500190734863
0 0.0110 609.1539764404297 135.847900390625 638.75 160.18048095703125
0 0.0109 350.57483673095703 174.1249732971191 379.0610122680664 221.75722885131836
0 0.0109 609.1492462158203 255.85102844238278 638.75 280.17735290527344
0 0.0102 0.0 36.71477127075196 51.782779693603516 59.37340545654297
0 0.0102 320.58704376220703 174.19407653808594 349.0462112426758 221.69850158691406
0 0.0101 117.35644817352295 -2.6461620330810476 172.82894611358643 18.72564125061036
0 0.0101 495.5894088745117 181.15940856933594 534.6162796020508 214.91001892089844
0 0.0100 380.6092071533203 174.32442474365234 409.01939392089844 221.5889434814453
