0 0.0806 5.699887275695801 -132.65021252632144 44.520907402038574 -98.30609011650087
0 0.0721 216.02296829223633 24.502937316894528 274.0595817565918 44.563056945800774
0 0.0689 5.653548240661621 -92.52586174011232 44.56151485443115 -58.42014122009279
0 0.0678 215.83568572998047 44.58453369140624 274.2338180541992 64.47894287109375
0 0.0585 216.01696014404297 4.506198883056634 274.0650177001953 24.559814453124996
0 0.0550 205.49749374389648 64.73077011108398 264.54816818237305 84.32847213745117
0 0.0542 156.21042251586914 24.416687011718743 213.88612747192383 44.65129089355469
0 0.0534 155.95229625701904 44.53353118896484 214.12540912628174 64.53143310546875
0 0.0514 53.06253433227539 -115.58583068847659 168.19150924682617 -65.93595314025879
0 0.0513 275.75809478759766 24.618007659912102 334.30599212646484 44.44443893432617
0 0.0466 275.59861183166504 44.68770217895507 334.4540309906006 64.37283706665039
0 0.0443 275.93746185302734 4.538399696350091 334.1395950317383 24.526106834411614
0 0.0437 145.82808017730713 64.58955001831055 204.24046993255615 84.47407913208008
0 0.0428 156.42425060272217 4.318472862243645 213.6879014968872 24.752099037170407
0 0.0425 185.47149658203125 84.7444839477539 244.57168579101562 104.31487274169922
0 0.0417 587.2749137878418 113.89517974853516 638.7500190734863 135.18340301513672
0 0.0405 265.45153617858887 64.75135040283203 324.59065437316895 84.30751037597656
0 0.0390 225.9495735168457 -15.464551925659187 284.1277503967285 4.529611587524407
0 0.0380 587.2083854675293 83.92584991455077 638.7500190734863 105.15155029296875
0 0.0363 516.4838790893555 114.28858947753906 573.6331558227539 134.78232574462893
0 0.0348 165.9528350830078 104.53684997558594 224.12403106689453 124.52872467041017
0 0.0345 245.50382614135742 84.73035049438477 304.5416831970215 104.32934951782227
0 0.0321 506.4237594604492 94.31666564941408 563.688850402832 114.7535629272461
0 0.0320 126.01032257080078 84.50953674316406 184.07108306884766 104.55645751953125
0 0.0316 97.50484466552734 33.78083419799804 152.69140243530273 55.30072402954101
0 0.0308 587.611083984375 143.7182159423828 638.75 165.3633804321289
0 0.0306 286.2583923339844 -15.606868743896493 343.84204864501953 4.675170898437493
0 0.0305 587.7305603027344 53.648406982421875 638.75 75.43341827392578
0 0.0301 336.5496063232422 24.258167266845703 393.5722351074219 44.813587188720696
0 0.0295 225.75328826904297 104.62342453002931 284.30965423583984 124.43947982788086
0 0.0293 526.7401504516602 74.16588973999023 583.3963394165039 94.90781021118164
0 0.0292 166.42623901367188 -15.68151283264161 223.6858367919922 4.752237319946282
0 0.0282 166.5009880065918 124.28555679321289 223.61616134643555 144.78635025024414
0 0.0281 0.32978057861328125 -58.17818450927735 50.16090393066406 -32.74872589111329
0 0.0273 226.09071731567383 -35.52929687500001 283.9971733093262 -15.404193878173835
0 0.0272 336.19258880615234 54.422504425048835 393.90323638916016 74.64490127563477
0 0.0259 527.3020935058594 43.88066482543945 582.8792572021484 65.19807052612305
0 0.0254 0.0 159.38586425781256 638.75 498.25000000000006
0 0.0254 447.9248809814453 -96.45307350158693 502.30751037597656 -74.46270751953126
0 0.0249 588.2201385498047 23.373481750488274 638.75 45.71204376220703
0 0.0237 346.3047409057617 74.37333297729494 403.79871368408203 94.69575119018555
0 0.0236 226.09350204467773 124.47283935546876 283.99377822875977 144.59426116943362
0 0.0236 496.55574798583984 134.25893020629883 553.5656356811523 154.81347274780273
0 0.0232 97.8048324584961 3.616725921630852 152.41670608520508 25.467044830322262
0 0.0231 446.86920166015625 104.1074104309082 503.27613830566406 124.96834945678712
0 0.0231 346.78749084472656 -5.856903076171881 403.3525848388672 14.931137084960932
0 0.0228 87.55309104919434 63.755218505859375 142.64708518981934 85.3267593383789
0 0.0227 286.4442825317383 -35.69290924072266 343.6698532104492 -15.23663330078126
0 0.0225 226.39760971069336 -55.67151832580568 283.7131690979004 -35.25861549377443
0 0.0220 265.9554672241211 184.53536224365234 324.12166595458984 204.53017425537112
0 0.0216 466.7082214355469 74.18189239501955 523.4256744384766 94.89154052734375
0 0.0213 609.0643119812012 312.4146575927735 638.7500190734863 336.61425781250006
0 0.0210 246.48550033569336 204.29164123535156 303.6307716369629 224.77992248535156
0 0.0203 196.73593521118164 144.1724319458008 253.3991813659668 164.90191650390625
0 0.0201 106.65287494659424 104.21426010131836 163.47548961639404 124.85947799682619
0 0.0199 608.5762023925781 -7.262809753417978 638.75 16.290370941162102
0 0.0195 265.8042907714844 164.60055541992188 324.2624282836914 184.46288299560547
0 0.0193 137.10845470428467 143.9874954223633 193.05569171905518 165.09059143066406
0 0.0193 377.1929931640625 93.94385528564455 432.9779815673828 115.13495635986328
0 0.0191 166.66654586791992 -45.79605865478516 223.46376419067383 -25.130641937255866
0 0.0189 528.2036209106445 13.380939483642575 582.0544052124023 35.704166412353516
0 0.0186 608.7740325927734 -37.390163421630874 638.75 -13.581493377685552
0 0.0185 305.8875274658203 94.56315231323242 364.1853332519531 114.50120162963866
0 0.0182 206.5069580078125 184.277946472168 263.6117935180664 204.79331207275393
0 0.0182 306.6847896575928 -55.80614852905275 363.44719886779785 -35.120571136474624
0 0.0181 255.9922218322754 144.515926361084 314.08830642700195 164.5495719909668
0 0.0180 346.7772674560547 -35.85150527954102 403.3618927001953 -15.074317932128912
0 0.0177 458.1134796142578 -66.55987548828126 512.1350860595703 -44.354560852050795
0 0.0176 5.393691062927246 -1.8659477233886788 44.79118824005127 30.975849151611325
0 0.0173 527.0072937011719 154.03493118286133 583.1497192382812 175.0416297912598
0 0.0171 599.0621757507324 -67.15517568588258 638.7500190734863 -43.756666660308845
0 0.0170 55.16533851623535 -61.39708328247072 95.00203132629395 -29.45175933837892
0 0.0169 357.08080291748047 -76.00464868545534 413.0826187133789 -54.91848516464235
0 0.0168 306.40305519104004 204.33078002929688 363.7069606781006 224.7399444580078
0 0.0167 587.8681182861328 173.5769100189209 638.75 195.5066318511963
0 0.0164 286.0953998565674 114.4711036682129 343.99218559265137 134.59588241577148
0 0.0164 467.4188232421875 43.81859970092773 522.772216796875 65.26105117797852
0 0.0163 267.0723342895508 -76.00034523010255 323.0903625488281 -54.92286491394044
0 0.0162 186.6537857055664 204.21332550048828 243.47476959228516 224.86037445068362
0 0.0162 512.6921272277832 -140.50000000000003 638.7499809265137 -70.6507616043091
0 0.0161 407.16609954833984 63.95392608642578 463.00357818603516 85.1240463256836
0 0.0160 206.80418014526367 -75.8670120239258 263.33765029907227 -55.05888748168947
0 0.0160 326.0694885253906 184.4816131591797 384.01649475097656 204.58483886718753
0 0.0158 608.8021850585938 282.5930328369141 638.75 306.4356536865235
0 0.0157 217.1225929260254 223.98219299316406 273.0422019958496 245.0963134765625
0 0.0153 609.4986724853516 342.0849914550782 638.75 366.9411773681641
0 0.0150 598.404712677002 203.26644134521484 638.7499809265137 225.82045745849612
0 0.0150 397.90584564208984 -116.44264030456546 452.32494354248047 -94.4733123779297
0 0.0149 397.2287368774414 23.920890808105465 452.94620513916016 45.157539367675774
0 0.0148 347.06329345703125 124.0028305053711 403.09906005859375 145.0736541748047
0 0.0148 147.25736618041992 173.90941810607913 202.91906356811523 195.16977500915527
0 0.0147 316.30711555480957 144.37058639526367 373.7969493865967 164.69826889038086
0 0.0147 326.14280700683594 164.4461269378662 383.9491271972656 184.62085914611816
0 0.0145 407.57110595703125 123.74491882324219 462.6306915283203 145.3371353149414
0 0.0145 397.6206970214844 -56.28572273254396 452.5861358642578 -34.63241386413575
0 0.0143 458.03924560546875 -126.5188937187195 512.2032165527344 -104.39625787734988
0 0.0133 317.3731994628906 -96.15378665924074 372.8132629394531 -74.76641941070558
0 0.0133 608.5469818115234 232.7566833496094 638.75 256.2708587646485
0 0.0132 108.08174133300781 -26.543148040771495 162.16440200805664 -4.3717079162597745
0 0.0126 468.375244140625 13.279139518737786 521.8981170654297 35.806881904602044
0 0.0121 129.45510864257812 482.0489807128907 181.03017807006836 498.25000000000006
0 0.0120 407.7223587036133 -6.3451271057128995 462.49385833740234 15.427181243896479
0 0.0118 496.8414306640625 194.11387634277347 553.3034515380859 214.96051025390628
0 0.0118 38.98688316345215 32.89612960815429 91.34352684020996 56.192142486572266
0 0.0118 0.0 -28.133657455444343 40.2186393737793 -2.7937870025634832
0 0.0114 95.21566390991211 -61.49494934082032 134.95515823364258 -29.36260986328126
0 0.0114 147.84343719482422 223.5964126586914 202.38113403320312 245.4878158569336
0 0.0106 69.34239387512207 482.14558792114263 121.12845420837402 498.24998092651373
0 0.0106 189.41110610961914 482.0885772705079 241.06817245483398 498.2500000000001
0 0.0106 278.04322242736816 233.48494720458987 332.1981716156006 255.60080718994143
0 0.0105 366.67877197265625 204.19879150390625 423.4523010253906 224.874755859375
0 0.0103 309.35604095458984 482.1362419128419 361.1160659790039 498.2500190734864
0 0.0101 508.7551498413086 -16.953723907470714 561.5529251098633 6.041500091552728
0 0.0100 77.65759468078613 133.69792175292972 132.55146980285645 155.38478088378906
0 0.0100 448.45165252685547 -36.76261711120606 501.8276596069336 -14.150369644165046
