0 0.0534 585.2726554870605 208.81872749328613 638.7500190734863 228.23658561706543
0 0.0530 287.4351501464844 157.81480407714844 342.7560806274414 179.2657241821289
0 0.0449 253.06254386901855 178.4141788482666 368.191499710083 228.06404685974118
0 0.0426 585.704517364502 188.6340293884277 638.7499809265137 208.4265480041504
0 0.0414 595.7221221923828 228.6197814941406 638.75 248.43995666503906
0 0.0323 277.65101432800293 127.69942855834964 332.557954788208 149.38293075561523
0 0.0299 228.80334854125977 157.01905822753906 281.5085792541504 180.06936645507812
0 0.0276 347.78987884521484 157.6245460510254 402.43053436279297 179.45903396606445
0 0.0256 524.9663543701172 208.9514980316162 585.042724609375 228.10099220275876
0 0.0254 606.8569183349609 257.68087005615234 638.75 279.32874298095703
0 0.0237 586.4506530761719 168.29516983032224 638.75 188.77395248413086
0 0.0229 0.0 250.52486038208005 510.9126281738281 532.2499809265137
0 0.0229 0.0 -106.49999999999999 510.9122848510742 175.01496887207034
0 0.0225 525.3193664550781 188.80391693115234 584.7144317626953 208.2527313232422
0 0.0211 305.6208801269531 -38.42516088485716 344.58885192871094 -4.512487888336167
0 0.0206 337.8238296508789 127.60459518432619 392.3997116088867 149.47906112670898
0 0.0196 287.81925201416016 97.60606384277347 342.4040985107422 119.47740173339845
0 0.0170 265.3996276855469 -27.88544797897337 304.78641510009766 4.993690013885511
0 0.0168 368.1223678588867 187.43754959106442 422.12642669677734 209.64843368530273
0 0.0165 258.9105987548828 226.94997406005862 311.4115524291992 250.13867950439453
0 0.0161 218.72785568237305 127.0673141479492 271.5768623352051 150.0209197998047
0 0.0160 606.845703125 287.6862106323242 638.75 309.3232498168945
0 0.0158 198.84647369384766 196.9906768798828 251.46968841552734 220.09774780273438
0 0.0157 526.0762405395508 168.47138977050778 584.0120315551758 188.59403228759766
0 0.0155 534.9449157714844 228.96180725097656 595.062255859375 248.0906829833984
0 0.0152 19.11210060119629 156.80846786499023 71.23153686523438 180.27934646606445
0 0.0143 607.0437812805176 317.5908432006836 638.7499809265137 339.42159271240234
0 0.0138 345.3761291503906 -47.820846080780015 384.8065185546875 -15.065361499786361
0 0.0135 19.158916473388672 186.77539443969727 71.18969917297363 210.31222915649414
0 0.0134 28.837270736694336 126.99264144897461 81.4788818359375 150.09521102905273
0 0.0131 608.0959320068359 387.0292434692383 638.75 409.9953231811523
0 0.0131 347.8433609008789 97.59343719482423 402.3818588256836 119.49033355712892
0 0.0128 73.06253433227539 178.4141788482666 188.19150924682617 228.06404685974118
0 0.0126 0.0 216.46405792236328 50.80327033996582 240.62207794189453
0 0.0123 466.47789001464844 208.295036315918 523.6378479003906 228.77637481689453
0 0.0123 608.853759765625 516.241870880127 638.75 532.2499809265137
0 0.0119 506.94019317626953 148.06377029418945 563.2126235961914 169.01137924194336
0 0.0118 310.42962074279785 -4.29185295104979 360.07872581481934 21.36017417907716
0 0.0117 512.6921272277832 -106.49999999999997 638.7499809265137 -36.65076160430907
0 0.0114 18.631887435913086 97.12602233886719 71.6641616821289 119.96167755126953
0 0.0114 228.84765625 96.98443984985353 281.4698028564453 120.10322189331056
0 0.0111 289.8689651489258 -63.76326942443846 340.55980682373047 -39.154342651367166
0 0.0111 587.7339363098145 137.64621353149414 638.7499809265137 159.43557357788086
0 0.0109 298.52317810058594 67.18829727172852 351.763916015625 89.89825820922853
0 0.0108 168.91284942626953 146.94554901123047 221.4101791381836 170.1427230834961
0 0.0108 407.77793884277344 157.6287612915039 462.4419403076172 179.45439910888672
0 0.0103 0.0 66.61170578002931 50.978546142578125 90.47568893432619
0 0.0101 259.67071533203125 6.388031005859389 310.73604583740234 30.695453643798842
0 0.0101 609.2530822753906 476.2795028686524 638.75 500.74910736083984
0 0.0100 427.5545120239258 187.75338745117188 482.6460647583008 209.32843780517578
