0 0.2284 311.8113422393799 148.3164024353027 378.679838180542 181.66990280151367
0 0.1629 329.5011520385742 123.03173065185545 380.8835220336914 147.0549392700195
0 0.1356 330.45318603515625 182.18988418579102 380.05767822265625 207.87843704223633
0 0.1142 380.0262451171875 152.60658264160156 430.4216766357422 177.47386932373047
0 0.1137 258.7697410583496 143.53771209716794 311.5395927429199 166.5502166748047
0 0.0956 99.58511352539062 132.9597282409668 150.81069946289062 157.12518692016602
0 0.0856 109.7486686706543 102.83710479736328 160.66505432128906 127.24704742431642
0 0.0832 279.70778465270996 182.8626823425293 330.70252418518066 207.22097396850586
0 0.0763 268.39409828186035 113.77120971679688 321.8801784515381 136.3153839111328
0 0.0754 99.11087989807129 163.30575942993164 151.23339653015137 186.7815589904785
0 0.0622 59.15047645568848 93.26936721801758 111.19978904724121 116.81661605834961
0 0.0592 49.02444839477539 143.3634567260742 101.3113021850586 166.72374725341797
0 0.0590 109.34318542480469 73.14972400665283 161.0238265991211 96.93801403045654
0 0.0584 318.9665985107422 93.41230392456055 371.3612365722656 116.67631149291992
0 0.0541 380.04005432128906 182.59151458740232 430.4103088378906 207.48828887939453
0 0.0496 150.22117614746094 132.42620468139648 200.25386810302734 157.64970779418945
0 0.0488 385.04798889160156 119.35150146484374 425.10902404785156 150.82191467285153
0 0.0481 159.89392757415771 102.71835327148438 210.53743839263916 127.36400604248045
0 0.0480 258.17901611328125 83.90083312988281 312.07557678222656 106.1849594116211
0 0.0412 38.97161245346069 173.3981704711914 91.35902643203735 196.68895721435547
0 0.0409 48.83079767227173 63.49016189575194 101.48616552352905 86.59671783447266
0 0.0366 8.61011028289795 113.64160537719725 61.68347358703613 136.44628524780273
0 0.0360 89.03870582580566 193.36185455322263 141.29677772521973 216.72649383544922
0 0.0337 335.39390563964844 208.63021850585935 374.7913360595703 241.47937774658203
0 0.0334 209.12031173706055 123.30554962158202 261.22358322143555 146.78260803222653
0 0.0334 509.83264923095703 222.7670669555664 560.5915451049805 247.31586456298828
0 0.0330 169.34438705444336 73.14697265625 221.0231590270996 96.94049835205078
0 0.0305 499.9169921875 192.69821166992185 550.5174255371094 217.38372802734375
0 0.0292 499.7356414794922 252.845344543457 550.6769561767578 277.238655090332
0 0.0291 533.062572479248 84.91418838500977 638.7500190734863 134.56403732299805
0 0.0287 234.69451904296875 169.9833106994629 275.4409408569336 200.24850845336914
0 0.0284 0.0 83.09883117675781 50.96606254577637 106.98818206787108
0 0.0277 385.74180603027344 317.712173461914 424.48646545410156 352.3202514648437
0 0.0268 18.597779273986816 33.65017890930176 71.69445514678955 56.437807083129876
0 0.0267 574.3924140930176 144.8368263244629 638.7499809265137 194.74702835083008
0 0.0263 378.71559143066406 93.57414245605467 431.588134765625 116.51390075683594
0 0.0254 0.0 219.8858642578125 638.75 558.75
0 0.0252 155.24733066558838 158.94487380981445 194.92547512054443 191.19222640991208
0 0.0248 308.42698097229004 63.755970001220696 361.8492794036865 86.33146286010742
0 0.0246 345.73951721191406 287.7241516113281 384.4879150390625 322.3092651367187
0 0.0245 509.8471450805664 162.75423049926755 560.5790328979492 187.32835769653317
0 0.0243 295.3969097137451 208.62212181091306 334.7887134552002 241.48674964904782
0 0.0238 425.56751251220703 318.21563720703125 464.63565826416016 351.8585205078125
0 0.0238 574.3924140930176 24.836816787719723 638.7499809265137 74.74701881408691
0 0.0237 465.48011779785156 218.4347915649414 504.713134765625 251.6579818725586
0 0.0237 579.2990875244141 233.17722320556635 631.0640716552734 256.91013336181635
0 0.0236 430.08460998535156 172.54846572875974 480.372314453125 197.5300407409668
0 0.0233 375.3329849243164 208.76854896545407 414.8463821411133 241.35306358337402
0 0.0224 385.5957794189453 278.1416702270507 424.61082458496094 311.92630767822266
0 0.0223 535.714225769043 47.788238525390625 574.5105361938477 82.2504425048828
0 0.0221 105.6859016418457 297.88944244384766 144.53296661376953 332.1575546264648
0 0.0220 99.00846481323242 43.384647369384766 151.3234519958496 66.704044342041
0 0.0218 589.2478179931641 263.2136917114258 638.75 286.87381744384766
0 0.0217 330.2792739868164 262.371597290039 380.20389556884766 287.70294189453125
0 0.0216 509.96753692626953 132.64644622802734 560.4750442504883 157.4335479736328
0 0.0215 608.7602996826172 203.1205940246582 638.75 226.90793991088867
0 0.0213 4.90809440612793 139.61559295654294 45.23927688598633 170.58193206787107
0 0.0209 475.3897476196289 278.6468124389648 514.7943496704102 311.46419525146484
0 0.0209 248.42336654663086 53.75416755676269 301.85346603393555 76.33267402648924
0 0.0207 425.5831527709961 278.1750106811523 464.6218490600586 311.8957138061523
0 0.0205 435.4130554199219 138.5848045349121 474.774169921875 171.52086257934567
0 0.0201 100.11870384216309 272.5199508666992 150.342378616333 297.5581741333007
0 0.0200 28.86342763900757 203.4711456298828 81.45622491836548 226.616096496582
0 0.0198 305.6916046142578 287.8761672973633 344.5277404785156 322.16968536376953
0 0.0192 368.0862045288086 63.95266056060791 422.16068267822266 86.1322546005249
0 0.0186 465.433349609375 318.5438919067383 504.7552490234375 351.55826568603516
0 0.0185 450.4582214355469 252.19245910644528 500.0518798828125 277.8767395019531
0 0.0184 380.02593994140625 252.6002502441406 430.42327880859375 277.4793243408203
0 0.0184 269.8170471191406 262.7684783935547 320.60760498046875 287.3130798339844
0 0.0184 105.54604530334473 338.2585144042968 144.65575218200684 371.8193054199219
0 0.0183 495.3599548339844 58.707261085510254 534.8220825195312 91.409010887146
0 0.0182 515.1812744140625 279.08706665039057 554.9856567382812 311.0626220703125
0 0.0180 330.6427764892578 321.9694137573242 379.9018859863281 348.0897903442382
0 0.0178 55.342817306518555 318.7385940551757 94.83828544616699 351.3804244995117
0 0.0176 565.1421737670898 199.16893005371094 605.0214767456055 230.98804473876953
0 0.0172 220.81153869628906 73.1055498123169 248.77803802490234 117.22224712371825
0 0.0168 415.42980194091797 208.55148315429688 454.7585678100586 241.5512847900391
0 0.0165 8.863792419433594 263.47976684570307 61.4539909362793 286.6087341308593
0 0.0164 88.9378547668457 223.42845916748044 141.38774871826172 246.65973663330075
0 0.0162 228.8808822631836 203.4641075134277 281.4395523071289 226.62378311157227
0 0.0160 18.40033531188965 3.7719821929931636 71.87355041503906 26.315317153930664
0 0.0159 512.6921272277832 -80.0 638.7499809265137 -10.150761604309086
0 0.0154 158.98502349853516 43.397102355957024 211.34525299072266 66.69113159179688
0 0.0153 150.65961837768555 301.66419982910156 178.95868301391602 348.3123779296875
0 0.0152 495.35404205322266 98.72236251831056 534.8272323608398 131.39520645141602
0 0.0149 265.59993743896484 288.1226348876953 304.60792541503906 321.9437408447265
0 0.0149 358.78490447998047 33.51703643798829 411.52820587158203 56.56936645507812
0 0.0145 480.7459259033203 142.39910125732422 508.8555145263672 187.74364471435544
0 0.0144 5.365058183670044 308.70498657226557 44.81650233268738 341.41105651855463
0 0.0143 50.14701843261719 292.4884796142578 100.31904220581055 317.58827209472656
0 0.0142 609.1877555847168 -7.177009582519532 638.7500190734863 17.20525741577148
0 0.0141 455.284423828125 38.87285232543945 494.8908233642578 71.2578773498535
0 0.0139 415.3135681152344 18.79806518554687 454.86541748046875 51.326160430908196
0 0.0137 0.0 233.16781044006348 51.051998138427734 256.919469833374
0 0.0135 599.495677947998 293.03611755371094 638.7500190734863 317.0506286621094
0 0.0129 495.30982971191406 18.81820678710937 534.8676300048828 51.30773544311523
0 0.0128 0.77911376953125 182.7407646179199 28.81624698638916 227.4891471862793
0 0.0128 505.2381134033203 318.97304534912104 544.9330139160156 351.16649627685547
0 0.0124 194.9632453918457 159.50738906860352 235.1883888244629 190.68021774291992
0 0.0121 39.70301628112793 352.8687286376953 90.70626258850098 377.2152709960937
0 0.0121 333.0625534057617 -75.08583068847656 448.19149017333984 -25.43595314025879
0 0.0121 300.6790256500244 321.81652069091797 328.9353847503662 368.1922531127929
0 0.0119 609.0220832824707 542.6141548156738 638.7499809265137 558.7499809265137
0 0.0118 535.5543899536133 8.245296478271484 574.6475601196289 41.83137893676757
0 0.0118 180.6675148010254 311.72210693359375 208.9491844177246 358.2660675048828
0 0.0116 298.74585151672363 33.5496711730957 351.561918258667 56.53772354125976
0 0.0113 375.28575897216797 -1.1409091949462913 414.89070892333984 31.27047538757324
0 0.0112 225.31373977661133 278.8119125366211 264.8638343811035 311.31343841552734
0 0.0110 230.69040298461914 311.9068145751953 258.92175674438477 358.1214141845703
0 0.0109 609.1899299621582 322.822265625 638.7499809265137 347.2061157226562
0 0.0107 270.6731986999512 321.76967620849604 298.9423942565918 368.22902679443354
0 0.0106 10.72906494140625 342.2364807128906 38.87557029724121 387.8665161132812
0 0.0105 415.6462097167969 -22.000770568847653 454.5674133300781 12.056837081909178
0 0.0104 455.38326263427734 78.66100311279297 494.80030059814453 111.45122528076172
0 0.0103 149.10430908203125 193.31190109252927 201.2389373779297 216.7756462097168
0 0.0102 0.0 -26.958560943603516 40.89529991149902 -2.9547119140625004
0 0.0102 455.39241790771484 -1.3597297668457031 494.79198455810547 31.470165252685547
0 0.0100 218.8245391845703 253.50570678710935 271.4893341064453 276.5827941894531
