0 0.2599 -75.77474975585935 290.09800910949707 145.04129028320312 389.2982769012451
0 0.1331 -18.381427764892564 397.0982360839844 66.10263442993164 463.126220703125
0 0.0731 -106.49999999999997 306.8456172943115 -72.05552959442137 343.11890602111816
0 0.0712 -75.77474975585935 170.09801864624023 145.04129028320312 269.2983055114746
0 0.0662 -106.49999999999997 346.8212890625 -72.05164337158202 383.1414031982422
0 0.0624 -46.12283849716185 390.46642303466797 -17.197214603424058 439.40860748291016
0 0.0613 -100.57239913940428 266.5714645385742 -62.11955928802488 303.3718490600586
0 0.0556 63.9574203491211 440.6364440917969 92.70413970947266 489.2078399658203
0 0.0529 -100.58614635467528 386.4690399169922 -62.094887733459444 423.4667205810547
0 0.0522 73.87181854248048 390.4453659057617 102.80927276611328 439.4283676147461
0 0.0490 34.00888061523439 460.82252502441406 62.64127349853516 509.0284729003906
0 0.0371 93.97744750976562 440.70274353027344 122.67964935302734 489.14207458496094
0 0.0363 -106.49999999999997 227.44007110595703 -72.04160594940183 262.5706100463867
0 0.0354 4.013095855712903 470.83961486816406 32.636142730712905 519.0126037597656
0 0.0304 103.9189682006836 390.52833557128906 132.75125122070312 439.32159423828125
0 0.0295 -106.49999999999997 427.30785369873047 -72.05590867996213 462.69237518310547
0 0.0258 -25.9702911376953 460.9234619140625 2.615962982177749 508.939208984375
0 0.0255 61.61857223510742 497.0982360839844 146.10263442993164 563.126220703125
0 0.0242 -34.346527099609354 569.7893524169922 183.61516571044922 638.75
0 0.0235 124.06163787841797 441.0683822631836 152.57711029052734 488.8088607788086
0 0.0231 144.15423965454102 211.62841796875 172.46516799926758 258.3414840698242
0 0.0215 -55.92615509033202 441.14513397216797 -27.43762397766111 488.74515533447266
0 0.0213 144.1217384338379 321.4034652709961 172.5043067932129 368.52359771728516
0 0.0203 134.1048583984375 261.3009834289551 162.52469635009766 308.6090660095215
0 0.0201 -105.83846950531004 181.7106819152832 -77.54343414306639 228.2801628112793
0 0.0194 19.188285827636733 517.8717422485352 58.031955718994155 552.1738052368164
0 0.0188 218.47406005859378 469.99900817871094 532.25 638.75
0 0.0178 130.99656677246097 0.0 532.25 347.1208953857422
0 0.0174 164.1963348388672 261.95207595825195 192.41464233398438 308.0856132507324
0 0.0169 134.02963256835938 370.9090805053711 162.61598205566406 418.9487075805664
0 0.0166 144.16202163696286 161.68258666992188 172.45578384399414 208.29776763916016
0 0.0151 -106.49999999999997 467.7968215942383 -71.97008991241454 502.2426986694336
0 0.0146 174.22357177734375 212.19158172607422 202.38214111328125 257.90138244628906
0 0.0143 -106.49999999999997 50.098018646240234 105.04129028320314 149.2983055114746
0 0.0143 194.22166442871094 262.1730613708496 222.38442993164062 307.91540145874023
0 0.0139 174.1642723083496 321.6990661621094 202.45307540893555 368.28460693359375
0 0.0138 -77.26767921447751 622.7391242980957 -25.275596618652326 638.7499809265137
0 0.0133 154.1614875793457 441.6830825805664 182.45647048950195 488.2980728149414
0 0.0126 114.12219619750975 121.40541076660156 142.50373458862305 168.52184295654297
0 0.0125 -20.80809020996092 517.8513336181641 18.029800415039073 552.1925354003906
0 0.0123 183.00736045837402 613.0146026611328 234.38059425354004 637.0703125
0 0.0119 174.20959091186523 162.06613540649414 202.39883041381836 207.99749374389648
0 0.0112 149.08238983154297 488.1763458251953 188.12261199951172 521.89453125
0 0.0106 144.16848754882812 111.73070907592773 172.4480209350586 158.25944900512695
0 0.0103 -105.79547309875485 502.0424270629883 -77.595016002655 548.0183792114258
0 0.0101 203.68525123596194 232.4561882019043 253.78548240661624 257.6201057434082
