0 0.7099 285.06178855895996 256.52407073974615 432.3832035064697 323.39586639404297
0 0.4336 297.5167465209961 190.67912483215335 442.14298248291016 251.3076915740967
0 0.2225 238.2523250579834 62.51659774780275 440.7645511627197 166.36948013305667
0 0.2069 282.4569606781006 231.68672943115234 340.2828311920166 263.56409454345703
0 0.2033 94.02788162231445 345.4339828491211 131.9499969482422 379.37319183349615
0 0.1925 129.37824726104736 27.33030700683595 284.84641551971436 92.08547973632814
0 0.1794 250.05382537841797 21.839279174804705 292.97901153564453 56.02089309692384
0 0.1594 190.73917388916016 220.3975524902344 224.4593048095703 261.2163391113281
0 0.1467 113.96080493927002 75.74238204956056 171.34089946746826 101.35441207885744
0 0.1148 240.4210090637207 321.5348281860352 270.174617767334 359.6394577026368
0 0.1113 381.4845657348633 342.5079574584961 414.9997329711914 375.4741134643555
