0 0.1875 125.93301773071289 71.27583217620852 164.35602188110352 107.6827783584595
0 0.1875 450.18245697021484 46.955968856811545 500.2884292602539 72.12001991271975
0 0.1603 165.93385696411133 71.08170223236087 204.3724250793457 107.8622980117798
0 0.1558 85.91198921203613 61.47497844696047 124.36186790466309 97.49889087677003
0 0.1446 125.82681655883789 31.91169929504397 164.41829681396484 67.09648323059083
0 0.1377 440.4049301147461 76.74567890167238 490.0972366333008 102.32504558563234
0 0.1337 155.9270715713501 110.99976730346681 194.38741207122803 147.93820571899417
0 0.1324 230.40485382080078 154.9597282409668 280.4277038574219 183.89264297485352
0 0.1288 449.2491912841797 17.708799362182642 501.1095428466797 41.378137588501
0 0.1278 165.8616828918457 31.75044250488284 204.3937110900879 67.2449417114258
0 0.1212 400.3988265991211 46.7543525695801 450.10189056396484 72.31686782836917
0 0.1170 200.83002090454102 125.06114196777345 249.96442794799805 153.84597015380862
0 0.1133 85.6710147857666 22.428485870361353 124.54609870910645 56.62171554565431
0 0.1101 180.67773818969727 154.99850463867188 230.1350212097168 183.885871887207
0 0.1029 250.54935455322266 124.9743003845215 300.2737808227539 153.89428329467773
0 0.1012 220.80591201782227 185.05753707885742 269.99032974243164 213.8467140197754
0 0.1005 205.9273910522461 81.00084018707277 244.3869400024414 117.93720912933351
0 0.0996 115.92291831970215 110.97422790527344 154.39438819885254 147.96187591552734
0 0.0946 205.92365264892578 41.36682701110841 244.3584442138672 77.59872627258302
0 0.0916 130.53059101104736 6.61038589477542 179.99209880828857 32.455493927001974
0 0.0912 75.93305349349976 101.1826629638672 114.36434030532837 137.76892852783206
0 0.0909 280.8759593963623 155.09396743774414 329.91055488586426 183.82165145874023
0 0.0892 495.72750091552734 72.26170730590822 534.4979476928711 106.77476119995119
0 0.0882 45.82345008850098 61.91176605224612 84.4221019744873 97.09643554687501
0 0.0870 395.77327728271484 72.11117935180665 434.46033477783203 106.91304397583009
0 0.0782 505.6626892089844 32.458173751831076 544.5526885986328 66.59446907043458
0 0.0723 180.61370849609375 6.5087909698486595 229.92473602294922 32.552473068237326
0 0.0718 150.43228149414062 155.05921554565433 179.23492431640625 203.78655624389648
0 0.0676 389.7711944580078 17.321722030639677 440.6446838378906 41.762563705444364
0 0.0671 271.06800079345703 185.34123611450198 319.66529846191406 213.62309646606445
0 0.0636 45.48431634902954 22.919475555419947 84.7098708152771 56.17200088500979
0 0.0603 245.89866638183594 80.8717079162598 284.43092346191406 118.05695724487305
0 0.0592 190.4208755493164 185.03096771240234 219.2489242553711 233.8177795410156
0 0.0571 80.40709495544434 -3.2585339546203325 130.095796585083 22.32891511917117
0 0.0570 455.6093215942383 102.60541152954102 494.59896087646484 136.45951461791995
0 0.0562 300.9387969970703 125.13003540039061 349.8382568359375 153.79622650146484
0 0.0509 355.8866500854492 51.627628326416044 394.3766403198242 87.35810470581058
0 0.0503 35.7330846786499 102.22190093994142 74.4954252243042 136.81136322021484
0 0.0475 245.9281349182129 41.2852306365967 284.36071395874023 77.6741237640381
0 0.0450 285.8911418914795 80.84401321411136 324.44188117980957 118.08266830444337
0 0.0445 120.50844192504883 155.3186721801758 149.14180755615234 203.53152465820312
0 0.0436 345.7889175415039 322.0493621826172 384.4484329223633 356.9698638916015
0 0.0427 221.09783172607422 215.49481582641602 269.6064758300781 243.49084091186526
0 0.0405 150.4534387588501 205.1209659576416 179.20899868011475 253.72240257263186
0 0.0392 400.89298248291016 106.13419723510744 449.70348358154297 132.90829849243164
0 0.0391 438.6350631713867 -11.87817382812497 491.6617965698242 10.965549468994167
0 0.0382 305.8252811431885 321.90543365478516 344.4206142425537 357.1022720336914
0 0.0377 315.923376083374 41.34290885925296 354.36089515686035 77.62083244323732
0 0.0377 385.7363510131836 322.2277374267578 424.4911575317383 356.80598449707037
0 0.0374 5.6183671951293945 42.58349609375003 44.590840339660645 76.47957992553712
0 0.0363 355.9348678588867 91.24821853637697 394.3564224243164 127.70829391479494
0 0.0361 499.9943542480469 7.12869834899905 550.4505920410156 31.95156288146975
0 0.0337 235.77720642089844 2.098497867584258 274.4570541381836 36.9246954917908
0 0.0337 335.7898712158203 282.05695343017584 374.44664001464844 316.96288299560547
0 0.0332 495.73482513427734 112.238094329834 534.4919204711914 146.79642868041992
0 0.0331 271.01648330688477 215.8897514343262 319.61965560913086 243.13523483276367
0 0.0331 340.6503677368164 16.472017288208036 389.8934555053711 42.58827400207522
0 0.0329 75.85491180419922 141.73615646362305 114.40269470214844 177.25819778442383
0 0.0323 120.52739143371582 205.4022903442383 149.11873817443848 253.45565032958984
0 0.0305 29.832308292388916 -2.7357749938964555 80.59251546859741 21.81826782226565
0 0.0304 295.8372402191162 281.8750686645508 334.409875869751 317.1301956176758
0 0.0300 330.56121826171875 155.55857849121094 359.07752990722656 203.31572723388672
0 0.0287 265.77625274658203 322.0907897949219 304.4588851928711 356.9317932128906
0 0.0284 375.73036193847656 282.2569580078125 414.4952392578125 316.7791290283203
0 0.0275 130.04701614379883 -22.912390708923308 180.4037857055664 1.992375373840359
0 0.0273 379.4109344482422 -12.401495456695526 430.9638214111328 11.488661289215115
0 0.0271 379.1975784301758 -72.2492294311523 431.1545181274414 -48.66289901733395
0 0.0264 295.7544708251953 242.17731666564939 334.47540283203125 276.85228538513184
0 0.0256 90.60236930847168 185.78967285156253 119.02773857116699 233.11923217773438
0 0.0254 0.0 224.38586425781247 638.75 563.25
0 0.0254 440.6570816040039 136.45850372314456 489.88903045654297 162.60073852539065
0 0.0252 0.0 82.75597763061525 34.665632247924805 116.32168960571292
0 0.0251 350.47508239746094 356.6644592285156 400.0396728515625 382.4027557373047
0 0.0245 365.7394790649414 132.20118713378906 404.4901657104492 166.83039855957034
0 0.0244 255.8426284790039 281.8547744750976 294.4056701660156 317.14888763427734
0 0.0244 195.86679458618164 241.72550392150882 234.39020156860352 277.26793479919434
0 0.0239 255.7834815979004 242.07808685302734 294.4518852233887 276.9434280395508
0 0.0234 319.4919967651367 -72.4609451293945 370.8915328979492 -48.45226097106931
0 0.0232 230.5722999572754 315.6124801635742 259.06408309936523 363.26819610595703
0 0.0231 335.6678009033203 242.44586181640625 374.54811096191406 276.6057891845703
0 0.0219 35.605835914611816 142.60375213623047 74.60307598114014 176.4610595703125
0 0.0216 180.07322311401367 -22.942245483398406 230.38236618041992 2.020856857299833
0 0.0215 295.7439422607422 2.212700366973906 334.4839859008789 36.81976270675661
0 0.0209 399.11643981933594 -42.194569587707484 451.22764587402344 -18.717644691467257
0 0.0209 375.59627532958984 242.64300537109378 414.61009979248047 276.425048828125
0 0.0208 205.87631225585938 281.69470977783203 244.3822479248047 317.2962875366211
0 0.0208 535.7601547241211 72.1592254638672 574.4707107543945 106.86888885498048
0 0.0204 395.5173110961914 182.845947265625 434.6797561645508 216.2392349243164
0 0.0202 335.5426788330078 -17.216463565826384 374.6571350097656 16.29636240005496
0 0.0199 33.06253433227539 -70.58583068847652 148.19150924682617 -20.935953140258754
0 0.0197 0.0 122.83703994750978 34.691290855407715 156.2474937438965
0 0.0196 300.6270217895508 356.49447631835943 349.9135208129883 382.5663299560547
0 0.0190 370.5946731567383 216.5387840270996 419.93885040283203 242.52438735961914
0 0.0188 339.89994049072266 -42.78411674499508 390.53165435791016 -18.133256912231413
0 0.0187 435.52398681640625 162.8180618286133 474.67491149902344 196.2647933959961
0 0.0184 574.3924140930176 49.336812019348166 638.7499809265137 99.24700450897218
0 0.0183 320.7917785644531 216.28735733032227 369.78057861328125 242.7639503479004
0 0.0181 439.5725631713867 -72.52770233154293 490.8211898803711 -48.38686275482174
0 0.0176 0.0 -67.01440620422359 34.73986625671387 -33.88843345642087
0 0.0170 435.4279327392578 203.05588912963867 474.7602081298828 236.04726028442383
0 0.0168 415.5961608886719 282.64483642578125 454.6100616455078 316.4233703613281
0 0.0166 160.61391830444336 255.8571548461914 189.01372909545898 303.0624313354492
0 0.0166 0.7382392883300781 -3.161094665527316 28.864755630493164 42.29073715209963
0 0.0163 60.69246053695679 176.43603515625 88.91939401626587 222.60028076171872
0 0.0163 512.6921272277832 -75.49999999999996 638.7499809265137 -5.650761604309049
0 0.0163 200.56533813476562 325.5763168334961 229.0725326538086 373.2995529174804
0 0.0160 454.98199462890625 -46.03508281707761 495.1716613769531 -14.781144142150849
0 0.0155 425.5675506591797 322.7118225097656 464.63592529296875 356.3620300292968
0 0.0153 415.48912048339844 242.91498374938962 454.70489501953125 276.1761112213135
0 0.0152 475.65418243408203 162.4791259765625 514.5602798461914 196.57527160644528
0 0.0147 535.7965469360352 112.0313186645508 574.4414138793945 146.98645782470703
0 0.0146 360.6460952758789 166.06946182250977 388.9749526977539 212.88876724243164
0 0.0146 574.3924140930176 109.3368263244629 638.7499809265137 159.24702835083008
0 0.0144 270.6867218017578 356.37305450439453 298.92616271972656 402.6472396850586
0 0.0142 130.58369636535645 255.67458343505862 159.05028343200684 303.2150192260742
0 0.0138 0.7138276100158691 156.62619781494143 28.89389991760254 202.45421600341797
0 0.0136 609.0981864929199 7.389366149902372 638.7500190734863 31.639358520507837
0 0.0130 295.59659004211426 -37.35706138610837 334.60970878601074 -3.5748939514159868
0 0.0129 400.29571533203125 356.84825134277344 450.19134521484375 382.22491455078125
0 0.0129 475.43094635009766 203.04442596435547 514.7579574584961 236.05776977539062
0 0.0127 90.62789916992188 235.9474582672119 118.99688720703125 282.98814964294434
0 0.0127 609.2571830749512 317.27149200439453 638.7500190734863 341.75643157958984
0 0.0127 574.3924140930176 189.33682632446286 638.7499809265137 239.24702835083008
0 0.0119 30.73458194732666 176.79488372802734 58.869051933288574 222.3229522705078
0 0.0119 609.0003776550293 547.1310920715331 638.7500190734863 563.2499809265137
0 0.0118 459.8152542114258 237.2777099609375 510.6075668334961 261.80491638183594
0 0.0116 230.7233428955078 -23.623722076415984 279.8353576660156 2.6792640686035436
0 0.0114 170.6431007385254 306.0533447265625 198.97855758666992 352.9025573730469
0 0.0113 609.0422248840332 287.42869567871094 638.7499809265137 311.6000671386719
0 0.0105 515.6977844238281 152.34931182861328 554.5233154296875 186.69436645507812
0 0.0103 609.1216850280762 347.368537902832 638.7500190734863 371.6596145629883
0 0.0101 455.2235412597656 263.5049362182617 494.9462890625 295.6374282836914
