0 0.3211 180.25410175323486 -15.360922932624812 352.76663303375244 62.13930118083955
0 0.1550 307.08011984825134 58.71419849991799 397.02460169792175 97.50316533446312
0 0.1194 421.3964641094208 104.17227315902711 461.70929074287415 122.83177542686462
0 0.1184 252.0333230495453 60.564579993486404 303.0855357646942 88.18670603632928
0 0.1031 304.3435513973236 97.66551721096039 375.71534514427185 129.21398746967316
0 0.1017 202.21758633852005 -54.49999999999999 346.42641991376877 -15.945920169353478
0 0.0937 374.07684326171875 96.67932856082916 415.2304530143738 114.7022830247879
0 0.0936 351.1967062950134 33.78729391098024 391.29412174224854 52.59266364574434
0 0.0868 381.82663917541504 120.15800046920776 423.09945821762085 138.09861111640933
0 0.0840 413.08629512786865 81.08012247085571 454.34266328811646 99.05020761489868
0 0.0787 7.853344082832336 175.22065955400467 78.4640833735466 207.8613402247429
0 0.0778 86.50410175323486 78.3890770673752 259.01663303375244 155.88930118083957
0 0.0767 429.5217990875244 127.37305331230164 469.2438840866089 146.5039985179901
0 0.0669 265.962153673172 87.85629141330719 304.74624037742615 107.88553822040558
0 0.0618 0.0 136.83920967578888 84.52461659908295 175.62815415859222
0 0.0604 0.0 -15.360922932624812 165.26663303375244 62.13930118083955
0 0.0574 347.8712737560272 7.13348257541657 378.82766127586365 32.40740168094636
0 0.0497 389.4108533859253 -45.65935713052749 499.0234375 14.835348904132852
0 0.0492 7.21992552280426 207.39881563186648 79.08913493156433 238.26156425476074
0 0.0479 389.6864354610443 143.56267321109775 430.8697283267975 161.56867015361786
0 0.0478 21.967634558677673 68.2330230176449 87.9708081483841 119.8173636496067
0 0.0466 343.3000147342682 135.41136550903323 383.5567533969879 154.0939347743988
0 0.0425 396.812379360199 58.038501620292664 439.30643796920776 75.2147125005722
0 0.0366 168.32010447978973 -47.86346983909606 199.01685416698456 -21.997520148754113
0 0.0356 460.0977301597595 88.81078529357912 499.0234375 106.94570708274841
0 0.0326 244.58011239767075 152.46420967578888 334.52460914850235 191.25315415859222
0 0.0310 452.3710906505585 65.31503665447235 493.20337176322937 83.566366314888
0 0.0308 269.8972225189209 108.36125779151918 300.56530237197876 134.27556920051578
0 0.0307 160.80112755298615 52.851753860712066 190.9531205892563 80.34203442931175
0 0.0306 78.58884334564209 173.02401232719424 100.81104934215546 210.0837664604187
0 0.0291 10.205104947090149 246.21419477462769 100.14961659908295 285.0031690597534
0 0.0270 0.5563162267208099 56.524264246225364 22.57498726248741 92.34834703803064
0 0.0253 348.38876128196716 -54.49999999999999 377.99349427223206 -11.657053053379055
0 0.0242 433.73218178749084 147.91318643093112 464.8360311985016 172.89140689373016
0 0.0236 460.32196283340454 41.77822786569596 499.0234375 60.22740024328233
0 0.0220 22.31733500957489 284.30338072776794 63.84642422199249 302.07760500907904
0 0.0219 475.92709958553314 18.016784071922313 499.0234524011612 37.06754612922669
0 0.0218 0.5904082208871841 95.8942906856537 22.53435179591179 131.17609786987308
0 0.0216 107.95128345489502 224.42576158046725 499.0234375 444.5234524011612
0 0.0212 467.87965297698975 112.27063703536989 499.0234375 130.36115336418155
0 0.0206 102.07397490739822 157.709552526474 124.19108301401138 194.2039864063263
0 0.0205 389.6038830280304 167.05222296714783 430.9445321559906 184.9538521766663
0 0.0192 215.44881165027618 170.19326853752136 245.671346783638 197.38791751861575
0 0.0184 265.3694152832031 197.75999951362616 305.2600026130676 216.74336361885074
0 0.0182 136.9529813528061 -39.778531908988946 167.87217557430267 -14.433854639530173
0 0.0175 22.431261837482452 -36.08502671867609 63.74417245388031 -18.159270666539662
0 0.0169 342.1221077442169 198.6651258468628 384.62141156196594 215.8380584716797
0 0.0165 343.04484724998474 159.02557837963104 383.7859332561493 177.3549007177353
0 0.0164 230.87147623300552 202.02131438255313 261.4700421690941 228.1078236103058
0 0.0160 308.55798721313477 195.12696433067322 339.99764919281006 219.45817637443545
0 0.0160 397.0596194267273 34.45447850227357 439.08172845840454 51.924659490585334
0 0.0150 382.41368532180786 213.4969668388367 422.573983669281 232.25782680511477
0 0.0149 82.47870951890945 209.71049237251285 112.99393326044083 236.03327441215512
0 0.0145 441.6313171386719 14.91745430231095 472.56916761398315 40.245941460132606
0 0.0144 389.74887132644653 190.39670991897583 430.81343173980713 208.48469305038455
0 0.0141 468.25195848941803 135.45097279548645 499.0234225988388 154.0551619529724
0 0.0134 0.0 390.5048059225083 101.0039746761322 444.52345240116125
0 0.0133 319.17789578437805 221.81387114524838 360.7341945171356 239.56729340553284
0 0.0131 265.13922214508057 221.37622404098516 305.46337366104126 240.0044040679932
0 0.0123 184.14826691150665 170.3554527759552 214.4632786512375 197.23896551132205
0 0.0121 199.7145712375641 201.7767863273621 230.1383912563324 228.33178806304934
0 0.0121 105.73288798332214 -39.84279968589544 136.59481704235077 -14.375212050974362
0 0.0120 0.0 308.7141947746277 84.52461659908295 347.5031690597534
0 0.0118 66.65249168872833 -39.806676477193825 97.54893183708191 -14.408168762922283
0 0.0115 448.74407351017 183.65375566482547 499.0234225988388 222.64610099792483
0 0.0113 125.54265558719635 150.13772118091586 147.59118854999542 186.201362490654
0 0.0109 226.7809435725212 228.6028401851654 265.78403264284134 248.39295315742493
0 0.0105 0.6096363067626953 -44.5359883904457 22.511564195156097 -9.59418845176696
0 0.0104 394.7364389896393 233.71974992752078 425.71136355400085 258.9481906890869
0 0.0100 475.7245182991028 431.9742159843445 499.0234375 444.5234375
0 0.0100 475.9165197610855 158.65164864063266 499.0234225988388 177.68299448490146
