0 0.1056 494.5698928833008 39.1107521057129 555.4122543334961 57.93675994873048
0 0.0861 484.1605758666992 19.265714645385753 545.7953262329102 37.7759418487549
0 0.0849 434.43225860595703 39.16617488861085 495.54027557373047 57.87986850738527
0 0.0625 414.4293212890625 19.1670379638672 475.5430603027344 37.87889099121095
0 0.0621 198.49042892456055 37.21745586395265 251.79162979125977 59.87028217315675
0 0.0612 485.24730682373047 58.8400993347168 544.7799301147461 78.21666336059572
0 0.0606 415.6040954589844 58.69260406494141 474.4471740722656 78.36919403076173
0 0.0521 375.7532501220703 38.625374794006355 434.3092346191406 58.437834739685066
0 0.0459 484.2420959472656 -0.7655467987060407 545.7191467285156 17.808233261108413
0 0.0418 197.5970458984375 7.73313140869142 252.60643005371094 29.349456787109386
0 0.0395 138.26829433441162 37.347274780273445 191.99450016021729 59.73884201049806
0 0.0354 414.3812561035156 -0.8152904510497911 475.5882263183594 17.86043739318849
0 0.0325 426.5156555175781 78.28227615356447 483.6016845703125 98.79035568237306
0 0.0303 356.03206634521484 18.50164031982423 414.0504837036133 38.564907073974624
0 0.0276 178.66214752197266 67.10767364501955 231.6366195678711 89.98017883300783
0 0.0276 356.46575927734375 58.30234146118165 413.648681640625 78.7692222595215
0 0.0275 486.1177062988281 78.46278762817384 543.9710998535156 98.60473251342773
0 0.0267 138.11441898345947 7.439933776855482 192.13414669036865 29.645687103271495
0 0.0262 257.2100067138672 17.937799453735366 312.9616928100586 39.14156532287599
0 0.0254 0.0 193.38586425781247 638.75 532.25
0 0.0241 474.20806884765625 -20.752099990844712 535.7508850097656 -2.2055759429931494
0 0.0239 196.93925857543945 -21.927122116088853 253.21149826049805 -0.996393203735337
0 0.0234 316.85977935791016 38.1128273010254 373.2846450805664 58.96295166015626
0 0.0229 0.0 -106.49999999999999 510.9122848510742 175.01496887207034
0 0.0220 118.14453125 67.42053604125977 172.10712432861328 89.66498947143556
0 0.0209 257.7809715270996 47.63293838500977 312.4378776550293 69.45109939575195
0 0.0208 355.8605194091797 -1.4222850799560407 414.2097473144531 18.486715316772475
0 0.0199 78.43196868896484 37.251411437988295 131.84511184692383 59.83581161499025
0 0.0190 404.71221923828125 -20.943655014038068 465.2790069580078 -2.006677627563463
0 0.0190 478.7215805053711 217.06834411621097 531.583137512207 240.01947021484372
0 0.0189 418.03382873535156 217.48372650146482 472.208251953125 239.60103607177732
0 0.0184 546.0868835449219 18.467908859252944 604.0018463134766 38.597837448120124
0 0.0178 296.6231918334961 -1.7757549285888528 353.50391387939453 18.848501205444347
0 0.0169 366.9438171386719 88.06703186035156 423.2080841064453 109.0089569091797
0 0.0164 137.80086040496826 -22.37934494018553 192.4199342727661 -0.5366554260253764
0 0.0152 256.8364906311035 -21.877597808837876 313.3065605163574 -1.047157287597642
0 0.0143 88.43905448913574 97.24773025512695 141.8385410308838 119.83962631225585
0 0.0143 78.6154580116272 7.136980056762709 131.67890310287476 29.950738906860366
0 0.0139 456.96327209472656 98.0626449584961 513.1889343261719 119.0143356323242
0 0.0138 237.89230346679688 77.56518936157227 292.3373031616211 99.5188102722168
0 0.0137 396.9917297363281 168.04336166381836 453.1639099121094 189.03312301635742
0 0.0136 88.5219955444336 137.19625091552737 141.7633819580078 159.8913345336914
0 0.0133 556.634635925293 38.21479892730714 613.4943008422852 58.857451438903816
0 0.0131 58.52469444274902 67.19350433349611 111.76117897033691 89.89392852783203
0 0.0123 575.4707145690918 498.2563171386719 638.7500190734863 532.25
0 0.0122 546.1569213867188 -1.562770843505844 603.9366149902344 18.62950897216798
0 0.0119 345.9282684326172 -21.452716827392564 404.14695739746094 -1.4820899963378766
0 0.0116 28.6348557472229 137.12415313720703 81.66146993637085 159.9635467529297
0 0.0115 148.69085311889648 97.08749389648439 201.61108016967773 120.0001678466797
0 0.0114 88.81265640258789 167.01287841796875 141.50018692016602 190.07550811767575
0 0.0113 535.7649993896484 -21.386989593505845 594.3000793457031 -1.55081176757811
0 0.0109 478.7800598144531 187.03368759155273 531.5296936035156 210.05462265014648
0 0.0108 386.64241790771484 138.20930099487305 443.48751068115234 158.8627586364746
0 0.0108 367.69481658935547 197.6796016693115 422.5168991088867 219.40371131896973
0 0.0107 29.052751064300537 206.8498477935791 81.28467798233032 230.2381191253662
0 0.0104 78.98245811462402 226.89687347412112 131.3479709625244 250.19109344482422
0 0.0103 28.886239528656006 166.96309661865234 81.43415689468384 190.12513732910156
0 0.0102 148.1787109375 147.4030456542969 202.07542419433594 169.68301391601562
0 0.0102 307.4934387207031 77.78619384765625 362.7020263671875 99.29517364501953
0 0.0101 474.3138122558594 -40.792905330657945 535.6521606445312 -22.163454532623273
