0 0.1304 91.8040084838867 84.7408676147461 158.53805541992185 144.8714828491211
0 0.1170 8.118572235107418 117.0982551574707 92.60263442993164 183.126220703125
0 0.0857 128.1185722351074 17.098257541656494 212.6026344299316 83.12621831893921
0 0.0806 91.79214477539062 144.85986709594727 158.5462951660156 204.75858688354492
0 0.0736 160.53180694580078 80.91093063354492 189.11327362060544 128.94506454467773
0 0.0713 -19.46801900863647 130.92708110809326 9.113156795501709 178.93429279327393
0 0.0695 0.4770088195800787 180.69604873657227 29.180145263671875 229.1469383239746
0 0.0690 39.4069242477417 71.54244422912598 90.69664478302002 118.22592735290527
0 0.0601 40.48732757568359 180.73238372802734 69.16753768920898 229.1115951538086
0 0.0594 160.51946640014648 130.85664749145508 189.12832260131836 178.99436950683594
0 0.0563 -8.888721466064455 91.03435516357422 39.585247039794915 118.95742416381836
0 0.0519 190.55355072021484 91.01522445678711 219.08687591552734 138.85263442993164
0 0.0492 215.8755016326904 47.18726396560669 254.38389778137204 82.80314207077026
0 0.0468 -69.42754507064818 141.11253261566162 -40.93609094619751 188.767991065979
0 0.0450 85.9324836730957 36.75666332244873 124.35834884643553 73.2004976272583
0 0.0439 190.5519104003906 141.00591659545898 219.0888214111328 188.86053085327148
0 0.0412 -29.416007995605465 181.19476318359375 -0.9499645233154286 228.7015151977539
0 0.0393 215.93348503112793 6.733132600784302 254.35933113098145 43.22224497795105
0 0.0392 228.11858177185061 97.0982551574707 312.6026248931885 163.126220703125
0 0.0363 70.55763244628906 201.04217529296875 99.08191680908203 248.83045196533203
0 0.0360 220.5699062347412 161.09811782836914 249.0670108795166 208.78026962280273
0 0.0359 160.56035995483398 181.0498046875 189.0785789489746 228.82244110107422
0 0.0342 -79.36569690704346 91.52351379394531 -51.01063966751099 138.43170166015625
0 0.0336 255.79589843749997 57.525386810302734 294.44274902343744 92.49191284179688
0 0.0330 10.60572624206543 41.304073333740234 39.023637771606445 88.60610008239746
0 0.0329 250.58696746826175 161.1921501159668 279.0462875366211 208.69985580444336
0 0.0325 -79.37773704528809 191.44935607910156 -50.99608898162842 238.49323272705078
0 0.0312 240.62278747558588 351.4148712158203 269.00306701660156 398.5150146484375
0 0.0306 245.6330871582031 408.03199768066406 284.57916259765625 442.0268249511719
0 0.0306 -39.332304000854485 81.7345142364502 -11.050977706909178 128.25787544250488
0 0.0297 10.598011016845705 231.26556396484375 39.03301239013671 278.63975524902344
0 0.0294 105.9133529663086 206.95959091186523 144.36172485351562 243.0130958557129
0 0.0289 240.6111907958984 301.3365840911865 269.01702880859375 348.5788059234619
0 0.0289 190.5903625488281 191.21597290039062 219.04224395751953 238.68057250976562
0 0.0277 235.55942535400385 448.2365036010742 274.64275360107416 481.8394088745117
0 0.0273 210.645637512207 341.57039642333984 238.97552490234375 388.38863372802734
0 0.0272 310.59612274169916 141.2468671798706 339.0352249145508 188.6539888381958
0 0.0266 280.59181213378906 161.21973037719727 309.0404510498047 208.67650985717773
0 0.0264 80.72320938110352 1.8339824676513672 129.84357833862305 28.216209411621094
0 0.0260 230.62244415283197 211.4112663269043 259.0034866333007 258.5177803039551
0 0.0259 270.6101608276367 361.33113861083984 299.0182876586914 408.5835647583008
0 0.0255 270.6222152709961 311.4056873321533 299.00371551513666 358.52160453796387
0 0.0254 -79.99999999999999 299.8858642578125 558.75 638.75
0 0.0248 40.626974105834954 231.4474868774414 68.99802207946777 278.4891891479492
0 0.0247 255.89458465576166 7.0834362506866455 294.3717575073242 42.898844480514526
0 0.0241 205.54961204528806 408.26072692871094 244.65149879455564 441.81724548339844
0 0.0230 225.75974464416504 257.6551055908203 264.47150230407715 292.37266540527344
0 0.0230 260.62019348144526 211.39503479003906 289.0061950683594 258.5308074951172
0 0.0226 275.7235336303711 447.77183532714844 314.5015335083007 482.2654724121094
0 0.0225 210.64100265502927 291.53438568115234 238.98107528686523 338.4171676635742
0 0.0225 -19.353208541870117 231.59347534179688 8.974227905273438 278.37242126464844
0 0.0223 -34.41438913345337 48.15166711807251 4.621336460113526 81.9171690940857
0 0.0222 89.74691390991211 612.81982421875 140.67041397094727 637.2618103027344
0 0.0221 -79.68319892883301 602.3294067382812 -29.827013015747067 627.7433776855469
0 0.0220 105.37622451782225 418.6714553833008 144.80722427368164 451.44168853759766
0 0.0214 195.53951263427734 448.28914642333984 234.6601867675781 481.7911911010742
0 0.0212 -80.0 568.5858917236328 -45.22316217422486 601.5198516845703
0 0.0210 315.60554504394526 108.11660766601562 354.60220336914057 141.94923400878906
0 0.0210 270.63686370849604 261.5028190612793 298.9860153198242 308.44221115112305
0 0.0207 45.874981880187995 27.204866409301758 84.38281536102295 62.786903381347656
0 0.0206 340.5935287475586 151.23031616210938 369.0383529663086 198.6676788330078
0 0.0205 185.65771102905273 237.96405792236328 224.55778121948242 272.0890808105469
0 0.0202 145.51185607910153 428.35742950439453 184.6847915649414 461.7287063598633
0 0.0201 245.71743011474607 487.79396057128906 284.50634002685547 522.2451782226562
0 0.0200 -79.99999999999999 57.858076095581055 -45.46052455902099 92.18640327453613
0 0.0198 180.6749725341797 331.7887878417969 208.94027709960938 378.2147216796875
0 0.0198 115.45299530029298 468.4914016723633 154.7382354736328 501.6062545776367
0 0.0195 285.72635650634766 407.7686309814453 324.49863433837885 442.26837158203125
0 0.0193 139.79198455810547 612.7827072143555 190.63087463378906 637.2983169555664
0 0.0190 115.4730987548828 378.44974517822266 154.7195816040039 411.64432525634766
0 0.0190 295.56884765625 58.21096420288086 334.63455200195307 91.86281204223633
0 0.0189 300.65101623535156 301.6015148162842 328.9689636230469 348.3624744415283
0 0.0188 -80.0 528.4423446655273 -45.27736663818359 561.6511154174805
0 0.0185 299.86000061035156 2.7464675903320312 350.5671691894531 27.33635187149048
0 0.0184 150.6590461730957 231.66833877563477 178.95940780639648 278.31029891967773
0 0.0183 69.05509948730469 573.34716796875 121.28276824951172 596.7406463623047
0 0.0183 -10.28097152709961 612.8443908691406 40.69452285766601 637.2378540039062
0 0.0183 65.11880874633789 409.20886993408203 105.04373550415039 440.9517288208008
0 0.0182 205.63446044921875 488.0370330810547 244.57710266113278 522.0221710205078
0 0.0180 155.49362182617188 388.4008026123047 194.7011947631836 421.68907165527344
0 0.0179 180.69122314453125 271.9110107421875 208.920783996582 318.1177520751953
0 0.0177 -4.236211776733397 7.6382434368133545 34.46852684020996 42.38818287849426
0 0.0176 70.6794548034668 251.82306289672852 98.93491744995117 298.18761825561523
0 0.0175 75.18497467041014 449.078369140625 114.9823760986328 481.070556640625
0 0.0175 345.302619934082 608.8081550598145 384.8767471313476 638.7499809265137
0 0.0174 135.5043029785156 338.3723831176758 174.69188690185547 371.71504974365234
0 0.0173 39.66138839721679 602.9062271118164 90.74205398559569 627.178840637207
0 0.0172 255.25363922119143 608.9155769348145 294.92130279541016 638.7499809265137
0 0.0172 9.096069335937498 573.3208465576172 61.24563217163086 596.7671966552734
0 0.0172 290.6354141235351 211.49677276611328 318.9877700805664 258.4477233886719
0 0.0171 245.630989074707 528.0368041992188 284.5810317993164 562.0223999023438
0 0.0171 189.73498344421387 612.828254699707 240.6812000274658 637.2533798217773
0 0.0170 155.633544921875 468.0399703979492 194.57786560058594 502.0194625854492
0 0.0169 315.74504852294916 447.71053314208984 354.48291778564453 482.32173919677734
0 0.0168 300.63117980957026 351.46533966064453 328.992919921875 398.47286224365234
0 0.0167 285.73863983154297 507.72865295410156 324.48848724365234 542.3051452636719
0 0.0166 25.05133628845215 429.3446350097656 65.10592460632324 460.8281707763672
0 0.0162 15.232534408569334 388.98258209228516 54.938364028930664 421.15779876708984
0 0.0161 100.67350387573242 251.77600860595703 128.9420509338379 298.22460174560547
0 0.0160 125.34080505371092 508.74988555908203 164.83943939208984 541.3701248168945
0 0.0160 305.0770950317382 618.7979316711426 345.1323318481445 638.7499809265137
0 0.0159 355.6231689453125 118.07124137878418 394.5865631103515 151.9908046722412
0 0.0158 95.42694091796875 338.5602569580078 134.76089477539062 371.54327392578125
0 0.0157 -44.938058853149414 569.3245697021484 -4.903974533081056 600.8464050292969
0 0.0156 205.50144195556638 528.3727645874023 244.69509124755857 561.7147445678711
0 0.0156 150.6931686401367 291.92835807800293 178.91845703125 338.10444831848145
0 0.0156 -79.99999999999999 237.83769607543945 -45.4647946357727 272.20510482788086
0 0.0153 5.641450881958008 278.0158996582031 44.57119941711426 312.0415496826172
0 0.0152 165.49146652221677 508.3980941772461 204.70388412475586 541.6915512084961
0 0.0149 -79.29200649261475 482.0644760131836 -51.09920263290405 528.000373840332
0 0.0148 59.910125732421875 382.6938247680664 110.52547454833983 407.3868179321289
0 0.0148 85.34048080444336 508.7525939941406 124.83953475952148 541.3676452636719
0 0.0147 320.6363296508789 201.50840759277344 348.986701965332 248.43917846679688
0 0.0145 370.64956665039057 151.59143447875977 398.970718383789 198.37060928344727
0 0.0145 129.24661636352536 573.2127380371094 181.11139297485352 596.8745422363281
0 0.0141 245.27889251708982 568.8793563842773 284.8964309692382 601.2519454956055
0 0.0141 305.64571380615234 268.0087089538574 344.5670700073242 302.0481300354004
0 0.0140 25.428571701049805 348.5527801513672 64.75979804992676 381.5501403808594
0 0.0140 385.35152435302734 608.6984252929688 424.83242034912104 638.75
0 0.0139 105.4868507385254 298.4139633178711 144.70754623413086 331.67701721191406
0 0.0138 330.6763839721679 311.7902374267578 358.93856048583984 358.2122039794922
0 0.0138 350.63411712646484 201.49410247802734 378.9894485473633 248.45096588134766
0 0.0136 335.3772354125976 68.67088079452515 374.8060989379883 101.44222497940063
0 0.0135 59.78952884674072 482.8009796142578 110.6297445297241 507.2822570800781
0 0.0134 355.5514907836914 448.2602310180664 394.6494674682617 481.81766510009766
0 0.0134 69.6485710144043 542.9085159301758 120.75498580932616 567.1755599975586
0 0.0133 -44.72400665283203 8.884048461914062 -5.100774765014648 41.2476921081543
0 0.0133 325.6642532348633 487.9505157470703 364.55165863037104 522.1015167236328
0 0.0133 285.57643890380854 548.1842422485352 324.6285629272461 581.887321472168
0 0.0129 185.2024459838867 569.042854309082 224.96623992919922 601.1028671264648
0 0.0128 129.65242385864258 542.9028701782227 180.7520866394043 567.1808242797852
0 0.0127 -79.29441213607788 2.0462512969970703 -51.09631538391113 48.01473617553711
0 0.0126 325.64605712890625 408.0075454711914 364.5668029785156 442.0492172241211
0 0.0126 345.5116271972656 258.35641860961914 384.68513488769526 291.729679107666
0 0.0125 -14.830086231231688 419.11048889160156 24.996101856231686 451.041259765625
0 0.0123 65.48868179321288 298.4135055541992 104.70552444458006 331.6774368286133
0 0.0122 -79.2888879776001 432.09014892578125 -51.10293626785278 477.9803466796875
0 0.0121 495.47071456909174 604.7563171386719 558.7500190734862 638.75
0 0.0119 25.115957260131836 539.2133331298828 65.0464916229248 570.9476470947266
0 0.0118 9.628038406372069 462.93479919433594 60.77101707458496 487.15087890625
0 0.0118 400.8142280578614 0.0 558.7499809265137 83.77708435058594
0 0.0115 -14.609127044677734 358.63475799560547 24.7943115234375 391.47525787353516
0 0.0113 360.7091522216797 302.0608139038086 388.8993072509765 348.0013656616211
0 0.0111 -9.278278350830078 312.180814743042 18.884391784667965 357.91035652160645
0 0.0111 330.6715393066406 361.7542266845703 358.9443206787109 408.2408142089844
0 0.0110 429.3017959594726 622.6834297180176 481.163215637207 638.7499809265137
0 0.0109 400.64998626708984 171.59379959106445 428.97022247314453 218.36862564086914
0 0.0109 325.52783966064453 528.3159255981445 364.6707534790039 561.7667007446289
0 0.0105 365.5042266845703 488.37657928466797 404.69154357910156 521.7112350463867
0 0.0105 -4.686834812164307 508.81290435791016 34.864370822906494 541.3125991821289
0 0.0104 365.4921340942383 348.4059524536133 404.7023391723633 381.6843795776367
0 0.0104 -79.31228637695312 271.9016647338867 -51.07491493225098 318.1277084350586
0 0.0103 325.3308486938476 568.7747573852539 364.8482131958007 601.3473892211914
0 0.0102 395.4994583129883 118.39042663574219 434.6956253051757 151.6985321044922
0 0.0101 395.3023910522461 448.8381576538086 434.8740005493164 481.2894821166992
0 0.0100 130.24749755859372 0.0 180.3496551513672 18.205159902572632
