0 0.3193 82.95511239767076 269.4641947746277 172.89960914850235 308.2531690597534
0 0.2471 82.95511239767076 222.58920222520828 172.89960914850235 261.3781616091728
0 0.1882 94.71763455867769 310.2329969406128 160.72080814838407 361.8173599243164
0 0.1403 53.97623562812805 253.8532316684723 83.60615158081055 300.8780777454376
0 0.1395 72.98449957370758 305.11534214019775 95.71777069568633 343.31220388412476
0 0.1167 100.51946127414705 192.3494189977646 131.22324430942535 221.64995968341827
0 0.1071 53.5546966791153 223.6626371741295 84.44414818286896 252.84204632043839
0 0.0932 49.5939531326294 305.0384223461151 72.22160482406616 343.3113992214203
0 0.0821 69.40020406246185 192.33328104019165 99.82673609256744 221.6639220714569
0 0.0800 163.01234596967697 309.53219532966614 193.73170071840286 338.84188532829285
0 0.0785 131.75874733924866 192.35482811927795 162.48488211631775 221.6450273990631
0 0.0724 22.648321181535728 261.57593727111816 52.33491370081902 308.5592985153198
0 0.0670 174.5457627773285 266.02703332901 197.2816565036774 304.2680621147156
0 0.0596 22.656501919031154 214.71723914146423 52.328908532857895 261.66385412216187
0 0.0550 174.57443261146545 226.90614312887192 197.24577450752255 265.21269232034683
0 0.0526 73.10041570663452 344.22755241394043 95.5742576122284 382.2143077850342
0 0.0520 158.99711632728577 344.13012862205505 181.56182551383975 382.32359290122986
0 0.0504 100.80329859256744 161.29489243030548 130.8847793340683 190.2167946100235
0 0.0468 26.249909490346916 313.0550980567932 48.66928020119668 350.88610649108887
0 0.0424 108.6015977859497 364.34227228164673 138.72021222114563 393.413782119751
0 0.0379 166.79465556144717 187.8601759672165 189.39280295372006 226.1032611131668
0 0.0377 147.3562025427818 475.25233030319214 177.98919016122815 499.0234375
0 0.0362 69.57165682315828 161.47975623607635 99.5975264310837 190.04561007022858
0 0.0361 49.70019841194154 344.3521559238434 72.09116005897522 382.0910155773163
0 0.0328 100.21398746967316 483.3015352487564 131.39278972148895 499.0234225988388
0 0.0309 198.0326154232025 219.09022331237793 220.6575849056244 257.3796808719635
0 0.0304 41.89854645729066 172.51914739608765 64.26539802551271 210.17640829086304
0 0.0298 132.05446088314056 161.30688786506653 162.13239514827728 190.2056634426117
0 0.0287 178.6546983718872 475.1187711954117 209.19725084304807 499.0234225988388
0 0.0263 182.44415307044983 344.14705634117126 204.98758339881894 382.3018968105316
0 0.0256 131.9548317193985 443.3949291706085 162.16905200481415 470.68241238594055
0 0.0254 69.13991057872772 475.4905700683594 99.94397842884065 499.0234375
0 0.0249 198.01291608810425 281.5881371498108 220.68199300765988 319.9027180671692
0 0.0248 2.856818675994881 305.4211139678955 25.177610754966743 342.907190322876
0 0.0238 143.465069770813 383.4688365459442 165.82298064231873 421.1014211177826
0 0.0234 100.78750336170198 130.573570728302 130.85509622097015 158.47817063331604
0 0.0231 -4.968719840049733 266.300231218338 17.380965590476997 303.8974106311798
0 0.0229 -83.49999999999997 0.0 315.6502225399017 219.93356943130493
0 0.0225 77.19142520427704 428.02926898002625 107.54303419589996 454.8191726207733
0 0.0218 120.06604456901552 407.08860754966736 142.33869099617004 444.3768560886383
0 0.0214 37.83703008294106 475.61444342136383 68.74140509963037 499.0234225988388
0 0.0214 -4.952358365058888 219.50039267539978 17.36107254028321 256.95502758026123
0 0.0207 166.9405677318573 438.337504863739 189.21428704261777 475.6280779838562
0 0.0203 18.495579898357395 172.67414927482605 40.78586930036545 210.0364863872528
0 0.0184 45.775709390640266 428.4745752811432 76.4375307559967 454.41123843193054
0 0.0178 210.0296595096588 467.0054614543915 240.334627866745 493.9608871936798
0 0.0177 26.331448644399654 352.49072313308716 48.57006826996805 389.61368799209595
0 0.0177 135.1647728085518 2.1251551806926727 174.73455303907392 21.376658231019974
0 0.0176 88.83166098594666 391.55539870262146 111.06979632377625 428.6745488643646
0 0.0172 69.52449464797975 130.64362108707428 99.61342597007751 158.4136039018631
0 0.0165 88.90594327449797 454.63716983795166 127.33579957485199 475.09610652923584
0 0.0163 -52.88483417034148 486.54280602931976 -12.199977695941913 499.0234524011612
0 0.0156 166.90692090988156 383.4863007068634 189.25514602661133 421.0851490497589
0 0.0155 127.9424854516983 40.28822481632233 150.07389867305756 76.86623185873032
0 0.0153 -4.914069831371297 180.63774704933167 17.314603269100196 217.71934628486633
0 0.0152 -5.951466321945181 486.4959567785263 34.623620748519905 499.0234524011612
0 0.0147 49.575222373008735 454.93146777153015 88.4968467950821 474.81265664100647
0 0.0145 112.29109549522401 86.98812127113342 134.48071265220642 123.88432025909424
0 0.0144 219.71764945983887 263.3579969406128 285.72079324722284 314.9423599243164
0 0.0142 132.02741527557373 130.62795996665955 162.1115484237671 158.42804312705994
0 0.0139 259.27331829071045 365.054726600647 415.5234375 499.0234375
0 0.0139 41.972187995910645 133.82534682750702 64.17596125602724 170.79104483127594
0 0.0138 95.92290008068085 2.270542085170746 135.82978928089142 21.233396604657173
0 0.0136 104.50540268421175 40.29189050197601 126.63589203357697 76.86339318752289
0 0.0136 317.0407243967056 0.0 415.5234225988388 54.56971749663353
0 0.0136 65.42849326133728 383.95237922668457 87.59081149101257 420.6874966621399
0 0.0131 205.86204314231873 320.6738829612732 228.449223279953 358.909547328949
0 0.0129 -60.51095044612884 463.346928358078 -20.256961047649376 482.03322291374207
0 0.0128 14.50162911415101 436.34048104286194 45.20949506759645 462.1749222278595
0 0.0128 88.87226665019988 94.92522105574608 111.02069699764252 131.59507885575294
0 0.0123 151.38908261060715 40.35276360809803 173.50045377016068 76.8143068999052
0 0.0123 135.7434072494507 87.0838388800621 157.9003312587738 123.80563467741013
0 0.0115 221.48206615448 226.91679000854492 244.08033275604245 265.1697099208832
0 0.0115 -20.508574604988087 305.83879351615906 1.6528495550155733 342.55465865135193
0 0.0113 190.29143238067624 180.17221987247467 212.7573766708374 218.14312040805817
0 0.0110 18.55670446157456 133.9653879404068 40.711885035038 170.67547142505646
0 0.0109 -82.94638833403586 142.2421932220459 -60.92183879017829 178.12195420265198
0 0.0108 -4.867771923542014 141.8689638376236 17.258709013462074 178.41441929340363
0 0.0107 190.38563752174377 430.56488037109375 212.64260792732236 467.781126499176
0 0.0106 -82.91059201955794 462.8915786743164 -60.964418858289704 498.17895889282227
0 0.0106 42.02852928638459 392.03113317489624 64.10814607143402 428.2858371734619
0 0.0103 -83.49999999999999 439.6355152130127 -51.81218525767324 458.8660001754761
0 0.0103 -82.94849498569964 181.28716945648193 -60.91932049393652 217.19804406166077
0 0.0102 240.83390617370603 483.3132028579712 272.0223941802978 499.0234375
