0 0.1455 165.89323043823242 37.562127113342285 224.17963027954102 57.50253200531006
0 0.1297 176.3740348815918 57.34603881835937 233.7333869934082 77.72460937499999
0 0.1278 156.04923248291016 17.48891830444336 214.03575897216797 37.57701873779297
0 0.1128 359.8472213745117 -103.15068244934082 450.6333541870117 -61.95904731750489
0 0.1033 156.54546737670898 -2.740983963012695 213.57633590698242 17.812528610229492
0 0.1002 187.61520385742188 86.72107696533203 242.59029388427734 108.36132049560545
0 0.0978 419.1611862182617 65.77753067016602 471.1868667602539 89.31058883666992
0 0.0953 188.50128173828125 116.20670318603516 241.78268432617188 138.88046264648438
0 0.0925 106.8323564529419 37.12675094604492 163.30981731414795 57.94881820678711
0 0.0887 237.7426528930664 91.76664352416992 383.9836120605469 153.16011428833008
0 0.0877 127.07300662994385 -22.99753189086914 183.08900356292725 -1.9251823425292962
0 0.0804 186.76544189453125 -22.84560203552246 243.372802734375 -2.0803165435791007
0 0.0780 168.8494873046875 145.985164642334 221.46774291992188 169.10276412963867
0 0.0780 226.04938507080078 37.49034404754639 284.03526306152344 57.57584095001221
0 0.0767 215.98445892333984 17.517490386962887 274.0959930419922 37.547607421875
0 0.0755 237.6498031616211 66.7013168334961 292.5587844848633 88.38119506835939
0 0.0737 97.2433853149414 6.917371749877928 152.93176651000977 28.161802291870117
0 0.0688 373.0625534057617 -62.58583068847656 488.19149017333984 -12.935953140258786
0 0.0672 117.64171600341797 66.71009063720705 172.56521224975586 88.37303161621094
0 0.0664 408.0991744995117 36.45008563995361 462.14778900146484 58.63563060760498
0 0.0663 113.06253433227539 -82.58583068847656 228.19150924682617 -32.935953140258796
0 0.0660 359.41158294677734 65.59661865234375 410.9634780883789 89.4903564453125
0 0.0622 216.3371467590332 -2.6438999176025386 273.7692451477051 17.713003158569336
0 0.0588 393.0625534057617 97.41418838500977 508.19149017333984 147.06403732299805
0 0.0559 308.70184898376465 -93.92251491546632 361.6018009185791 -70.99023818969727
0 0.0539 450.0737762451172 -94.93455171585082 500.3802490234375 -69.98576402664185
0 0.0520 117.4199104309082 126.81930541992189 172.77090072631836 148.26053619384766
0 0.0508 298.78570556640625 66.02743148803711 351.5251922607422 89.06049728393555
0 0.0441 169.56792831420898 175.47790527343747 220.82490921020508 199.60784912109375
0 0.0440 608.7496185302734 -44.37447547912598 638.75 -20.5972957611084
0 0.0436 128.2685089111328 96.34872436523438 181.9939422607422 118.73764038085938
0 0.0424 348.37974548339844 36.28314971923828 401.8925476074219 58.803863525390625
0 0.0401 318.6321258544922 -63.87843132019043 371.6648864746094 -41.03449821472168
0 0.0401 107.9155158996582 156.55330657958984 162.31582641601562 178.53099822998047
0 0.0398 225.11098861694336 151.72710418701175 265.0506782531738 183.43509674072266
0 0.0396 589.0492248535156 -94.15023803710938 638.75 -70.76212882995605
0 0.0380 68.19137573242188 -23.605270385742188 122.0640754699707 -1.3087081909179685
0 0.0379 227.2289276123047 -43.081843852996826 282.9466247558594 -21.84012651443481
0 0.0370 574.3924140930176 117.33682632446288 638.7499809265137 167.24702835083008
0 0.0368 397.58861541748047 6.729478836059569 452.61600494384766 28.351812362670895
0 0.0364 287.23934173583984 36.91718578338623 342.93601989746094 58.161625862121575
0 0.0341 277.7426528930664 151.7666530609131 423.9835739135742 213.1601047515869
0 0.0328 107.62096405029297 -103.28797817230225 162.58636474609375 -81.63047552108765
0 0.0321 468.15704345703125 46.417827606201165 522.0947265625 68.66842269897461
0 0.0315 479.25724029541016 75.70907592773438 531.1010360717773 99.378662109375
0 0.0307 489.2816925048828 -64.30954933166504 541.0794830322266 -40.60295104980469
0 0.0306 276.9600582122803 -2.944765090942383 333.194055557251 18.020334243774414
0 0.0304 0.0 136.07757568359375 51.59024715423584 159.01073455810547
0 0.0293 508.9227294921875 -94.06105995178223 561.4012908935547 -70.85068225860596
0 0.0286 318.09638023376465 -33.55481147766113 372.1517276763916 -11.36042594909668
0 0.0276 337.52532958984375 -3.233880996704101 392.6734924316406 18.315038681030273
0 0.0274 574.3924140930176 177.33681678771973 638.7499809265137 227.2469997406006
0 0.0268 608.5041999816895 -14.217948913574219 638.7499809265137 9.24509048461914
0 0.0266 428.11859130859375 149.59827423095703 512.6026153564453 215.626220703125
0 0.0265 333.0625534057617 317.41416931152344 448.19149017333984 367.0640563964844
0 0.0254 248.36210250854492 -103.70947122573853 301.9093132019043 -81.2040615081787
0 0.0253 7.936363220214844 166.5447998046875 62.296037673950195 188.54015350341797
0 0.0250 0.0 -82.58583068847656 108.19150924682617 -32.935953140258796
0 0.0250 609.2415618896484 85.28432846069336 638.75 109.74382400512694
0 0.0246 0.0 105.95033645629884 51.41327381134033 129.13824081420898
0 0.0246 168.0765724182129 -103.5430121421814 222.16974258422852 -81.37229919433594
0 0.0237 458.0487823486328 16.476726531982425 512.1942901611328 38.60834121704102
0 0.0234 57.26279258728027 136.90586090087893 112.91424751281738 158.17325592041016
0 0.0231 58.097989559173584 56.45042419433594 112.148916721344 78.63525390625
0 0.0224 317.7426528930664 251.76666259765622 463.9835739135742 313.1600952148437
0 0.0219 68.12814474105835 86.42904281616211 122.12229013442993 108.65621566772461
0 0.0216 48.171539306640625 26.406831741333008 102.0820426940918 48.67915153503418
0 0.0213 227.83008575439453 -73.40273022651672 282.3948287963867 -51.51412844657898
0 0.0211 47.5634765625 -103.25811386108398 102.63934135437012 -81.66097640991211
0 0.0211 448.8529968261719 -14.025163650512695 501.46629333496094 9.111948013305664
0 0.0210 219.67199325561523 185.39697647094727 270.73286056518555 209.68782424926758
0 0.0206 169.5647430419922 205.47720909118652 220.82836151123047 229.60816383361816
0 0.0201 574.3924140930176 337.33680725097656 638.7499809265137 387.2470092773437
0 0.0194 108.56132507324219 186.1658668518066 161.72903060913086 208.92099380493164
0 0.0194 18.287100791931152 -3.6604690551757817 71.9766092300415 18.747177124023438
0 0.0193 558.8899993896484 -64.0415620803833 611.4312744140625 -40.87049961090088
0 0.0187 38.4765625 236.2241744995117 91.80461883544922 258.8632583618164
0 0.0184 498.6166763305664 -33.865013122558594 551.6780471801758 -11.047439575195312
0 0.0183 248.1185817718506 329.5982360839844 332.6026248931885 395.626220703125
0 0.0182 599.0422821044922 55.862789154052734 638.75 79.22601699829103
0 0.0181 8.147754669189453 196.42471313476562 62.10283279418945 218.66172790527344
0 0.0176 8.595895767211914 76.15009307861328 61.696438789367676 98.93768310546876
0 0.0171 390.030517578125 225.09250640869143 440.4200744628906 249.98653411865232
0 0.0168 389.1130828857422 391.07313156127924 638.75 531.2500190734863
0 0.0165 219.7535514831543 215.33145904541016 270.66110610961914 239.75238800048828
0 0.0154 608.4693717956543 15.805301666259766 638.7500190734863 39.22187805175781
0 0.0152 445.58528900146484 220.66604614257815 484.62032318115234 254.40399169921875
0 0.0150 340.19603729248047 214.95265960693362 390.2749252319336 240.1242446899414
0 0.0150 564.7006988525391 -37.5275993347168 605.4351043701172 -7.241611480712888
0 0.0149 0.0 391.071548461914 255.418701171875 531.25
0 0.0149 8.701987266540527 -33.91608953475952 61.60022735595703 -10.995733737945555
0 0.0148 270.0846481323242 235.04932403564453 320.3721237182617 260.0293350219727
0 0.0143 88.48708152770996 216.21551513671875 141.7955493927002 238.87161254882812
0 0.0143 448.11859130859375 329.5982360839844 532.6026153564453 395.626220703125
0 0.0140 0.0 45.60976028442382 50.97959518432617 69.47729110717773
0 0.0133 574.3924140930176 277.33680725097656 638.7499809265137 327.24700927734375
0 0.0130 529.3376922607422 55.64556121826171 581.0304260253906 79.44107055664062
0 0.0129 169.63022232055664 235.4302978515625 220.76967239379883 259.6549987792969
0 0.0128 515.4217910766602 101.06931686401366 554.7658157348633 134.03501510620114
0 0.0128 193.0625343322754 277.41416931152344 308.1915092468262 327.0640563964844
0 0.0122 290.85718154907227 -53.79594802856445 318.7248420715332 -10.703706741333008
0 0.0120 148.11857223510742 329.5982360839844 232.60263442993164 395.626220703125
0 0.0119 0.0 231.49005889892578 34.94094371795654 263.6510086059571
0 0.0119 365.93677520751953 369.2095947265625 404.3577194213867 405.7440185546875
0 0.0116 220.06275177001953 245.07110595703122 270.390625 270.00823974609375
0 0.0112 515.6227111816406 140.57077407836914 554.5871734619141 174.49125289916992
0 0.0110 64.15752649307251 163.32841873168945 105.95184087753296 191.98526382446286
0 0.0108 485.52112579345703 220.83171844482425 524.6768569946289 254.25228118896482
0 0.0108 565.5059432983398 80.8738327026367 604.6899032592773 114.21371459960936
0 0.0105 460.3567886352539 254.79385375976562 510.1381301879883 280.2783203125
0 0.0105 39.50223922729492 265.52616119384766 90.88350296020508 289.55982208251953
0 0.0105 95.1376724243164 241.67369842529297 135.02605438232422 273.4836959838867
0 0.0100 515.6412887573242 180.5146884918213 554.5714950561523 214.5426082611084
