0 0.0641 -106.49999999999997 267.6295471191406 -72.01481723785399 302.39627838134766
0 0.0612 -40.694800853729234 267.47554779052734 -2.0631566047668306 302.5377655029297
0 0.0524 -106.49999999999997 227.76277542114258 -71.9855132102966 262.2738838195801
0 0.0522 -0.6282653808593629 277.22482681274414 37.88467025756837 312.768497467041
0 0.0445 -106.49999999999997 307.7305221557617 -71.99208164215085 342.30350494384766
0 0.0403 -40.72404289245603 307.57083892822266 -2.0389308929443217 342.4502182006836
0 0.0363 -66.07746505737303 242.21397399902344 -16.41497993469237 267.85438537597656
0 0.0352 39.30142498016358 277.5163269042969 77.93733692169191 312.50022888183594
0 0.0350 -0.6110324859619001 317.13170051574707 37.87367439270021 352.85433769226074
0 0.0333 -15.881017684936507 221.3858985900879 12.507616043090833 268.53811264038086
0 0.0284 -106.49999999999997 188.00983428955078 -71.92074918746947 222.04715728759766
0 0.0254 -106.49999999999997 299.8858642578125 532.25 638.75
0 0.0248 19.278079032897963 237.59864807128906 57.95606708526613 272.42454528808594
0 0.0232 39.34608078002931 317.33763694763184 77.90332412719727 352.66465187072754
0 0.0229 -106.49999999999997 0.0 404.4122848510742 281.5149688720703
0 0.0222 -71.18479633331296 208.80760192871094 -31.63741016387938 241.3174057006836
0 0.0209 84.12599182128908 251.43457412719727 112.49917602539062 298.4986686706543
0 0.0203 -105.81589126586911 341.8734359741211 -77.57059001922605 388.14990997314453
0 0.0192 -57.03613662719725 613.0461502075195 -5.580572128295883 637.0389175415039
0 0.0191 22.757221221923842 613.2012557983398 74.60273361206055 636.8854141235352
0 0.0177 79.26908111572267 297.62901306152344 117.96338653564453 332.3966598510742
0 0.0174 82.84757232666017 613.1345367431641 134.5224151611328 636.9515228271484
0 0.0171 178.89653778076172 98.63030433654785 218.2883605957031 131.47927284240723
0 0.0169 114.12664031982423 251.4384651184082 142.4984130859375 298.4954261779785
0 0.0153 161.3469181060791 4.08905029296875 215.8791408538818 25.994386672973633
0 0.0151 -56.20384597778319 342.32311248779297 -6.304172515869128 367.7467727661133
0 0.0151 172.92505836486816 73.08628797531128 224.45160484313965 97.00055360794067
0 0.0149 -106.49999999999997 602.8903198242188 -55.779232025146456 627.19482421875
0 0.0146 -105.80219411849974 141.97859287261963 -77.58702421188353 188.06691646575928
0 0.0144 -5.830635070800767 351.7498016357422 22.447048187255874 398.24615478515625
0 0.0140 142.89054489135742 613.1022644042969 194.48432540893552 636.9834899902344
0 0.0139 406.19212722778315 0.0 532.2499809265136 69.84923839569092
0 0.0138 14.093814849853528 212.03960418701172 63.43961334228516 238.02356719970703
0 0.0133 69.31165313720703 217.47516632080078 107.92955017089844 252.53807067871094
0 0.0128 138.8449821472168 98.74489784240723 178.33522415161133 131.37463569641113
0 0.0128 172.00467681884766 43.70626926422119 225.2792510986328 66.38115406036377
0 0.0127 -5.708822250366197 602.8852653503418 22.302099227905284 638.7500190734863
0 0.0126 218.9520416259765 98.49987030029297 258.23846435546875 131.59847259521484
0 0.0125 124.15185546874999 301.60709381103516 152.46800994873047 348.3579635620117
0 0.0123 -57.618774414062486 583.4649658203125 -5.06101036071776 606.6230773925781
0 0.0121 84.15498352050783 331.63578033447266 112.46427154541017 378.3359146118164
0 0.0120 24.17309379577638 351.77650451660156 52.4425563812256 398.22471618652344
0 0.0113 144.1526756286621 251.61855697631836 172.46703720092773 298.3496284484863
0 0.0111 114.14556121826173 201.56471252441406 142.4755630493164 248.3924102783203
0 0.0111 502.47157669067377 622.653980255127 532.2499809265137 638.7499809265137
0 0.0110 189.0968189239502 138.1356382369995 228.11016654968262 171.93180561065674
0 0.0109 -30.899278163909898 188.1254005432129 8.106778621673598 221.94120407104492
0 0.0108 149.07001113891604 138.21133136749268 188.13323593139648 171.8624448776245
0 0.0108 -106.49999999999997 573.011360168457 -65.6348600387573 597.0746231079102
0 0.0107 -105.79254770278929 92.05791473388672 -77.59856843948363 138.0051612854004
0 0.0106 -106.49999999999997 2.6520204544067383 -56.032065391540506 27.42927074432373
0 0.0103 222.98783874511722 63.03948402404785 274.39576721191406 87.04696655273438
0 0.0102 101.31803131103516 4.106054306030273 155.90539550781247 25.977308750152588
0 0.0101 114.19025039672852 151.9019651412964 142.42190933227542 198.12466144561768
0 0.0101 223.09365844726562 612.9442596435547 274.3049774169922 637.1393585205078
