0 0.0670 244.88222122192383 -64.51293706893921 305.12075424194336 -45.43541193008423
0 0.0609 435.30574798583984 -4.688606262207031 494.72667694091797 14.74538803100586
0 0.0558 225.0865936279297 -44.595317840576165 284.93011474609375 -25.350284576416012
0 0.0556 304.57228660583496 -64.39162254333496 365.4103946685791 -45.56107521057129
0 0.0537 255.05924224853516 -84.58670616149902 314.9562454223633 -65.35967826843262
0 0.0533 425.1831817626953 -24.638242721557617 484.84092712402344 -5.306634902954101
0 0.0469 284.6273422241211 -44.41168785095215 345.35858154296875 -25.540018081665036
0 0.0453 215.19771575927734 -24.64125633239746 274.82662200927734 -5.302953720092773
0 0.0446 186.0204315185547 -64.99475479125977 244.06166076660156 -44.939098358154304
0 0.0434 435.59329986572266 15.191388130187988 494.45865631103516 34.86934185028076
0 0.0426 415.1694869995117 -44.631853103637695 474.85347747802734 -25.313081741333004
0 0.0415 344.69799041748047 -44.44098472595214 405.29300689697266 -25.510034561157227
0 0.0395 364.88658905029297 -64.51639175415039 425.11714935302734 -45.432186126708984
0 0.0394 314.91984367370605 -84.53181743621826 375.0866413116455 -65.41666507720946
0 0.0375 205.2463722229004 -4.661865234375 264.781436920166 14.718208312988281
0 0.0368 196.08665466308594 -85.02633094787598 254.00066375732422 -64.90702629089354
0 0.0355 364.87133026123047 -24.509897232055664 425.13126373291016 -5.438814163208007
0 0.0342 166.57958984375 -45.251665115356445 223.5434341430664 -24.67555046081543
0 0.0323 274.87915992736816 -24.510746002197266 335.12335777282715 -5.437488555908203
0 0.0318 375.06114959716797 -4.585638046264649 434.9540328979492 14.639577865600586
0 0.0315 425.4236602783203 -64.73936080932617 484.6172332763672 -45.20256042480469
0 0.0276 195.28173446655273 15.323715209960934 254.74843978881836 34.733123779296875
0 0.0261 255.72349548339844 -104.86819624900818 314.3384552001953 -85.0700056552887
0 0.0254 0.0 159.8858642578125 638.75 498.74999999999994
0 0.0250 375.2458953857422 -84.66494560241699 434.78271484375 -65.27925491333008
0 0.0246 476.72950744628906 -45.33097267150879 533.4066772460938 -24.595766067504883
0 0.0240 314.9782180786133 -4.550132751464843 375.0308609008789 14.603290557861328
0 0.0229 0.0 -140.0 510.9122848510742 141.5149688720703
0 0.0214 147.29293823242188 -15.607204437255858 202.88593292236328 5.6870079040527335
0 0.0207 375.3783416748047 15.283799171447756 434.6583557128906 34.77437496185303
0 0.0200 185.54555892944336 35.21432876586914 244.5024299621582 54.84621047973633
0 0.0196 436.1434555053711 34.94983673095703 493.9475631713867 55.1177978515625
0 0.0192 196.5982437133789 -105.26503086090088 253.52725982666016 -84.66268062591551
0 0.0187 609.4729423522949 452.60833740234375 638.7500190734863 477.4184417724609
0 0.0181 435.94303131103516 -84.96674060821533 494.13509368896484 -64.96909618377686
0 0.0171 315.62129974365234 -104.8255145549774 374.4338607788086 -85.11421322822571
0 0.0168 608.9626884460449 482.66075134277344 638.7500190734863 498.75
0 0.0155 496.95945739746094 -15.44485092163086 553.1946563720703 5.520362854003906
0 0.0155 255.47645568847656 15.242023468017578 314.56714630126953 34.81733322143555
0 0.0152 137.1826171875 14.448814392089842 192.98763275146484 35.629844665527344
0 0.0151 128.29576015472412 -66.16379976272583 181.9683313369751 -43.749186992645264
0 0.0151 186.24149322509766 54.90774154663085 243.85604858398438 75.16145706176758
0 0.0141 315.4112243652344 15.27135848999023 374.62738037109375 34.7874641418457
0 0.0139 497.4447250366211 -75.69519996643065 552.7484512329102 -54.22494888305663
0 0.0138 368.15467834472656 163.91708374023435 422.0973205566406 186.16886138916013
0 0.0131 365.78102111816406 35.11138916015624 424.2839050292969 54.951858520507805
0 0.0127 245.7437515258789 35.1279640197754 304.3184280395508 54.93490219116211
0 0.0123 127.20516681671143 44.437637329101555 182.9667615890503 65.64128875732422
0 0.0123 0.0 -77.0734190940857 40.76498985290527 -52.84130334854125
0 0.0118 138.07748794555664 -96.0368824005127 192.16741561889648 -73.87743949890137
0 0.0116 366.4586639404297 54.804878234863274 423.6554718017578 75.2664566040039
0 0.0111 378.02520751953125 133.99003982543945 432.21580505371094 156.0948371887207
0 0.0110 375.88165283203125 -104.93871808052063 434.19189453125 -84.99773859977722
0 0.0109 357.85526275634766 84.09111022949219 412.37003326416016 105.9933853149414
0 0.0109 0.0 -107.06172466278076 40.77505111694336 -82.85254955291748
0 0.0108 246.47010803222656 54.80176925659178 303.6443328857422 75.27006149291992
0 0.0108 368.6456298828125 193.6175537109375 421.6516876220703 216.47018432617185
0 0.0108 236.71749114990234 -125.32580375671385 293.4178924560547 -104.60115909576416
0 0.0107 38.3661675453186 -56.21366500854492 91.90597295761108 -33.700103759765625
0 0.0106 137.08797931671143 74.49577331542969 193.07502269744873 95.58177947998047
0 0.0103 0.0 -136.82891845703122 41.04922294616699 -113.08312416076659
0 0.0102 608.9145088195801 423.0190658569336 638.7499809265137 447.0100021362304
0 0.0102 428.37718963623047 183.78719329833984 481.8943405151367 206.30016326904297
0 0.0101 98.86741638183594 -36.52509689331055 151.45126342773438 -13.386745452880861
0 0.0101 28.347856998443604 -26.200504302978516 81.92214727401733 -3.7130355834960938
