0 0.2907 70.72525024414062 -29.901981353759762 291.5412902832031 69.2983055114746
0 0.1079 40.13214111328125 -76.07780456542969 130.35768508911133 -34.066963195800774
0 0.0726 38.44585418701172 71.31602764129637 224.04903411865234 148.74924182891846
0 0.0694 134.34864044189453 -80.0 246.86927795410156 -45.25578498840333
0 0.0661 219.26504135131836 73.20144176483153 271.09453201293945 96.88599109649657
0 0.0517 35.26803970336914 -31.102457046508786 74.90684509277344 1.2353992462158214
0 0.0506 0.0 -71.1469316482544 34.882423877716064 -38.724069595336914
0 0.0397 19.260764122009277 23.20557594299316 71.09813213348389 46.88202857971191
0 0.0354 387.6142883300781 144.21920776367188 442.5916290283203 165.86280822753906
0 0.0295 279.4174289703369 53.08245658874511 330.9603786468506 77.00312614440917
0 0.0292 229.3636703491211 103.13404083251952 281.0057067871094 126.95350646972655
0 0.0288 285.7273769378662 7.72660255432129 324.5015048980713 42.30708122253417
0 0.0286 347.2760772705078 124.39861297607423 402.9021453857422 145.68058013916016
0 0.0281 598.5442924499512 -66.32048606872559 638.7500190734863 -43.59227657318115
0 0.0271 0.0 -31.22375249862671 34.853925704956055 1.3460516929626454
0 0.0257 278.6301040649414 83.62733840942381 331.6657257080078 106.46036148071288
0 0.0254 0.0 219.8858642578125 638.75 558.75
0 0.0247 407.82955169677734 114.09868240356444 462.39505767822266 135.9846305847168
0 0.0228 253.06254386901855 -75.08583068847656 368.191499710083 -25.43595314025879
0 0.0220 327.53665924072266 154.2625617980957 382.66246795654297 175.81907272338864
0 0.0210 357.32975006103516 94.37005996704102 412.85289764404297 115.70951461791992
0 0.0205 397.8574752807617 174.08416748046872 452.36927032470703 195.99948883056638
0 0.0204 508.0492401123047 -76.02145671844481 562.1933746337891 -53.8931655883789
0 0.0199 10.085587501525879 52.55228996276855 60.3705358505249 77.5268268585205
0 0.0197 608.708667755127 -36.84552192687988 638.7499809265137 -13.126068115234373
0 0.0192 287.92430877685547 114.05035018920897 342.30735778808594 136.03433609008786
0 0.0181 448.2454299926758 153.8604736328125 502.01534271240234 176.22547149658203
0 0.0162 417.95772552490234 84.02891159057617 472.2774124145508 106.05562210083008
0 0.0149 239.2979621887207 133.1801605224609 291.0646629333496 156.90746307373047
0 0.0145 448.66077423095703 -76.39026165008545 501.63761138916016 -53.52170467376708
0 0.0140 105.59860229492188 148.1295394897461 144.6087646484375 181.93740844726562
0 0.0137 574.3924140930176 4.836816787719727 638.7499809265137 54.747018814086914
0 0.0130 337.5724792480469 64.24039840698242 392.63031005859375 85.84108352661133
0 0.0129 458.25145721435547 183.8564109802246 512.0100021362305 206.22949600219727
0 0.0127 145.49278736114502 148.39767456054688 184.702410697937 181.69193267822266
0 0.0124 408.0782699584961 203.96032333374023 462.16724395751953 226.1250114440918
0 0.0123 548.5465621948242 -46.31638526916504 601.7405319213867 -23.595571517944336
0 0.0120 10.702948570251465 82.0052719116211 38.9067268371582 128.04401397705075
0 0.0115 179.16156768798828 223.27495574951172 231.18701934814453 246.81285858154294
0 0.0113 428.12694549560547 53.929786682128906 482.12337493896484 76.15549087524414
0 0.0110 185.51712036132812 148.33967208862305 224.68059539794922 181.74501419067383
0 0.0108 608.9962959289551 542.6342773437499 638.7499809265137 558.75
0 0.0103 574.3924140930176 64.83682632446288 638.7499809265137 114.74702835083006
0 0.0102 337.6967239379883 184.17339324951172 392.51636505126953 205.90911865234375
0 0.0101 179.00182723999023 253.386116027832 231.3300895690918 276.70215606689453
0 0.0100 300.84975242614746 -18.323059082031246 349.7407627105713 8.366451263427734
