0 0.1536 497.68993377685547 154.1739273071289 552.523307800293 175.90808868408203
0 0.1084 436.1590576171875 154.94140624999997 493.93341064453125 175.12619018554688
0 0.0936 376.31378173828125 154.87434387207028 433.7891387939453 175.1956558227539
0 0.0916 456.2691879272461 134.88773345947266 513.8321304321289 155.18062591552734
0 0.0770 395.58074951171875 135.1980972290039 454.46998596191406 154.86267089843747
0 0.0749 518.2889938354492 123.82173538208006 571.9785690307617 146.26256942749023
0 0.0719 574.3924140930176 104.83682632446288 638.7499809265137 154.74702835083005
0 0.0687 406.88533782958984 174.6017074584961 463.2606887817383 195.47454833984372
0 0.0674 498.1158447265625 183.93283843994138 552.1342468261719 206.1518859863281
0 0.0539 589.8072624206543 162.78446197509766 638.7500190734863 187.2983169555664
0 0.0510 317.11891174316406 154.48358535766602 373.0457305908203 175.59480667114258
0 0.0490 257.8893852233887 154.07148361206052 312.338924407959 176.01316452026367
0 0.0411 609.6270751953125 72.4732780456543 638.75 97.55052566528319
0 0.0394 456.3127136230469 114.86616134643555 513.7921905517578 135.20246505737305
0 0.0371 198.1229591369629 153.93760681152344 252.12575912475586 176.14845275878906
0 0.0360 336.1338806152344 124.95529174804685 393.9561462402344 145.1123809814453
0 0.0328 395.6222152709961 115.17786026000975 454.4320297241211 134.8830223083496
0 0.0325 589.619312286377 192.9336929321289 638.7499809265137 217.15099334716797
0 0.0310 277.1535110473633 124.46456909179688 333.0141830444336 145.6139373779297
0 0.0304 347.39540100097656 184.33835983276367 402.79197692871094 205.74220657348633
0 0.0283 138.36605548858643 153.7935447692871 191.90452098846436 176.29373550415036
0 0.0279 268.0907917022705 183.95601272583008 322.155179977417 206.12981796264648
0 0.0271 560.7938385009766 152.9134941101074 588.7989807128906 197.36330032348633
0 0.0270 574.3924140930176 224.83680725097656 638.7499809265137 274.74700927734375
0 0.0257 217.4342918395996 124.31650161743165 272.75659561157227 145.76417922973633
0 0.0251 497.6818084716797 94.17430877685547 552.5316619873047 115.90702056884764
0 0.0233 609.2085266113281 42.80883789062501 638.75 67.21946716308594
0 0.0229 0.0 277.02486038208013 510.9126281738281 558.7499809265137
0 0.0229 0.0 -79.99999999999999 510.9122848510742 201.51496887207028
0 0.0229 208.79653930664062 183.52342605590817 261.5147018432617 206.5649604797363
0 0.0221 408.13243865966797 203.93016815185544 462.1175765991211 226.1556625366211
0 0.0203 336.02699279785156 105.00286102294922 394.05540466308594 125.06343841552734
0 0.0203 436.0607147216797 94.98411178588867 494.02503967285156 115.08203506469727
0 0.0201 149.2008924484253 183.24832916259766 201.1516237258911 206.8395233154297
0 0.0183 157.6374053955078 124.20824050903319 212.5701141357422 145.87419509887692
0 0.0179 574.3924140930176 284.83680725097656 638.7499809265137 334.74700927734375
0 0.0175 407.49298095703125 254.28611755371094 462.7025604248047 275.79521179199213
0 0.0166 375.74771881103516 85.12395858764647 434.31529998779297 104.93856430053711
0 0.0149 608.7166595458984 13.14962387084961 638.75 36.87885284423828
0 0.0149 456.3565444946289 74.84769821166992 513.7511825561523 95.22172927856445
0 0.0149 498.9932632446289 213.38619232177732 551.338996887207 236.70127868652344
0 0.0144 257.27399826049805 94.40214157104492 312.9034614562988 115.67739486694336
0 0.0141 509.5396041870117 253.00033569335935 560.8498764038086 277.08572387695307
0 0.0130 565.6229400634766 68.05967330932617 604.5879364013672 102.00143814086913
0 0.0129 98.24281692504883 123.86608123779295 152.01684951782227 146.2204360961914
0 0.0126 316.48494720458984 84.79190826416016 373.6312484741211 105.2796173095703
0 0.0125 395.85025787353516 65.07879257202148 454.22008514404297 84.98497009277342
0 0.0124 88.97991180419922 173.40085983276367 141.34979248046875 196.6874122619629
0 0.0120 512.6921272277832 -80.0 638.7499809265137 -10.150761604309086
0 0.0116 608.9801025390625 542.6471710205078 638.75 558.7499999999999
0 0.0113 409.15164947509766 283.28201293945307 461.1958694458008 306.8058776855469
0 0.0112 347.5638961791992 214.24484252929685 402.6382064819336 235.83656311035156
0 0.0109 459.4756317138672 273.0464172363281 510.9070587158203 297.03979492187494
0 0.0107 288.0570125579834 213.97581100463864 342.1859073638916 236.10986709594727
0 0.0106 197.50598907470703 94.27837371826172 252.6907730102539 115.80291748046874
