0 0.0747 536.4958953857422 -64.71581649780272 593.6217498779297 -44.212924957275376
0 0.0609 526.3983917236328 -84.66988277435303 583.7119293212891 -64.25992679595946
0 0.0496 567.0076751708984 -44.96242713928222 623.1486511230469 -23.960582733154286
0 0.0421 506.8000793457031 -104.86586761474608 563.3415985107422 -84.06020832061768
0 0.0375 94.44536209106445 176.15799713134766 155.52885055541992 194.88766479492188
0 0.0360 84.35549736022949 196.19298744201663 145.61270713806152 214.8514919281006
0 0.0351 567.1414947509766 -105.0393886566162 623.0276489257812 -83.88376188278197
0 0.0335 94.91555213928223 155.9718780517578 155.09013175964355 175.07992553710938
0 0.0298 54.50005531311035 216.13724517822263 115.47764778137207 234.90921783447266
0 0.0269 25.349035263061523 195.79628753662112 84.68559265136719 215.2615432739258
0 0.0264 85.73484420776367 135.62819290161133 144.3276023864746 155.4339485168457
0 0.0259 35.37801504135132 175.78278350830078 94.65894937515259 195.27519989013672
0 0.0254 0.0 190.38586425781244 638.75 529.2499999999999
0 0.0243 35.78157663345337 155.60848999023438 94.28399801254272 175.45433807373047
0 0.0240 34.935550689697266 235.96836853027347 95.07030487060547 255.0844268798828
0 0.0229 597.7849006652832 -75.38096618652342 638.7499809265137 -53.53671264648436
0 0.0229 0.0 -109.49999999999999 510.9122848510742 172.0149688720703
0 0.0215 0.0 214.80301666259763 52.72336959838867 236.27877044677737
0 0.0205 114.28592681884766 216.21880340576172 175.67794799804688 234.82468414306638
0 0.0205 506.6844177246094 -44.80272722244262 563.4468078613281 -24.123477458953847
0 0.0203 144.54450607299805 196.1184482574463 205.43649673461914 214.9283199310303
0 0.0199 26.346721649169922 135.3538589477539 83.75986099243164 155.71568298339844
0 0.0188 608.0715942382812 194.0416316986084 638.75 216.98247718811035
0 0.0182 154.72201824188232 176.04813385009766 215.27096271514893 195.00092315673828
0 0.0177 145.24235248565674 135.83550262451172 204.78625774383545 155.22007751464847
0 0.0174 154.9264144897461 155.96566009521484 215.08045196533203 175.08595275878903
0 0.0163 96.23297691345215 115.40570068359375 153.86536598205566 135.66242980957034
0 0.0161 608.184986114502 223.97663879394534 638.7499809265137 247.04853820800778
0 0.0160 608.1275177001953 164.00896835327148 638.75 187.01556015014648
0 0.0148 447.2080993652344 -105.07013511657713 502.9655456542969 -83.85187816619873
0 0.0142 36.565096378326416 115.25086212158202 93.55788946151733 135.82108306884766
0 0.0131 25.938777923583984 255.54638671875 84.13625717163086 275.51953124999994
0 0.0129 94.4123649597168 236.17199707031253 155.5593490600586 254.87347412109372
0 0.0119 608.1582641601562 133.99124908447266 638.75 157.0335464477539
0 0.0119 155.96497058868408 115.52408981323244 214.1145658493042 135.54041671752933
0 0.0107 608.9273071289062 513.1875495910645 638.75 529.2499809265137
0 0.0103 206.06830596923828 135.4789047241211 264.01844024658203 155.58705139160153
0 0.0101 175.10866165161133 215.89417266845703 234.90991592407227 235.16030120849607
0 0.0100 387.7130889892578 -105.33648681640624 442.50152587890625 -83.58099651336669
