0 0.0258 28.10638189315796 217.44569396972653 82.14123010635376 239.6400604248047
0 0.0254 0.0 193.38586425781247 638.75 532.25
0 0.0252 597.7439880371094 37.644377708435066 638.75 59.4380578994751
0 0.0251 27.265336513519287 177.9070053100586 82.91136026382446 199.17253112792966
0 0.0235 27.239198684692383 147.9173240661621 82.93612480163574 169.1614875793457
0 0.0229 0.0 -106.49999999999999 510.9122848510742 175.01496887207034
0 0.0213 597.8416442871094 -2.4100246429443217 638.75 19.49312782287599
0 0.0208 0.729985237121582 195.7511005401611 28.87451171875 241.3560924530029
0 0.0199 597.9730224609375 67.51840209960939 638.75 89.56594085693361
0 0.0190 608.2322692871094 -33.05203819274901 638.75 -9.922517776489242
0 0.0183 27.784299850463867 117.62466049194339 82.43627548217773 139.4584617614746
0 0.0169 27.982511520385742 247.5124130249023 82.25526809692383 269.57189178466797
0 0.0169 78.37358713150024 197.2832260131836 131.898934841156 219.80325317382812
0 0.0154 608.3438301086426 -93.12032604217526 638.7499809265137 -69.85363388061522
0 0.0146 88.56647491455078 227.1671447753906 141.72338485717773 249.92036437988278
0 0.0139 608.2171630859375 -63.04300212860105 638.75 -39.93165874481199
0 0.0134 0.7741403579711914 116.186767578125 28.82211685180664 161.02899169921875
0 0.0132 88.39117050170898 157.2739372253418 141.8826675415039 179.81280899047852
0 0.0132 308.58874320983887 57.15455627441407 361.7029285430908 79.93321990966797
0 0.0124 87.80644416809082 117.61684036254883 142.4149990081787 139.46708297729492
0 0.0118 575.4707145690918 498.2563171386719 638.7500190734863 532.25
0 0.0111 299.1719436645508 176.77133178710938 351.1769485473633 200.31697845458984
0 0.0109 608.5505867004395 96.75572967529298 638.7499809265137 120.27204132080081
0 0.0109 288.9115810394287 86.9422492980957 341.41221046447754 110.14541244506836
0 0.0108 28.329648971557617 87.3115692138672 81.93846702575684 109.77498626708986
0 0.0104 327.9148483276367 27.55546188354494 382.3160171508789 49.529109954834
0 0.0102 547.6655578613281 17.690864562988295 602.5447845458984 39.39149475097657
0 0.0102 87.47544288635254 87.79460525512697 142.7188205718994 109.28641891479495
0 0.0100 269.6069049835205 206.44611930847168 320.79073905944824 230.63910102844238
