0 0.0597 65.76247930526733 597.6277923583984 104.47099924087524 632.3978424072266
0 0.0524 105.77798843383789 597.5728225708008 144.45858001708984 632.4483108520508
0 0.0432 0.0 490.09803771972656 211.54129028320312 589.2982482910156
0 0.0421 25.733567476272583 597.7267074584961 64.49442744255066 632.3069381713867
0 0.0395 588.6126899719238 13.632793426513672 638.7499809265137 36.45407676696777
0 0.0385 145.70770263671875 597.8128433227539 184.51557159423828 632.2278213500977
0 0.0303 608.9171600341797 43.016109466552734 638.75 67.01278686523438
0 0.0257 609.0339660644531 72.93496131896973 638.75 97.0938777923584
0 0.0254 0.0 0.0 638.75 339.48570251464844
0 0.0236 185.30685424804688 608.7991142272949 224.87289428710938 638.7500190734863
0 0.0203 518.0381011962891 13.982696533203125 572.2040557861328 36.102280616760254
0 0.0189 589.8711967468262 182.73971557617188 638.7500190734863 207.34329223632812
0 0.0188 375.5189895629883 138.34217071533203 414.67823028564453 171.7426872253418
0 0.0188 324.97406005859375 469.99900817871094 638.75 638.75
0 0.0165 335.4111862182617 138.5892152786255 374.7758102416992 171.5168333053589
0 0.0165 589.6192932128906 152.9398536682129 638.75 177.14567184448242
0 0.0156 415.45921325683594 148.48403930664062 454.7319030761719 181.61293029785156
0 0.0155 505.43468475341797 248.5395050048828 544.7542190551758 281.5622329711914
0 0.0151 609.0583038330078 102.91740417480469 638.75 127.1113395690918
0 0.0148 574.3924140930176 364.83680725097656 638.7499809265137 414.74700927734375
0 0.0147 225.2614974975586 608.9007377624512 264.91390228271484 638.7500190734863
0 0.0147 509.9880599975586 142.63734817504883 560.455436706543 167.4434471130371
0 0.0144 375.62381744384766 178.0672264099121 414.58621978759766 211.9944953918457
0 0.0141 525.5890655517578 188.16274642944336 564.6163940429688 221.9069480895996
0 0.0137 349.9610137939453 112.66077041625977 400.4789733886719 137.42048263549805
0 0.0135 508.3954620361328 43.77163887023926 561.878662109375 66.31515502929688
0 0.0135 415.5097198486328 188.36393356323242 454.68658447265625 221.72277450561523
0 0.0134 0.0 370.09803771972656 211.54129028320312 469.2982482910156
0 0.0133 609.4245147705078 212.6435089111328 638.75 237.38330841064453
0 0.0133 515.6185531616211 318.08215141296387 554.5907211303711 351.98079109191895
0 0.0130 574.3924140930176 424.83680725097656 638.7499809265137 474.74700927734375
0 0.0130 278.64659309387207 143.60980987548828 331.6523265838623 166.4769172668457
0 0.0129 190.17620086669922 582.4696350097656 240.2922821044922 607.6074981689453
0 0.0126 0.0 618.6898803710938 25.252819061279297 638.75
0 0.0126 508.9307403564453 73.43324661254883 561.3941192626953 96.65496826171875
0 0.0125 335.3483200073242 178.72337341308594 374.8335647583008 211.3943099975586
0 0.0125 609.1705322265625 332.83538818359375 638.75 357.1929168701172
0 0.0124 499.8621368408203 112.74487495422363 550.5652618408203 137.3379421234131
0 0.0119 485.5576705932617 208.23759078979492 524.644660949707 241.83843612670898
0 0.0118 608.905029296875 622.7037239074707 638.75 638.7499809265137
0 0.0117 400.0151824951172 112.61528968811035 450.4315185546875 137.465238571167
0 0.0113 465.4900360107422 248.41217041015625 504.7041320800781 281.6786575317383
0 0.0112 475.65731048583984 337.9703140258789 514.5576095581055 372.0833206176758
0 0.0112 278.69476318359375 173.57999801635742 331.6086196899414 196.50693893432617
0 0.0108 609.362964630127 302.6901340484619 638.7499809265137 327.336950302124
0 0.0108 525.4781723022461 358.4364318847656 564.7151565551758 391.656494140625
0 0.0106 279.82604026794434 612.7506256103516 330.60181617736816 637.3294067382812
0 0.0105 89.47078704833984 263.0540466308594 140.9105682373047 287.03277587890625
0 0.0103 449.95662689208984 122.6662826538086 500.4824447631836 147.41527557373047
0 0.0103 0.0 2.9145073890686035 50.74454307556152 27.171270847320557
0 0.0101 288.93470764160156 113.42343330383301 341.39209747314453 136.66377067565918
