0 0.0254 0.0 193.38586425781247 638.75 532.25
0 0.0229 0.0 -106.49999999999999 510.9122848510742 175.01496887207034
0 0.0219 609.398021697998 486.16754150390625 638.7500190734863 510.8599243164062
0 0.0200 26.398260593414307 228.32959747314453 83.7122130393982 248.74051666259763
0 0.0183 608.941822052002 516.1765251159668 638.7499809265137 532.2500190734863
0 0.0178 588.4665107727051 347.2237548828125 638.7499809265137 369.86268615722656
0 0.0177 26.15234375 248.44419097900393 83.9396858215332 268.62325286865234
0 0.0173 17.138371467590332 197.9705963134766 73.02853107452393 219.10752868652344
0 0.0168 589.0976142883301 376.8150100708008 638.7499809265137 400.27234649658203
0 0.0168 608.1421661376953 277.00181579589844 638.75 300.02305603027344
0 0.0163 512.6921272277832 -106.49999999999997 638.7499809265137 -36.65076160430907
0 0.0161 348.95931243896484 506.9104919433594 401.3692092895508 530.1771697998047
0 0.0154 608.3915519714355 306.85357666015625 638.7500190734863 330.17320251464844
0 0.0149 527.0014572143555 208.03455924987793 583.1558609008789 229.04142951965332
0 0.0149 589.4575309753418 406.5562973022461 638.7500190734863 430.5295333862304
0 0.0148 288.7528610229492 507.0478591918945 341.5549850463867 530.03995513916
0 0.0148 528.4834671020508 387.2199020385742 581.7983627319336 409.8675308227539
0 0.0145 527.2161102294922 347.93252563476557 582.9566192626953 369.1465911865234
0 0.0143 409.0446472167969 506.8518981933593 461.2926483154297 530.2356109619141
0 0.0141 7.800698280334473 167.62052154541016 62.42014408111572 189.46343994140625
0 0.0136 608.0839538574219 247.03378295898438 638.75 269.9903259277343
0 0.0134 35.9934139251709 268.51598358154297 94.08705711364746 288.5496292114258
0 0.0134 347.5849914550781 467.73736572265625 402.6179504394531 489.3448028564453
0 0.0130 511.90391540527344 -16.658195495605455 638.75 83.12707519531251
0 0.0129 547.1639633178711 237.9534683227539 603.0059432983398 259.12427520751953
0 0.0127 599.0061187744141 456.8850479125976 638.75 480.2034530639649
0 0.0127 598.0294609069824 217.48334503173828 638.7500190734863 239.600959777832
0 0.0126 547.0548629760742 318.0087432861328 603.1064224243164 339.06793212890625
0 0.0125 7.982196807861328 137.51752471923828 62.25445747375488 159.56754302978516
0 0.0125 508.48934173583984 417.2117385864257 561.7940139770508 439.8750839233398
0 0.0122 407.7815628051758 467.629638671875 462.4380111694336 489.45397949218756
0 0.0121 306.954870223999 448.0616912841797 363.1978702545166 469.01445007324224
0 0.0121 86.6993522644043 218.18593597412112 143.43395233154297 238.8873825073242
0 0.0119 295.257568359375 198.8328800201416 354.7711181640625 218.2235012054443
0 0.0116 469.19395446777344 506.74577331542963 521.1593627929688 530.3410491943358
0 0.0112 546.9862365722656 278.04395294189453 603.1694793701172 299.0321884155273
0 0.0111 306.9050693511963 418.0857620239258 363.243932723999 438.98976898193365
0 0.0110 285.4091262817383 218.77069091796878 344.62974548339844 238.2878265380859
0 0.0110 88.82383346557617 507.0023880004883 141.49078369140625 530.085578918457
0 0.0109 305.3821563720703 178.77957916259766 364.65545654296875 198.27821350097656
0 0.0109 46.25105142593384 288.4001693725586 103.84795904159546 308.6686477661133
0 0.0107 228.64261627197266 507.11957550048834 281.65435791015625 529.9681625366211
0 0.0107 287.50205993652344 477.78260803222656 342.6939010620117 499.2989501953125
0 0.0107 516.3822555541992 258.3353576660156 573.7274551391602 278.7342987060547
0 0.0106 367.30262756347656 437.884651184082 422.8777313232422 459.19477081298834
0 0.0105 86.38527870178223 248.3359298706055 143.72416496276855 268.7340316772461
0 0.0105 467.77416229248047 387.63196563720703 522.445182800293 409.4513473510742
0 0.0105 225.73694229125977 208.63065338134766 284.3248176574707 228.43206024169925
0 0.0104 76.83880805969238 188.11919784545898 133.30492973327637 208.95576095581058
0 0.0102 468.280029296875 467.34166717529297 521.9834899902344 489.7446975708007
0 0.0102 246.56211853027344 408.25231170654297 303.5606384277344 428.8196334838867
0 0.0102 148.6870002746582 507.09169006347656 201.6141700744629 529.9962005615233
0 0.0102 447.89058685302734 427.56551361083984 502.33898162841797 449.5183334350585
0 0.0101 516.5188598632812 298.27367401123047 573.6004638671875 318.79788970947266
0 0.0101 519.5309066772461 496.50708770751953 570.8575057983398 520.5790481567384
0 0.0100 296.8333053588867 388.1208953857422 353.3102035522461 408.95387268066406
