0 0.3472 0.0 66.09801864624025 211.54129028320312 165.2983055114746
0 0.2494 0.0 186.09803771972656 211.54129028320312 285.2982864379883
0 0.2181 38.44585418701172 -12.683977127075181 224.04903411865234 64.74924659729005
0 0.0641 38.44585418701172 287.3160705566406 224.04903411865234 364.7492370605469
0 0.0519 10.642473697662354 17.545886993408217 38.979313373565674 64.40806961059572
0 0.0468 29.64794158935547 -51.0985174179077 80.75708389282227 -26.818388938903794
0 0.0382 5.578403472900391 -25.807831525802598 44.62557792663574 7.8800055980682515
0 0.0363 338.4458541870117 287.3160705566406 524.0490341186523 364.7492370605469
0 0.0320 195.8323097229004 163.36717224121094 234.41617965698242 198.63748168945312
0 0.0266 270.7252502441406 186.09803771972656 491.5412902832031 285.2982864379883
0 0.0264 205.56516647338867 124.19957733154297 244.63983535766602 157.87328338623047
0 0.0252 205.64773559570312 83.94365406036378 244.5709991455078 118.1079206466675
0 0.0238 205.5440902709961 204.2650375366211 244.6573257446289 237.81331634521484
0 0.0204 0.7615375518798828 -63.999999999999986 28.83706569671631 -26.376961708068833
0 0.0204 248.66342544555664 169.61003875732422 301.63476943969727 192.478271484375
0 0.0199 248.39479446411133 139.77410888671875 301.87883377075195 162.31298065185547
0 0.0192 0.0 386.09803771972656 211.54129028320312 485.2982482910156
0 0.0188 324.97406005859375 405.99900817871094 638.75 574.75
0 0.0183 209.49275970458984 239.02913665771484 260.8927917480469 263.05638885498047
0 0.0181 85.7464599609375 -56.3882758617401 124.49064254760742 -21.587262392044053
0 0.0181 430.7252502441406 66.09801864624025 638.75 165.2983055114746
0 0.0180 287.85709381103516 290.08050537109375 342.37049102783203 312.00257873535156
0 0.0174 287.54642486572266 320.2533874511719 342.65445709228516 341.8277130126953
0 0.0170 574.3924140930176 340.83680725097656 638.7499809265137 390.74700927734375
0 0.0165 10.5159330368042 286.8476257324219 39.132652282714844 335.00421142578125
0 0.0163 399.9302673339844 366.2627944946289 470.4864501953125 395.84378814697266
0 0.0162 512.6921272277832 -63.999999999999986 638.7499809265137 5.849238395690932
0 0.0160 511.90391540527344 185.84183311462402 638.75 285.62708473205566
0 0.0158 248.7788963317871 109.52876663208009 301.5319633483887 132.55874252319336
0 0.0156 518.1101608276367 339.93959045410156 572.1386337280273 362.1456298828125
0 0.0155 198.95313262939453 269.41609954833984 251.37447357177734 292.67179107666016
0 0.0150 308.43414306640625 139.75112533569336 361.84288024902344 162.3362693786621
0 0.0150 439.0917205810547 29.326578140258803 491.2489318847656 52.761827468872085
0 0.0149 0.0 505.60615158081055 129.28508758544922 574.7500190734863
0 0.0144 369.52457427978516 49.0081081390381 420.8639144897461 73.0775890350342
0 0.0141 477.7149963378906 370.16271209716797 532.4997711181641 391.91983795166016
0 0.0138 287.8355026245117 350.0992736816406 342.3887252807617 371.9846496582031
0 0.0131 368.427734375 139.74868392944336 421.8501281738281 162.3377571105957
0 0.0130 308.90926361083984 59.44767570495607 361.41345977783203 82.64055824279787
0 0.0129 308.61560821533203 109.63290786743165 361.67964935302734 132.4542579650879
0 0.0128 228.1562042236328 299.91571044921875 282.0960235595703 322.1701965332031
0 0.0126 588.0624389648438 309.9652633666992 638.75 332.11934661865234
0 0.0126 379.1474151611328 109.27564239501955 431.2016296386719 132.8109130859375
0 0.0125 519.0437316894531 39.35832595825197 571.2922668457031 62.72998428344728
0 0.0125 598.6239624023438 19.631849288940444 638.75 42.455926895141616
0 0.0123 395.24425506591797 74.95437240600587 434.92801666259766 107.18354797363283
0 0.0122 418.5731506347656 -0.3343977928161479 471.7167663574219 22.422307491302504
0 0.0117 518.4761047363281 309.72196197509766 571.8055725097656 332.3650894165039
0 0.0116 318.4035873413086 29.769245147705092 371.87076568603516 52.317958831787124
0 0.0116 568.0479431152344 389.97830963134766 622.19482421875 412.1069107055664
0 0.0115 210.52669525146484 58.082614898681655 260.0015640258789 83.97929763793947
0 0.0112 259.1564178466797 79.27817916870119 311.19171142578125 102.80959701538087
0 0.0106 338.75335693359375 369.5468292236328 391.5547180175781 392.54083251953125
0 0.0106 608.6398506164551 49.198175430297866 638.7499809265137 72.82988166809083
0 0.0101 508.8383483886719 9.49288940429689 561.4777374267578 32.59507751464845
