0 0.0859 496.44134521484375 -50.690534591674776 553.6723327636719 -30.238879203796355
0 0.0856 416.0463333129883 -50.50845432281491 474.03812408447266 -30.425422668457006
0 0.0820 177.7960205078125 -51.37841510772702 232.42477416992188 -29.537885665893523
0 0.0777 486.5031433105469 -30.71840214729306 543.6148834228516 -10.210129499435395
0 0.0711 416.2731170654297 -30.60807991027829 473.8270568847656 -10.322568893432587
0 0.0710 118.16518306732178 -61.588242530822725 172.08757877349854 -39.325640678405726
0 0.0710 168.98969650268555 157.89269638061526 221.34130477905273 181.19534683227545
0 0.0698 507.17418670654297 -1.0487418174743366 562.9957962036133 20.127019405365015
0 0.0546 159.15793895721436 127.7749938964844 211.19080066680908 151.31247711181643
0 0.0540 508.2533264160156 28.35829925537112 562.0075988769531 50.72804641723636
0 0.0527 446.77772521972656 -10.846293449401827 503.36021423339844 9.921328544616728
0 0.0510 198.05696487426758 -21.52411270141599 252.18595504760742 0.6098003387451453
0 0.0499 158.67895126342773 48.097402572631864 211.6213035583496 70.9905643463135
0 0.0496 357.1741485595703 -51.04612159729001 412.99522399902344 -29.875195503234835
0 0.0484 128.2292127609253 -31.624534606933565 182.0289659500122 -9.288814544677708
0 0.0479 237.64049530029297 -61.29695701599119 292.5680923461914 -39.621103286743136
0 0.0407 159.10911560058594 77.81304073333743 211.23367309570312 101.27511692047122
0 0.0406 168.89265060424805 187.95373153686526 221.42950057983398 211.1337776184082
0 0.0383 158.68220806121826 18.09159469604495 211.61919116973877 40.99583816528323
0 0.0380 499.4529724121094 117.56241989135746 550.9274291992188 141.5238304138184
0 0.0372 447.85350799560547 18.592302322387724 502.3715591430664 40.49221229553225
0 0.0370 387.3912048339844 -11.155632019042939 442.7949523925781 10.236742019653349
0 0.0361 108.88561248779297 147.95838546752933 161.43583297729492 171.12912368774417
0 0.0360 499.35340881347656 57.63733100891116 551.0157775878906 81.4496822357178
0 0.0349 218.61486434936523 138.13885879516607 271.6790962219238 160.94906997680667
0 0.0347 217.81862258911133 38.609249114990256 272.4040412902832 60.47463607788089
0 0.0336 217.94607162475586 8.536207199096706 272.28784561157227 30.548345565795927
0 0.0331 257.7427673339844 -31.34950923919675 312.47364044189453 -9.56726360321042
0 0.0321 99.21019554138184 47.744428634643576 151.14272117614746 71.3437480926514
0 0.0321 588.9856719970703 27.895032882690458 638.75 51.19297218322757
0 0.0321 228.7922477722168 168.02527618408206 281.51880264282227 191.06299591064456
0 0.0310 499.639892578125 87.41975498199466 550.76171875 111.66504573822023
0 0.0298 218.05727005004883 68.47623062133792 272.1855354309082 90.60954284667972
0 0.0297 208.69464874267578 108.08924865722658 261.6067123413086 130.9990234375
0 0.0291 608.8978385925293 167.52749633789065 638.7500190734863 191.50115203857425
0 0.0278 297.96695709228516 -61.47756862640378 352.26924896240234 -39.438035964965785
0 0.0277 109.37931060791016 107.6154823303223 160.99327087402344 131.47099685668948
0 0.0276 508.6547088623047 148.1064720153809 561.6445922851562 170.98054122924808
0 0.0267 438.38134765625 48.281728744506864 491.89117431640625 70.80522727966311
0 0.0263 108.76340866088867 -1.9569783210754104 161.54504776000977 21.04505968093875
0 0.0261 589.5124626159668 57.51935195922854 638.7500190734863 81.56670761108401
0 0.0258 608.8088226318359 197.58738708496097 638.75 221.4411087036133
0 0.0254 0.0 234.38586425781253 638.75 573.25
0 0.0248 59.068946838378906 -62.162490367889376 111.2704086303711 -38.749728679656954
0 0.0246 277.7493381500244 48.6428089141846 332.4685573577881 70.43985557556155
0 0.0244 124.81527328491211 174.2768592834473 165.32690048217773 204.93561935424808
0 0.0238 328.30352783203125 -21.668718338012663 381.96128845214844 0.7557315826416302
0 0.0237 99.56353187561035 77.48011779785159 150.82903861999512 101.60550308227542
0 0.0235 609.0946960449219 137.389461517334 638.75 161.63895797729492
0 0.0233 39.251394271850586 47.71091651916507 91.10678672790527 71.37653541564944
0 0.0232 457.1455764770508 -65.49999999999996 513.1134414672852 -49.55058741569516
0 0.0232 278.04237365722656 -1.521671295165987 332.2005844116211 20.60639572143557
0 0.0229 0.0 -65.49999999999997 510.9122848510742 216.0149688720703
0 0.0228 598.3689117431641 -1.710496425628634 638.75 20.79743337631228
0 0.0224 547.2655487060547 -21.094301223754854 602.9114532470703 0.17364692687991126
0 0.0216 388.28651428222656 18.33975982666018 441.97715759277344 40.7469291687012
0 0.0208 85.05454063415527 -36.158531188964815 125.10262489318848 -4.6689682006835636
0 0.0204 228.88628005981445 197.96300125122073 281.43415451049805 221.12523269653323
0 0.0203 449.14058685302734 97.78742980957036 501.2062454223633 121.30011749267581
0 0.0200 268.2837677001953 118.3398361206055 321.98001861572266 140.74660491943362
0 0.0198 267.9357147216797 88.5420722961426 322.29732513427734 110.54242324829104
0 0.0198 448.91605377197266 137.9408569335938 501.4078140258789 161.14703369140628
0 0.0186 609.2301177978516 107.29235839843753 638.75 131.73579406738284
0 0.0185 608.7886810302734 227.60098648071292 638.75 251.42750930786136
0 0.0178 39.29384231567383 77.67737579345706 91.06952667236328 101.40946578979495
0 0.0176 59.16114568710327 17.774002075195337 111.18767023086548 41.31364059448244
0 0.0171 608.7872123718262 287.60237884521484 638.7500190734863 311.4261550903321
0 0.0170 278.6367130279541 148.12319946289065 331.65968894958496 170.96453857421878
0 0.0169 528.1084060668945 178.43482208251956 582.1415328979492 200.64952087402347
0 0.0169 555.1609420776367 113.62282943725589 595.004997253418 145.53006362915042
0 0.0167 59.00392293930054 127.88094711303711 111.32898569107056 151.2067909240723
0 0.0166 608.7469673156738 257.6282424926758 638.7499809265137 281.4001388549805
0 0.0163 378.1068420410156 48.44128799438479 432.1417236328125 70.64385604858401
0 0.0157 608.8497734069824 317.5603408813477 638.7500190734863 341.46826934814453
0 0.0149 549.8308181762695 87.26992321014407 600.5929183959961 111.81319904327394
0 0.0148 328.44146728515625 18.243858337402372 381.83685302734375 40.843154907226584
0 0.0140 557.0369338989258 -60.984480857849086 613.1234359741211 -39.939375400543184
0 0.0139 0.0 -62.3286061286926 51.04860305786133 -38.58334350585935
0 0.0135 608.9850616455078 557.1431465148926 638.75 573.2499809265137
0 0.0133 398.94397735595703 77.92145919799808 451.3828659057617 101.16633605957034
0 0.0133 608.1919097900391 -32.02757763862606 638.75 -8.947207212448092
0 0.0131 608.7374877929688 347.63377380371094 638.75 371.3944549560547
0 0.0131 609.112548828125 487.3788375854492 638.75 511.6498489379883
0 0.0126 168.57837677001953 218.15634918212893 221.7133331298828 240.93070220947268
0 0.0126 560.8059310913086 37.53978919982913 588.7845993041992 81.769983291626
0 0.0126 68.7924575805664 178.02352142333987 121.51895523071289 201.0645217895508
0 0.0121 288.74122619628906 178.0553550720215 341.56551361083984 201.0324211120606
0 0.0119 28.657102584838867 -31.891859054565398 81.64176940917969 -9.02066993713376
0 0.0113 580.8001708984375 147.47946929931643 608.7914276123047 191.8144912719727
0 0.0111 328.1485366821289 68.41901969909671 382.10330963134766 90.66663932800296
0 0.0110 288.6829376220703 208.0933876037598 341.6180419921875 230.9943885803223
0 0.0109 609.5522308349609 527.0417709350587 638.75 551.9838638305664
0 0.0109 609.1988372802734 457.31494140625 638.75 481.7132873535156
0 0.0107 608.6898803710938 377.66593170166016 638.75 401.36229705810547
0 0.0106 217.90218353271484 358.55906677246094 272.3284149169922 380.5249328613281
0 0.0106 178.51951599121094 298.1983108520508 231.76551818847656 320.8893508911133
0 0.0106 0.0 57.306339263916044 40.63944339752197 81.77664947509768
0 0.0104 458.8418197631836 167.99321365356445 511.47403717041016 191.09513473510745
0 0.0103 188.50133895874023 328.20777130126953 241.78239822387695 350.87958526611334
0 0.0101 399.46510314941406 117.55706024169926 450.91590881347656 141.52960968017584
