0 0.4388 78.44585418701172 -48.68397712707519 264.04903411865234 28.749246597290036
0 0.3384 78.44585418701172 31.316027641296387 264.04903411865234 108.74924182891846
0 0.2164 18.59276056289673 -68.6006212234497 91.79414510726929 -41.219844818115234
0 0.1966 102.03821182250977 -80.0 168.46866607666016 -48.06566953659057
0 0.1732 0.0 171.31603240966797 184.04903411865234 248.74923706054688
0 0.1424 10.179672241210938 -39.967331886291504 80.24383544921875 -9.940428733825682
0 0.1245 21.352949142456055 248.84189605712888 89.11398887634277 281.17671966552734
0 0.1206 172.39429473876953 -79.99999999999999 238.1378936767578 -47.63666152954101
0 0.1004 9.859094619750977 20.324115753173825 80.55673599243164 49.786128997802734
0 0.0912 19.43410873413086 283.0689239501953 70.94575881958008 307.01637268066406
0 0.0847 10.523843765258789 -10.308246612548828 79.91354942321777 20.37860870361328
0 0.0745 13.06253433227539 104.91418838500975 128.19150924682617 154.56403732299802
0 0.0698 89.7553825378418 252.83119201660153 140.65923690795898 277.25280761718744
0 0.0449 10.164098739624023 50.04711627960205 80.25899887084961 80.04600048065186
0 0.0444 18.91429901123047 313.4445571899414 71.40887260437012 336.64371490478516
0 0.0423 18.340606689453125 363.80187988281244 71.9291877746582 386.28425598144526
0 0.0421 79.51030731201172 283.0155944824218 130.8772850036621 307.0697784423828
0 0.0374 133.0625343322754 124.91418838500975 248.19150924682617 174.56403732299805
0 0.0238 0.0 242.12306976318357 18.965895175933838 288.02089691162104
0 0.0229 0.0 277.02486038208013 510.9126281738281 558.7499809265137
0 0.0218 78.66482734680176 313.6014556884765 131.635160446167 336.48574829101557
0 0.0176 324.9726104736328 -80.0 638.75 89.68856811523438
0 0.0171 239.55242156982422 -67.00550556182861 290.8376693725586 -42.90797710418701
0 0.0165 0.0 -80.0 18.8896906375885 -42.45296478271484
0 0.0164 68.20549011230469 343.8845825195312 122.05162048339844 366.20124816894526
0 0.0152 144.70842361450195 249.9617767333984 185.42757034301758 280.26802062988276
0 0.0149 77.84919738769531 374.0936660766601 132.37573623657227 395.99063873291016
0 0.0149 28.300743103027344 393.83094787597656 81.96430206298828 416.25579833984375
0 0.0139 185.1851463317871 179.08254623413083 224.98174667358398 211.06672286987302
0 0.0127 5.454511642456055 468.49609375 44.736056327819824 501.6019439697266
0 0.0125 0.0 292.4089813232422 18.928375244140625 337.802734375
0 0.0123 608.9835357666016 542.6443672180176 638.75 558.7499809265137
0 0.0117 511.90391540527344 89.84180450439452 638.75 189.62707519531247
0 0.0116 0.0 542.7227020263672 51.207566261291504 558.7499999999999
0 0.0115 134.82757568359375 279.7551727294922 175.31532287597656 310.45524597167963
0 0.0110 418.01143646240234 244.00024414062497 472.22789764404297 266.08489990234375
