0 0.1022 596.9161987304688 -32.92767524719238 638.75 -11.997919082641602
0 0.0728 586.848316192627 -2.8882503509521484 638.7499809265137 17.962865829467773
0 0.0607 575.83984375 -52.41987228393555 634.2305755615234 -32.51702308654785
0 0.0588 535.4263305664062 -32.23904609680176 594.6143341064453 -12.702608108520508
0 0.0460 525.4583358764648 -12.252750396728514 584.5846176147461 7.3114776611328125
0 0.0364 608.0308532714844 26.066246032714844 638.75 48.95763397216797
0 0.0341 597.0297241210938 -72.98789978027344 638.75 -51.937112808227546
0 0.0339 514.9954605102539 -52.06130027770996 575.0158309936523 -32.886009216308594
0 0.0327 525.94970703125 7.535142898559571 584.1276550292969 27.529878616333008
0 0.0307 477.67704010009766 116.6867446899414 532.5337600708008 138.39603424072266
0 0.0303 533.062572479248 117.41418838500977 638.7500190734863 167.06403732299805
0 0.0301 475.2798080444336 -32.17388153076172 534.7497940063477 -12.769031524658201
0 0.0288 397.3854446411133 126.84432983398436 452.80094146728516 148.23627471923828
0 0.0271 598.7947082519531 86.02468490600586 638.75 109.06370162963867
0 0.0254 0.0 192.3858642578125 638.75 531.25
0 0.0247 465.6686019897461 -12.338275909423828 524.3879318237305 7.400379180908202
0 0.0244 608.4346199035645 55.82769393920899 638.7499809265137 79.19939041137695
0 0.0235 478.9192199707031 145.9408187866211 531.4045715332031 169.14737701416016
0 0.0229 0.0 -107.5 510.9122848510742 174.01496887207034
0 0.0227 487.07515716552734 87.0000648498535 543.0873489379883 108.07703018188477
0 0.0217 338.14727783203125 126.42375946044922 392.10357666015625 148.66249084472653
0 0.0216 597.7666473388672 -103.37307929992676 638.75 -81.5450668334961
0 0.0213 547.0497894287109 27.014913558959964 603.1102752685547 48.06225776672363
0 0.0194 466.17210388183594 7.438945770263671 523.9204406738281 27.629356384277344
0 0.0187 416.6703414916992 97.20273971557616 473.46012115478516 117.87069320678711
0 0.0181 357.29034423828125 96.89502716064452 412.8881072998047 118.1848907470703
0 0.0172 398.67855072021484 156.09920501708984 451.6213607788086 178.9889907836914
0 0.0162 298.45240592956543 96.24013900756837 351.82629585266113 118.84733200073244
0 0.0157 188.7990951538086 206.01726531982422 241.51336669921875 229.07047271728518
0 0.0157 535.5708694458008 -72.30271816253662 594.4804763793945 -52.63745784759521
0 0.0156 98.48180770874023 36.22243881225585 151.7995262145996 58.86520385742187
0 0.0155 278.2509994506836 136.35757446289062 332.0102310180664 158.72844696044925
0 0.0154 338.67652893066406 156.09903335571286 391.6234588623047 178.98893356323242
0 0.0152 548.2167434692383 66.37851715087889 602.0412826538086 88.70742797851562
0 0.0141 608.7096405029297 165.65248489379883 638.75 189.3757438659668
0 0.0137 536.6532135009766 -102.79905796051024 593.4783172607422 -82.12926387786865
0 0.0137 288.0293273925781 66.49068832397461 342.21141815185547 88.59468460083008
0 0.0136 238.59289169311523 96.15150451660156 291.699275970459 118.93619537353517
0 0.0134 455.5663299560547 -52.29640483856201 514.4835662841797 -32.643113136291504
0 0.0134 486.7079162597656 27.187862396240238 543.4246063232422 47.8864860534668
0 0.0132 406.63883209228516 -22.780122756958008 463.48873138427734 -2.14646339416504
0 0.0130 88.05299758911133 6.474199295043945 142.19045639038086 28.61088752746582
0 0.0130 608.9870452880859 515.141830444336 638.75 531.25
0 0.0129 198.44661712646484 176.24237060546875 251.83181762695312 198.84490966796875
0 0.0127 38.43566656112671 36.24662399291992 91.84231042861938 58.84025573730469
0 0.0126 218.32653045654297 136.31206512451172 271.9416046142578 158.77426147460938
0 0.0125 0.0 -94.63290214538574 40.6974983215332 -70.28247356414795
0 0.0123 367.39940643310547 -3.1649589538574214 422.78858184814453 18.245372772216797
0 0.0119 258.4815216064453 166.22150421142575 311.80004119873047 188.865966796875
0 0.0117 277.70750999450684 36.66969776153564 332.50596046447754 58.413233757019036
0 0.0113 487.1685028076172 56.95369720458985 543.0011749267578 78.12446594238281
0 0.0112 128.20440769195557 206.38591766357422 182.05243587493896 228.69998931884763
0 0.0107 228.37690353393555 66.28654479980469 281.8947410583496 88.80069732666016
0 0.0106 406.85142517089844 17.115116119384766 463.2927703857422 37.96030044555664
0 0.0106 327.55298614501953 16.752443313598633 382.64781951904297 38.32911491394043
0 0.0105 27.95886993408203 6.529989242553712 82.27593421936035 28.5547924041748
0 0.0105 28.587627410888672 76.146240234375 81.70590400695801 98.94023895263672
0 0.0105 347.3554229736328 66.8596839904785 402.82859802246094 88.22057723999023
0 0.0104 48.16333532333374 116.40390396118165 102.09123849868774 138.6808967590332
0 0.0104 148.16367626190186 156.41332626342776 202.0887804031372 178.6728858947754
0 0.0103 0.0 -64.61202621459961 40.720462799072266 -40.30305862426758
0 0.0103 99.17956352233887 65.76606750488281 151.17011070251465 89.32220458984374
0 0.0102 249.09595489501953 195.82244873046875 301.24542236328125 219.26578521728518
0 0.0100 476.80797576904297 -102.87229061126709 533.3349227905273 -82.05410480499266
