0 0.1603 163.21309661865234 12.867884635925293 214.19591522216794 37.21697807312012
0 0.0952 113.30154037475585 12.79233694076538 164.11895370483398 37.29093790054321
0 0.0949 154.17041397094727 41.94894790649414 203.37688064575195 68.11043739318848
0 0.0665 -87.76202583312985 573.5602188110352 -34.932159423828104 596.5279769897461
0 0.0618 103.9764175415039 42.16567039489746 153.53807067871094 67.90186882019043
0 0.0536 -106.49999999999997 542.8317642211914 -55.838321685791 567.252082824707
0 0.0531 38.94920444488527 598.5039138793945 78.24130153656007 631.5948104858398
0 0.0526 213.0731735229492 22.97393798828125 264.32027435302734 47.111778259277344
0 0.0502 -76.9348564147949 602.979736328125 -25.672573089599595 627.1060180664062
0 0.0500 23.492294311523448 572.6335906982422 73.95173645019533 597.4471282958984
0 0.0494 149.2916259765625 67.55119323730469 187.94515228271484 102.46816635131836
0 0.0475 73.10733413696289 572.9497146606445 124.28954696655275 597.1360397338867
0 0.0468 78.91452407836914 598.5873031616211 118.27228164672853 631.5185928344727
0 0.0444 62.87128067016603 3.1284070014953613 114.4989356994629 26.959078311920166
0 0.0374 209.06865692138672 48.21415901184082 248.13451385498047 81.8598747253418
0 0.0373 109.25242996215822 67.68260955810547 147.97721481323242 102.347412109375
0 0.0361 42.804161071777365 543.1785202026367 94.55850219726564 566.9094467163086
0 0.0341 -1.2712516784667829 598.9891052246094 38.44197845458986 631.1518859863281
0 0.0335 -106.49999999999997 508.65867614746094 -71.69686937332152 541.4533996582031
0 0.0333 153.13462829589844 612.9079818725586 204.2696533203125 637.1747207641602
0 0.0297 -27.0552291870117 573.0673217773438 24.43496322631837 597.0188140869141
0 0.0295 92.86649322509766 533.1224060058594 144.50521087646484 556.9638061523438
0 0.0287 123.31330871582031 572.7819061279297 174.1087875366211 597.3011016845703
0 0.0278 42.2955141067505 513.5253143310547 95.01538372039795 536.5632629394531
0 0.0276 124.25777053833008 602.5440979003906 152.34164810180664 638.75
0 0.0272 3.305655479431162 2.7922677993774414 54.11464786529542 27.29140043258667
0 0.0259 -46.81899452209471 2.8827524185180664 4.226385116577163 27.201008796691895
0 0.0257 262.99081420898443 13.039085865020752 314.3927917480469 37.04759359359741
0 0.0256 213.0142364501953 613.0024337768555 264.3759307861328 637.0814895629883
0 0.0254 -106.49999999999997 299.8858642578125 532.25 638.75
0 0.0254 -106.49999999999997 468.52073669433594 -71.75086164474486 501.5794372558594
0 0.0243 -106.49999999999997 428.44627380371094 -71.77830123901366 461.6474914550781
0 0.0234 74.20547103881837 32.02898979187012 102.40371322631837 78.02596092224121
0 0.0231 -105.78500175476071 342.1217727661133 -77.60758781433103 387.9557418823242
0 0.0229 -106.49999999999997 0.0 404.4122848510742 281.5149688720703
0 0.0228 -1.3014736175536967 539.0542221069336 38.469511032104506 571.0925674438477
0 0.0227 -106.49999999999997 388.4074020385742 -71.7923536300659 421.6830825805664
0 0.0220 154.15118789672852 101.60867691040039 182.46883010864258 148.3576774597168
0 0.0212 143.27031707763672 542.8182601928711 194.1462860107422 567.2654342651367
0 0.0205 124.15807342529298 101.6592788696289 152.46057128906247 148.31724166870117
0 0.0197 194.14830780029297 81.58252716064453 222.4722442626953 128.37779998779297
0 0.0197 102.98755264282227 503.03802490234375 154.3963966369629 527.0481872558594
0 0.0195 -57.56910943984984 533.4220886230469 -5.103608608245839 556.6645812988281
0 0.0190 22.088275909423842 483.6558532714844 75.20312881469728 506.4320373535156
0 0.0188 -106.49999999999997 308.4489440917969 -71.77738809585568 341.6450500488281
0 0.0186 272.98463439941406 613.027229309082 324.4016418457031 637.0572280883789
0 0.0177 152.9855499267578 513.0364990234375 204.3987808227539 537.0493316650391
0 0.0176 -106.47708797454831 2.608761787414551 -56.0752668380737 27.471656799316406
0 0.0169 -11.007923126220687 28.408087491989136 28.202205657959 61.682387590408325
0 0.0166 28.92805194854737 28.55750560760498 68.25989818573 61.54578685760498
0 0.0165 178.88448333740234 568.6550521850586 218.29949951171875 601.4566421508789
0 0.0164 69.23945999145509 77.724609375 107.98793411254883 112.3088264465332
0 0.0161 193.3781967163086 542.7316665649414 244.05118560791016 567.350959777832
0 0.0158 212.184606552124 0.0 265.2012119293213 16.83547854423523
0 0.0155 11.880432128906266 453.7812805175781 65.39224243164064 476.3055419921875
0 0.0154 82.78192138671876 473.17928314208984 134.58158111572268 496.90670013427734
0 0.0147 -106.49999999999997 622.6833343505859 -74.93060255050656 638.75
0 0.0144 -106.49999999999997 282.3456573486328 -66.30849266052245 307.72716522216797
0 0.0144 -67.8774275779724 503.6233901977539 -14.825560092926011 526.4630508422852
0 0.0144 -105.79732799530028 32.01888084411621 -77.59284877777097 78.03558349609375
0 0.0143 -67.86318206787107 473.61663818359375 -14.838928222656234 496.4701843261719
0 0.0140 406.19212722778315 0.0 532.2499809265136 69.84923839569092
0 0.0132 142.62931442260742 473.29505920410156 194.71641159057617 496.7925262451172
0 0.0131 -51.3168349266052 29.072508811950684 -11.514994144439681 61.075921058654785
0 0.0131 94.1870460510254 111.88299179077148 122.42580032348631 158.14048767089844
0 0.0131 502.54052734375 622.5996398925781 532.25 638.75
0 0.0126 213.04398155212405 512.9982376098633 264.3457279205322 537.0879745483398
0 0.0126 -67.85606765747069 443.61278533935547 -14.845518112182603 466.47411346435547
0 0.0126 -106.49999999999997 572.420768737793 -87.5731494426727 617.7937698364258
0 0.0119 218.89478302001953 568.63037109375 258.29030609130854 601.4791870117188
0 0.0118 322.22379302978516 3.568129539489746 375.08092498779297 26.519837379455566
0 0.0118 -106.49999999999997 252.33232498168945 -66.31987476348876 277.74011611938477
0 0.0117 142.36901855468747 323.4718322753906 194.95023345947266 346.6160583496094
0 0.0116 -77.74775171279906 363.54759216308594 -24.944306850433332 386.5400695800781
0 0.0115 72.61157608032227 443.30127716064453 124.73361587524415 466.7854690551758
0 0.0112 212.7086410522461 483.2427215576172 264.6446762084961 506.8450927734375
0 0.0112 -67.7702178955078 413.5588836669922 -14.92333793640135 436.5283203125
0 0.0111 184.18189620971677 131.83992385864258 212.43198013305664 178.17399978637695
0 0.0111 224.1828689575196 81.84406280517578 252.43077850341797 128.17022323608398
0 0.0110 138.55105972290042 439.34200286865234 178.60648727416992 470.83057403564453
0 0.0108 132.10952377319336 293.637752532959 185.18493270874023 316.4495277404785
0 0.0108 142.74571990966797 353.21537017822266 194.61175537109375 376.8721389770508
0 0.0107 -105.79925441741942 92.00241088867188 -77.59054565429686 138.04832458496094
0 0.0107 34.18912506103517 61.896047592163086 62.423301696777344 108.12975883483887
0 0.0107 -7.831100463867173 423.6042785644531 45.13030624389649 446.4837646484375
0 0.0106 42.14229202270509 313.6153316497803 95.15563583374023 336.4717960357666
0 0.0106 249.06148529052734 48.23521614074707 288.14054107666016 81.84059143066406
0 0.0105 -5.702051162719713 482.94559478759766 22.294012069702163 527.3383712768555
0 0.0105 133.14962005615234 402.9137420654297 184.25279235839844 427.1711730957031
0 0.0100 -106.49999999999997 222.31639862060547 -66.33306407928465 247.75550842285156
0 0.0100 503.2994232177734 592.323112487793 532.25 617.6977920532227
