0 0.5596 499.37530517578125 106.86038589477539 563.9415740966797 147.25883102416992
0 0.3318 524.2667007446289 147.2873077392578 583.4711837768555 172.7947769165039
0 0.3140 489.0416717529297 183.78425216674805 536.2284851074219 208.63910293579102
0 0.2916 564.8461151123047 97.74955368041994 593.4850311279297 135.19984817504883
0 0.2503 398.8768005371094 199.30074310302734 447.3588562011719 219.85013580322266
0 0.2219 492.97080993652344 153.57257461547852 531.0186004638672 183.64970779418945
0 0.1722 59.175376892089844 236.24826049804688 106.29783630371094 263.5176239013672
0 0.1353 160.3396987915039 259.10791015625 188.24817657470703 307.790771484375
0 0.1259 463.2943344116211 153.12451934814453 486.2570571899414 203.56973266601562
0 0.1254 581.2562942504883 357.01184844970703 629.630012512207 433.60257720947266
0 0.1141 556.5126800537109 173.0105743408203 596.7668914794922 206.91781616210938
