0 0.1707 115.2058563232422 451.4186096191406 202.4273452758789 498.2471466064453
0 0.1287 139.39508056640625 407.0949172973633 177.8701171875 442.88822174072266
0 0.1264 121.61857223510742 497.0982360839844 206.10263442993167 563.126220703125
0 0.1225 89.38422775268556 557.1281814575195 127.87936782836913 592.8576278686523
0 0.1207 49.2655715942383 547.6235961914062 87.96788787841798 582.4016571044922
0 0.1129 179.427734375 416.8638229370117 217.85409545898438 453.1014633178711
0 0.1085 99.348388671875 417.3213195800781 137.90223693847656 452.67967224121094
0 0.1060 69.23612213134766 457.73597717285156 107.99066162109376 492.29835510253906
0 0.1024 203.0063018798828 451.0526657104492 254.11355590820312 498.6819839477539
0 0.0997 74.41972351074219 491.59446716308594 123.18292236328125 518.4458160400391
0 0.0969 49.1980323791504 587.8499603271484 88.02299118041994 622.1937561035156
0 0.0949 74.56359481811523 521.2882232666016 123.08898544311522 548.729248046875
0 0.0943 89.27600479125978 597.5730895996094 127.96081161499025 632.4481201171875
0 0.0896 129.36257934570312 567.249755859375 167.89273834228518 602.7455902099609
0 0.0873 9.029880523681655 548.3039855957031 48.16960906982423 581.7776489257812
0 0.0864 29.261680603027354 507.6405334472656 67.97071075439455 542.3860931396484
0 0.0808 99.26791763305663 377.63145446777344 137.9645118713379 412.3944091796875
0 0.0790 29.276405334472667 467.5997543334961 67.95785522460938 502.4235153198242
0 0.0768 -10.58889770507811 146.99934482574463 27.860656738281264 182.976393699646
0 0.0740 139.2479476928711 367.69893646240234 177.98078155517578 402.3324203491211
0 0.0719 169.30398559570312 567.4742889404297 207.9383239746094 602.5389862060547
0 0.0710 179.3290195465088 377.40230560302734 217.91664695739743 412.60509490966797
0 0.0709 -100.6400909423828 157.27647304534912 -62.106694221496554 192.72093296051025
0 0.0685 -0.5707206726074072 186.84232711791992 37.85426712036134 223.12131881713867
0 0.0669 -50.668243408203104 167.3610496520996 -12.082609176635724 202.64314651489258
0 0.0665 59.2383918762207 417.7301025390625 97.98862075805665 452.30377197265625
0 0.0663 8.994661331176768 588.3966827392578 48.20040321350099 621.6928100585938
0 0.0648 259.43082427978516 456.80511474609375 297.8558883666992 493.15574645996094
0 0.0646 219.4237670898437 406.89186096191406 257.8560791015625 443.0755615234375
0 0.0599 -106.49999999999997 197.54344940185547 -72.03028821945189 232.47547149658203
0 0.0594 129.0441665649414 608.19580078125 168.1639633178711 638.75
0 0.0590 39.316578865051284 177.45582580566406 77.92580699920656 212.5558853149414
0 0.0586 19.41580867767335 226.9626235961914 57.858658790588386 263.01025390625
0 0.0582 221.61859130859372 497.0982360839844 306.1026153564453 563.126220703125
0 0.0558 -106.49999999999997 387.86224365234375 -71.96032667160034 422.1825408935547
0 0.0533 19.278832435607924 427.59517669677734 57.9555425643921 462.4277114868164
0 0.0530 209.16448211669922 597.9404067993164 248.0523452758789 632.1107864379883
0 0.0526 59.15206527709962 377.9867935180664 98.06197738647462 412.0682144165039
0 0.0524 168.96819686889648 608.4060478210449 208.22940444946286 638.7500190734863
0 0.0523 -50.74804687499998 127.65621185302734 -12.019752502441388 162.37171173095703
0 0.0520 33.011089324951186 622.4966621398926 84.4821891784668 638.7499809265137
0 0.0516 -106.49999999999997 117.68560409545898 -72.00237894058226 152.34477996826172
0 0.0501 84.18532943725586 351.92867279052734 133.36513137817383 378.1296157836914
0 0.0491 -40.623325347900376 207.1533203125 -2.114376068115221 242.83447265625
0 0.0488 -10.62460327148436 107.20695495605469 27.882152557373065 142.78497695922852
0 0.0471 59.34754943847657 217.33386993408203 97.90200805664062 252.6681137084961
0 0.0469 29.234448432922374 137.74353504180908 67.99183940887453 172.2914457321167
0 0.0465 193.59264945983887 162.53728866577148 243.86618232727048 187.54053115844727
0 0.0457 -20.76120758056639 427.7227783203125 17.98888778686525 462.31048583984375
0 0.0455 -106.49999999999997 427.90103912353516 -71.94965028762816 462.1469497680664
0 0.0454 -71.14580059051512 398.72169494628906 -31.672886848449686 431.3957977294922
0 0.0452 -10.82374000549315 467.91526794433594 28.04142570495607 502.1338653564453
0 0.0439 142.9797515869141 183.04550170898438 194.4029769897461 207.04097747802734
0 0.0439 -106.49999999999997 347.9356384277344 -71.940936088562 382.11524963378906
0 0.0434 93.86018371582031 192.2903823852539 143.63526916503906 217.7816390991211
0 0.0431 -10.914405822753892 508.1647491455078 28.120094299316413 541.9051361083984
0 0.0429 193.64083862304688 132.49418258666992 243.82440185546875 157.58270263671875
0 0.0423 59.297863006591804 257.5257682800293 97.94047927856447 292.49155044555664
0 0.0420 -31.16167211532591 548.7497329711914 8.342240810394301 581.3702774047852
0 0.0404 99.29723358154298 217.53002166748047 137.94080352783203 252.48764038085938
0 0.0397 19.34332942962648 267.345027923584 57.905770301818855 302.65783309936523
0 0.0389 -30.827678680419904 387.92091369628906 8.045345306396499 422.12867736816406
0 0.0388 -15.911067962646468 241.2112808227539 12.543979644775405 288.6852264404297
0 0.0386 -106.49999999999997 237.69493103027344 -71.9996299743652 272.3362350463867
0 0.0377 -61.16944694519041 438.7628936767578 -21.650279998779283 471.35826110839844
0 0.0376 134.0957794189453 342.03922271728516 183.43762969970703 368.0241012573242
0 0.0371 142.75647735595703 153.2020378112793 194.60336303710938 176.88467025756836
0 0.0369 -71.21888422966002 358.88072967529297 -31.606230974197373 391.25072479248047
0 0.0368 93.02178955078126 163.01767349243164 144.36486816406253 187.06907272338867
0 0.0365 -31.124624252319315 588.6765670776367 8.307672500610364 621.4370346069336
0 0.0362 208.88204193115237 98.65412712097168 248.302360534668 131.45752906799316
0 0.0358 183.93708801269534 352.21221923828125 233.5701141357422 377.85736083984375
0 0.0349 214.38237762451172 571.6357803344727 263.21431732177734 598.4057998657227
0 0.0348 248.98152923583984 148.4322166442871 288.21179962158203 181.66032791137695
0 0.0347 -105.83364629745482 301.7398929595947 -77.549268245697 348.2559108734131
0 0.0343 99.23387145996094 257.7395820617676 137.9928741455078 292.29509353637695
0 0.0341 19.17598342895509 387.92198181152344 58.04109191894533 422.127685546875
0 0.0336 89.07170867919922 318.2046604156494 128.1319580078125 351.8685817718506
0 0.0335 39.09059619903565 338.1551742553711 78.11535930633545 371.9138717651367
0 0.0331 29.198089599609382 97.85478591918945 68.02247619628908 132.18931198120117
0 0.0330 249.11073303222653 598.0940246582031 288.0984649658203 631.9699859619141
0 0.0323 193.31094360351562 192.7820587158203 244.11119079589844 217.3007583618164
0 0.0317 203.2714614868164 72.8155517578125 254.14563751220703 97.26791381835938
0 0.0317 143.5666046142578 212.57099151611328 193.8866195678711 237.50873565673828
0 0.0315 68.90657043457033 128.60610961914062 108.2793960571289 161.50136947631836
0 0.0309 -27.159933090209943 622.6501274108887 24.62996101379396 638.7500190734863
0 0.0297 -30.900949478149396 348.12557220458984 8.10864067077638 381.94103240966797
0 0.0291 418.6150894165039 159.2186164855957 458.54695892333984 190.94282150268555
0 0.0289 -105.8322944641113 71.7488956451416 -77.55089664459227 118.24858665466309
0 0.0288 299.3472442626953 467.33238220214844 337.9024658203125 502.66944885253906
0 0.0287 142.91253662109375 123.09189796447754 194.46351623535156 146.99450492858887
0 0.0287 -50.91041946411131 88.13694953918457 -11.881736755371076 121.93066596984863
0 0.0278 -10.710395812988267 67.5579833984375 27.946811676025405 102.46192932128906
0 0.0271 -71.19356536865232 318.82434844970703 -31.629175186157212 351.3021469116211
0 0.0269 152.5676498413086 63.338613510131836 204.77151489257812 86.74920082092285
0 0.0267 -45.83155059814452 241.7498779296875 -17.551816940307603 288.24710845947266
0 0.0262 -51.23969459533689 478.9080047607422 -11.58546829223631 511.22589111328125
0 0.0258 -105.81248188018796 461.8995666503906 -77.57468128204343 508.1292724609375
0 0.0257 152.7478370666504 93.216552734375 204.60929489135745 116.871337890625
0 0.0254 -106.49999999999997 0.0 532.25 339.48570251464844
0 0.0254 172.70723915100098 13.244235515594482 224.64584922790527 36.84364080429077
0 0.0248 139.10976028442383 238.1056785583496 178.09844589233398 271.9592475891113
0 0.0244 248.90664672851562 108.60968589782715 288.27897644042963 141.4980983734131
0 0.0243 74.20402145385744 291.9026756286621 123.35055923461915 318.154239654541
0 0.0236 -15.847085952758775 291.62036895751953 12.466760635375989 338.3481979370117
0 0.0230 259.4371566772461 416.6871643066406 297.8593215942382 453.2646942138672
0 0.0227 128.9962921142578 308.3976459503174 168.19848632812503 341.6919231414795
0 0.0221 69.06007385253908 88.23659896850586 108.14202880859376 121.8393325805664
0 0.0211 183.344970703125 322.7616882324219 234.07979583740234 347.3217010498047
0 0.0211 -71.60501861572263 569.6326065063477 -31.24772453308104 600.566520690918
0 0.0210 243.48722076416018 182.63324737548828 293.9571151733398 207.4468994140625
0 0.0209 29.173127174377452 57.93029546737671 68.04354763031006 92.12003946304321
0 0.0206 -86.66201972961423 602.763786315918 -35.913328170776346 627.319221496582
0 0.0203 -106.49999999999997 271.8142890930176 -66.66724586486814 298.2348442077637
0 0.0195 202.81213378906253 43.16776752471924 254.55247497558597 66.91949367523193
0 0.0194 -67.2748222351074 523.2189559936523 -15.36754989624022 546.8671035766602
0 0.0192 -66.2830295562744 292.4176216125488 -16.240018844604478 317.65676498413086
0 0.0192 93.27111816406251 62.82174110412598 144.1447219848633 87.26253509521484
0 0.0191 482.96762084960943 13.05506706237793 532.25 37.03157901763916
0 0.0190 24.32460403442384 311.7346954345703 73.25620269775392 338.31336975097656
0 0.0189 309.32275390624994 507.4266815185547 347.9215393066406 542.5827026367188
0 0.0188 264.1912994384765 571.9075012207031 313.36297607421875 598.1487274169922
0 0.0184 -106.49999999999997 508.35140228271484 -71.81069755554196 541.7342758178711
0 0.0184 108.94437408447267 88.5222339630127 148.2449493408203 121.57801628112793
0 0.0177 198.6735782623291 219.10608291625977 238.4924373626709 251.04528427124023
0 0.0175 418.8123474121093 198.81595611572266 458.3649597167968 231.30977630615234
0 0.0172 288.9815673828125 598.4278869628906 328.21214294433594 631.6642761230469
0 0.0171 239.28643798828125 367.5501251220703 277.9511413574219 402.46917724609375
0 0.0171 -106.49999999999997 548.5903930664062 -71.72253513336179 581.5157318115234
0 0.0164 -106.49999999999997 38.13700795173645 -71.88237094879148 71.93059802055359
0 0.0161 92.45847320556642 13.412866592407227 144.86959075927734 36.675076484680176
0 0.0160 253.25311279296875 82.83565521240234 304.1607055664062 107.24874496459961
0 0.0157 423.01049804687506 133.01790237426758 474.3766174316406 157.06777572631836
0 0.0155 143.61699676513675 282.5225257873535 193.84366607666016 307.5557518005371
0 0.0154 233.54573822021487 342.5787353515625 283.9069137573242 367.4999237060547
0 0.0142 374.4901428222656 555.9811210632324 532.25 638.7500190734863
0 0.0138 467.8924140930175 424.83680725097656 532.2499809265137 474.74700927734375
0 0.0134 -51.09571123123167 48.59572410583496 -11.716987133026105 81.51091575622559
0 0.0134 288.4535369873047 149.53059673309326 328.6969146728515 180.65914630889893
0 0.0133 339.17962646484375 467.90767669677734 378.03834533691406 502.1407699584961
0 0.0131 458.67127990722656 159.11097049713135 498.4945068359375 191.04081630706787
0 0.0129 -106.49999999999997 12.316584587097168 -66.33054161071776 37.75510311126709
0 0.0119 232.51813507080075 313.37586402893066 284.81526947021484 336.7124843597412
0 0.0119 48.768249511718764 8.914141654968262 88.40493774414062 41.22020244598389
0 0.0115 -67.29239845275877 3.2370901107788086 -15.353025436401353 26.849827766418457
0 0.0110 381.6185913085937 417.0982360839844 466.10261535644526 483.126220703125
0 0.0109 362.35135650634766 163.48716735839844 414.96533966064453 186.6012191772461
0 0.0108 253.09964752197263 52.954750061035156 304.29654693603516 77.13090896606445
0 0.0107 408.68215179443354 239.0808868408203 448.4853134155273 271.0682678222656
0 0.0107 299.38111877441406 427.1703338623047 337.87904357910156 462.8187561035156
0 0.0107 194.2608413696289 252.55064010620117 222.33785247802732 297.6304054260254
0 0.0102 144.30402374267578 13.025226593017578 172.28692626953125 57.28133201599121
