0 0.0297 99.63766098022461 82.92144775390625 150.76370239257812 107.1633529663086
0 0.0254 0.0 219.8858642578125 638.75 558.75
0 0.0247 99.4175910949707 113.08982849121094 150.9586524963379 136.99676513671875
0 0.0243 89.58943367004395 52.960872650146484 140.8059597015381 77.1246337890625
0 0.0229 0.0 -79.99999999999999 510.9122848510742 201.51496887207028
0 0.0204 49.196062088012695 93.24457168579102 101.15744590759277 116.84228897094727
0 0.0189 39.23814535140991 63.217988014221184 91.11913919448853 86.86917781829833
0 0.0175 39.18285608291626 33.25797080993652 91.16838216781616 56.82950019836425
0 0.0153 512.6921272277832 -80.0 638.7499809265137 -10.150761604309086
0 0.0152 109.26750183105469 143.20079803466794 161.09210968017578 166.88678741455078
0 0.0151 574.3924140930176 64.83682632446288 638.7499809265137 114.74702835083006
0 0.0147 0.0 28.818359375 34.86886024475098 61.30760192871094
0 0.0146 574.3924140930176 144.8368263244629 638.7499809265137 194.74702835083008
0 0.0137 38.83965492248535 123.48875045776366 91.47723197937012 146.59875869750977
0 0.0134 89.42283630371094 23.087930679321286 140.9535789489746 46.998929977416985
0 0.0134 574.3924140930176 4.836816787719727 638.7499809265137 54.747018814086914
0 0.0131 608.9731597900391 542.6522827148438 638.75 558.75
0 0.0125 155.32981395721436 78.77550601959229 194.84928607940674 111.34671688079833
0 0.0120 19.070444107055664 3.3394432067871076 71.26842498779297 26.748752593994137
0 0.0120 0.0 -76.87945842742919 40.988759994506836 -53.033053874969475
0 0.0120 608.8241767883301 203.07743072509766 638.7499809265137 226.95114135742188
0 0.0112 0.0 68.931884765625 34.91903305053711 101.20407104492186
0 0.0109 139.9208116531372 52.69617080688476 190.5138349533081 77.38586425781249
0 0.0108 0.0 -47.07843899726868 40.75787544250488 -22.836197614669796
0 0.0107 608.7471008300781 233.12670707702634 638.75 256.9014453887939
0 0.0101 609.5411491394043 512.5508117675781 638.7500190734863 537.4748992919922
0 0.0100 159.50817108154297 123.01795959472655 210.87902069091797 147.06748962402344
0 0.0100 397.18475341796875 244.446907043457 452.98583984375 265.6316757202148
