0 0.0480 159.27976608276367 553.1905364990234 211.08144760131836 576.8968200683594
0 0.0454 125.73930740356444 347.7187728881836 164.4886589050293 382.3141860961914
0 0.0406 170.61904907226562 341.3905334472656 199.00756835937497 388.5350036621094
0 0.0394 125.56118011474608 388.22593688964844 164.64179992675778 421.84913635253906
0 0.0376 200.59198379516602 341.22314453125 229.04024124145505 388.67408752441406
0 0.0376 85.49726486206055 358.3830261230469 124.69881057739256 391.705322265625
0 0.0362 109.42718505859374 563.0817031860352 160.9503173828125 587.0047378540039
0 0.0348 159.36042785644528 583.1365585327148 211.0085678100586 606.9510269165039
0 0.0328 230.60131072998044 361.2759780883789 259.02896881103516 408.62926483154297
0 0.0324 179.66573715209958 612.8890228271484 230.7410621643066 637.1941375732422
0 0.0321 125.73104858398436 307.7492141723633 164.49516296386716 342.28626251220703
0 0.0319 165.572509765625 388.1915283203125 204.6323013305664 421.8806457519531
0 0.0318 218.84773254394528 573.4864807128906 271.4692687988281 596.6014862060547
0 0.0317 159.28184509277344 523.1916809082031 211.07902526855466 546.8959808349609
0 0.0308 70.32125473022461 332.32383728027344 120.16942977905273 357.74864196777344
0 0.0307 109.54116821289061 532.9969787597656 160.8488845825195 557.0887756347656
0 0.0306 179.24551010131833 3.216891288757324 231.1116600036621 26.870827674865723
0 0.0295 109.75833892822266 612.8107070922852 160.66036224365232 637.2708511352539
0 0.0291 85.32590866088869 398.77601623535156 124.85364913940428 431.3462829589844
0 0.0279 180.6118392944336 291.3418960571289 209.0162658691406 338.5746765136719
0 0.0272 219.08679962158197 543.3251571655273 271.2543869018554 566.762580871582
0 0.0267 239.60347175598145 612.9387664794922 290.7958507537842 637.1450805664062
0 0.0267 260.6520080566406 361.61022186279297 288.96781921386713 408.35575103759766
0 0.0264 125.2189254760742 429.0073776245117 164.95121002197263 461.13521575927734
0 0.0261 139.38547134399414 473.11485290527344 190.9869575500488 496.9721221923828
0 0.0257 230.64196586608884 311.5396785736084 258.9799213409423 358.4126377105713
0 0.0254 -79.99999999999999 299.8858642578125 558.75 638.75
0 0.0247 45.24852275848388 358.94535064697266 84.92409229278563 391.1917495727539
0 0.0246 85.46861648559572 298.4575653076172 124.72387313842772 331.6371536254883
0 0.0242 59.65085983276367 612.8984069824219 110.75464248657225 637.1845245361328
0 0.0229 25.393486022949222 308.6354351043701 64.79127883911131 341.4745807647705
0 0.0229 -79.99999999999999 0.0 430.91228485107416 281.5149688720703
0 0.0228 -30.31691551208496 612.8729248046875 20.72623252868652 637.2097015380859
0 0.0223 205.63236236572266 408.02650451660156 244.58045959472653 442.0318603515625
0 0.0220 165.21728515624997 429.00684356689453 204.95315551757812 461.13574981689453
0 0.0218 109.51332092285156 503.0194091796875 160.87333679199216 527.0667266845703
0 0.0216 -80.0 602.6767349243164 -29.50484275817871 627.4048233032227
0 0.0216 235.34305572509763 8.745083808898926 274.8373794555664 41.374473571777344
0 0.0214 59.26881313323974 583.1991958618164 111.09106540679932 606.888313293457
0 0.0213 215.63530921936035 268.0378723144531 254.57602500915527 302.02136993408203
0 0.0212 89.41579818725587 463.08937072753906 140.96063613891602 486.9969940185547
0 0.0210 48.889846801757805 553.4583282470703 101.43140792846678 576.6295623779297
0 0.0206 245.67466735839844 407.9090881347656 284.54383850097656 442.13951110839844
0 0.0200 135.576114654541 268.1947135925293 174.62793350219724 301.87768936157227
0 0.0200 279.0813827514648 573.3272171020508 331.25957489013666 596.7602920532227
0 0.0200 365.5979537963867 328.1356430053711 404.60887908935547 361.93180084228516
0 0.0193 290.7186508178711 362.1429443359375 318.88797760009766 407.9380798339844
0 0.0191 -60.84081649780273 573.2765197753906 -8.810825347900387 596.8112945556641
0 0.0190 299.6018981933593 612.9375457763672 350.79772949218744 637.14599609375
0 0.0188 69.4645118713379 433.04908752441406 120.91814041137694 457.03643798828125
0 0.0187 189.2129898071289 493.23673248291016 241.1414337158203 516.8506240844727
0 0.0186 44.974822998046875 399.48097229003906 85.1780891418457 430.7042694091797
0 0.0185 235.29426574707026 78.85155916213989 274.8818206787109 111.27730131149292
0 0.0180 175.60144424438477 258.12744140625 214.60577011108398 291.93931579589844
0 0.0180 195.10934829711914 459.2263412475586 235.05262374877927 490.93578338623047
0 0.0179 35.452041625976555 268.50046157836914 74.73840713500977 301.5979194641113
0 0.0179 205.15705108642575 39.13480281829834 245.00816345214844 71.01913928985596
0 0.0178 118.95734786987306 3.415834903717041 171.3701057434082 26.672422885894775
0 0.0177 -80.0 528.745231628418 -45.16019821166993 561.3743209838867
0 0.0176 359.58312988281244 612.9526519775391 410.81420898437494 637.1311187744141
0 0.0172 30.774183273315433 602.7071380615234 58.82218360900879 638.75
0 0.0172 365.4331970214844 78.54318380355835 404.75555419921875 111.55887842178345
0 0.0171 -4.727556705474854 338.8954162597656 34.902098178863525 371.2373352050781
0 0.0168 225.30246734619138 178.8333511352539 264.87438201904297 211.29390716552734
0 0.0168 255.49854278564456 268.38890075683594 294.69676971435547 301.69994354248047
0 0.0163 -0.7462716102600109 573.2110977172852 51.104300022125244 596.8765640258789
0 0.0163 245.4012298583984 118.61608505249023 284.7844696044922 151.49227142333984
0 0.0162 355.5810165405273 288.18031311035156 394.6237564086914 321.890869140625
0 0.0160 80.2635383605957 272.3825263977051 130.21821975708005 297.69189834594727
0 0.0160 325.50621032714844 338.3626937866211 364.6906280517578 371.7239761352539
0 0.0158 279.3417739868164 543.1386566162109 331.0276412963867 566.9474029541016
0 0.0158 195.18474578857422 79.0823745727539 234.98222351074216 111.06687545776367
0 0.0157 239.08214569091794 513.3287811279297 291.25850677490234 536.759033203125
0 0.0157 365.44193267822266 368.52428436279297 404.7475051879883 401.5761184692383
0 0.0157 185.18926620483398 179.07384872436523 224.97797012329102 211.07465744018555
0 0.0156 275.41503906249994 78.588387966156 314.7715759277344 111.51756525039673
0 0.0156 365.41248321533203 158.58428478240967 404.77489471435547 191.5213441848755
0 0.0156 365.45818328857416 118.48278999328613 404.73323822021484 151.6140842437744
0 0.0155 -79.27428007125854 482.216796875 -51.120378971099846 527.8828430175781
0 0.0154 285.5963134765625 408.14170837402344 324.61021423339844 441.92626953125
0 0.0152 219.9978637695312 152.62486934661865 270.4476928710937 177.45523929595947
0 0.0152 165.08728027343747 39.27304744720459 205.07274627685547 70.89330196380615
0 0.0149 -4.724314212799072 268.8897895812988 34.89898920059204 301.24242782592773
0 0.0145 205.287446975708 118.86738777160645 244.8879528045654 151.26286506652832
0 0.0145 265.3141784667969 178.81425857543945 304.863052368164 211.31132125854492
0 0.0144 250.08243560791013 52.55091667175293 300.3741073608398 77.5277042388916
0 0.0138 169.51486587524414 153.0146598815918 220.87270736694333 177.07098007202148
0 0.0137 220.40368080139157 242.2469711303711 270.0982570648193 267.82379150390625
0 0.0137 48.94868850708007 523.419303894043 101.37840270996092 546.6686630249023
0 0.0136 -80.0 452.45792388916016 -39.710478782653816 477.6182174682617
0 0.0136 5.138349533081056 379.17213439941406 45.025453567504876 410.9851837158203
0 0.0135 59.29404735565185 3.1847238540649414 111.06777667999268 26.903162002563477
0 0.0135 139.027099609375 83.36498260498047 191.30821228027344 106.72269821166992
0 0.0134 315.4241943359375 298.5578918457031 354.7642517089844 331.54544830322266
0 0.0133 149.0708351135254 123.33226203918457 201.26955032348633 146.75496101379395
0 0.0132 9.792919158935549 242.7996063232422 60.62646865844726 267.28382110595703
0 0.0131 325.48122406005854 378.4286117553711 364.7124862670898 411.6636276245117
0 0.0130 259.94640350341797 302.6711940765381 310.4921340942383 327.4100589752197
0 0.0130 359.2210388183593 573.2343292236328 411.13349914550776 596.8534851074219
0 0.0129 -80.0 422.4630355834961 -39.70553874969482 447.6131820678711
0 0.0129 235.21195411682126 449.01805877685547 274.95802879333496 481.12552642822266
0 0.0128 365.3279495239257 198.78070831298828 404.8508834838867 231.34193420410156
0 0.0126 285.4018020629882 118.61621856689453 324.7837448120117 151.49213790893555
0 0.0125 359.2787170410156 533.1912231445312 411.08238220214844 556.8961334228516
0 0.0125 -30.45864105224609 312.987756729126 20.850610733032227 337.0967769622803
0 0.0125 260.03456115722656 332.59899139404297 310.4145050048828 357.4812698364258
0 0.0125 -80.0 392.4676513671875 -39.701395034790046 417.6087188720703
0 0.0123 365.44250488281244 408.5250473022461 404.74678039550776 441.57543182373047
0 0.0123 -50.76209068298339 3.218092918395996 1.1193466186523438 26.869068145751953
0 0.0122 48.83615493774415 493.4939193725586 101.4797592163086 516.5939712524414
0 0.0121 325.4020309448242 78.61776351928711 364.78336334228516 111.49072647094727
0 0.0121 269.9989318847656 152.6253318786621 320.4464721679687 177.45492935180664
0 0.0120 145.13805389404294 189.17531967163086 185.02544403076172 220.98222732543945
0 0.0118 270.7304382324219 212.25055694580078 298.87390136718744 257.8559112548828
0 0.0118 220.14858245849607 212.4919319152832 270.31673431396484 237.58543014526367
0 0.0118 175.41013717651364 218.59933853149414 214.77602005004883 251.50754928588867
0 0.0118 528.9627838134766 622.6606750488281 558.7499999999999 638.75
0 0.0117 -40.727825164794915 543.1916046142578 11.08915328979492 566.8951416015625
0 0.0116 249.23061370849607 483.22181701660156 301.1261367797851 506.8651580810547
0 0.0114 -80.0 362.46463775634766 -39.70392227172851 387.61157989501953
0 0.0112 432.69212722778315 0.0 558.7499809265137 69.84923839569092
0 0.0110 8.8238525390625 433.50269317626953 61.49070739746094 456.5853500366211
0 0.0110 275.4455947875976 18.51547122001648 314.74422454833984 51.5842068195343
0 0.0109 275.3065872192383 448.81542205810547 314.8715591430664 481.31031036376953
0 0.0109 -79.2820692062378 52.14893341064453 -51.111078262329094 97.9350471496582
0 0.0109 -80.0 322.44457244873047 -39.721670150756836 347.63111114501953
0 0.0108 15.207347869873049 0.0 54.96107101440429 31.106140613555908
0 0.0108 295.42251586914057 258.5667037963867 334.7652435302734 291.5373992919922
0 0.0108 350.0453948974609 52.5838041305542 400.406265258789 77.49551296234131
0 0.0107 9.513044357299805 213.01559448242188 60.87441444396973 237.07000732421875
0 0.0107 135.38135528564453 228.66470336914062 174.80209350585935 261.4478302001953
0 0.0107 295.1925277709961 509.06375885009766 334.97531890869135 541.083869934082
0 0.0107 410.77186584472656 602.6846122741699 438.8249206542969 638.7500190734863
0 0.0107 75.30830383300781 78.82034301757812 114.86911773681639 111.30578994750977
0 0.0106 75.35508632659912 238.72333526611328 114.82595920562744 271.3943099975586
0 0.0105 28.744797706604004 463.5536575317383 81.56213283538818 486.5342330932617
0 0.0104 -80.0 292.43568420410156 -39.72991943359376 317.6397705078125
0 0.0103 125.03330230712889 39.37970280647278 165.12264251708982 70.79627871513367
0 0.0103 359.3416213989258 503.14563751220703 411.0263442993164 526.9414138793945
0 0.0102 325.40138244628906 118.61791610717773 364.78408813476557 151.49059295654297
0 0.0102 360.69580078125 241.94696426391602 388.9152526855468 288.08950424194336
