0 0.1663 78.75186920166016 125.91193675994873 171.72451019287107 164.11369800567627
0 0.1559 53.06253433227539 164.91418838500977 168.19150924682617 214.56403732299805
0 0.1313 0.873908996582029 151.6647720336914 49.717750549316406 178.37955474853516
0 0.1102 0.6365776062011719 181.98339462280273 49.90568161010742 208.07695388793945
0 0.1088 88.62869262695311 86.0795783996582 181.84936523437497 123.96125793457031
0 0.1060 101.0050582885742 221.43081665039062 149.62402343749997 248.59806060791016
0 0.1050 0.8232879638671875 121.74514770507812 49.75561141967773 148.30406188964844
0 0.0980 178.31596374511716 133.82452011108398 231.94984436035153 156.26264572143555
0 0.0938 20.60606002807617 212.02680587768555 69.9292755126953 238.03598403930664
0 0.0913 100.93154907226561 251.56404495239258 149.67624664306638 278.47368240356445
0 0.0902 136.61291122436523 64.73286628723145 193.51255416870114 85.34034729003906
0 0.0836 50.737996101379395 241.8598747253418 99.82314586639403 268.19509506225586
0 0.0829 170.0693702697754 192.56608963012695 220.3847312927246 217.51325607299805
0 0.0775 155.88222503662107 237.17205047607422 194.37763214111325 272.81715393066406
0 0.0738 12.048931121826174 88.03290367126465 78.45542907714844 121.93625450134277
0 0.0706 170.10318756103516 162.53690719604492 220.355224609375 187.5419044494629
0 0.0689 145.82933425903317 5.085535049438477 204.24013137817383 24.977564811706543
0 0.0687 5.638160705566406 238.02335739135742 44.574222564697266 272.0347023010254
0 0.0678 179.7622776031494 100.41601181030273 250.64955711364746 129.70035552978516
0 0.0657 237.87390708923334 134.08080101013184 292.3529148101806 156.00384712219238
0 0.0625 55.62726974487305 268.05429458618164 94.58356857299803 302.0063591003418
0 0.0621 95.7009506225586 277.8379821777344 134.52083587646484 312.2047424316406
0 0.0619 195.9481716156006 65.0402045249939 254.1280460357666 85.0255036354065
0 0.0615 146.27073287963864 44.8907470703125 203.82982254028317 65.17821311950684
0 0.0602 77.59628295898438 64.23563003540039 132.60665893554685 85.84726333618164
0 0.0576 135.80324172973633 277.5042152404785 174.4363975524902 312.5113868713379
0 0.0546 86.80896759033203 4.634099006652832 143.33240509033203 25.440587997436523
0 0.0536 -49.873285293579094 142.51066207885742 0.33585548400878906 167.5670051574707
0 0.0514 19.787197113037113 62.809927463531494 70.63034057617186 87.27432012557983
0 0.0510 276.8233108520508 114.62636947631836 333.3193588256836 135.44836044311523
0 0.0503 195.75336456298828 237.6806640625 234.47635650634763 272.34920501708984
0 0.0489 136.10319137573242 24.970240592956543 193.98435592651367 45.09725093841553
0 0.0477 219.7462368011474 212.83878326416016 270.66727638244623 237.24536895751953
0 0.0475 219.33281898498535 183.14655303955078 271.03529930114746 206.9397735595703
0 0.0468 256.18129730224604 74.93810653686523 313.91109466552734 95.13084411621094
0 0.0466 205.34961700439453 5.288605690002441 264.68692779541016 24.768006801605225
0 0.0458 -44.592709541320794 168.6003303527832 -5.220847129821778 201.50667190551758
0 0.0452 -79.33982849121094 131.69490337371826 -51.041836738586426 178.29189777374268
0 0.0451 -50.05793571472167 112.6736068725586 0.49617767333984264 137.4074935913086
0 0.0449 15.561695098876951 278.2274627685547 54.641075134277344 311.8477249145508
0 0.0447 -29.64385747909546 212.2873306274414 20.140111446380615 237.7838897705078
0 0.0409 255.03051757812497 55.431246757507324 314.981460571289 74.62303638458252
0 0.0398 297.04204559326166 144.5223569869995 353.11656951904297 165.5553102493286
0 0.0396 58.99555206298828 31.077237129211426 131.39801025390625 59.08155918121338
0 0.0384 175.726318359375 277.758846282959 214.4995880126953 312.27739334106445
0 0.0369 -79.99999999999999 177.88593292236328 -45.4539942741394 212.16083526611328
0 0.0361 -40.109729766845696 82.71461486816406 10.542020797729494 107.36690521240234
0 0.0345 195.275764465332 25.328521728515625 254.75337982177734 44.728636741638184
0 0.0343 -79.32153701782227 81.8278980255127 -51.06382846832275 128.1855869293213
0 0.0330 235.51915168762207 238.34112167358398 274.67814445495605 271.7436408996582
0 0.0291 268.9847946166992 203.39956283569336 321.3449478149414 226.6889762878418
0 0.0288 55.4404067993164 308.51819038391113 94.74983215332031 341.58175468444824
0 0.0282 100.53295135498045 312.09208488464355 149.99317169189453 337.9716968536377
0 0.0281 278.52268218994135 173.69718551635742 331.7625045776367 196.3905906677246
0 0.0275 -34.64761734008789 238.71604919433594 4.829721450805664 271.4010238647461
0 0.0270 264.9895858764648 5.433664321899414 325.0232315063476 24.61771011352539
0 0.0260 254.50214385986325 35.63859820365906 315.4751205444336 54.408265352249146
0 0.0259 336.8146514892578 124.63332176208496 393.32664489746094 145.4417324066162
0 0.0255 220.4039764404297 272.24544525146484 270.0982666015625 297.8251266479492
0 0.0254 -79.99999999999999 299.8858642578125 558.75 638.75
0 0.0250 306.58721923828125 94.74462509155273 363.5364532470703 115.3282356262207
0 0.0248 -0.5902767181396473 613.0900573730469 50.966825485229485 636.995849609375
0 0.0247 -24.718818664550778 48.879642486572266 14.893798828125 81.25168800354004
0 0.0235 -79.32169675827026 211.82819366455078 -51.06362581253052 258.1855773925781
0 0.0234 345.4888153076172 75.23805618286133 404.55535888671875 94.82168197631836
0 0.0232 28.919863700866696 3.4441065788269043 81.40316486358641 26.64461374282837
0 0.0228 -79.99999999999999 48.182716369628906 -45.367598533630364 81.88873291015625
0 0.0224 69.4618034362793 613.0478668212891 120.9212303161621 637.0372009277344
0 0.0215 150.69217681884766 311.9270420074463 178.91967773437497 358.1063747406006
0 0.0214 15.177392959594725 29.10114288330078 54.98860359191894 61.04977607727051
0 0.0210 -50.398690700531 602.9519271850586 0.7954001426696777 627.1335220336914
0 0.0201 -24.669935703277588 278.7660598754883 14.84997034072876 311.35536193847656
0 0.0201 275.29190063476557 228.86377334594727 314.8832702636719 261.2661552429199
0 0.0196 337.83496856689453 164.10100936889648 392.3888778686523 185.9831428527832
0 0.0181 129.42611694335935 613.0779647827148 180.95222473144528 637.0078659057617
0 0.0181 314.92725372314453 55.469932556152344 375.0784683227539 74.58248138427734
0 0.0174 366.7551040649414 104.65612411499023 423.3831405639648 125.41732788085938
0 0.0173 15.315618515014647 318.8016986846924 54.86271858215332 351.3228130340576
0 0.0170 -40.45499563217163 12.991595268249512 10.846002101898193 37.09381103515625
0 0.0160 189.34691429138184 613.1353378295898 241.02295875549316 636.950798034668
0 0.0159 215.4490566253662 298.5037899017334 254.7414493560791 331.594934463501
0 0.0156 8.57900619506836 583.6626815795898 61.7112922668457 606.4253616333008
0 0.0153 328.5893249511718 193.65474700927734 381.70227050781244 216.43310546875
0 0.0153 -80.0 573.0161666870117 -29.135460853576657 597.070426940918
0 0.0150 -80.0 12.357959747314453 -39.79551792144775 37.71501064300537
0 0.0145 275.3768157958984 268.6734390258789 314.8063659667969 301.43985748291016
0 0.0144 105.25754928588867 338.9207077026367 144.91636276245117 371.2142562866211
0 0.0144 180.73904037475586 312.3428726196289 208.86377334594724 357.7872848510742
0 0.0136 319.1282653808594 223.30001831054688 371.2164306640625 246.78813934326172
0 0.0128 -80.0 258.21746826171875 -45.35593509674073 291.85691833496094
0 0.0121 325.5132293701172 5.213809013366699 384.53605651855463 24.8439621925354
0 0.0116 345.03429412841797 35.42180061340332 404.97989654541016 54.6312141418457
0 0.0112 359.25411224365234 622.7217864990234 411.2051773071289 638.75
0 0.0111 249.4112396240234 613.0859375 300.96611022949213 636.99951171875
0 0.0109 315.16250610351557 249.13030624389648 355.00244140625 281.02319717407227
0 0.0109 -80.0 622.7058410644531 -48.405365943908684 638.75
0 0.0103 495.47071456909174 604.7563171386719 558.7500190734862 638.75
0 0.0102 415.2789688110351 608.8578987121582 454.8984909057617 638.7499809265137
0 0.0101 68.86226654052734 583.4792327880859 121.4556884765625 606.6090393066406
