0 0.2063 190.72525024414062 50.098018646240234 411.5412902832031 149.2983055114746
0 0.1701 230.72525024414062 170.09801864624023 451.5412902832031 269.2983055114746
0 0.1607 230.72525024414062 330.09803771972656 451.5412902832031 429.2982482910156
0 0.1279 501.85096740722656 71.19730234146118 588.8363647460938 118.4542441368103
0 0.1230 453.0625534057617 204.91418838500977 568.1914901733398 254.56403732299805
0 0.1096 525.8892440795898 117.06356048583984 564.3796157836914 152.91725158691406
0 0.0986 500.8876037597656 152.7427339553833 589.637451171875 197.01941967010498
0 0.0978 360.2709197998047 3.7079524993896484 450.21942138671875 46.12978935241699
0 0.0896 230.72525024414062 450.09803771972656 451.5412902832031 549.2982482910156
0 0.0753 271.31468772888184 2.0583629608154297 359.25904273986816 47.65301704406738
0 0.0746 433.0625534057617 264.91418838500977 548.1914901733398 314.56403732299805
0 0.0603 520.669059753418 41.921491622924805 569.8835372924805 68.13426971435547
0 0.0558 450.8925247192383 171.62494659423828 499.70569610595703 198.41632843017578
0 0.0532 453.0625534057617 364.91416931152344 568.1914901733398 414.5640563964844
0 0.0529 485.9193420410156 116.70575141906738 524.3778228759766 153.24767112731934
0 0.0461 408.11859130859375 57.0982551574707 492.6026153564453 123.126220703125
0 0.0425 192.15347290039062 569.7893524169922 410.1151657104492 638.75
0 0.0415 565.4777145385742 118.43748092651367 604.7155380249023 151.65552139282227
0 0.0411 430.20729064941406 132.42944717407227 480.2677917480469 157.64551162719727
0 0.0386 450.36048889160156 332.2901153564453 500.1350402832031 357.7819061279297
0 0.0382 205.63316345214844 148.03290843963623 244.57897186279297 182.02595233917236
0 0.0377 173.0625343322754 284.9141788482666 288.1915092468262 334.5640468597412
0 0.0372 453.0625534057617 424.91416931152344 568.1914901733398 474.5640563964844
0 0.0354 413.0625534057617 544.9141693115234 528.1914901733398 594.5640563964844
0 0.0330 200.65383911132812 181.62700653076172 228.96564483642578 228.34285736083984
0 0.0321 400.6748962402344 261.7924118041992 428.9404296875 308.2124710083008
0 0.0306 380.2003860473633 142.44697093963623 430.27149200439453 167.62962818145752
0 0.0301 414.65137481689453 604.8036193847656 526.5605545043945 638.75
0 0.0295 360.6465148925781 261.57840728759766 388.9744567871094 308.38245391845703
0 0.0271 549.9123001098633 252.70057678222656 600.5218124389648 277.38121032714844
0 0.0270 449.4422149658203 483.06873321533203 500.9373474121094 507.01732635498047
0 0.0268 500.0578308105469 322.5791549682617 550.3941345214844 347.5008010864258
0 0.0266 574.3924140930176 284.8368167877197 638.7499809265137 334.7469997406006
0 0.0260 330.61885833740234 261.3951110839844 359.0078353881836 308.53221893310547
0 0.0251 575.2902603149414 198.86493682861328 614.8850631713867 231.26506805419922
0 0.0248 195.75328826904297 337.67494201660156 234.47696685791016 372.35443115234375
0 0.0245 534.6513557434082 604.8036193847656 638.7499809265137 638.75
0 0.0240 210.63993453979492 421.53682708740234 238.9824104309082 468.41678619384766
0 0.0237 449.06543731689453 513.3398818969727 501.2735366821289 536.747932434082
0 0.0232 588.6508369445801 473.6109161376953 638.7499809265137 496.4763641357422
0 0.0228 220.26281356811523 22.371630668640137 270.22111892700195 47.7012825012207
0 0.0228 509.7249221801758 12.85773754119873 560.6856155395508 37.226905822753906
0 0.0227 190.62482833862305 231.42539978027344 219.00056838989258 278.5059356689453
0 0.0226 0.0 370.09803771972656 211.54129028320312 469.2982482910156
0 0.0226 574.3924140930176 544.8368072509766 638.7499809265137 594.7470092773438
0 0.0221 450.0768280029297 12.551286220550537 500.37986755371094 37.5268292427063
0 0.0219 74.6513557434082 604.8036193847656 186.56055450439453 638.75
0 0.0216 195.51776885986328 468.33900451660156 234.6799087524414 501.74560546875
0 0.0214 170.66747665405273 131.72256469726562 198.94922256469727 178.26583862304688
0 0.0209 17.864627838134766 474.5871353149414 183.34039688110352 605.8831405639648
0 0.0204 574.3924140930176 344.83680725097656 638.7499809265137 394.74700927734375
0 0.0204 574.3924140930176 404.83680725097656 638.7499809265137 454.74700927734375
0 0.0188 588.7631988525391 503.5429382324219 638.75 526.5451049804688
0 0.0185 170.64058303833008 181.52854919433594 198.98157119750977 228.42140197753906
0 0.0180 499.17877197265625 473.25931549072266 551.1723327636719 496.82796478271484
0 0.0161 589.5770263671875 162.9725456237793 638.75 187.11336135864258
0 0.0160 155.61145782470703 98.10319900512695 194.59674835205078 131.96151733398438
0 0.0156 42.00127601623535 169.20032501220703 156.6434383392334 352.3202896118164
0 0.0151 599.4645690917969 243.05931091308594 638.75 267.02762603759766
0 0.0148 155.69808959960938 337.85144805908203 194.5227813720703 372.19242095947266
0 0.0144 534.9007034301758 569.6235275268555 575.2467727661133 600.5747604370117
0 0.0139 508.8058853149414 513.5123825073242 561.5073776245117 536.5752792358398
0 0.0135 160.62578201293945 231.43096923828125 188.9994239807129 278.5012435913086
0 0.0131 195.48810958862305 508.4159851074219 234.7059440612793 541.6751861572266
0 0.0128 210.51774978637695 542.1185302734375 260.0039482116699 567.9470825195312
0 0.0128 300.68546295166016 291.8666362762451 328.9276885986328 338.15281867980957
0 0.0127 169.17020797729492 33.26807975769043 221.17944717407227 56.8195915222168
0 0.0127 19.494342803955078 613.0238342285156 70.89223861694336 637.0610809326172
0 0.0108 0.0 0.0 161.92270278930664 83.84003639221191
0 0.0108 140.6635284423828 131.69670581817627 168.9539909362793 178.28696727752686
0 0.0103 574.3924140930176 24.836816787719727 638.7499809265137 74.74702835083008
