0 0.4482 193.4151840209961 86.81190490722655 242.43389129638672 107.18582153320312
0 0.4357 419.5865249633789 293.0929946899414 485.5099868774414 312.63195037841797
0 0.4285 191.86767578125 283.2608795166015 239.54608917236328 303.57826232910156
0 0.4072 420.14225006103516 318.0611038208008 475.1200485229492 336.99581146240234
0 0.3751 253.23801040649414 171.97999000549314 300.5767250061035 207.27454185485837
0 0.3186 360.8377456665039 166.35069847106934 405.12928009033203 187.07955360412595
0 0.3050 191.27323150634766 198.33053588867185 238.8579559326172 217.07458496093747
0 0.2949 195.43787002563477 161.46984100341794 232.03672409057617 193.66947174072263
0 0.2868 359.12120819091797 144.07745361328125 406.42093658447266 161.91192626953125
0 0.2194 268.84403228759766 249.30866241455075 341.7440414428711 266.7159652709961
0 0.1336 189.5663070678711 144.02551651000977 239.42806243896484 162.9811668395996
0 0.1308 190.47773361206055 128.14966201782224 240.90826034545898 145.6880760192871
0 0.1296 480.2577209472656 315.3591537475586 512.9602813720703 351.6817855834961
0 0.1079 360.1567077636719 241.91307067871088 389.4335174560547 275.1909637451172
0 0.1060 314.2439651489258 135.68193435668945 342.1785354614258 170.46194076538086
