0 0.2515 335.70430755615234 145.1424789428711 394.3557357788086 164.91947174072266
0 0.2190 326.1024856567383 164.97045516967773 383.98502349853516 185.09702682495114
0 0.1852 346.3779067993164 124.83266830444336 403.7326431274414 145.23618698120114
0 0.1654 275.84789276123047 145.08447647094727 334.22115325927734 164.97999191284177
0 0.1377 396.71348571777344 144.67809677124023 453.4211730957031 165.3951835632324
0 0.1241 285.9190273284912 125.04453659057616 344.1572666168213 145.01943588256836
0 0.1148 266.90418243408203 164.59400177001953 323.2429504394531 185.4827117919922
0 0.0994 336.6880416870117 184.69804763793942 393.4428024291992 205.3761863708496
0 0.0735 316.96534156799316 104.55228805541992 373.18922996520996 125.52328109741212
0 0.0640 387.5679016113281 104.24068450927733 442.6350402832031 125.84045410156249
0 0.0499 396.92211151123047 174.57782745361328 453.22811126708984 195.497932434082
0 0.0451 257.6240348815918 104.21186447143555 312.5832176208496 125.86992263793944
0 0.0412 278.04219245910645 193.98374557495117 332.19958305358887 216.10174179077148
0 0.0289 367.0378112792969 204.52222824096677 423.12095642089844 225.5550193786621
0 0.0288 287.11151123046875 254.4829177856445 343.05355072021484 275.5947494506836
0 0.0277 438.23665618896484 123.85856628417967 492.0249557495117 146.22631072998047
0 0.0258 234.2913818359375 130.63058853149414 275.82366943359375 159.66352462768552
0 0.0256 339.1905975341797 273.2558059692383 391.1607360839844 296.8320846557617
0 0.0254 0.0 219.8858642578125 638.75 558.75
0 0.0249 327.70679473876953 224.16882514953613 382.5069046020508 245.91387748718262
0 0.0244 38.35447311401367 33.79408836364746 91.91646575927734 56.29220008850098
0 0.0229 0.0 -79.99999999999999 510.9122848510742 201.51496887207028
0 0.0214 356.4955139160156 74.78773593902588 413.6212921142578 95.28405666351318
0 0.0213 27.890281677246094 4.067420959472655 82.33890533447266 26.0167121887207
0 0.0212 277.36141204833984 74.35890674591064 332.82257080078125 95.72177410125731
0 0.0201 278.53156089782715 283.68591308593744 331.7556858062744 306.4010620117187
0 0.0201 458.2077407836914 153.88015747070312 512.0502853393555 176.20521545410156
0 0.0177 28.42935562133789 63.75128269195557 81.84785842895508 86.33569240570068
0 0.0174 266.84889793395996 224.60434913635254 323.2979679107666 245.46912193298337
0 0.0172 378.6307907104492 243.627815246582 431.66492462158203 266.45999908447266
0 0.0166 335.25318145751953 298.94161224365234 374.9191665649414 331.19518280029297
0 0.0166 289.3791675567627 343.1161880493164 340.9932231903076 366.9704055786132
0 0.0165 224.35075759887695 160.5403137207031 265.76696395874023 189.74494934082028
0 0.0151 339.89139556884766 332.71636962890625 390.5405044555664 357.365493774414
0 0.0149 226.66357040405273 264.7063064575195 283.46628189086914 285.3670883178711
0 0.0148 395.07633209228516 269.29756164550776 435.0825881958008 300.8709716796875
0 0.0143 279.04945373535156 313.3466720581054 331.2887954711914 336.7405319213867
0 0.0141 214.87810134887695 99.66234207153319 255.26819229125977 130.53953170776367
0 0.0137 17.854924201965332 -25.91008186340332 72.37062931060791 -4.005632400512695
0 0.0136 0.0 29.19135093688965 35.031352043151855 60.96762657165527
0 0.0135 528.6705780029297 153.60092163085938 581.6292572021484 176.48677825927732
0 0.0135 589.6257781982422 162.9323959350586 638.75 187.15274810791013
0 0.0132 417.3749542236328 74.34928417205809 472.8107452392578 95.73112964630127
0 0.0131 512.6921272277832 -80.0 638.7499809265137 -10.150761604309086
0 0.0129 234.89643096923828 69.63483810424805 275.2503967285156 100.56447982788085
0 0.0128 380.00518798828125 302.62168884277344 430.440673828125 327.4587249755859
0 0.0126 98.99435997009277 33.39202880859375 151.33660316467285 56.696357727050774
0 0.0123 18.502178192138672 93.70733261108398 71.7816162109375 116.38002395629883
0 0.0121 437.64217376708984 194.20183181762692 492.56664276123047 215.88006973266602
0 0.0119 609.1082572937012 132.8821754455566 638.7500190734863 157.14651107788083
0 0.0116 234.33500289916992 190.55898666381836 275.7826042175293 219.72810745239255
0 0.0110 89.03120040893555 63.36185455322265 141.30460739135742 86.72576904296874
0 0.0108 228.72446060180664 333.5691833496093 281.5799903869629 356.5190124511719
0 0.0106 148.87392044067383 53.46954345703125 201.44563674926758 76.6184616088867
0 0.0101 88.78908157348633 3.5270881652832022 141.52170181274414 26.561126708984375
