0 0.2754 549.6533203125 62.41452884674074 600.7487487792969 86.67084407806398
0 0.2636 559.8767471313477 92.23559570312501 610.551872253418 116.847412109375
0 0.2487 569.7291564941406 122.35463333129883 620.6818389892578 146.7300148010254
0 0.2375 538.9933013916016 32.89048385620119 591.3380432128906 56.197578430175795
0 0.2117 500.03639221191406 72.09385585784915 550.4136657714844 96.98590946197511
0 0.2082 569.687614440918 152.38623809814456 620.7188034057617 176.69863891601562
0 0.1963 520.4023742675781 121.74620819091797 570.0997924804688 147.32432556152347
0 0.1792 608.6021423339844 72.7224464416504 638.75 96.30547714233398
0 0.1558 598.4025382995605 43.26955986022951 638.7500190734863 65.81758689880373
0 0.1534 520.1369476318359 152.0008392333984 570.3271484375 177.0765609741211
0 0.1507 479.3452835083008 42.64871788024904 531.021842956543 66.43907737731935
0 0.1130 620.7337188720703 102.40098190307619 638.75 146.93852615356445
0 0.1115 588.0841064453125 13.457586288452175 638.75 35.6278820037842
0 0.1072 527.8081512451172 3.614580154418973 582.4137115478516 25.469171524047876
0 0.1047 569.3081665039062 182.66864013671872 621.0564422607422 206.41837310791016
0 0.0870 475.8515930175781 96.81451034545898 514.3991851806641 132.18590927124023
0 0.0754 620.7228088378906 152.26203155517578 638.75 197.03875732421875
0 0.0744 468.66893768310547 13.107273101806665 521.6296005249023 35.981170654296896
0 0.0725 450.3658676147461 71.77628707885744 500.1321029663086 97.29447555541992
0 0.0642 475.5659866333008 137.69644927978516 514.6392440795898 171.37618255615234
0 0.0566 525.1271057128906 178.69477462768555 565.0358581542969 210.46452713012692
0 0.0528 569.120979309082 212.8041191101074 621.2231826782227 236.28392410278317
0 0.0452 569.4745635986328 252.55206298828128 620.9070587158203 276.5348358154297
0 0.0427 598.0065727233887 -16.501622676849337 638.7500190734863 5.586041927337673
0 0.0423 435.14488220214844 38.66483879089357 475.0188446044922 70.4917736053467
0 0.0396 195.75119018554688 7.17923355102542 234.47895050048828 41.850521087646506
0 0.0364 155.7318115234375 7.2505493164062775 194.49417114257812 41.785003662109396
0 0.0362 559.6261215209961 282.4316711425781 610.7736587524414 306.6533966064453
0 0.0341 435.67310333251953 97.42089462280275 474.5444869995117 131.6286964416504
0 0.0339 235.88748931884766 6.635391235351589 274.375 42.35093307495119
0 0.0274 620.728588104248 202.33325195312497 638.7500190734863 246.98722076416013
0 0.0273 485.3972625732422 178.1292266845703 524.78759765625 210.98025512695312
0 0.0268 115.68083763122559 17.401458740234403 154.53755378723145 51.646511077880874
0 0.0262 190.7600975036621 41.32876586914065 239.80592727661133 67.72452545166017
0 0.0261 519.4816207885742 242.54576873779297 570.900993347168 266.54097747802734
0 0.0255 509.80701446533203 272.29151916503906 560.6133651733398 296.7921752929687
0 0.0254 0.0 219.3858642578125 638.75 558.2499999999999
0 0.0251 477.61474609375 -16.276119232177702 532.5901031494141 5.3588886260986595
0 0.0244 614.8620414733887 278.7647933959961 638.7500190734863 310.4024429321289
0 0.0234 75.60139656066895 17.622110366821314 114.60633277893066 51.44420814514162
0 0.0229 0.0 -80.49999999999994 510.9122848510742 201.0149688720703
0 0.0221 509.78397369384766 212.3091049194336 560.6338882446289 236.7747039794922
0 0.0221 409.5672607421875 12.482521057128931 460.8246612548828 36.60378646850588
0 0.0213 170.76427459716797 -18.67137002944943 219.8015594482422 7.725061893463161
0 0.0208 280.56711196899414 10.584480285644558 309.0703773498535 58.29226684570314
0 0.0207 599.1317749023438 312.79891204833984 638.75 336.289436340332
0 0.0200 400.18909454345703 71.95859146118165 450.2810287475586 97.11838912963869
0 0.0199 539.1196060180664 312.79673767089844 591.2262344360352 336.29016113281244
0 0.0198 537.36083984375 -26.14767837524411 592.82470703125 -4.77268981933591
0 0.0192 35.403767824172974 18.11053466796877 74.7821319103241 50.99734497070314
0 0.0191 160.65031051635742 41.09624099731447 188.9698600769043 87.86669921875001
0 0.0171 115.61885833740234 57.569834709167495 154.5915985107422 91.49215412139894
0 0.0170 395.3465270996094 38.24390602111819 434.8335266113281 70.87553215026857
0 0.0164 75.67156076431274 -22.572906494140593 114.54560995101929 11.622993469238308
0 0.0162 115.72373390197754 -22.7241115570068 154.50091361999512 11.76173400878909
0 0.0157 195.60691833496094 117.61191558837892 234.60105895996094 151.45354461669922
0 0.0153 220.63858032226562 -38.979216098785365 248.9840316772461 7.928709506988554
0 0.0151 240.66650390625 51.222583770751974 268.95042419433594 97.76690673828125
0 0.0150 475.4507827758789 237.99899291992188 514.7399520874023 271.0992736816406
0 0.0148 608.9906311035156 342.465087890625 638.75 366.56375122070307
0 0.0148 195.6714630126953 67.43334484100342 234.54513549804688 101.61723804473878
0 0.0147 35.270023345947266 -21.60084533691403 74.9044418334961 10.733911514282253
0 0.0145 395.5665969848633 97.71962356567384 434.63626861572266 131.35487747192383
0 0.0144 608.4121894836426 -47.161353111267054 638.7499809265137 -23.812077522277797
0 0.0141 155.61461925506592 117.59093475341798 194.59434986114502 151.472770690918
0 0.0141 75.49712181091309 57.89012145996095 114.69826698303223 91.19883728027345
0 0.0140 195.45503616333008 157.98531723022464 234.7365379333496 191.1118049621582
0 0.0139 435.46592712402344 137.95638275146484 474.7270202636719 171.1382598876953
0 0.0134 418.8384246826172 -17.00129318237302 471.4763641357422 6.090099334716824
0 0.0128 0.0 18.110334396362326 34.78860378265381 50.99756431579591
0 0.0128 489.78660583496094 302.2996826171875 540.6330871582031 326.78309631347656
0 0.0125 235.65820693969727 117.4719924926758 274.55644607543945 151.58179473876953
0 0.0123 155.50729274749756 157.86627960205078 194.68908786773682 191.2206573486328
0 0.0123 115.50233840942383 97.87263107299806 154.6940803527832 131.21483993530273
0 0.0119 0.0 -21.748216629028285 34.84357833862305 10.868379592895534
0 0.0116 260.6090545654297 -39.17315292358394 289.0196228027344 8.08755111694339
0 0.0114 460.0960922241211 272.03856658935547 510.3622817993164 297.03978729248047
0 0.0111 608.6737823486328 -77.32426452636714 638.75 -53.647635459899874
0 0.0111 608.9935302734375 542.1365470886229 638.75 558.2500190734863
0 0.0110 0.0 -77.51588153839107 50.823612213134766 -53.39752006530758
0 0.0110 528.5932922363281 343.1475753784179 581.6996765136719 365.93962860107416
0 0.0109 235.54018020629883 157.77999114990234 274.66028213500977 191.29962158203125
0 0.0108 115.42255401611328 138.0622215270996 154.76566314697266 171.04150009155276
0 0.0101 35.39753437042236 58.12258434295656 74.78798389434814 90.98636341094972
