0 0.0273 7.744922637939453 217.6524887084961 62.470927238464355 239.43120574951172
0 0.0254 0.0 193.38586425781247 638.75 532.25
0 0.0229 0.0 -106.49999999999999 510.9122848510742 175.01496887207034
0 0.0227 7.593603134155273 187.7349624633789 62.60958671569824 209.34758758544922
0 0.0182 7.614583969116211 157.72296524047854 62.59050369262695 179.35966110229492
0 0.0175 0.0 247.30661010742185 51.921701431274414 269.78082275390625
0 0.0168 67.3232364654541 207.87526702880862 122.85849571228027 229.2045364379883
0 0.0161 277.25340843200684 217.91333770751953 332.92229652404785 239.16608428955078
0 0.0154 486.8996810913086 208.08892822265625 543.2487869262695 228.98660278320315
0 0.0149 0.0 127.3074493408203 51.92394733428955 149.77986907958984
0 0.0149 607.8346252441406 227.17607116699216 638.75 249.8458251953125
0 0.0146 367.0176315307617 208.03086853027344 423.1399154663086 229.04595947265625
0 0.0142 237.43337631225586 197.81660652160645 292.757511138916 219.26403617858887
0 0.0142 67.08145141601562 177.9981575012207 123.08126449584961 199.07920455932617
0 0.0141 506.87198638916016 158.10432052612305 563.2739639282227 178.97121047973633
0 0.0129 67.04174280166626 148.01898574829104 123.11763525009155 169.05810928344727
0 0.0127 476.81968688964844 138.1303367614746 533.3221435546875 158.94469833374023
0 0.0126 277.4366760253906 177.8124771118164 332.75501251220703 199.267822265625
0 0.0124 607.7554512023926 197.21830940246582 638.7499809265137 219.80251884460446
0 0.0123 467.27649688720703 177.90099716186523 522.9011154174805 199.17861557006833
0 0.0121 57.74566888809204 237.64791107177734 112.47119665145874 259.43517303466797
0 0.0121 427.38353729248047 207.84218406677246 482.80345916748047 229.23792457580566
0 0.0116 546.7512130737305 218.16327667236322 603.3855056762695 238.91095733642578
0 0.0114 526.8017196655273 188.13848114013672 583.3388900756836 208.93624877929688
0 0.0114 127.35788345336914 207.85680389404294 182.8267478942871 229.22322845458982
0 0.0114 608.9669609069824 516.157299041748 638.7500190734863 532.2500190734862
0 0.0113 397.3219680786133 177.87461853027344 452.85999298095703 199.2049560546875
0 0.0110 607.8800201416016 167.14944458007812 638.75 189.8726806640625
0 0.0110 536.8331527709961 138.12059020996094 593.310432434082 158.9541015625
0 0.0109 267.59900093078613 147.72773361206055 322.605619430542 169.3542060852051
0 0.0109 127.33498096466064 157.86805725097656 182.84793376922607 179.211669921875
0 0.0109 512.6921272277832 -106.49999999999997 638.7499809265137 -36.65076160430907
0 0.0108 217.7335548400879 167.65534973144528 272.48212814331055 189.42777252197266
0 0.0107 608.1254577636719 257.0115814208984 638.75 280.0131378173828
0 0.0106 387.5660705566406 137.74787521362305 442.63526916503906 159.33417892456055
0 0.0105 337.6544189453125 177.69580459594724 392.55523681640625 199.38628768920898
0 0.0105 506.68338775634766 118.1950340270996 563.448371887207 138.87832260131836
0 0.0103 187.92306900024414 217.54979705810547 242.3087501525879 239.53466033935544
0 0.0102 427.1396255493164 117.97063446044922 483.02722930908203 139.10760498046875
0 0.0102 0.0 277.1913681030273 51.7481803894043 299.89698028564453
