0 0.0378 485.7145690917969 115.13576507568358 544.3467712402344 134.92591857910153
0 0.0350 496.01024627685547 135.00568389892575 554.072151184082 155.05966186523438
0 0.0315 496.12754821777344 94.95094299316405 553.9637756347656 115.11550903320312
0 0.0269 425.54290771484375 115.21476745605469 484.5050811767578 134.84561920166016
0 0.0254 0.0 219.8858642578125 638.75 558.75
0 0.0252 608.5894775390625 53.22957038879394 638.75 76.79816246032713
0 0.0247 435.4524612426758 95.25068283081055 494.58988189697266 114.80813980102539
0 0.0244 608.5523223876953 23.254184722900394 638.75 46.773529052734375
0 0.0229 0.0 -79.99999999999999 510.9122848510742 201.51496887207028
0 0.0226 608.5753631591797 83.23904037475585 638.75 106.78869247436522
0 0.0224 506.63963317871094 74.71194744110107 563.4897613525391 95.36030292510986
0 0.0220 435.8115768432617 135.09952545166016 494.2551040649414 154.96437072753906
0 0.0219 548.1514739990234 113.90901565551756 602.1024322509766 136.17544174194333
0 0.0218 608.6606597900391 133.1844139099121 638.75 156.8436622619629
0 0.0212 608.4074211120605 -6.656954288482665 638.7500190734863 16.683695316314697
0 0.0211 496.34265899658203 154.85654830932614 553.7634658813477 175.21306991577146
0 0.0202 178.95235061645508 153.41686248779294 231.37510299682617 176.6710662841797
0 0.0189 445.78697204589844 75.10398864746094 504.27955627441406 94.95857238769531
0 0.0187 608.6857795715332 163.1682586669922 638.7499809265137 186.85993194580078
0 0.0179 169.07093048095703 183.33881378173825 221.2680435180664 206.7493438720703
0 0.0164 27.54984140396118 -75.7479166984558 82.65119314193726 -54.170851707458496
0 0.0164 598.5561943054199 -66.3295030593872 638.7500190734863 -43.58345508575439
0 0.0162 598.3717346191406 -36.21693611145019 638.75 -13.696794509887694
0 0.0159 376.60961151123047 144.73285675048828 433.5159683227539 165.34008026123044
0 0.0159 496.7080307006836 4.68210220336914 553.4258651733398 25.39134979248047
0 0.0154 486.5902328491211 54.739303588867195 543.5345840454102 75.3329849243164
0 0.0151 526.9746017456055 24.547729492187496 583.1806564331055 45.5279541015625
0 0.0150 386.4679718017578 64.79650497436523 443.64776611328125 85.27431488037108
0 0.0150 119.02781009674072 143.3660125732422 171.30723476409912 166.72187805175778
0 0.0149 19.554200172424316 42.987222671508796 70.83731174468994 67.09847450256348
0 0.0149 376.13922119140625 94.95119094848633 433.9515686035156 115.11629104614256
0 0.0146 28.04960012435913 -46.02078914642333 82.192862033844 -23.893704414367676
0 0.0145 564.6795272827148 140.0046157836914 605.4555130004883 170.22922515869138
0 0.0143 608.6766052246094 193.17445755004883 638.75 216.85373306274414
0 0.0139 406.6029357910156 44.73344802856445 463.5227966308594 65.33899307250975
0 0.0136 318.57250213623047 23.664283752441403 371.7177200317383 46.42337799072265
0 0.0135 168.9682388305664 123.40641021728514 221.36077880859375 146.68155670166016
0 0.0134 466.533203125 24.76591110229492 523.5874176025391 45.305671691894524
0 0.0133 547.9632568359375 54.020938873291016 602.2734069824219 76.06290817260742
0 0.0133 564.5481109619141 80.2227210998535 605.5799102783203 110.03183364868163
0 0.0132 238.61242294311523 163.64091873168942 291.6812324523926 186.44708633422852
0 0.0132 366.3720703125 114.84544754028317 423.73558044433594 135.22493362426755
0 0.0129 247.91765213012695 204.05254364013672 302.3137855529785 226.0318374633789
0 0.0127 436.9680404663086 4.554576873779297 493.18592071533203 25.521583557128906
0 0.0126 19.195499420166016 -16.74551963806152 71.15593910217285 6.8337059020996085
0 0.0122 109.15008068084717 173.28388214111328 161.19713306427002 196.80408477783203
0 0.0122 179.21503067016602 213.23709487915036 231.13924026489258 236.85052871704102
0 0.0121 0.0 12.687559127807619 50.50327777862549 37.39447593688964
0 0.0119 268.9791774749756 43.39946746826172 321.3508701324463 66.68853759765624
0 0.0119 377.82588958740234 14.104557037353516 432.39757537841797 35.97929000854492
0 0.0114 608.8192749023438 223.0817413330078 638.75 246.94698333740232
0 0.0113 335.66162109375 245.16307830810544 394.39483642578125 264.89864349365234
0 0.0111 228.62592697143555 133.63265991210935 281.66894912719727 156.4554214477539
0 0.0110 436.3027572631836 154.87783432006833 493.7997055053711 175.19178390502927
0 0.0108 335.6400680541992 225.17112731933594 394.41524505615234 244.89013671874997
0 0.0108 396.0453796386719 244.99446868896482 454.03839111328125 265.07205963134766
0 0.0108 247.67436981201172 234.1892910003662 302.53597259521484 255.89364051818848
0 0.0107 69.07220840454102 123.3292770385742 121.26874923706055 146.75765991210938
0 0.0107 328.00525665283203 54.001684188842766 382.23400115966797 76.08311653137207
0 0.0106 75.4300856590271 58.551177978515625 114.7582459449768 91.55157089233397
0 0.0106 537.2502517700195 -15.590219497680662 592.9263687133789 5.6688499450683585
0 0.0106 476.8970489501953 -25.40966033935547 533.2511901855469 -4.514808654785156
0 0.0105 297.4069309234619 164.3317985534668 352.78151512145996 185.74880599975586
0 0.0105 119.39903259277344 203.10539245605466 170.97478866577148 226.98158264160156
0 0.0102 0.0 68.98918628692626 34.94375228881836 101.15180492401122
0 0.0101 259.0598487854004 13.347082138061523 311.2778663635254 36.74117088317871
0 0.0101 395.1788330078125 225.3676986694336 454.8439025878906 244.68803405761716
0 0.0101 35.12097239494324 69.20333862304688 75.04186749458313 100.95676422119139
0 0.0100 397.7655792236328 -15.86287498474121 452.4529266357422 5.946159362792969
