0 0.0868 585.7590484619141 38.61567592620851 638.75 58.44646549224854
0 0.0856 193.25916290283203 -0.40618324279783874 256.63936614990234 17.435651779174815
0 0.0844 183.52420806884766 19.499660491943366 246.39095306396484 37.53337478637696
0 0.0824 242.60814666748047 -20.185197830200178 307.2507858276367 -2.794546127319322
0 0.0775 183.6555290222168 39.45252513885499 246.2679100036621 57.58234119415284
0 0.0753 233.50067138671875 99.50736618041992 296.4132308959961 117.52521133422852
0 0.0698 223.06638717651367 79.6581039428711 286.82092666625977 97.36821746826172
0 0.0691 263.0120849609375 -0.31941795349119667 326.87084197998047 17.345682144165053
0 0.0677 244.20785903930664 119.24806213378906 305.7510185241699 137.79428100585938
0 0.0671 193.44125747680664 59.528938293457045 256.4687919616699 77.50291442871094
0 0.0658 585.7592582702637 18.61208534240724 638.7500190734863 38.44948387145997
0 0.0651 173.3623504638672 -20.4430522918701 236.54273986816406 -2.5261631011962757
0 0.0622 252.50194549560547 -40.15222930908201 317.35118865966797 -22.82938385009764
0 0.0615 586.266040802002 58.3898506164551 638.7499809265137 78.67858505249025
0 0.0612 124.24931049346924 9.236103057861342 185.71128368377686 27.807441711425792
0 0.0608 305.4340648651123 108.75676727294923 364.6073627471924 128.30152130126953
0 0.0578 124.55081939697266 29.12206268310548 185.42903900146484 47.925849914550795
0 0.0549 313.6712646484375 -20.556749343872056 376.2541198730469 -2.408803939819322
0 0.0532 295.02564430236816 88.92518615722658 354.9880123138428 108.12768554687501
0 0.0523 214.58560943603516 139.10722351074222 275.3968811035156 157.94095611572266
0 0.0511 253.96543502807617 19.343582153320323 315.9765434265137 37.696281433105476
0 0.0505 184.58415985107422 119.10863494873047 245.3980255126953 137.93965911865234
0 0.0501 114.8607063293457 -11.002820968627915 175.14043807983398 8.05443382263185
0 0.0469 305.94493865966797 128.53610610961914 364.1324234008789 148.52866744995117
0 0.0459 284.6561050415039 69.07485580444336 345.3322982788086 87.97343826293945
0 0.0445 525.6157684326172 38.68182754516603 584.4377136230469 58.37918853759767
0 0.0440 596.794261932373 -1.8725433349609226 638.7500190734863 18.944927215576186
0 0.0440 125.28850555419922 48.82642841339112 184.7407341003418 68.23144054412842
0 0.0428 183.44707489013672 -40.47317886352537 246.4633560180664 -22.494901657104474
0 0.0420 185.53743362426758 158.71766662597656 244.5100212097168 178.34272003173828
0 0.0409 254.27265167236328 49.22195053100587 315.6908416748047 67.82100296020509
0 0.0377 334.6881866455078 -0.939535140991197 395.3028106689453 17.987981796264663
0 0.0376 324.0114212036133 -40.6816735267639 385.93570709228516 -22.27924489974974
0 0.0367 165.1126480102539 98.8978729248047 224.9048614501953 118.1575164794922
0 0.0364 115.31566143035889 -31.189919948577863 174.71672534942627 -11.752707004547105
0 0.0358 155.34507751464844 138.79729843139648 214.68944549560547 158.26037979125977
0 0.0340 324.58946228027344 19.0997657775879 385.3948211669922 37.947441101074226
0 0.0333 525.5911636352539 18.690734863281264 584.4610214233398 38.369689941406264
0 0.0333 525.9123992919922 58.552299499511726 584.1622161865234 78.51235961914062
0 0.0333 155.31797409057617 78.8139877319336 214.71330642700195 98.24422454833986
0 0.0310 314.6499729156494 39.07704925537111 375.3380489349365 57.971149444580085
0 0.0306 185.95237731933594 178.5353240966797 244.12487030029297 198.52994537353516
0 0.0299 367.31689453125 107.87875747680664 422.8643035888672 129.20100784301758
0 0.0291 245.6064224243164 158.68827438354495 304.44583892822266 178.37302780151367
0 0.0284 608.022289276123 -32.93170595169066 638.7500190734863 -10.0448908805847
0 0.0271 252.91326522827148 -60.29121303558348 316.9651222229004 -42.68489742279051
0 0.0268 356.3913345336914 78.33551025390625 413.7179946899414 98.73494720458984
0 0.0258 576.6492462158203 78.21240997314455 633.4796905517578 98.86071777343751
0 0.0254 345.9130859375 58.55247116088868 404.1614532470703 78.512264251709
0 0.0254 0.0 193.38586425781247 638.75 532.25
0 0.0248 306.47945404052734 148.28925704956055 363.63765716552734 168.78139114379883
0 0.0229 0.0 -106.49999999999999 510.9122848510742 175.01496887207034
0 0.0219 515.7883834838867 -1.396640777587875 574.2782211303711 18.45922088623048
0 0.0198 186.4923858642578 198.29012489318848 243.62396240234375 218.78174400329593
0 0.0197 465.9818649291992 38.52349853515626 524.0971755981445 58.542343139648445
0 0.0195 125.50902843475342 -51.27330684661863 184.53720569610596 -31.667155265808088
0 0.0192 466.20677947998047 58.4221420288086 523.8885879516602 78.6464080810547
0 0.0189 375.9299850463867 -21.4580669403076 434.1464614868164 -1.477464675903306
0 0.0184 496.3631820678711 78.35084533691408 553.7434768676758 98.7196502685547
0 0.0182 546.7185592651367 -21.826604843139634 603.4170150756836 -1.1004009246826025
0 0.0173 246.2520408630371 178.3999786376953 303.8469886779785 198.66887664794922
0 0.0173 184.05963897705078 -60.69717311859129 245.88993072509766 -42.26266765594481
0 0.0171 125.69656372070312 158.64955520629883 184.36199188232422 178.41289138793945
0 0.0171 125.52928447723389 118.71722793579103 184.5185899734497 138.34243392944336
0 0.0168 465.8612823486328 18.576608657836932 524.2092132568359 38.48770713806153
0 0.0166 368.71326446533203 137.07242584228516 421.5909957885742 160.01515960693362
0 0.0164 97.0121955871582 68.03832626342775 153.14380645751953 89.03918838500978
0 0.0162 376.13964080810547 38.447795867919936 433.95198822021484 58.61917114257813
0 0.0159 386.3270568847656 18.361927032470717 443.77830505371094 38.707233428955085
0 0.0158 67.6797866821289 17.68843269348146 122.53053665161133 39.39484214782716
0 0.0155 324.2617416381836 -60.77750587463377 385.70201873779297 -42.18031311035154
0 0.0147 396.4082336425781 -1.6744556427001818 453.7028503417969 18.74476051330568
0 0.0141 597.9531860351562 -62.473649024963365 638.75 -40.44261837005614
0 0.0139 486.0041046142578 -21.489919662475568 544.0773773193359 -1.4445247650146342
0 0.0139 417.032470703125 88.0261573791504 473.1256103515625 109.05124282836915
0 0.0122 126.336669921875 178.36248016357422 183.76821517944336 198.70759582519528
0 0.0121 608.4814643859863 -93.20441627502439 638.7499809265137 -69.76865196228026
0 0.0120 227.41239547729492 217.83265686035156 282.77563095092773 239.2485198974609
0 0.0119 456.0433578491211 -1.5059413909911965 514.040641784668 18.57222175598146
0 0.0118 608.9644622802734 516.1591491699219 638.75 532.25
0 0.0116 406.5198516845703 58.27294921875001 463.59954833984375 78.79857635498047
0 0.0114 428.3184051513672 117.3240432739258 481.94740295410156 139.76327514648438
0 0.0110 386.0820007324219 -41.526121139526346 444.00543212890625 -21.407588958740213
0 0.0110 106.51424884796143 98.27638244628908 163.6045789718628 118.79521942138673
0 0.0110 167.89306640625 227.56787872314453 222.3358917236328 249.5165786743164
0 0.0109 307.10071563720703 177.98509216308594 363.0643081665039 199.09192657470703
0 0.0100 253.77840042114258 -80.59666061401364 316.1540412902832 -62.36760044097899
0 0.0100 516.5053176879883 -41.72435188293455 573.6140060424805 -21.204923629760728
