0 0.1394 -9.274749755859375 50.098018646240234 211.54129028320312 149.2983055114746
0 0.0599 85.36844253540039 468.6837387084961 124.81477737426759 501.4304733276367
0 0.0598 89.12172317504883 573.3045959472656 141.2223243713379 596.7835998535156
0 0.0579 89.08075332641602 543.3279800415039 141.26008987426758 566.7596054077148
0 0.0512 79.41139221191405 513.0879974365234 130.9654998779297 536.9977569580078
0 0.0498 153.06254386901855 4.9141693115234375 268.191499710083 54.56404685974121
0 0.0479 130.3521156311035 152.29243755340576 180.14333724975586 177.77904987335205
0 0.0476 -80.0 107.74044036865234 -45.486264228820794 142.29442596435547
0 0.0475 79.82147693634033 442.77793884277344 130.6010389328003 467.3053741455078
0 0.0438 109.88840103149413 602.7223205566406 160.5423927307129 627.3600769042969
0 0.0433 88.2337760925293 343.86924743652344 142.02554702758786 366.2168884277344
0 0.0412 137.92953491210935 224.0404510498047 192.30411529541016 246.04324340820312
0 0.0411 149.01948928833008 573.3733367919922 201.31437301635742 596.7147827148438
0 0.0402 78.96190166473389 413.4151840209961 131.3655138015747 436.6733932495117
0 0.0386 18.50386619567871 353.7070846557617 71.77990913391113 376.3803482055664
0 0.0382 -80.0 147.64089584350586 -45.50763607025146 182.38588333129883
0 0.0368 176.8644332885742 244.60735321044922 233.28109741210938 265.4679870605469
0 0.0367 28.81191253662109 553.5113906860352 81.50127410888672 576.5767288208008
0 0.0356 267.4732208251953 14.294524192810059 322.72117614746094 35.78629970550537
0 0.0355 117.85455703735352 254.0897560119629 172.37104415893555 275.9944725036621
0 0.0354 78.43259811401367 373.75091552734375 131.84457778930664 396.33628845214844
0 0.0353 129.58221435546872 182.9551124572754 180.81470489501953 207.12892532348633
0 0.0352 65.30940532684326 598.8225173950195 104.86763477325438 631.303825378418
0 0.0351 88.43721389770508 313.74449729919434 141.8411827087402 336.342248916626
0 0.0346 186.47330284118652 284.79787826538086 243.64197731018064 305.27360916137695
0 0.0344 206.77669525146484 344.6492385864258 263.36231231689453 365.4249954223633
0 0.0334 196.26163482666016 264.8944854736328 253.83834838867185 285.1742935180664
0 0.0334 209.91859436035156 62.699928283691406 260.5154037475586 87.38239288330078
0 0.0329 159.82355117797852 602.7762222290039 210.59923171997067 627.307014465332
0 0.0327 88.466796875 283.73069763183594 141.8133544921875 306.3567352294922
0 0.0321 197.06214904785156 314.51114654541016 253.09825897216794 335.56652069091797
0 0.0315 8.601655960083004 323.6447525024414 61.69159889221191 346.44283294677734
0 0.0315 18.85991096496582 383.4811019897461 71.45773887634277 406.6072463989258
0 0.0313 267.0842742919922 344.4947814941406 323.0790710449219 365.582275390625
0 0.0311 275.7822799682617 225.1068878173828 334.2837142944336 244.95574951171875
0 0.0309 100.65971374511719 141.66950225830078 128.95858764648438 188.30883026123047
0 0.0308 -79.32092666625975 61.837921142578125 -51.06452465057373 108.1784439086914
0 0.0303 346.74617767333984 4.660444259643555 403.3913803100586 25.412919521331787
0 0.0300 18.905572891235355 523.4451675415039 71.41783714294432 546.6423416137695
0 0.0297 276.007080078125 245.0093650817871 334.07447814941406 265.05632400512695
0 0.0293 179.86080169677734 152.73481845855713 230.56873321533203 177.346510887146
0 0.0291 197.7168369293213 434.16690826416016 252.49686241149902 455.9164810180664
0 0.0291 254.6513748168945 604.8036193847656 366.5605545043945 638.75
0 0.0288 286.8750762939453 314.6040344238281 343.27079772949213 335.4717254638672
0 0.0287 266.116943359375 264.96028900146484 323.97247314453125 285.10677337646484
0 0.0285 19.235935211181644 413.2235336303711 71.12026214599608 436.8642044067383
0 0.0283 -79.34353828430176 181.6747283935547 -51.03733539581298 228.3090591430664
0 0.0279 190.7252502441406 490.09803771972656 411.5412902832031 589.2982482910156
0 0.0278 276.27677917480463 284.88826751708984 333.82415771484375 305.1808166503906
0 0.0277 215.35400390625 598.7221145629883 254.82730865478516 631.3954544067383
0 0.0271 148.82307052612305 343.5038375854492 201.49126052856442 366.5842819213867
0 0.0271 78.99241924285889 223.38790893554688 131.33949756622312 246.69971466064453
0 0.0271 267.46490478515625 44.30336952209473 322.7277374267578 65.77805519104004
0 0.0266 -44.29677486419678 107.83204078674316 -5.481181144714355 142.21020698547363
0 0.0266 144.95136260986328 539.5303726196289 185.1993942260742 570.6593704223633
0 0.0266 19.47078704833984 443.0503845214844 70.91131210327148 467.03590393066406
0 0.0264 266.0292434692383 204.9935531616211 324.0553665161133 225.07144927978516
0 0.0261 188.01292419433594 203.99415969848633 242.2277069091797 226.0902214050293
0 0.0256 326.66362762451166 264.70130920410156 383.46736907958984 285.37132263183594
0 0.0253 45.1213788986206 469.2055892944336 85.04116535186766 500.95470428466797
0 0.0249 129.58919525146482 502.96070098876953 180.80623626708984 527.1247482299805
0 0.0249 -8.503446578979492 0.0 58.82634162902831 53.54739189147949
0 0.0246 206.98646545410156 374.5496368408203 263.1678771972656 395.52734375
0 0.0244 138.63954544067383 433.62586975097656 191.65620803833005 456.4624786376953
0 0.0242 197.3331546783447 404.36920166015625 252.8495693206787 425.7105255126953
0 0.0242 9.427232742309572 583.0872344970703 60.949125289916985 606.9999694824219
0 0.0237 277.19066619873047 374.4412612915039 332.9809951782226 395.6369400024414
0 0.0235 8.118572235107418 157.09826946258545 92.60263442993164 223.12622547149658
0 0.0234 -25.07852554321289 349.58709716796875 15.227174758911131 380.6078338623047
0 0.0234 125.27246475219724 468.9027404785156 164.9013328552246 501.2306213378906
0 0.0233 237.9004287719726 154.06076431274414 292.3298263549804 176.02331161499023
0 0.0228 205.56599617004395 88.22222709655762 244.63671684265137 121.85248374938965
0 0.0225 9.756307601928707 612.8130722045898 60.66197395324706 637.2685623168945
0 0.0223 -80.0 368.5738754272461 -45.22974967956544 401.53087615966797
0 0.0218 347.53124237060547 74.26470518112183 402.6676559448242 95.81677675247192
0 0.0217 138.49811553955078 403.7080383300781 191.78569793701172 426.37901306152344
0 0.0217 336.96048736572266 294.5576477050781 393.19301605224604 315.5183410644531
0 0.0216 -25.001239776611328 389.4409942626953 15.155258178710936 420.74058532714844
0 0.0216 -80.0 328.55255126953125 -45.237588882446296 361.5503692626953
0 0.0213 247.01103210449216 184.5313262939453 303.14666748046875 205.54500579833984
0 0.0211 4.939899444580078 469.54811096191406 45.21047592163085 500.6432342529297
0 0.0211 -80.0 408.5899353027344 -45.223393440246575 441.5161895751953
0 0.0210 327.95501708984375 334.03064727783203 382.27981567382807 356.0538864135742
0 0.0210 58.34441661834716 253.79928588867188 111.92577838897704 276.2868118286133
0 0.0209 138.70981216430664 373.5742950439453 191.59414291381836 396.5132141113281
0 0.0208 209.93901252746582 122.6705265045166 260.49998283386225 147.40986824035645
0 0.0206 287.7328872680664 404.1558074951172 342.4827194213867 425.92735290527344
0 0.0205 268.2122039794922 73.8872742652893 322.0440673828125 96.19954824447632
0 0.0204 116.13264083862305 0.0 153.75997543334958 54.647064208984375
0 0.0203 179.28865432739255 463.1858444213867 231.07316970825192 486.9016647338867
0 0.0203 258.77479553222656 433.5356140136719 311.5347290039062 456.55250549316406
0 0.0201 144.3950653076172 280.4738235473633 185.72452545166016 309.8049545288086
0 0.0199 -79.99999999999999 228.08050155639648 -45.39690971374511 261.9824028015137
0 0.0198 28.536701202392578 293.6873435974121 81.7500114440918 316.40031814575195
0 0.0190 -44.53874468803406 68.47475051879883 -5.2694714069366455 101.6214370727539
0 0.0186 -79.6073293685913 12.262213230133057 -29.893183708190914 37.809412479400635
0 0.0185 357.5617980957031 104.24589157104492 412.64015197753906 125.83547592163086
0 0.0184 144.66768264770508 310.0315761566162 185.46598434448242 340.2047824859619
0 0.0183 -30.79391479492187 433.2384490966797 21.14827156066895 456.84852600097656
0 0.0182 337.54920959472656 234.24432754516602 392.6536560058594 255.83566665649414
0 0.0179 -79.28213834762573 282.150297164917 -51.11098527908325 327.93423652648926
0 0.0176 279.91077423095703 462.70355224609375 330.5228042602539 487.3784637451172
0 0.0173 -35.05266189575195 309.5351028442383 5.203447341918946 340.6550979614258
0 0.0169 327.2454452514648 44.41801071166992 382.9294967651367 65.66144943237305
0 0.0165 -39.36117649078369 141.52328491210938 -11.016278266906737 188.4267807006836
0 0.0164 268.12732696533203 123.92849922180176 322.1232223510742 146.15662574768066
0 0.0161 248.7496185302734 0.0 558.75 450.41526794433594
0 0.0160 374.65137481689453 604.8036193847656 486.56055450439453 638.75
0 0.0159 -50.47605752944946 612.9991912841797 0.866434574127195 637.0851898193359
0 0.0157 337.3632431030273 144.35383319854736 392.8218460083008 165.7262372970581
0 0.0155 -79.99999999999999 448.6314392089844 -45.207638740539544 481.478271484375
0 0.0149 -15.083780288696287 549.5975875854492 25.232000350952145 580.598258972168
0 0.0149 327.8665542602539 204.07556533813477 382.3617935180664 226.00763320922852
0 0.0143 338.56269836425776 363.66455078125 391.7279052734375 386.4222717285156
0 0.0143 235.1911926269531 459.0673828125 274.9765014648437 491.08055114746094
0 0.0138 317.7680969238281 174.1365623474121 372.4504089355468 195.9468650817871
0 0.0134 319.5310592651367 433.0039596557617 370.85803985595703 457.08179473876953
0 0.0128 75.92243194580078 0.0 113.83777618408203 54.85616207122803
0 0.0127 -35.226173400878906 459.8438262939453 5.366497039794921 490.3749084472656
0 0.0126 -50.89139699935913 583.3108520507812 1.2346816062927246 606.7769622802734
0 0.0121 -31.154918670654293 503.48819732666016 21.471691131591797 526.5997695922852
0 0.0120 377.63618469238276 164.21051025390625 432.5708770751953 185.87215423583984
0 0.0119 -0.7436466217040993 263.2090759277344 51.101999282836914 286.8785858154297
0 0.0119 330.13465881347656 462.50633239746094 380.3284454345703 487.5715637207031
0 0.0118 233.61008644104 231.5900421142578 276.4776515960693 258.8014221191406
0 0.0117 529.0097045898438 622.6239776611328 558.7499999999999 638.75
0 0.0114 -44.43393588066101 188.2090187072754 -5.362092256546021 221.86460494995117
0 0.0109 -79.26839113235472 482.27073669433594 -51.12739086151122 527.8417205810547
0 0.0105 19.201192855834957 223.24392318725586 71.15221977233885 246.84331893920898
0 0.0105 -80.0 552.8277969360352 -39.33711051940917 577.2555160522461
