0 0.0306 124.13316345214844 321.48033142089844 152.49051666259766 368.46099853515625
0 0.0271 154.1196403503418 321.3894271850586 182.5068244934082 368.53504180908203
0 0.0267 94.1483840942383 321.5831756591797 122.47216796875003 368.37730407714844
0 0.0254 -106.49999999999997 299.8858642578125 532.25 638.75
0 0.0254 -106.49999999999997 288.4494400024414 -71.77652502059935 321.64459228515625
0 0.0249 109.15095901489259 287.9845142364502 148.0634651184082 322.0703411102295
0 0.0247 129.25551986694336 367.6688766479492 167.97500228881836 402.3600387573242
0 0.0243 -106.49999999999997 328.35147857666016 -71.81077384948729 361.7341995239258
0 0.0242 184.17537307739258 91.79083824157715 212.43980026245114 138.21293830871582
0 0.0241 399.27598571777344 77.60397911071777 437.9579315185547 112.41965293884277
0 0.0231 -106.49999999999997 248.56578826904297 -71.73327827453612 281.5382385253906
0 0.0229 -106.49999999999997 0.0 404.4122848510742 281.5149688720703
0 0.0228 64.12023162841798 321.3923645019531 92.50611877441406 368.53248596191406
0 0.0219 184.11815261840823 331.3795852661133 212.50861740112305 378.54312896728516
0 0.0215 399.3033752441406 117.50638008117676 437.93603515625 152.50937461853027
0 0.0213 149.23209762573242 287.75218963623047 187.99369430541995 322.2834777832031
0 0.0208 -67.03606033325194 603.0566787719727 -15.582841873168928 627.0298385620117
0 0.0203 406.19212722778315 0.0 532.2499809265136 69.84923839569092
0 0.0203 63.1508026123047 612.8993606567383 114.25454711914062 637.183723449707
0 0.0202 34.141460418701186 321.5414810180664 62.48054122924806 368.4120559692383
0 0.0199 69.1747055053711 287.92640686035156 108.04212188720705 322.1236038208008
0 0.0198 -16.928791046142564 612.9620742797852 34.32473754882814 637.1218490600586
0 0.0195 89.25819015502931 367.6639175415039 127.9724464416504 402.36454010009766
0 0.0192 169.28245162963864 377.57606506347656 207.95322036743164 412.44529724121094
0 0.0188 -106.49999999999997 368.3647918701172 -71.80584335327146 401.72203063964844
0 0.0188 154.20627212524414 92.0425796508789 182.4027976989746 138.01633834838867
0 0.0181 -68.1039752960205 573.7708282470703 -14.621709823608379 596.31591796875
0 0.0178 439.1580734252929 77.97200441360474 478.05661773681635 112.08178281784058
0 0.0175 134.16776275634766 401.72740936279297 162.4488983154297 448.26236724853516
0 0.0173 -106.49999999999997 208.52619171142578 -71.74771690368651 241.5744400024414
0 0.0172 34.26560497283936 602.6203155517578 62.33236408233643 638.75
0 0.0171 4.172273635864272 321.7618179321289 32.44349098205568 368.2351303100586
0 0.0168 34.17123889923097 271.7525863647461 62.44469738006594 318.24222564697266
0 0.0167 54.150787353515625 371.6089630126953 82.46934509277345 418.35792541503906
0 0.0166 178.912483215332 138.59082698822021 218.27420806884763 171.51533603668213
0 0.0164 214.1822967529297 91.84020042419434 242.43150329589847 138.17336082458496
0 0.0163 123.0880126953125 612.9508209228516 174.30951690673828 637.1331787109375
0 0.0163 88.98940658569336 248.41445922851562 128.20460891723636 281.6765594482422
0 0.0163 194.18346977233887 281.8467617034912 222.43002510070798 328.1678104400635
0 0.0163 169.11922073364258 58.079984188079834 208.0902061462402 91.98280572891235
0 0.0163 -7.200197219848618 573.1734085083008 44.5641384124756 596.9134902954102
0 0.0159 104.17895889282227 401.8157196044922 132.43548965454102 448.1929016113281
0 0.0159 4.195743560791029 271.9500160217285 32.41536712646486 318.08759689331055
0 0.0158 399.37032318115234 157.22318649291992 437.88640594482416 192.77002334594727
0 0.0152 144.21428298950195 242.1045684814453 172.39318466186523 287.96756744384766
0 0.0151 -106.49999999999997 592.7107238769531 -65.96248054504393 617.3707580566406
0 0.0148 -67.37893486022948 273.2950973510742 -15.274976730346664 296.79168701171875
0 0.0147 108.96829223632812 138.4606122970581 148.22396850585938 171.63437366485596
0 0.0146 -105.78133964538571 402.1561813354492 -77.61194372177121 447.92957305908203
0 0.0144 214.12366485595703 331.41605377197266 242.50196075439453 378.51322174072266
0 0.0143 359.19446563720703 117.8628158569336 398.0257949829101 152.18194961547852
0 0.0142 8.992935180664075 368.39656829833984 48.202377319335945 401.6929244995117
0 0.0140 -25.808242797851545 321.92394256591797 2.4201927185058745 368.1088638305664
0 0.0137 124.22771072387697 92.22847938537598 152.37720108032227 137.87314414978027
0 0.0137 178.84523010253906 248.74671936035156 218.33474731445315 281.3729476928711
0 0.0136 -71.5321292877197 299.4988536834717 -31.315921783447248 330.68799018859863
0 0.0135 359.0757141113281 78.19002151489258 398.1288299560547 111.88199996948242
0 0.0134 -106.49999999999997 528.7996292114258 -71.63902902603147 561.3247299194336
0 0.0134 468.97071456909174 604.7563171386719 532.2500190734863 638.75
0 0.0133 98.82897949218751 178.77370834350586 138.35042572021484 211.34836196899414
0 0.0133 148.70246505737305 199.04542922973633 188.4659538269043 231.10055923461914
0 0.0132 405.4039154052735 209.84180450439453 532.25 309.6270751953125
0 0.0131 -105.78374290466306 162.13504791259766 -77.60908031463622 207.9458236694336
0 0.0130 -71.43821144104002 339.3204879760742 -31.40338325500486 370.85018157958984
0 0.0130 -106.49999999999997 622.8201484680176 -65.17856979370116 638.7499809265137
0 0.0129 254.19438934326175 51.93686485290527 282.4169692993164 98.09755325317383
0 0.0129 -67.539924621582 243.40492248535156 -15.13039016723631 266.6820526123047
0 0.0129 209.05823326110843 58.243067264556885 248.14348793029788 91.83339834213257
0 0.0129 62.93456649780275 583.0792617797852 114.4431266784668 607.0075607299805
0 0.0128 467.8924140930175 124.83681201934814 532.2499809265137 174.74700450897217
0 0.0127 182.9439697265625 613.062858581543 234.43673706054688 637.022590637207
0 0.0126 359.2867050170898 157.56406784057617 397.94950103759766 192.45634078979492
0 0.0125 93.45969772338869 222.6633644104004 143.97983169555664 247.41811752319336
0 0.0124 -106.49999999999997 448.53973388671875 -71.74280071258544 481.5620422363281
0 0.0124 164.18767547607422 411.8855285644531 192.4250183105469 458.13812255859375
0 0.0123 369.06194305419916 38.22009086608887 408.1415328979492 71.85447692871094
0 0.0121 108.874755859375 448.66661071777344 148.30934143066406 481.44615173339844
0 0.0121 -106.49999999999999 488.60301971435547 -71.7188754081726 521.5042495727539
0 0.0121 74.19770812988283 421.9692611694336 102.41304016113283 468.07300567626953
0 0.0121 239.0074691772461 18.368048667907715 278.1887588500976 51.719021797180176
0 0.0119 224.17722320556643 281.7994022369385 252.4375686645508 328.2053279876709
0 0.0119 188.73921966552734 178.96709442138672 228.4324035644531 211.1719512939453
0 0.0118 214.1439971923828 381.5564727783203 242.47750854492185 428.3995056152344
0 0.0117 129.0027961730957 58.37334632873535 168.1934700012207 91.71419143676758
0 0.0116 218.89367675781253 138.63243103027344 258.2913360595703 171.47733688354492
0 0.0116 243.15480804443357 612.8927612304688 294.2516860961914 637.1897888183594
0 0.0115 188.99076080322266 18.40951919555664 228.20355987548828 51.68107986450195
0 0.0115 -11.078666687011703 238.56468200683594 28.266807556152354 271.53926849365234
0 0.0113 284.20709228515625 32.04300403594971 312.40174865722656 78.01510334014893
0 0.0112 68.82583236694337 148.78360748291016 108.35300064086915 181.33930206298828
0 0.0112 249.0405044555664 98.28304290771484 288.1596145629882 131.79681777954102
0 0.0111 244.10874938964847 331.32213592529297 272.5199279785156 378.5908889770508
0 0.0109 193.06185340881345 222.98240661621094 244.33029747009277 247.10338592529297
0 0.0107 274.0837631225586 321.1782455444336 302.55017852783203 368.7125015258789
0 0.0107 49.056101799011245 238.24857711791992 88.14535236358644 271.82836532592773
0 0.0106 488.937774658203 68.53561639785767 528.2510528564453 101.56577825546265
0 0.0106 -68.07341957092282 543.7466049194336 -14.64822196960448 566.3394546508789
0 0.0106 94.21758270263672 92.13550567626953 122.38927459716798 137.94404983520508
0 0.0100 112.68670654296875 573.2577896118164 164.6643981933594 596.8300247192383
0 0.0100 369.34964752197266 197.3226547241211 407.9006729125976 232.67841339111328
