0 0.0254 -79.99999999999999 299.8858642578125 558.75 638.75
0 0.0229 -79.99999999999999 0.0 430.91228485107416 281.5149688720703
0 0.0174 -80.0 602.7355194091797 -29.445972442626953 627.3472595214844
0 0.0159 -80.0 572.956657409668 -39.20076847076415 597.1289443969727
0 0.0159 -20.626277923583984 613.1160354614258 30.998973846435543 636.9699478149414
0 0.0133 158.92915725708005 613.4308242797852 211.39631271362302 636.6569137573242
0 0.0126 39.32795047760009 613.1510543823242 91.03944301605223 636.9353866577148
0 0.0116 98.82137298583983 613.5046768188477 151.49288177490232 636.583366394043
0 0.0114 -80.0 542.9668807983398 -39.1896104812622 567.1189498901367
0 0.0104 495.47071456909174 604.7563171386719 558.7500190734862 638.75
