0 0.0254 0.0 193.38586425781247 638.75 532.25
0 0.0229 0.0 -106.49999999999999 510.9122848510742 175.01496887207034
0 0.0193 248.10155868530273 97.4462661743164 302.1461296081543 119.63910675048827
0 0.0186 117.55475997924805 -42.24769258499144 172.64602661132812 -20.67059659957884
0 0.0172 198.18172454833984 77.40323638916017 252.0722198486328 99.68312835693361
0 0.0161 237.8346824645996 127.59486770629883 292.39057540893555 149.48833084106445
0 0.0150 418.6570739746094 97.1081886291504 471.6417694091797 119.9792823791504
0 0.0138 0.0 97.0692024230957 51.574931144714355 120.01941299438478
0 0.0138 257.9553031921387 67.53154373168947 312.27930068969727 89.55314254760744
0 0.0135 188.63605499267578 107.12436294555663 241.66019439697266 129.96345138549805
0 0.0134 469.0071105957031 76.88016510009767 521.3258361816406 100.20776367187501
0 0.0133 227.53074645996094 157.7657470703125 282.6679229736328 179.31584930419922
0 0.0133 0.0 126.8238983154297 51.24142646789551 150.2648696899414
0 0.0128 0.0 67.02323532104492 51.515207290649414 90.0650749206543
0 0.0126 298.1452465057373 117.42143249511719 352.1061420440674 139.6642837524414
0 0.0125 97.6492691040039 -102.30255985260007 152.56023406982422 -80.61555290222167
0 0.0123 368.67725372314453 117.09708786010742 421.6231918334961 139.9906883239746
0 0.0122 479.05162811279297 106.84909439086915 531.2859725952148 130.2386817932129
0 0.0121 408.3985137939453 67.27023696899415 461.87583923339844 89.81662368774415
0 0.0121 138.9696502685547 76.91079711914062 191.3583755493164 100.17789459228517
0 0.0119 0.0 226.62343597412107 50.993642807006836 250.4639205932617
0 0.0118 608.9623832702637 516.160961151123 638.7500190734863 532.2500190734862
0 0.0117 429.0437316894531 126.85700988769533 481.2925720214844 150.23110961914062
0 0.0115 0.0 156.52038192749023 50.86660861968994 180.5665168762207
0 0.0114 118.11253070831299 -12.558044433593736 172.13565349578857 9.643798828125014
0 0.0113 107.34743118286133 -72.13882708549498 162.83660888671875 -50.78137898445128
0 0.0111 197.70635604858398 47.67088985443116 252.50688552856445 69.41211795806886
0 0.0107 358.53099822998047 87.19028091430664 411.75533294677734 109.89726638793947
0 0.0106 539.072380065918 96.83705902099611 591.2668991088867 120.25098419189453
0 0.0106 608.6915588378906 -23.33570861816405 638.75 0.3638801574707178
0 0.0105 178.39092254638672 137.27500534057614 231.88270568847656 159.8118553161621
0 0.0105 0.0 196.44063568115234 50.77924728393555 220.6449661254883
0 0.0105 0.0 36.83478927612306 51.26014709472656 60.25359725952149
0 0.0104 368.64437103271484 147.11495971679688 421.65355682373047 169.97228240966797
0 0.0102 574.3924140930176 138.3368263244629 638.7499809265137 188.24702835083008
0 0.0101 512.6921272277832 -106.49999999999997 638.7499809265137 -36.65076160430907
