0 0.3725 53.06253433227539 244.91418838500977 168.19150924682617 294.56403732299805
0 0.2951 73.06253433227539 304.9141788482666 188.19150924682617 354.5640468597412
0 0.2342 53.06253433227539 184.91418838500977 168.19150924682617 234.56403732299805
0 0.1942 60.000767707824714 572.6286697387695 110.44387340545654 597.4522018432617
0 0.1746 10.741767883300778 571.8618392944336 59.81882095336913 598.1937789916992
0 0.1652 110.3098487854004 582.3408126831055 160.1780128479004 607.7327346801758
0 0.1627 20.350875854492188 542.3037719726562 70.14238357543945 567.7690887451172
0 0.1592 25.754861831665043 597.6635360717773 64.47625160217284 632.3649215698242
0 0.1566 65.60922622680664 598.1047821044922 104.5991325378418 631.9600677490234
0 0.1504 69.8069953918457 542.7881240844727 120.61410903930665 567.2951126098633
0 0.1375 15.700778961181637 226.1751365661621 54.67224121093749 263.7405586242676
0 0.1302 19.474868774414062 290.7981491088867 70.72402954101562 339.0031433105469
0 0.1294 120.06166458129881 552.5742721557617 170.39113998413083 577.5053787231445
0 0.1286 105.1667022705078 618.5970306396484 145.05119323730466 638.75
0 0.1144 159.64017868041992 582.9235458374023 210.76066970825195 607.1618270874023
0 0.1116 71.79061412811278 354.7186279296875 138.5550355911255 414.9047088623047
0 0.1052 20.026950836181644 512.6061630249023 70.42102813720702 537.4743270874023
0 0.1041 -14.330263137817383 597.9185485839844 24.548501968383786 632.1308898925781
0 0.1019 165.83623886108396 266.3409233093262 204.50437545776367 303.5859489440918
0 0.0955 145.32381057739258 608.7645149230957 184.85715866088864 638.7499809265137
0 0.0948 15.914583206176754 186.60085678100586 54.39257621765136 223.34474563598633
0 0.0850 119.57981109619139 522.9724502563477 170.81359863281247 547.1136856079102
0 0.0849 69.64332103729248 512.9209136962891 120.75790882110594 537.1643829345703
0 0.0843 165.8894920349121 226.46429061889648 204.43315505981442 263.47131729125977
0 0.0804 40.39735794067383 340.5015182495117 69.27791595458984 389.3631362915039
0 0.0792 -29.84117269515991 542.4724578857422 20.30988454818726 567.6033782958984
0 0.0780 -39.8725700378418 572.4954986572266 10.338134765625 597.5802612304688
0 0.0770 169.56905364990234 552.9754638671875 220.82424163818357 577.1100616455078
0 0.0752 185.2370834350586 608.9529418945312 224.93621826171875 638.75
0 0.0733 119.44780349731444 493.0607223510742 170.93317031860352 517.0248031616211
0 0.0723 85.87551116943361 146.3559913635254 124.45854187011717 183.57168197631836
0 0.0667 209.7870635986328 582.8079605102539 260.630874633789 607.2760391235352
0 0.0634 145.8977508544922 356.76342010498047 184.3971252441406 393.19454193115234
0 0.0612 -9.46218490600586 261.00196838378906 19.106349945068356 308.87882232666016
0 0.0602 115.66091537475586 417.9547119140625 154.55503463745117 452.0977020263672
0 0.0589 225.25321006774902 608.9206695556641 264.92127418518066 638.75
0 0.0569 19.886608123779293 482.7241897583008 70.54389953613281 507.35828399658203
0 0.0523 69.75230693817137 482.8290557861328 120.66288471221924 507.25440979003906
0 0.0513 170.8696365356445 519.3582153320312 239.57618713378903 550.6923675537109
0 0.0512 45.92058658599854 146.65245056152344 84.3811559677124 183.29696655273438
0 0.0498 -30.249242782592777 512.8263854980469 20.665063858032227 537.2565460205078
0 0.0494 75.76536178588866 417.6074981689453 114.46962356567381 452.4164581298828
0 0.0492 125.42213439941405 458.5676574707031 164.76558685302734 491.53648376464844
0 0.0491 189.26254272460938 302.15938568115234 240.833625793457 347.66857147216797
0 0.0485 205.838041305542 267.345027923584 244.4117450714111 302.6578712463379
0 0.0482 175.85430145263672 187.27840423583984 214.3994903564453 222.7191925048828
0 0.0452 -54.642853736877434 598.7135696411133 -15.17541408538818 631.4032363891602
0 0.0437 205.83714485168454 227.36316680908203 244.411039352417 262.6411437988281
0 0.0430 125.92248916625974 146.67022228240967 164.37742233276367 183.28049182891846
0 0.0407 265.27435302734375 598.8974761962891 304.8997497558594 631.2354278564453
0 0.0397 150.1393699645996 392.4697494506836 200.33079147338867 417.60379791259766
0 0.0391 229.45088386535645 553.0659484863281 280.92883110046387 577.0205688476562
0 0.0388 70.30298233032225 452.3348617553711 120.18636703491211 477.7372360229492
0 0.0377 -19.38425064086914 211.42438888549805 9.01186943054199 258.5167121887207
0 0.0370 10.536012649536131 340.96153259277344 39.10836219787598 388.90724182128906
0 0.0353 249.54959869384763 282.9901313781738 300.84148406982416 307.09550857543945
0 0.0347 179.23372268676755 493.2239532470703 231.12249374389646 516.8636322021484
0 0.0344 40.6187629699707 391.4067077636719 69.00802612304688 438.5248565673828
0 0.0332 215.66615104675293 187.93825149536133 254.5506763458252 222.11275100708008
0 0.0330 25.346899032592773 448.7361145019531 64.83391761779785 481.38267517089844
0 0.0319 309.6257019042969 612.919921875 360.7765197753906 637.1635437011719
0 0.0316 239.83768463134766 312.76793479919434 290.5861282348633 337.31560707092285
0 0.0309 249.8280334472656 252.76971817016602 300.5958557128906 277.3130989074707
0 0.0306 158.8927459716797 423.4602737426758 211.42799377441406 446.6281509399414
0 0.0303 239.22560691833493 523.233528137207 291.1289310455322 546.8545913696289
0 0.0302 185.8551025390625 347.2564697265625 224.40059661865234 382.7394104003906
0 0.0285 249.83871459960938 222.76357650756836 300.5859375 247.3194694519043
0 0.0272 279.2601013183593 573.2071304321289 331.0984802246094 596.8806076049805
0 0.0267 169.27499771118164 463.1956481933594 221.08533859252927 486.8919372558594
0 0.0266 5.751800537109375 147.67633438110352 44.47853088378906 182.35319137573242
0 0.0258 190.7252502441406 90.09801864624023 411.5412902832031 189.2983055114746
0 0.0257 207.9014682769775 404.04701232910156 262.33183860778803 426.0350799560547
0 0.0248 -80.0 548.6831665039062 -45.18428802490235 581.4310455322266
0 0.0240 239.19395446777344 493.2522201538086 291.1579895019531 516.8355178833008
0 0.0239 298.4613037109375 303.73148918151855 351.8189239501953 326.355562210083
0 0.0238 299.09618377685547 243.31371307373047 351.24706268310547 266.77330017089844
0 0.0237 217.81096458435056 434.1165542602539 272.4103641510009 455.9677505493164
0 0.0232 -24.960441589355465 479.3597412109375 15.117645263671875 510.81443786621094
0 0.0231 365.1419830322265 609.1547393798828 405.0231170654297 638.75
0 0.0228 266.4574432373047 414.8039245605469 323.65692138671875 435.2671813964844
0 0.0215 308.59264373779297 273.6494255065918 361.69994354248047 296.4379692077637
0 0.0214 -49.27474975585938 50.098018646240234 171.5412902832031 149.2983055114746
0 0.0206 275.418701171875 188.56904983520508 314.7693634033203 221.53528213500977
0 0.0205 -80.0 508.4754943847656 -45.26658058166503 541.6207885742188
0 0.0205 -24.324944019317627 307.8115463256836 14.55266237258911 342.2292709350586
0 0.0192 229.10194396972653 463.3203125 281.23962402343744 486.7681884765625
0 0.0185 10.678443908691404 391.8276596069336 38.93619537353515 438.1857681274414
0 0.0182 240.29560089111322 342.3574447631836 290.1896286010742 367.7168655395508
0 0.0179 258.3919143676758 383.7580108642578 311.8854141235351 406.32652282714844
0 0.0177 339.2265701293945 583.2315444946289 391.1283493041992 606.8564224243164
0 0.0177 289.10633087158203 543.3129119873047 341.2366104125976 566.7749786376953
0 0.0175 315.3058242797851 208.8194465637207 354.8720169067383 241.3066291809082
0 0.0164 248.7495422363281 193.75259399414062 558.75 638.75
0 0.0161 288.87413024902344 333.4733200073242 341.4446258544922 356.6152572631836
0 0.0151 277.61817932128906 444.22229766845703 332.58689880371094 465.86055755615234
0 0.0151 298.768310546875 513.5379028320312 351.5410614013672 536.5499114990234
0 0.0138 355.33756256103516 188.75598907470703 394.8424911499023 221.36451721191406
0 0.0137 -14.863681793212889 439.16812896728516 25.02815246582031 470.98880767822266
0 0.0132 -34.48103189468383 178.31293106079102 4.681093692779542 211.7695426940918
0 0.0122 288.6150360107422 473.63887786865234 341.6789245605468 496.44908905029297
0 0.0116 405.12199401855463 609.1950988769531 445.0415802001953 638.75
0 0.0113 348.51394653320307 323.69998931884766 401.77093505859375 346.38736724853516
0 0.0113 -79.2929172515869 52.05770492553711 -51.09810829162597 98.0057144165039
0 0.0109 -80.0 12.379870414733887 -39.77538108825684 37.693634033203125
0 0.0106 354.81361389160156 229.77418899536133 395.32905578613276 260.43806076049805
0 0.0106 349.0565490722656 553.3458709716797 401.2815856933593 576.741943359375
0 0.0105 191.868782043457 0.0 410.3997421264648 69.61675643920898
0 0.0104 -80.0 618.8578987121582 -54.675321578979485 638.7499809265137
0 0.0104 -79.2962074279785 112.02977180480957 -51.094174385070794 158.02733421325684
0 0.0104 -39.24824714660644 262.49019622802734 -11.151170730590819 307.6791000366211
0 0.0102 358.4007263183593 293.7706184387207 411.8734741210937 316.3165092468262
