0 0.1402 288.21285247802734 107.88265609741212 342.04437255859375 130.20355606079102
0 0.0999 278.2722473144531 77.84527206420901 331.9908142089844 100.2409019470215
0 0.0909 228.5170555114746 97.69842529296878 281.7680549621582 120.3890075683594
0 0.0824 238.3078384399414 127.82484436035158 291.9582748413086 150.26163482666018
0 0.0822 338.2432174682617 87.86142730712892 392.0174789428711 110.22444152832033
0 0.0747 348.4880065917969 117.71772766113283 401.79412841796875 140.3698196411133
0 0.0726 298.6161804199219 137.6349868774414 351.6786193847656 160.45252227783206
0 0.0638 218.84510040283203 67.49159240722659 271.470947265625 90.59683227539065
0 0.0524 199.56615447998047 -33.02064752578733 250.82645416259766 -8.893579006195047
0 0.0510 328.5245895385742 57.690547943115256 381.76197052001953 80.3964653015137
0 0.0493 268.36658477783203 47.790187835693374 321.9047164916992 70.29663467407228
0 0.0439 199.42598342895508 -2.9192314147949006 250.95178604125977 21.005405426025412
0 0.0435 248.22498321533203 157.8740158081055 302.03365325927734 180.21204376220703
0 0.0430 208.83977890014648 37.49302291870119 261.47619247436523 60.59509658813478
0 0.0424 185.00974655151367 93.42331314086917 225.14471054077148 124.75662612915042
0 0.0408 249.6454620361328 -23.081155776977518 300.75611114501953 1.1663570404052952
0 0.0359 258.8246154785156 17.495035171508807 311.4915466308594 40.59195899963381
0 0.0357 149.72051620483398 -23.137928009033182 200.68933486938477 1.222728729248068
0 0.0355 194.70863342285156 123.95981216430665 235.42755126953125 154.26979446411136
0 0.0335 159.82712268829346 66.77425765991212 210.5958890914917 91.30909347534183
0 0.0319 574.3924140930176 -81.16318321228026 638.7499809265137 -31.252971649169897
0 0.0314 249.1381072998047 -52.70591831207273 301.2074661254883 -29.205828666686994
0 0.0291 399.0664291381836 97.33070755004884 451.27445220947266 120.75588607788087
0 0.0288 188.38403701782227 157.7806510925293 241.8886375427246 180.3064002990723
0 0.0285 207.73027420043945 218.1500091552735 262.48674392700195 239.9320068359375
0 0.0284 318.7342834472656 27.557338714599634 371.5723419189453 50.53005599975588
0 0.0273 299.42519187927246 -32.912317276000955 350.9511661529541 -9.000631332397438
0 0.0270 150.0767707824707 6.5609302520752175 200.3780174255371 31.518453598022486
0 0.0269 165.22340774536133 33.005837440490744 204.94634628295898 65.13660335540774
0 0.0257 268.17054748535156 227.90613555908206 322.0832061767578 250.17961883544925
0 0.0254 389.25830841064453 67.20016860961915 441.10179901123047 90.88646316528322
0 0.0254 0.0 193.88586425781253 638.75 532.75
0 0.0245 358.7746047973633 147.5341835021973 411.5353012084961 170.5536689758301
0 0.0239 208.2726287841797 187.84370803833008 261.9907760620117 210.24227523803714
0 0.0237 189.0888786315918 -62.672825813293436 241.25181198120117 -39.23895931243894
0 0.0233 309.215087890625 -2.766719818115213 361.1399841308594 20.853809356689474
0 0.0229 0.0 -105.99999999999996 510.9122848510742 175.5149688720703
0 0.0216 308.383150100708 167.77801895141602 361.89013481140137 190.3085746765137
0 0.0207 379.1440200805664 37.28493118286135 431.2031936645508 60.80261611938479
0 0.0200 511.90391540527344 63.84180450439457 638.75 163.6270751953125
0 0.0196 359.356689453125 -22.865758895874002 411.01295471191406 0.9526576995849818
0 0.0195 268.45799446105957 197.7334442138672 321.821928024292 220.35360717773438
0 0.0174 369.08058166503906 7.328170776367208 421.2602233886719 30.759395599365256
0 0.0170 308.9099884033203 -62.55233860015868 361.41273498535156 -39.3593702316284
0 0.0166 144.90007400512695 -56.3725719451904 185.24709701538086 -25.42880630493162
0 0.0164 574.3924140930176 -21.163183212280252 638.7499809265137 28.747018814086932
0 0.0162 145.36249160766602 92.70864868164062 184.81904983520508 125.40769958496095
0 0.0153 409.13612365722656 127.28653335571292 461.2110900878906 150.80047988891602
0 0.0151 328.63624572753906 227.62464904785153 381.65992736816406 250.46324157714844
0 0.0140 535.6838607788086 -48.11462974548337 574.5356369018555 -13.838716506957985
0 0.0135 369.22889709472656 -52.77121639251707 421.12648010253906 -29.14099788665769
0 0.0134 125.42383193969727 32.56486797332766 164.76396560668945 65.53908252716066
0 0.0132 238.4084129333496 -82.23291969299314 291.86620712280273 -59.679752349853494
0 0.0129 148.62838745117188 197.62949371337893 201.66706085205078 220.45835876464844
0 0.0127 188.52760314941406 -102.30724668502805 241.75830841064453 -79.60515594482419
0 0.0119 588.6067390441895 171.01847076416018 638.7499809265137 237.1960678100586
0 0.0119 288.3881378173828 -102.22478485107419 341.8855285644531 -79.68857383728025
0 0.0117 535.521354675293 -97.66905522346494 574.676628112793 -64.24702143669127
0 0.0115 160.7685661315918 126.63011932373048 188.82871627807617 171.57122039794922
0 0.0110 99.73573684692383 -23.153091430664038 150.67655563354492 1.237319946289084
0 0.0109 328.47068786621094 197.7256717681885 381.8103790283203 220.36137962341311
0 0.0109 217.8802490234375 248.0744781494141 272.3477554321289 270.0098266601563
0 0.0109 575.4707145690918 498.75631713867193 638.7500190734863 532.7500000000001
0 0.0108 348.7380599975586 -102.44115447998044 401.56803131103516 -79.47087383270261
0 0.0101 609.0451812744141 -105.99999999999997 638.75 -88.65883684158324
0 0.0101 148.63831996917725 227.6264419555664 201.65735721588135 250.4619064331055
