0 0.2507 240.93719482421875 122.66662597656249 329.59686279296875 167.08995819091797
0 0.1736 252.56622314453125 87.32826232910156 317.98404693603516 122.59597778320312
0 0.1653 199.80154037475586 102.7824020385742 250.62097549438477 127.29953765869139
0 0.1397 189.50111389160156 133.0247116088867 240.88497161865234 157.06100463867188
0 0.1286 270.15631675720215 172.44958877563474 320.3170871734619 197.62296676635742
0 0.1161 179.11048889160156 73.30837249755858 231.2332534790039 96.77925109863281
0 0.1138 330.5769729614258 132.04557418823242 379.95609283447266 158.01668167114258
0 0.1100 320.69507598876953 101.90223693847655 369.8599624633789 128.15372467041016
0 0.0930 320.44445037841797 162.17727661132812 370.0692367553711 187.88856506347656
0 0.0912 158.8442611694336 43.48897933959961 211.47235870361328 66.59898757934569
0 0.0905 199.49058532714844 163.02921295166016 250.8950424194336 187.05608367919922
0 0.0813 158.89707565307617 13.451662063598633 211.4253044128418 36.6359806060791
0 0.0740 229.59819793701172 62.95607089996337 280.7978057861328 87.12960720062254
0 0.0687 155.0632667541504 99.32468414306639 195.09450912475586 130.8462905883789
0 0.0559 159.12027835845947 -16.699171066284176 211.22460842132568 6.786680221557618
0 0.0539 98.79417419433594 23.52198600769043 151.51750564575195 46.56598091125488
0 0.0493 289.6274662017822 62.931828498840325 340.77223777770996 87.15339183807372
0 0.0464 119.08812999725342 73.32664489746094 171.25271320343018 96.76143646240233
0 0.0440 69.04525756835938 53.3553123474121 121.29133224487305 76.7327308654785
0 0.0417 98.97615432739258 -6.6001129150390625 151.35391235351562 16.687889099121094
0 0.0405 218.82745742797852 33.50446701049805 271.48656845092773 56.58412933349609
0 0.0398 218.76934051513672 193.5256195068359 271.5426254272461 216.56055450439453
0 0.0375 140.04802703857422 132.58853912353516 190.40252685546875 157.49168395996094
0 0.0352 59.24410820007324 83.21969985961914 111.11254692077637 106.86826705932617
0 0.0338 278.8688659667969 203.4630012512207 331.4522933959961 226.62359237670898
0 0.0311 38.62793207168579 23.63022804260254 91.66736364364624 46.45768165588378
0 0.0310 207.97290802001953 224.0169620513916 262.2642517089844 246.06711387634277
0 0.0304 259.5944404602051 272.9605484008789 310.8008003234863 297.1254348754883
0 0.0303 115.01260757446289 99.41661834716797 155.14215469360352 130.76271057128906
0 0.0290 218.7438201904297 3.5559654235839844 271.5626525878906 26.53213500976562
0 0.0271 258.9195251464844 243.443489074707 311.4036560058594 266.6450881958008
0 0.0263 59.780893325805664 112.81429290771482 110.63603401184082 137.26993560791013
0 0.0262 209.3246078491211 263.1575012207031 261.04156494140625 286.92955017089844
0 0.0259 155.15522003173828 159.13639068603516 195.0100326538086 191.01768493652344
0 0.0257 108.95526885986328 -36.58309459686279 161.37205123901367 -13.328690528869629
0 0.0254 0.0 219.8858642578125 638.75 558.75
0 0.0249 9.575614929199219 72.97494411468506 60.81748008728027 97.1111536026001
0 0.0235 259.27194595336914 323.1935501098632 311.08896255493164 346.89342498779297
0 0.0227 169.04415130615234 -46.64537906646728 221.29261016845703 -23.266787528991696
0 0.0225 158.41407299041748 203.76342773437497 211.8611192703247 226.32389068603516
0 0.0225 339.1225814819336 73.30741882324219 391.22081756591797 96.78123474121092
0 0.0218 38.35405349731445 -6.203250885009766 91.91631317138672 16.28988265991211
0 0.0201 9.656782150268555 102.91101455688477 60.745887756347656 127.17424392700195
0 0.0198 609.1405487060547 222.85598754882812 638.75 247.1722412109375
0 0.0195 209.70993041992188 292.8652572631836 260.69976806640625 317.2189712524414
0 0.0189 309.27021980285645 283.20121765136713 361.08920097351074 306.8866729736328
0 0.0188 278.1071472167969 33.94801139831543 332.13993072509766 56.138143539428704
0 0.0187 148.43498706817627 -76.25171184539795 201.84264659881592 -53.661227226257324
0 0.0184 48.39613914489746 -36.23021602630615 101.87840461730957 -13.68319034576416
0 0.0177 218.95990371704102 -26.58509254455566 271.3676643371582 -3.326539993286133
0 0.0174 574.3924140930176 124.83682632446288 638.7499809265137 174.74702835083008
0 0.0172 209.47433471679688 333.0495834350586 260.9077835083008 357.0369338989258
0 0.0171 318.661413192749 253.6085510253906 371.6372013092041 276.4793395996093
0 0.0171 159.1280221939087 243.30387115478513 211.21591091156006 266.7847824096679
0 0.0169 609.0350532531738 252.9338073730469 638.7499809265137 277.09495544433594
0 0.0165 369.2326354980469 163.22149276733398 421.1241149902344 186.8656349182129
0 0.0162 309.2505645751953 343.212776184082 361.1072540283203 366.87488555908203
0 0.0158 88.40582847595215 -76.23385429382324 141.86911582946777 -53.679189682006836
0 0.0157 389.1139221191406 -80.0 638.75 60.702791213989265
0 0.0154 95.12038230895996 139.20875549316403 135.04197120666504 170.95180511474607
0 0.0152 525.6837844848633 127.89016723632811 564.5353317260742 162.15686798095703
0 0.0149 574.3924140930176 64.83682632446288 638.7499809265137 114.74702835083006
0 0.0146 319.227991104126 313.2283020019531 371.1275386810303 336.8593597412109
0 0.0143 114.99382019042969 179.4458770751953 155.1603126525879 210.73616027832028
0 0.0143 55.17648696899414 139.08903121948242 94.99086380004883 171.06084823608398
0 0.0143 334.8813247680664 189.6517181396484 375.2656936645508 220.54920196533203
0 0.0140 609.4745635986328 192.5991058349609 638.75 217.42660522460935
0 0.0140 159.59001541137695 272.96409606933594 210.80469131469727 297.12188720703125
0 0.0136 608.9921760559082 542.6377868652344 638.7499809265137 558.7499999999999
0 0.0132 208.64683151245117 -76.3814878463745 261.65021896362305 -53.53051662445068
0 0.0131 109.38230037689209 223.11850547790527 160.98951816558838 246.96869850158689
0 0.0131 264.918270111084 349.5918655395507 305.2303123474121 380.6035232543945
0 0.0128 369.2145538330078 103.24022293090819 421.1390686035156 126.84778213500975
0 0.0128 379.45133209228516 133.06291580200192 430.92906951904297 157.02322006225586
0 0.0126 10.777854919433594 22.722139358520504 38.81770133972168 67.50237464904785
0 0.0124 338.2440185546875 43.86630058288575 392.0155334472656 66.22036933898926
0 0.0120 27.92377471923828 -65.95212697982788 82.30844497680664 -43.96361589431763
0 0.0119 418.8867950439453 263.4575653076172 471.4347839355469 286.62994384765625
0 0.0119 328.5942077636719 223.64516258239746 381.6992950439453 246.44181251525876
0 0.0113 609.2057609558105 282.81120300292963 638.7500190734863 307.21717834472656
0 0.0112 0.0 132.8550910949707 50.68436622619629 157.2293663024902
0 0.0112 369.36370849609375 283.13163757324213 421.00616455078125 306.95556640625
0 0.0110 379.20360565185547 323.24504852294916 431.1494827270508 346.84261322021484
0 0.0106 0.0 -37.0512580871582 40.79293251037598 -12.863445281982422
0 0.0102 59.225919246673584 183.2275390625 111.12987756729126 206.85977935791016
0 0.0100 609.001293182373 342.9558944702148 638.7500190734863 367.0727157592773
0 0.0100 429.2172622680664 293.23417663574213 481.1375045776367 316.85325622558594
