0 0.2645 211.50410175323486 -23.360922932624813 384.01663303375244 54.13930118083953
0 0.2587 305.25410175323486 101.6390770673752 477.76663303375244 179.13930118083954
0 0.1852 117.75410175323486 70.38907706737517 290.26663303375244 147.8893011808395
0 0.1424 373.7858533859253 40.0906465947628 499.0234375 100.58534517884253
0 0.1347 326.9108235836029 180.71567267179486 471.91330790519714 241.21034890413281
0 0.1291 388.86143267154694 -16.197927296161648 499.0234225988388 31.765721738338463
0 0.0763 217.84258633852005 -62.5 362.05141991376877 -23.94592016935349
0 0.0651 369.58011984825134 -58.660805225372314 459.52460169792175 -19.87183839082718
0 0.0627 149.00410175323486 164.1390696167946 321.51663303375244 241.63927882909775
0 0.0362 119.58010494709015 19.464202225208282 209.52461659908295 58.253161609172814
0 0.0287 164.90700840950012 -48.60470071434975 218.15505623817444 -6.015446037054062
0 0.0253 305.6694567203522 64.17793035507202 374.4553029537201 99.66397285461424
0 0.0230 326.9108235836029 243.2156801223755 471.91330790519714 303.71034145355225
0 0.0221 475.9169667959213 103.77632081508635 499.0234524011612 122.80832231044769
0 0.0191 475.9998321533203 127.15189158916473 499.0234375 146.30730450153348
0 0.0189 460.46601235866547 -52.257319912314415 499.0234524011612 -33.61185826361179
0 0.0188 253.88598442077637 304.6867251396179 499.0234375 436.5234375
0 0.0171 277.6287794113159 139.60453867912292 308.45147371292114 165.17287492752075
0 0.0168 0.0 304.68524992465973 250.37401914596558 436.5234225988388
0 0.0161 476.02055966854095 150.5727469921112 499.0234524011612 169.76121068000793
0 0.0160 171.52737081050873 -5.485348403453827 211.59233152866364 13.363964855670929
0 0.0141 468.4675335884094 174.15878176689148 499.0234375 193.09523701667786
0 0.0137 468.2793766260147 197.7410912513733 499.0234225988388 216.38959646224976
0 0.0133 84.46763455867767 153.98302674293518 150.4708081483841 205.5673599243164
0 0.0126 123.59362840652466 -4.77355532348156 165.6690239906311 12.653304263949394
0 0.0116 468.20521354675293 221.23265266418454 499.0234375 239.77339267730713
0 0.0115 281.17331862449646 244.30471658706665 320.7271993160248 263.5718584060669
0 0.0114 281.7627787590027 48.157200217247016 303.87699604034424 84.63342487812042
0 0.0105 123.43539297580719 -28.122827410697937 165.8140867948532 -10.873854160308838
0 0.0100 0.0 -62.50000000000001 119.37109380960464 113.39882016181946
