0 0.1481 84.00300979614258 219.32771301269528 145.9419059753418 237.71234130859375
0 0.1354 93.92719268798828 199.3523464202881 156.01377487182617 217.6861057281494
0 0.1223 74.71551895141602 239.05759429931638 135.27523040771484 257.9925308227539
0 0.1078 25.47368049621582 218.74494171142575 84.56928253173828 238.31464385986325
0 0.1060 94.45453643798828 179.1517791748047 155.5209732055664 197.89353942871094
0 0.0976 35.23085594177246 198.84526824951172 94.79570388793945 218.21099853515625
0 0.0914 16.05656147003174 238.49095916748044 74.0276575088501 258.57595062255854
0 0.0817 45.656442642211914 258.66502380371094 104.39974784851074 278.39662170410156
0 0.0802 85.32843589782715 158.7994155883789 144.70614433288574 178.25723266601562
0 0.0801 35.516793727874756 178.7242088317871 94.52980279922485 198.33556747436526
0 0.0696 26.254937648773193 158.39734649658206 83.84460687637329 178.67131805419922
0 0.0650 36.46085500717163 138.2993278503418 93.6545205116272 158.77132034301758
0 0.0616 96.35528564453125 138.3434829711914 153.75347137451172 158.7251434326172
0 0.0577 144.89765167236328 218.9741287231445 205.1081085205078 238.07660675048828
0 0.0527 35.73747634887695 278.628173828125 94.32486534118652 298.4341583251953
0 0.0497 134.66257095336914 239.07060241699216 195.32670974731445 257.97753906249994
0 0.0463 67.216055393219 117.92323684692383 122.95881032943726 139.1544303894043
0 0.0403 104.95773315429688 258.96009063720703 165.04945755004883 278.0931625366211
0 0.0368 155.56053161621094 198.69821166992185 214.49092864990234 218.36091613769528
0 0.0359 17.313709259033203 347.8807983398437 72.86711692810059 369.1990051269531
0 0.0345 36.10616445541382 298.46639251708984 93.98220300674438 318.60074615478516
0 0.0329 8.374052047729492 107.28570556640625 61.89790725708008 129.80115509033206
0 0.0304 0.0 183.3546314239502 35.36625623703003 213.86501884460452
0 0.0300 146.234393119812 158.3969841003418 203.86600971221924 178.6698875427246
0 0.0292 8.214445114135742 377.3862991333007 62.04191207885742 399.7005996704101
0 0.0283 46.77182197570801 318.15354919433594 103.36636543273926 338.9209899902343
0 0.0277 155.99010467529297 178.50890731811523 214.09221649169922 198.55529403686523
0 0.0265 127.21174716949463 117.92848205566406 182.96205043792725 139.14960479736328
0 0.0254 0.0 193.38586425781247 638.75 532.25
0 0.0241 68.23062896728516 367.3722229003906 122.02817916870117 389.71406555175776
0 0.0234 5.127882957458496 402.7017364501953 45.0342321395874 434.4581756591797
0 0.0229 0.0 -106.49999999999999 510.9122848510742 175.01496887207034
0 0.0217 58.01719427108765 87.4863395690918 112.22501993179321 109.5972785949707
0 0.0216 96.06257438659668 278.4885940551758 154.02199745178223 298.5783920288086
0 0.0208 0.0 486.172119140625 50.48731803894043 510.90966796875
0 0.0188 0.0 516.2760124206543 51.26558780670166 532.2500190734863
0 0.0176 87.60750770568848 337.7245864868164 142.5974941253662 359.35765838623047
0 0.0174 0.0 436.23288726806635 50.55018424987793 460.8499679565429
0 0.0168 59.357595443725586 516.1337432861328 111.11496925354004 532.25
0 0.0161 512.6921272277832 -106.49999999999997 638.7499809265137 -36.65076160430907
0 0.0156 588.0637359619141 217.46545410156247 638.75 239.61930847167966
0 0.0151 117.95661449432373 87.52807235717775 172.27871417999268 109.55623245239259
0 0.0151 0.0 76.67346572875978 51.060805320739746 100.41370010375977
0 0.0150 0.0 263.6484680175781 35.52956581115723 293.59895324707037
0 0.0144 217.70572662353516 197.6648769378662 272.50892639160156 219.41721534729004
0 0.0141 69.04468297958374 396.853157043457 121.29238367080688 420.23450469970703
0 0.0136 608.6413383483887 246.69835662841797 638.7500190734863 270.32987213134766
0 0.0135 318.0113983154297 197.50135040283203 372.2277069091797 219.58394622802734
0 0.0134 527.7931594848633 57.62220001220704 582.4276351928711 79.46134185791016
0 0.0133 527.8917694091797 207.56804084777832 582.3371887207031 229.5163402557373
0 0.0133 609.4845581054688 416.0888061523437 638.75 440.93652343749994
0 0.0131 0.0 317.1777877807617 41.73236846923828 339.9102554321289
0 0.0127 467.7912902832031 207.62373542785647 522.42919921875 229.45988273620608
0 0.0126 0.0 142.53261184692383 25.22268056869507 174.61391067504886
0 0.0122 50.23838996887207 485.9037551879883 100.24031639099121 511.17093658447254
0 0.0119 608.9241790771484 516.1899719238281 638.75 532.25
0 0.0119 48.98699760437012 56.884017944335945 101.34599685668945 80.20253753662111
0 0.0115 268.73302459716797 177.0623550415039 321.5725326538086 200.02565002441406
0 0.0114 518.0786514282227 87.45929336547853 572.1670913696289 109.62592697143556
0 0.0114 187.88917541503906 137.5645217895508 242.34073638916016 159.51909637451172
0 0.0111 268.36997985839844 137.28757476806643 321.90174102783203 159.7991714477539
0 0.0109 609.3148803710938 466.23227691650385 638.75 490.7958755493164
0 0.0109 268.75804901123047 217.0468673706055 321.54979705810547 240.04125213623044
0 0.0109 587.9893493652344 187.50325775146487 638.75 209.580322265625
0 0.0107 377.61837005615234 207.7160797119141 432.5881576538086 229.3658599853516
0 0.0107 327.9655456542969 227.528434753418 382.2693634033203 249.55670928955078
0 0.0106 207.7308464050293 227.65298461914065 262.4854850769043 249.4295654296875
0 0.0105 187.70065307617188 107.67251586914062 242.51243591308594 129.4102249145508
0 0.0105 119.37228679656982 516.1223754882812 171.10191822052002 532.25
0 0.0104 100.47941207885742 485.66911315917963 150.03423690795898 511.399169921875
0 0.0104 0.0 42.44613265991212 34.92410659790039 74.69108200073242
0 0.0104 609.5788764953613 386.01892089843744 638.7499809265137 411.0062561035156
0 0.0104 467.9381561279297 57.54062271118164 522.2950744628906 79.54387283325197
0 0.0103 609.2509460449219 356.2778625488281 638.75 380.7502899169922
0 0.0102 337.66014099121094 117.69641494750978 392.54913330078125 139.38628768920898
0 0.0101 367.61436462402344 177.71735763549802 422.5920104980469 199.3643913269043
0 0.0101 608.7822723388672 -33.395606517791734 638.75 -9.576031208038316
