0 0.2242 7.953319698572159 134.7396820783615 47.100480645895004 154.38313782215118
0 0.2195 7.915757596492767 87.89756894111633 47.13320732116699 107.47584700584412
0 0.2156 7.938597351312637 111.31440103054047 47.11344465613365 130.93356788158417
0 0.2022 7.7804215252399445 64.58054482936859 47.25051671266556 83.92052352428436
0 0.1973 9.167611598968506 155.00715374946594 61.52474135160446 180.9242069721222
0 0.1402 7.323339581489563 41.50564968585968 47.653503715991974 60.125261545181274
0 0.1384 135.05598902702332 231.92095756530762 185.71487069129944 260.1833939552307
0 0.1332 62.8313422203064 173.61265420913696 101.62606835365295 193.6294138431549
0 0.1300 47.26451635360718 134.4858556985855 85.95271408557892 154.62876856327054
0 0.1284 47.07744903862476 87.80097961425781 86.11115626990795 107.5696051120758
0 0.1198 47.13079147040844 111.18844151496886 86.06523461639881 131.05592131614685
0 0.1130 117.53606796264648 212.64523267745972 156.3013792037964 232.7197194099426
0 0.1090 23.48284237086773 181.69844150543213 62.80859000980854 201.1759877204895
0 0.1064 46.9113290309906 64.51857089996338 86.25397086143494 83.9809775352478
0 0.1022 70.37177681922913 197.31083512306213 109.67154800891876 216.81329607963562
0 0.1009 93.7502272427082 236.42334342002866 133.16072151064873 255.8266222476959
0 0.0915 109.47443544864655 189.45848941802976 148.700013756752 209.03933048248288
0 0.0913 109.80458930134773 259.43824648857117 148.42001721262932 279.6742618083954
0 0.0733 156.88291192054749 204.5050859451294 195.1291859149933 225.2219319343567
0 0.0662 6.935831159353256 18.33600550889969 48.001088201999664 36.42059117555618
0 0.0626 101.60518065094948 166.07539355754852 140.9359835088253 185.5490356683731
0 0.0606 70.69981843233109 259.4939172267914 109.39095169305801 279.62151169776917
0 0.0575 164.67934846878052 259.2044770717621 202.95625925064087 279.8973619937897
0 0.0541 86.20893582701683 142.42593944072723 125.1138485968113 162.31833398342133
0 0.0521 54.69568073749542 220.79557180404663 94.09047663211823 240.2048110961914
0 0.0482 94.25993263721466 282.7894389629364 132.72754848003387 303.19520831108093
0 0.0454 54.305704310536385 41.42439365386963 94.43332068622112 60.205668210983276
0 0.0447 86.0474668443203 119.14406716823578 125.2518929541111 138.72955739498138
0 0.0442 148.6125886440277 181.5814971923828 187.6962184906006 201.29036903381348
0 0.0436 4.449144937098026 201.45842432975766 34.785098396241665 228.26430201530457
0 0.0395 187.7104938030243 236.2326681613922 226.7288863658905 256.0129463672638
0 0.0394 86.0300213098526 95.72131931781769 125.26719272136688 115.27751386165619
0 0.0352 85.88055148720741 72.41567969322205 125.39693340659142 91.71095490455627
0 0.0330 6.983004510402679 -5.134321749210358 47.95892536640167 13.015709817409515
0 0.0305 137.296661734581 279.4750034809112 167.56822168827057 306.48884177207947
0 0.0229 0.0 -62.499999999999986 399.15022253990173 157.43356943130493
0 0.0218 140.19890129566193 158.64640474319455 180.40992319583893 177.35913395881653
0 0.0209 59.11997705698013 279.6298861503601 89.48705345392227 306.3466548919678
0 0.0197 93.36541593074799 49.239769577980034 133.4981471300125 68.01542639732361
0 0.0192 124.27054345607758 127.61124968528746 165.05636274814606 145.89515328407288
0 0.0188 253.88598442077637 304.6867251396179 499.0234375 436.5234375
0 0.0186 53.73159795999527 18.386751413345337 94.94779258966446 36.36962175369263
0 0.0168 0.0 304.68524992465973 250.37401914596558 436.5234225988388
0 0.0162 124.22509863972664 104.2013168334961 165.0979034602642 122.42966890335082
0 0.0157 47.40826599299908 243.6241805553436 69.47742588818073 279.82333302497864
0 0.0154 195.0169801712036 213.23418617248535 234.9816858768463 232.14530944824216
0 0.0150 295.2090799808502 -59.313811361789696 337.78128027915955 -42.183294892311096
0 0.0145 400.5407243967056 -62.5 499.0234225988388 -7.930282503366474
0 0.0140 0.0 -29.008857905864716 31.800013035535812 -9.987860918045042
0 0.0135 168.4260368347168 279.8212170600891 198.92171025276184 306.1712980270386
0 0.0129 475.9276956319809 17.831623554229736 499.0234524011612 36.8780791759491
0 0.0126 4.401766695082188 232.83502459526062 34.82664283365011 259.3981921672821
0 0.0116 448.74407351017 50.653770565986626 499.0234225988388 89.646115899086
0 0.0116 475.7740646600723 423.9363819360733 499.0234225988388 436.5234225988388
0 0.0113 124.48366358876228 80.58232069015502 164.8663990199566 99.17294979095458
0 0.0111 303.34773659706116 252.99593806266785 345.2966511249542 270.50861716270447
0 0.0111 0.0 -60.17208099365234 31.8942628800869 -41.32323712110519
0 0.0108 475.8661836385727 -5.5616628378629684 499.0234524011612 13.396499678492546
0 0.0108 248.44781309366226 -59.37600880861282 290.80184549093246 -42.12001711130142
0 0.0106 342.4378037452698 -59.51851233839989 384.33367013931274 -41.97650402784347
0 0.0103 202.9489427804947 260.0133717060089 242.68905818462372 279.1147530078888
0 0.0103 186.91733479499817 182.19874054193497 227.42432355880737 200.68266242742538
