0 0.3977 270.7252502441406 50.09801864624023 491.5412902832031 149.2983055114746
0 0.2551 258.4458541870117 151.31603240966797 444.04903411865234 228.74923706054688
0 0.0991 320.9687042236328 2.6186084747314453 409.57183837890625 47.134504318237305
0 0.0891 278.4458541870117 231.31606101989743 464.04903411865234 308.74924659729
0 0.0504 415.87921142578125 16.512165069580075 454.44053649902344 53.42706680297851
0 0.0405 270.1793384552002 22.457141876220703 320.29147148132324 47.61869430541992
0 0.0350 293.06254386901855 -55.08583068847656 408.191499710083 -5.435953140258787
0 0.0342 269.35985565185547 -6.865384578704833 321.00955963134766 16.952626705169678
0 0.0280 188.11857223510742 97.09827423095702 272.60263442993164 163.12622070312497
0 0.0270 440.69095611572266 141.93233489990232 468.9212417602539 188.10432434082028
0 0.0232 439.35070037841797 203.1418228149414 491.0176467895508 226.9455337524414
0 0.0223 297.7426528930664 319.26666259765625 443.9835739135742 380.66009521484375
0 0.0217 235.58988571166992 58.145866394042976 274.61706161499023 91.92245483398438
0 0.0194 405.2653121948242 -21.094236373901367 444.90909576416016 11.227893829345703
0 0.0191 225.17337799072266 19.104366302490234 264.9928283691406 51.04684829711913
0 0.0188 324.97406005859375 389.9990081787109 638.75 558.75
0 0.0179 219.29834365844727 -16.820390224456787 271.06435775756836 6.907975673675537
0 0.0175 230.7267189025879 162.23012924194333 258.8784599304199 207.87321090698242
0 0.0168 0.0 389.9971199035644 320.47874450683594 558.7499809265137
0 0.0163 173.0625343322754 -75.08583068847656 288.1915092468262 -25.43595314025879
0 0.0150 225.19304275512695 209.05755043029782 264.9753761291504 241.08954429626462
0 0.0138 512.6921272277832 -80.0 638.7499809265137 -10.150761604309086
0 0.0126 608.9279174804688 542.6869201660155 638.75 558.75
0 0.0120 511.90391540527344 49.841804504394524 638.75 149.6270751953125
0 0.0119 318.14717292785645 -76.08067750930786 372.1046733856201 -53.83373975753785
0 0.0112 458.9530944824219 233.42010498046875 511.37367248535156 256.66831970214844
0 0.0112 195.19744873046875 59.051222801208496 234.9710464477539 91.09529972076416
0 0.0112 455.82935333251953 17.328987121582028 494.42310333251953 52.67272949218749
0 0.0105 184.9947166442871 19.449787139892575 225.1589012145996 50.73257446289062
0 0.0101 0.0 -80.0 161.92270278930664 3.840036392211914
