0 0.0254 -13.499999999999972 299.8858642578125 625.2499999999999 638.75
0 0.0229 -13.500000000000007 0.0 497.41228485107416 281.5149688720703
0 0.0213 407.1064605712891 281.31545066833496 435.5227508544922 328.59787940979004
0 0.0206 601.6956939697266 388.6137008666992 625.2500000000001 421.49593353271484
0 0.0193 595.9824981689453 462.59864807128906 625.2500000000001 487.42774963378906
0 0.0188 498.40391540527344 169.84180450439453 625.2499999999999 269.6270751953125
0 0.0182 561.9707145690918 604.7563171386719 625.2500190734863 638.75
0 0.0181 437.08597564697266 291.19022369384766 465.54750823974615 338.7022018432617
0 0.0181 596.0785331726074 422.5191879272461 625.2500190734863 447.50598907470703
0 0.0177 596.0719718933105 362.52601623535156 625.2500190734863 387.4993896484375
0 0.0175 596.0381355285645 332.55271911621094 625.2499809265137 357.4729919433594
0 0.0171 377.14907073974615 261.5936279296875 405.4713668823242 308.3697509765625
0 0.0167 595.9458198547363 492.62828826904297 625.2499809265137 517.398567199707
0 0.0165 601.7021026611328 298.59657287597656 625.2499999999999 331.51161193847656
0 0.0157 357.1651306152344 191.70608520507812 385.4520263671875 238.2790756225586
0 0.0157 498.40391540527344 49.84180450439453 625.2499999999999 149.6270751953125
0 0.0149 467.1126403808594 311.3492965698242 495.5152740478516 358.5689163208008
0 0.0147 387.17604064941406 201.79128646850586 415.4389801025391 248.2118797302246
0 0.0147 595.9325256347656 522.6390838623047 625.2499999999999 547.3879241943359
0 0.0142 377.197135925293 311.9657516479492 405.4137649536132 358.0759048461914
0 0.0140 365.82411193847656 622.6637268066406 417.6438751220703 638.75
0 0.0140 327.1650924682618 181.70513153076172 355.45206451416016 228.27972412109375
0 0.0137 351.8735733032227 548.6812973022461 391.30922698974615 581.4326858520508
0 0.0136 595.8231010437012 552.7224731445312 625.2500190734863 577.3051452636719
0 0.0134 425.81144714355474 622.6744079589844 477.6549377441407 638.75
0 0.0134 407.19507598876964 331.9483947753906 435.4162063598633 378.08937072753906
0 0.0133 347.1747055053711 241.7795181274414 375.4405441284179 288.2209777832031
0 0.0132 417.17184448242193 181.75695419311523 445.4440155029297 228.2387351989746
0 0.0131 417.15456390380865 231.62811279296875 445.46472930908203 278.34129333496094
0 0.0131 596.2716522216797 272.34655380249023 625.2499999999999 297.6746940612793
0 0.0130 391.8110504150391 548.8191223144531 431.36610412597656 581.3069152832031
0 0.0129 311.8438568115235 548.7440490722656 351.3365783691407 581.3754272460938
0 0.0127 361.91110992431646 358.59256744384766 401.2755813598633 391.51378631591797
0 0.0126 485.7968368530273 622.6867866516113 537.6677169799805 638.7499809265137
0 0.0124 347.20705413818365 292.05010414123535 375.40186309814453 338.0106258392334
0 0.0122 305.8117237091065 622.6737785339355 357.6548137664795 638.7500190734863
0 0.0122 387.18309783935547 151.8437623977661 415.4304733276368 198.17016124725342
0 0.0120 366.0482635498047 452.9930877685547 417.34228515625006 477.0928192138672
0 0.0119 342.00399780273443 148.37276458740234 381.19215393066406 181.71470642089844
0 0.0119 595.7685127258301 12.765588760375977 625.2499809265137 37.26261615753174
0 0.0118 311.8178787231446 378.80332946777344 351.3600387573242 411.3213348388672
0 0.0118 371.8047943115235 398.82781982421875 411.3723602294922 431.2989807128906
0 0.0118 447.1637954711914 181.6954803466797 475.4536666870117 228.28746795654297
0 0.0116 321.8696823120118 338.6875534057617 361.3130416870118 371.42696380615234
0 0.0115 317.16398620605474 231.70154571533203 345.4534759521485 278.28330993652344
0 0.0114 321.66777038574224 449.11670684814453 361.49786376953125 481.0355758666992
0 0.0110 447.14579010009766 241.56499862670898 475.47525787353516 288.3919334411621
0 0.0109 411.95528411865234 378.4906005859375 451.23575592041016 411.6069793701172
0 0.0107 351.9255294799805 588.5647201538086 391.262077331543 621.539192199707
0 0.0107 382.01239013671875 118.35484504699707 421.1844482421875 151.73110008239746
0 0.0107 281.71544456481934 449.0169906616211 321.45423316955566 481.1264419555664
0 0.0107 297.16654205322266 181.7184066772461 325.4503860473632 228.2695770263672
0 0.0106 486.15694427490234 552.9094314575195 537.2460403442383 577.1756362915039
0 0.0106 431.751579284668 548.9456939697266 471.42061614990234 581.19140625
0 0.0106 317.2239151000977 282.19974517822266 345.3817977905274 327.8957748413086
0 0.0104 281.85255432128906 408.7272262573242 321.3284149169922 441.3908004760742
0 0.0104 422.1123733520508 148.09892654418945 461.0961380004882 181.96542739868164
0 0.0101 391.8984069824219 588.6268615722656 431.2865295410156 621.4823913574219
0 0.0100 286.0940780639648 152.95545101165771 337.3021926879883 177.12976932525635
