0 0.0728 509.1378402709961 -46.71184659004211 561.2089920043945 -23.20074915885925
0 0.0651 428.7162780761719 -66.42443656921387 481.58714294433594 -43.48723888397217
0 0.0590 589.3439483642578 -66.85487747192381 638.75 -43.05794715881348
0 0.0567 318.4181594848633 -76.24246597290039 371.8581771850586 -53.670692443847656
0 0.0567 595.4120635986328 -41.40497207641601 634.7743225097656 -8.488502502441404
0 0.0558 429.14180755615234 -36.708364486694336 481.20410919189453 -13.203372955322264
0 0.0557 518.4503173828125 -76.26172542572021 571.8288421630859 -53.65124702453613
0 0.0508 525.2944183349609 -21.151065826416012 564.8818969726562 11.279706954956053
0 0.0470 368.7710189819336 -56.46756172180176 421.53942108154297 -33.44515323638916
0 0.0385 368.82266998291016 -26.49900436401367 421.49227142333984 -3.4133434295654297
0 0.0377 605.549488067627 -1.7402458190917969 638.7499809265137 31.818141937255856
0 0.0362 485.06553649902344 -20.681502819061276 525.0926208496094 10.851924419403074
0 0.0362 308.6445713043213 -46.37831211090088 361.6519069671631 -23.53344440460205
0 0.0327 419.57210540771484 -7.024366855621337 470.82103729248047 17.11021661758423
0 0.0320 258.53668212890625 -76.31343603134155 311.75018310546875 -53.599016666412346
0 0.0307 565.5830001831055 -1.8261456489562977 604.6221542358398 31.896793842315674
0 0.0280 585.6160354614258 38.08878898620605 624.5930099487305 71.9747257232666
0 0.0258 500.33103942871094 12.318944931030272 550.1601409912109 37.753896713256836
0 0.0254 0.0 219.8858642578125 638.75 558.75
0 0.0241 309.18087005615234 -16.734399795532227 361.16886138916016 6.8227386474609375
0 0.0238 495.6950378417969 37.85602569580078 534.5258331298828 72.18820571899414
0 0.0237 369.7633361816406 2.8241825103759743 420.6523895263672 27.259664535522457
0 0.0233 480.84877014160156 -66.42144680023192 508.7345886230469 -23.11606407165527
0 0.0229 0.0 -79.99999999999999 510.9122848510742 201.51496887207028
0 0.0218 495.74501037597656 97.70223617553712 534.4837951660156 132.32938766479492
0 0.0212 198.81656646728516 -76.48961067199707 251.4966583251953 -53.42197418212891
0 0.0211 425.5849075317383 58.17308902740478 464.6200942993164 91.89748287200926
0 0.0211 439.77474212646484 22.81224250793457 490.6428909301758 47.271108627319336
0 0.0206 545.6656265258789 37.95166015624999 584.5499801635742 72.10042953491211
0 0.0204 385.53043365478516 58.30642700195312 424.6687698364258 91.77541732788085
0 0.0204 565.6816101074219 77.90311813354491 604.5365142822266 112.1449851989746
0 0.0202 455.66429138183594 97.95124053955078 494.5515441894531 132.10083007812497
0 0.0192 249.15069580078125 -46.716108322143555 301.1964797973633 -23.195867538452145
0 0.0188 38.820645809173584 -76.50003433227539 91.49463891983032 -53.41264724731445
0 0.0187 585.4010009765625 178.61841201782227 624.7844696044922 211.4901542663574
0 0.0187 555.6233978271484 118.06781768798827 594.5866394042969 151.9939422607422
0 0.0182 415.673828125 97.92646408081055 454.54307556152344 132.12354660034177
0 0.0180 380.3524398803711 32.29971885681152 430.14156341552734 57.772760391235344
0 0.0168 605.394458770752 78.6307954788208 638.7499809265137 111.47883892059325
0 0.0163 320.00579833984375 12.621192932128906 370.4401397705078 37.45918273925781
0 0.0163 470.7052230834961 71.9020414352417 519.8494338989258 98.15491199493407
0 0.0162 18.932695388793945 33.43270301818847 71.39222145080566 56.65560722351074
0 0.0161 28.741800785064697 -46.446375846862786 81.56526327133179 -23.466048240661618
0 0.0157 505.6456756591797 137.9983901977539 544.5680999755859 172.05760955810547
0 0.0156 545.5028533935547 158.3733367919922 584.6934509277344 191.7142105102539
0 0.0147 595.3952407836914 118.63401412963866 634.7894668579102 151.47588729858396
0 0.0146 129.41340923309326 -76.90372467041014 180.96168994903564 -53.009181022644036
0 0.0143 378.84124755859375 -80.0 431.55967712402344 -63.06020379066466
0 0.0142 375.63438415527344 98.03752899169922 414.5771026611328 132.02171325683594
0 0.0137 18.654146194458008 3.6115360260009743 71.64411544799805 26.47614479064941
0 0.0135 585.3323745727539 218.77330780029297 624.8466110229492 251.3486862182617
0 0.0134 329.7908020019531 42.78855323791504 380.6309509277344 67.29315757751463
0 0.0134 545.3493118286133 198.73065948486328 584.8317337036133 231.38763427734375
0 0.0132 269.6265506744385 22.92856216430664 320.7738399505615 47.156143188476555
0 0.0130 189.3424415588379 -46.85151576995849 241.02483749389648 -23.06098461151123
0 0.0130 18.988146781921387 63.39218139648438 71.34304523468018 86.69565200805664
0 0.0128 590.1226043701172 152.52010345458984 638.75 177.55840301513672
0 0.0124 249.53058242797852 -16.99585914611816 300.8584785461426 7.081584930419921
0 0.0119 0.7696533203125 -47.35527992248535 28.827452659606934 -2.439279556274414
0 0.0117 79.29409265518188 33.18243980407715 131.06820821762085 56.90512657165527
0 0.0116 609.0029716491699 542.6293182373047 638.7500190734863 558.7499999999999
0 0.0115 329.73880767822266 72.84305572509764 380.6740951538086 97.24094390869139
0 0.0114 89.34818267822266 -46.860356330871575 141.0207176208496 -23.052821159362793
0 0.0114 465.49705505371094 138.38609695434567 504.69871520996094 171.70251846313477
0 0.0105 609.2996025085449 252.7402877807617 638.7500190734863 277.28748321533203
0 0.0104 505.40069580078125 178.61860275268552 544.7847747802734 211.48996353149414
0 0.0103 269.58422660827637 52.96412467956544 320.81074714660645 77.12132453918457
0 0.0100 0.0 -80.0 34.98424530029297 -48.93667221069335
0 0.0100 219.4588851928711 33.06253433227539 270.9212112426758 57.024288177490234
