0 0.1502 239.39077377319336 113.10966491699217 290.9825325012207 136.97711944580078
0 0.1211 188.95536422729492 93.41445922851562 241.3724708557129 116.67343139648438
0 0.1072 249.05433654785156 83.3530044555664 301.2823486328125 106.7355728149414
0 0.1035 239.17617797851562 143.26591491699216 291.17366790771484 166.82201385498047
0 0.0857 178.91973495483398 123.43929290771482 231.40432357788086 146.64875030517578
0 0.0841 188.38140487670898 63.784847259521484 241.89043045043945 86.3025665283203
0 0.0427 179.16982650756836 153.26900482177734 231.1796760559082 176.8187713623047
0 0.0416 247.90781021118164 54.06075477600097 302.3221778869629 76.02396965026854
0 0.0412 144.98342037200928 79.47457790374754 185.16905307769775 110.71001529693604
0 0.0370 294.85328674316406 109.708194732666 335.2913284301758 140.49791336059567
0 0.0338 229.32146072387695 173.16368103027344 281.0435676574707 196.9239044189453
0 0.0335 177.37585067749023 34.35047149658203 232.80950546264648 55.73020935058594
0 0.0324 128.91570568084717 53.44718933105469 181.40686511993408 76.6415786743164
0 0.0254 0.0 219.8858642578125 638.75 558.75
0 0.0237 298.2675552368164 143.8442039489746 351.99596405029297 166.241397857666
0 0.0229 0.0 -79.99999999999999 510.9122848510742 201.51496887207028
0 0.0219 179.33944702148438 183.14559936523435 231.02859497070312 206.94122314453125
0 0.0187 304.66285705566406 80.03911972045898 345.4705810546875 110.19796371459961
0 0.0174 118.52781295776367 23.694162368774414 171.75777435302734 46.393651962280266
0 0.0167 68.8731861114502 43.47092628479004 121.44608497619629 66.6171932220459
0 0.0163 287.79727935791016 174.1195297241211 342.42393493652344 195.96397399902344
0 0.0154 150.79544067382812 112.92119979858398 178.7969970703125 157.35662460327146
0 0.0149 167.20138549804688 4.439039230346681 222.97039031982422 25.6397533416748
0 0.0146 198.91803741455078 213.4347152709961 251.40708923339844 236.6524887084961
0 0.0145 105.00328063964844 79.43459033966064 145.15081405639648 110.74637889862059
0 0.0144 237.22978591918945 24.422569274902344 292.94469833374023 45.65620422363281
0 0.0140 218.48106384277344 323.7216567993164 271.8004608154297 346.36577606201166
0 0.0126 267.99869537353516 274.00501251220703 322.2400665283203 296.07967376708984
0 0.0126 512.6921272277832 -80.0 638.7499809265137 -10.150761604309086
0 0.0123 198.17174911499023 243.90022277832028 252.08330154418945 266.18476867675776
0 0.0122 307.8870391845703 54.06798362731933 362.34214782714844 76.01593971252441
0 0.0119 258.6146354675293 203.64168167114258 311.6787528991699 226.44662857055664
0 0.0118 218.1635284423828 293.91338348388666 272.08892822265625 316.17282867431635
0 0.0116 511.90391540527344 129.84180450439453 638.75 229.6270751953125
0 0.0114 608.8543891906738 13.057737350463867 638.7499809265137 36.97096824645996
0 0.0105 58.7819766998291 13.52640151977539 111.52926445007324 36.56105041503906
0 0.0104 48.9536190032959 73.41320037841795 101.37457847595215 96.67434692382811
0 0.0102 108.62220764160156 -6.364555358886718 161.67221069335938 16.45269393920898
0 0.0102 608.9825248718262 542.645034790039 638.7500190734863 558.75
0 0.0100 278.2139205932617 243.87950897216794 332.04395294189453 266.2063217163086
