0 0.0288 339.2789840698242 16.191986083984382 391.0819625854492 39.895465850830085
0 0.0281 574.3924140930176 -22.163183212280266 638.7499809265137 27.747018814086918
0 0.0254 0.0 192.88586425781247 638.75 531.75
0 0.0235 288.4351348876953 36.74038696289063 341.84425354003906 59.34553909301758
0 0.0229 0.0 -107.00000000000001 510.9122848510742 174.5149688720703
0 0.0213 288.9433288574219 -3.5776920318603436 341.38336181640625 19.6655445098877
0 0.0201 348.68309020996094 -13.4033031463623 401.61712646484375 9.491556167602546
0 0.0198 574.3924140930176 -82.16318321228027 638.7499809265137 -32.252971649169915
0 0.0194 349.5296096801758 46.00346374511719 400.8596420288086 70.08206176757812
0 0.0187 518.9097595214844 -33.559076309204094 571.4144134521484 -10.353605270385735
0 0.0164 574.3924140930176 37.8368263244629 638.7499809265137 87.74702835083008
0 0.0157 288.09481620788574 66.94670486450195 342.15306282043457 89.13813400268555
0 0.0144 238.49842071533203 16.708915710449226 291.7852020263672 39.378307342529304
0 0.0141 398.99044036865234 16.396310806274418 451.33975982666016 39.69230461120606
0 0.0138 298.5239791870117 -33.30245447158812 351.7610549926758 -10.609597682952874
0 0.0133 519.2592620849609 -3.799392700195305 571.1007690429688 19.886157989501957
0 0.0123 608.9838409423828 515.6442718505858 638.75 531.7499999999999
0 0.0119 228.55230331420898 56.678932189941406 281.73559188842773 79.4089584350586
0 0.0117 574.3924140930176 97.83682632446289 638.7499809265137 147.7470283508301
0 0.0116 258.2831573486328 96.84141921997069 311.98028564453125 119.24521255493164
0 0.0111 238.68911743164062 -23.410369873046868 291.6123962402344 -0.5018348693847599
0 0.0110 518.3595275878906 -63.20829105377196 571.9116973876953 -40.705306053161614
0 0.0105 348.9143371582031 76.43605041503906 401.4106750488281 99.6510009765625
0 0.0103 348.29254150390625 166.83634567260742 401.97166442871094 189.2504005432129
0 0.0101 268.20194244384766 136.88626098632812 322.05493927001953 159.19949340820312
0 0.0100 228.3604621887207 216.7913513183594 281.91083908081055 239.2950897216797
