0 0.2993 270.7252502441406 106.09801864624023 491.5412902832031 205.2983055114746
0 0.2243 310.7252502441406 -13.901981353759751 531.5412902832031 85.29830551147462
0 0.1966 278.4458541870117 207.31603240966797 464.04903411865234 284.7492370605469
0 0.0800 230.2071762084961 59.80842208862306 320.28594970703125 102.03761672973634
0 0.0656 162.0012664794922 145.20032501220703 276.64344787597656 328.3202896118164
0 0.0498 219.21329498291016 21.27063369750978 311.26251220703125 60.698181152343764
0 0.0465 278.4458541870117 287.3160705566406 464.04903411865234 364.7492370605469
0 0.0446 498.4458923339844 87.3160276412964 638.75 164.74924182891846
0 0.0380 358.8385009765625 -63.999999999999986 543.4258270263672 -14.650777816772447
0 0.0344 235.42030334472656 104.57452392578126 274.7669982910156 137.5302276611328
0 0.0281 238.12387466430664 -0.06492996215818891 292.1253776550293 22.150703430175795
0 0.0256 511.90391540527344 185.84183311462402 638.75 285.62708473205566
0 0.0241 113.06253433227539 80.91417407989503 228.19150924682617 130.5640516281128
0 0.0228 459.6654510498047 218.89596557617188 510.7398986816406 243.18807220458984
0 0.0224 233.06254386901855 -59.08583068847655 348.191499710083 -9.435953140258775
0 0.0200 459.2894744873047 249.1836700439453 511.07276916503906 272.9036102294922
0 0.0188 324.97406005859375 405.99900817871094 638.75 574.75
0 0.0181 169.02433395385742 49.37030410766603 221.3099479675293 72.71785354614259
0 0.0169 458.236083984375 329.8662338256836 512.0238494873047 352.2196731567383
0 0.0168 0.0 405.99711990356445 320.47874450683594 574.7499809265137
0 0.0165 168.29626083374023 9.83323431015016 221.96847915649414 32.25339746475221
0 0.0150 511.90391540527344 305.8418426513672 638.75 405.6270751953125
0 0.0147 42.00127601623535 145.20032501220703 156.6434383392334 328.3202896118164
0 0.0146 459.02233123779297 279.3695983886719 511.31221771240234 302.7182922363281
0 0.0144 546.1190795898438 -63.999999999999986 638.75 74.85635375976564
0 0.0144 388.4435272216797 369.74462127685547 441.8345642089844 392.34265899658203
0 0.0130 447.87601470947266 360.07527923583984 502.3519515991211 382.0087203979492
0 0.0119 108.34758758544922 59.80118370056154 161.9220733642578 82.28550529479982
0 0.0118 608.9450263977051 558.6736450195312 638.7499809265137 574.75
0 0.0115 178.13974380493164 -20.072854995727525 232.11061477661133 2.158905029296889
0 0.0114 118.06177139282227 29.968696594238295 172.1825408935547 52.11637115478517
0 0.0110 0.0 -63.999999999999986 161.92270278930664 19.84003639221193
0 0.0110 329.4308090209961 369.08521270751953 380.9458541870117 393.00206756591797
