0 0.2574 248.30415725708008 -12.666410446166978 301.9601631164551 9.753824234008803
0 0.2019 239.64462280273438 16.423002243042006 290.75611114501953 40.66269493103029
0 0.1926 197.90611267089844 -32.436515331268296 252.32330322265625 -10.478512287139878
0 0.1880 188.97018432617188 -3.0910434722900244 241.35818481445312 20.17954444885255
0 0.1736 256.6757583618164 -41.79579401016234 313.45409393310547 -21.130067348480207
0 0.1494 297.8295040130615 7.606330871582045 352.3933506011963 29.478107452392585
0 0.1287 306.7189025878906 -21.818803787231428 363.4147644042969 -1.1069431304931505
0 0.1031 189.65059280395508 26.41336059570314 240.75185775756836 50.67161178588868
0 0.0902 457.6266098022461 -22.287181854248033 512.5802993774414 -0.6306495666503762
0 0.0762 245.52324295043945 41.83105087280274 284.67451095581055 75.25287246704103
0 0.0732 206.91343307495117 -61.91456699371336 263.23537826538086 -41.00924396514891
0 0.0622 288.7839412689209 37.033329963684096 341.52573585510254 60.055285453796394
0 0.0508 266.1836528778076 -61.57022380828855 323.91072273254395 -41.36196994781493
0 0.0469 468.4506607055664 7.239223480224622 521.8283462524414 29.84796142578126
0 0.0457 589.6601867675781 36.409197807312026 638.75 60.67613697052003
0 0.0453 457.17185974121094 -52.05248737335204 512.9991149902344 -30.870007514953596
0 0.0419 205.60644149780273 51.605120658874526 244.6022605895996 85.45976734161377
0 0.0369 518.6278915405273 -32.87271165847777 571.6680526733398 -10.039798259735093
0 0.0367 396.89964294433594 -21.90942192077635 453.2484436035156 -1.0147800445556496
0 0.0349 155.06701946258545 -37.18126440048216 195.09090900421143 -5.648294925689683
0 0.0338 326.35215759277344 -41.64789342880247 383.75465393066406 -21.28237390518187
0 0.0314 599.3634033203125 6.634756088256849 638.75 30.452848434448253
0 0.0306 599.2017936706543 -33.24929618835448 638.7500190734863 -9.66245079040526
0 0.0256 519.0040588378906 26.878810882568377 571.3292694091797 50.20864105224611
0 0.0254 0.0 193.38586425781247 638.75 532.25
0 0.0248 529.1415786743164 -3.2136287689208842 581.2054824829102 20.30113792419435
0 0.0238 609.2601013183594 66.2702522277832 638.75 90.75778579711915
0 0.0233 187.97174453735352 -102.47959041595458 242.26469039916992 -80.43587827682492
0 0.0229 0.0 -106.49999999999999 510.9122848510742 175.01496887207034
0 0.0227 357.0116424560547 -1.9651165008544775 413.1452178955078 19.042039871215835
0 0.0220 160.7796859741211 -3.755544662475572 188.8155746459961 40.98620033264161
0 0.0195 209.91552352905273 116.1883888244629 260.5209159851074 140.8921012878418
0 0.0190 396.8060302734375 -51.866258621215806 453.3354949951172 -31.05936431884764
0 0.0189 458.6555480957031 37.11122131347658 511.64268493652344 59.976535797119155
0 0.0188 250.58561325073242 75.54837799072266 299.9464988708496 101.51509857177736
0 0.0186 407.74959564208984 17.64657592773439 462.4673843383789 39.436679840087905
0 0.0186 149.1115379333496 -63.18538093566894 201.23083114624023 -39.726013183593736
0 0.0173 545.1330947875977 52.68172836303712 585.030403137207 84.4764289855957
0 0.0169 236.69536590576172 -81.81327128410337 293.4379196166992 -61.113648653030374
0 0.0164 347.80513763427734 27.6185760498047 402.4159622192383 49.4654998779297
0 0.0158 599.2511177062988 -63.28753376007078 638.7499809265137 -39.62482357025145
0 0.0155 230.2818489074707 145.86566543579104 280.20238876342773 171.20837783813477
0 0.0147 260.12706756591797 116.01548767089847 310.33451080322266 141.0628662109375
0 0.0145 200.53539276123047 85.57481384277344 249.9939727783203 111.4869842529297
0 0.0142 165.38366317749023 52.15690708160401 204.80024337768555 84.95497798919678
0 0.0126 609.0129852294922 516.1215362548828 638.75 532.25
0 0.0119 280.0731945037842 146.06500244140625 330.38098335266113 171.01457214355466
0 0.0116 609.2321586608887 -93.70995903015135 638.7500190734863 -69.26201248168942
0 0.0115 489.2496109008789 66.71470260620119 541.1078262329102 90.37311172485352
0 0.0113 299.25583839416504 66.70972442626955 351.10236167907715 90.37797546386719
0 0.0113 369.00917053222656 116.87923049926756 421.3238525390625 140.2087745666504
0 0.0112 0.0 -93.8012065887451 40.52114486694336 -69.11713981628415
0 0.0108 255.5311393737793 171.8094596862793 294.6676445007324 205.27263259887695
0 0.0108 511.90391540527344 103.34180450439453 638.75 203.1270751953125
0 0.0105 518.58642578125 -62.85069370269774 571.7064666748047 -40.062502861022935
0 0.0101 308.98059844970703 106.89908599853516 361.34944915771484 130.18899536132815
0 0.0100 609.6815299987793 485.93106842041016 638.7500190734863 511.0924301147461
0 0.0100 609.6123504638672 405.98722076416016 638.75 431.0369644165039
0 0.0100 359.3873596191406 56.61229705810549 410.9855651855469 80.47448730468751
