0 0.1523 605.5518341064453 168.25716018676758 638.75 201.82050704956055
0 0.1328 599.9143218994141 142.70341873168945 638.75 167.3789405822754
0 0.1276 499.10144805908203 313.3196640014648 551.2402725219727 336.76868438720703
0 0.1047 97.4136734008789 324.3247604370117 152.77610778808594 345.75534820556635
0 0.0891 488.0921936035156 283.95660400390625 542.1535491943359 306.1294555664062
0 0.0836 28.663406372070312 163.59840393066406 81.63731575012207 186.48826599121094
0 0.0817 87.48906135559082 354.29088592529297 142.70550727844238 375.79082489013666
0 0.0806 438.30928802490234 303.8241958618164 491.95690155029297 326.26232147216797
0 0.0770 499.4630432128906 343.0562591552734 550.9181976318359 367.0301055908203
0 0.0713 28.904008865356445 133.44444274902344 81.41963005065918 156.64283752441403
0 0.0706 87.93792724609375 294.04380798339844 142.29463577270508 316.0411071777343
0 0.0684 609.7022247314453 202.40640640258786 638.75 227.615909576416
0 0.0675 158.1226921081543 323.93287658691406 212.12709426879883 346.1524963378906
0 0.0645 28.57391357421875 193.66249084472653 81.7166519165039 216.42505645751953
0 0.0641 418.8749313354492 333.47312927246094 471.4438247680664 356.6154479980469
0 0.0592 599.0339851379395 113.36816787719727 638.7499809265137 136.72060012817383
0 0.0521 28.692522048950195 103.58560562133788 81.6097354888916 126.50194168090819
0 0.0513 88.72055053710938 173.5674285888672 141.58445358276367 196.52011871337888
0 0.0488 148.37434768676758 353.7839889526367 201.8979835510254 376.3026809692382
0 0.0467 427.66536712646484 274.1948318481445 482.54405975341797 295.88809967041016
0 0.0466 88.03542137145996 203.98612976074216 142.20608711242676 226.09912872314453
0 0.0461 18.24686050415039 73.86467456817627 72.01295852661133 96.22203350067137
0 0.0448 77.87830352783203 264.07726287841797 132.3491668701172 286.0072708129883
0 0.0431 37.940940856933594 324.03572082519526 92.29331016540527 346.04827880859375
0 0.0419 89.17362213134766 143.2695198059082 141.17559432983398 166.81867599487305
0 0.0415 147.69012451171875 294.1791534423828 202.5218963623047 315.9036254882812
0 0.0408 38.48823547363281 223.71474266052246 91.79451942443848 246.3723850250244
0 0.0407 88.57660293579102 383.6646270751953 141.7133903503418 406.4234924316406
0 0.0374 97.52701759338379 234.26837921142575 152.6711940765381 255.81325531005857
0 0.0368 394.82166290283203 299.76924896240234 435.32054901123047 330.44246673583984
0 0.0367 565.4746627807617 168.43822479248044 604.7189712524414 201.65485382080078
0 0.0361 28.49498987197876 283.71273040771484 81.78790807723999 306.3747024536132
0 0.0351 0.772700309753418 142.67683029174802 28.8238525390625 187.53690719604492
0 0.0348 487.3595428466797 254.3545532226562 542.8255462646484 275.72532653808594
0 0.0332 18.934688568115234 253.43048095703122 71.3906192779541 276.65771484375
0 0.0315 508.90625 173.43793869018555 561.4186859130859 196.64861679077148
0 0.0302 8.3363676071167 43.81156921386719 61.931467056274414 66.27559661865234
0 0.0295 409.7835159301758 362.8129196166992 460.63358306884766 387.27138519287104
0 0.0285 27.877254486083984 354.0765380859375 82.35040664672852 376.0077667236328
0 0.0283 550.1151657104492 142.5164794921875 600.346794128418 167.56080627441403
0 0.0281 0.0 218.67424011230466 34.81022357940674 251.43917083740234
0 0.0272 609.3163871765137 232.72637367248535 638.7500190734863 257.30116844177246
0 0.0265 427.13653564453125 244.47502136230466 483.02940368652344 265.6036376953125
0 0.0264 548.7573623657227 293.54652404785156 601.5505599975586 316.541519165039
0 0.0255 499.17232513427734 133.26848983764648 551.1771774291992 156.81943893432617
0 0.0254 0.0 219.8858642578125 638.75 558.75
0 0.0253 137.2709035873413 264.4005584716797 192.9070520401001 285.67848205566406
0 0.0245 88.86697769165039 113.47858428955077 141.45092010498047 136.61003112792966
0 0.0239 549.47021484375 333.0543899536133 600.9111022949219 357.0324325561523
0 0.0230 208.60183715820312 343.65013122558594 261.6902542114258 366.4382171630859
0 0.0229 0.0 -79.99999999999999 510.9122848510742 201.51496887207028
0 0.0228 518.9383697509766 203.4159278869629 571.3899230957031 226.67055130004883
0 0.0227 470.8131790161133 333.13854217529297 498.77620697021484 377.19966888427734
0 0.0215 147.0267677307129 214.52520370483398 203.13177108764648 235.5515480041504
0 0.0203 374.9429702758789 329.5454788208008 415.2072525024414 360.64563751220703
0 0.0191 28.239879608154297 383.8686370849609 82.01934814453125 406.218032836914
0 0.0190 147.29644298553467 184.38549041748044 202.8839921951294 205.69351196289062
0 0.0187 609.0823364257812 262.8998565673828 638.75 287.1287536621093
0 0.0186 208.09131622314453 303.9535903930664 262.1551513671875 326.13193511962885
0 0.0181 384.94110107421875 259.5534896850586 425.2085876464844 290.638313293457
0 0.0180 598.3851623535156 83.78145217895508 638.75 106.30582809448242
0 0.0180 498.7903594970703 103.52891921997069 551.5200042724609 126.5596580505371
0 0.0179 0.0 13.514518737792967 51.50055408477783 36.574058532714844
0 0.0173 0.0 319.2060852050781 35.03971576690674 350.95420837402344
0 0.0161 548.538703918457 263.6787414550781 601.7497634887695 286.40785217285156
0 0.0160 608.9961051940918 292.96173095703125 638.7500190734863 317.0671844482422
0 0.0158 467.16087341308594 224.45140838623047 523.0096435546875 245.62572479248044
0 0.0158 198.1812286376953 273.89503479003906 252.0745849609375 296.1901092529297
0 0.0158 499.2343521118164 373.2187271118164 551.122932434082 396.86817169189453
0 0.0152 78.42095375061035 83.76234054565428 131.85418128967285 106.32547378540039
0 0.0151 188.29744338989258 243.82427215576166 241.9692039489746 266.2611770629883
0 0.0149 599.3721008300781 323.1285095214843 638.75 346.9590759277344
0 0.0148 147.9143190383911 154.05254364013672 202.31723308563232 176.0315704345703
0 0.0145 555.0938415527344 109.25840377807616 595.0668334960938 140.90662002563477
0 0.0142 580.7678985595703 202.63900756835938 608.8295745849609 247.5662994384766
0 0.0140 369.4968795776367 233.03555488586423 420.8871841430664 257.051191329956
0 0.0140 149.1909408569336 383.2521057128906 201.16119384765625 406.83532714843744
0 0.0132 79.80077505111694 412.78743743896484 130.62074899673462 437.2951126098632
0 0.0128 0.0 108.71511459350586 25.081734657287598 141.40348434448242
0 0.0127 0.7678365707397461 352.62062072753906 28.829569816589355 397.5780487060547
0 0.0127 608.5620880126953 -66.75345420837401 638.75 -43.218994140625
0 0.0123 0.0 428.5756301879883 34.77219581604004 461.52927398681635
0 0.0122 455.0341796875 119.37314987182617 495.12229919433594 150.80224990844724
0 0.0122 457.4313735961914 194.3107032775879 512.7609634399414 215.76887130737305
0 0.0120 345.2699661254883 258.90430450439453 384.9039840698242 291.22920989990234
0 0.0119 67.93039321899414 54.04709815979004 122.30173110961914 76.0376453399658
0 0.0110 339.4762420654297 303.0447006225586 390.9068298339844 327.0413589477539
0 0.0107 208.62808227539062 213.62546920776367 261.6682434082031 236.46177291870114
0 0.0106 309.82714653015137 232.77248382568357 360.5962085723877 257.31060028076166
0 0.0103 448.6748504638672 153.58898162841797 501.62742614746094 176.49738311767575
0 0.0102 498.43570709228516 73.75158309936523 551.8411636352539 96.33600234985352
0 0.0102 549.5833587646484 362.9652786254883 600.8113861083984 387.120246887207
0 0.0101 0.0 -16.753861904144287 41.14725589752197 6.8418288230896
0 0.0101 575.4707145690918 524.7563171386718 638.7500190734863 558.75
