0 0.0254 0.0 191.88586425781253 638.75 530.75
0 0.0237 297.18749046325684 56.44364547729496 352.9837894439697 77.63463211059573
0 0.0229 0.0 -107.99999999999997 510.9122848510742 173.51496887207034
0 0.0193 337.10960388183594 76.48516845703128 393.05503845214844 97.59265136718753
0 0.0180 257.5614356994629 36.248108863830595 312.6400566101074 57.83356380462649
0 0.0173 257.23644256591797 76.42045211791995 312.93827056884766 97.65858840942386
0 0.0163 337.2700500488281 36.400858879089384 392.9078674316406 57.67814350128177
0 0.0161 297.1225833892822 96.47771072387697 353.04327964782715 117.6001091003418
0 0.0150 512.6921272277832 -107.99999999999997 638.7499809265137 -38.150761604309054
0 0.0147 377.02056884765625 56.52810287475589 433.13751220703125 77.54853439331056
0 0.0126 608.9570426940918 514.6651000976562 638.7500190734863 530.75
0 0.0121 417.2297668457031 206.42387580871585 472.9444122314453 227.65508842468265
0 0.0120 307.3578643798828 196.3578052520752 362.8265380859375 217.72237968444827
0 0.0116 511.90391540527344 21.841804504394556 638.75 121.62707519531253
0 0.0116 376.9886779785156 96.54494476318362 433.16673278808594 117.5315399169922
0 0.0109 257.2323989868164 116.42331314086915 312.94178009033203 137.65580368041995
0 0.0107 347.55035400390625 216.2574691772461 402.6494598388672 237.82462310791013
0 0.0106 609.5150756835938 484.574462890625 638.75 509.45185852050776
0 0.0102 417.3765182495117 76.34490203857423 472.81009674072266 97.73497772216798
0 0.0101 337.25231170654297 116.41301345825197 392.92346954345703 137.66629409790042
0 0.0100 267.7657699584961 156.1400146484375 322.45208740234375 177.943717956543
