0 0.0480 -80.0 268.15784454345703 -45.37447452545167 301.91150665283203
0 0.0459 330.536994934082 250.93698501586914 359.10701751708984 298.9222526550293
0 0.0425 -80.0 228.35721969604492 -45.3088092803955 261.72895431518555
0 0.0423 300.5826187133789 241.16823196411133 329.05162811279297 288.72034072875977
0 0.0420 -80.0 308.0501461029053 -45.40636062622071 342.0102024078369
0 0.0415 270.5738067626953 231.1191749572754 299.06227111816406 278.762149810791
0 0.0398 -80.0 348.10787200927734 -45.38876771926879 381.95728302001953
0 0.0353 -80.0 388.2032775878906 -45.35928964614869 421.86988830566406
0 0.0350 240.60260772705075 241.28620147705078 269.0274429321289 288.6212158203125
0 0.0341 285.76885223388666 197.63086318969727 324.46346282958984 232.39492416381836
0 0.0338 360.57044982910156 251.1083221435547 389.0663909912109 298.77296447753906
0 0.0318 210.62215805053708 251.40745162963867 239.0037727355957 298.520565032959
0 0.0315 270.57823181152344 281.1435317993164 299.0568542480469 328.7413024902344
0 0.0308 325.7711791992187 207.62256622314453 364.461669921875 242.40257263183594
0 0.0305 245.77827453613278 197.59592056274414 284.45610046386713 232.42704391479492
0 0.0300 180.6389045715332 231.52111053466797 208.9836311340332 278.42811584472656
0 0.0285 300.5921173095703 291.22239112854004 329.0400695800781 338.67438316345215
0 0.0277 -80.0 428.28704833984375 -45.331931114196784 461.793212890625
0 0.0276 210.6460189819336 201.56644821166992 238.9750289916992 248.39078903198242
0 0.0274 -80.0 188.44650268554688 -45.27688026428222 221.64730072021484
0 0.0269 135.51055908203125 248.35344314575195 174.68666076660156 281.7323875427246
0 0.0266 240.60615539550778 291.3083267211914 269.0231323242187 338.6028289794922
0 0.0254 -79.99999999999999 299.8858642578125 558.75 638.75
0 0.0250 -44.76912498474121 268.98780822753906 -5.060281753540041 301.15306854248047
0 0.0249 -44.65743541717529 358.7425994873047 -5.161833763122558 391.37672424316406
0 0.0249 330.5677032470703 301.09034538269043 359.0696716308594 348.7877368927002
0 0.0240 325.5897903442383 168.1612777709961 364.6156692504882 201.9083023071289
0 0.0235 25.28468132019043 598.874397277832 64.8903751373291 631.2564468383789
0 0.0233 -44.78477001190185 399.0150451660156 -5.045371055603027 431.12823486328125
0 0.0233 -44.605555534362786 318.6298370361328 -5.209250450134277 351.47972106933594
0 0.0233 195.68897247314453 297.86547660827637 234.53178405761716 332.179536819458
0 0.0232 270.8049774169922 171.77513122558594 319.7691345214843 198.27598571777344
0 0.0231 99.7281265258789 612.8335952758789 150.68721771240234 637.2481155395508
0 0.0229 -79.99999999999999 0.0 430.91228485107416 281.5149688720703
0 0.0228 130.2348518371582 222.40385055541992 180.24400711059567 247.6704978942871
0 0.0227 95.35123825073241 268.7306022644043 134.8295783996582 301.38769149780273
0 0.0224 -44.965763092041016 229.37664031982422 -4.878101348876953 260.79906463623047
0 0.0221 -14.70548629760742 428.8484573364258 24.88187789916992 461.2801742553711
0 0.0221 180.66680908203125 181.7192840576172 208.95004272460938 228.2686996459961
0 0.0220 135.5475044250488 288.265380859375 174.65345382690427 321.81297302246094
0 0.0212 79.78862762451172 242.8025245666504 130.6303787231445 267.2808647155762
0 0.0211 149.70403671264648 612.8539276123047 200.70825576782224 637.2281646728516
0 0.0209 365.49449920654297 188.39738845825195 404.7005081176757 221.69218063354492
0 0.0208 19.53444480895996 573.0006408691406 70.85516929626465 597.0849609375
0 0.0203 240.6668853759766 151.7192268371582 268.94996643066406 198.2686424255371
0 0.0202 -4.499208927154541 388.38157653808594 34.69494104385376 421.7066192626953
0 0.0201 -80.0 468.3884811401367 -45.297141075134284 501.70040130615234
0 0.0198 -30.448894500732422 612.978515625 20.842342376708984 637.105712890625
0 0.0196 55.22084712982178 269.0024185180664 94.94959354400633 301.13975524902344
0 0.0193 -4.382064342498779 338.0836868286133 34.59131956100464 371.97940826416016
0 0.0190 135.3537368774414 188.71610641479492 174.82818603515625 221.40092849731445
0 0.0189 355.5092239379883 128.35712432861328 394.6878433227539 161.72903060913086
0 0.0186 270.60340881347656 331.28971099853516 299.0264129638672 378.6179733276367
0 0.0185 360.59715270996094 301.2590789794922 389.0340423583984 348.6449432373047
0 0.0184 -4.909191131591799 469.26876068115234 35.06919860839844 500.89717864990234
0 0.0182 79.67274188995363 582.895622253418 130.73237895965576 607.1890640258789
0 0.0182 125.47021865844727 328.4562683105469 164.72219467163086 361.6383361816406
0 0.0181 285.59425354003906 138.14992904663086 324.6117401123047 171.91869735717773
0 0.0181 80.67747116088866 311.7983341217041 108.9372444152832 358.2057857513428
0 0.0179 210.6852149963379 151.86235427856445 238.92797470092773 198.15584182739258
0 0.0177 390.6244659423828 261.4204406738281 419.0010070800781 308.509521484375
0 0.0176 5.154790878295898 539.1387557983398 45.010290145874016 571.015510559082
0 0.0175 79.53953266143799 212.99495697021484 130.8510160446167 237.0903778076172
0 0.0170 50.68836212158203 311.88990592956543 78.9242172241211 358.1345844268799
0 0.0170 -4.48359489440918 298.3488464355469 34.680490493774414 331.73656463623047
0 0.0169 -4.8310160636901855 259.1181945800781 34.9963641166687 291.03424072265625
0 0.0169 25.233802795410153 428.9743423461914 64.93778228759766 461.1653518676758
0 0.0168 -44.969844818115234 459.3818664550781 -4.8740291595458975 490.79429626464844
0 0.0164 210.69530487060547 331.95499420166016 238.9159393310547 378.0849075317383
0 0.0163 -30.901174545288082 583.3175277709961 21.243467330932617 606.7702865600586
0 0.0163 -80.0 162.36478805541992 -39.789257049560554 187.7083396911621
0 0.0162 215.2953815460205 608.8233947753906 254.88337516784665 638.75
0 0.0162 9.253396987915036 233.2118034362793 61.10451698303222 256.87597274780273
0 0.0161 75.21148681640625 549.0243148803711 114.95792388916014 581.1198043823242
0 0.0157 165.4020118713379 338.61522674560547 204.78364944458008 371.49303436279297
0 0.0156 245.51635742187497 118.34488868713379 284.68093872070307 151.7402172088623
0 0.0152 240.6448745727539 341.5656280517578 268.9764785766601 388.39263916015625
0 0.0152 370.53966522216797 222.09911346435547 419.98477935791016 247.9662322998047
0 0.0151 -10.406360626220705 512.957649230957 40.80223083496094 537.127799987793
0 0.0148 -40.75521469116211 203.2138442993164 11.11307144165039 226.87339782714844
0 0.0148 35.409908294677734 388.5975646972656 74.77645874023438 421.50917053222656
0 0.0144 355.3524780273437 88.7302303314209 394.8281860351562 121.38800621032715
0 0.0143 255.2970123291016 608.8210296630859 294.88182067871094 638.75
0 0.0142 150.71084976196286 142.07834243774414 178.89734268188477 187.98826217651367
0 0.0141 65.30241012573242 438.8253402709961 104.87527847290039 471.30123138427734
0 0.0140 -80.0 508.5597610473633 -45.23419857025147 541.5437698364258
0 0.0138 70.69620132446288 612.5260925292969 98.91836166381835 638.75
0 0.0137 205.37712097167966 118.67277145385742 244.80606079101562 151.44048690795898
0 0.0137 85.57683944702148 358.1913375854492 124.62743759155275 391.8807601928711
0 0.0136 115.28604507446288 548.8708877563477 154.8892021179199 581.259651184082
0 0.0135 295.32634735107416 608.7530708312988 334.85546112060547 638.7499809265137
0 0.0135 125.53363800048827 368.30509185791016 164.6652603149414 401.77661895751953
0 0.0133 300.6229782104492 341.41265869140625 329.00279998779297 388.5162353515625
0 0.0133 255.39325714111325 78.63595962524414 294.7914505004883 111.47411346435547
0 0.0133 315.3872299194336 98.65145683288574 354.79679107666016 131.45995140075684
0 0.0132 149.7267723083496 582.8543472290039 200.68441390991208 607.2300338745117
0 0.0131 95.27027130126953 178.89686584472656 134.90440368652344 211.23600006103516
0 0.0130 38.99070262908935 473.38672637939453 91.34155750274657 496.70055389404297
0 0.0128 79.29281234741212 513.18359375 131.06927871704102 536.9039916992188
0 0.0128 365.10337829589844 618.7402153015137 405.108413696289 638.7500190734863
0 0.0126 370.58162689208984 162.05141067504883 419.95006561279297 188.01206588745117
0 0.0126 215.22377014160156 79.00051355361938 254.94644165039062 111.1414885520935
0 0.0125 95.00638961791992 469.42455291748047 135.14837265014648 500.75550079345703
0 0.0124 75.51016330718994 398.36116790771484 114.68633174896239 431.72534942626953
0 0.0122 149.76631164550778 102.823486328125 200.6494140625 127.26055145263672
0 0.0121 432.69212722778315 0.0 558.7499809265137 69.84923839569092
0 0.0121 -79.94001388549805 602.5736618041992 -29.60699081420898 627.5057601928711
0 0.0120 -79.99999999999999 128.53891372680664 -45.2429437637329 161.56280517578125
0 0.0116 120.7224082946777 132.1780776977539 148.88349533081055 177.91133880615234
0 0.0116 29.149317741394043 203.28296661376953 81.19812488555908 226.8048095703125
0 0.0113 495.47071456909174 604.7563171386719 558.7500190734862 638.75
0 0.0113 135.052375793457 489.3367004394531 175.10555267333982 520.8354187011719
0 0.0111 405.09696960449213 618.7546539306641 445.11421203613276 638.75
0 0.0111 159.43031311035156 73.08195114135742 210.94699859619138 97.00479507446289
0 0.0110 -35.262510776519775 549.904670715332 5.400946140289307 580.3197860717773
0 0.0110 115.40445327758789 418.6018371582031 154.78219985961914 451.5052795410156
0 0.0109 155.25230407714844 548.9407730102539 194.92027282714844 581.1959457397461
0 0.0108 209.59521293640134 2.95865535736084 260.80037117004395 27.127108573913574
0 0.0108 295.3628158569336 58.706462383270264 334.8189163208008 91.40971422195435
0 0.0107 395.37654876708984 118.67793083190918 434.80617523193354 151.43576622009277
0 0.0107 195.51826477050778 378.3352279663086 234.6797180175781 411.7490768432617
0 0.0105 -80.0 2.882201671600342 -29.291248321533203 27.20313310623169
0 0.0104 -80.0 572.6668548583984 -39.50799942016601 597.4138641357422
0 0.0104 -40.790841579437256 173.23881149291992 11.144979000091553 196.84850692749023
0 0.0104 129.68801498413083 522.8850555419922 180.71859359741208 547.19970703125
0 0.0104 345.74588775634766 347.70320892333984 384.48268890380854 382.32845306396484
0 0.0101 240.6359481811523 391.4990997314453 268.9871597290039 438.44566345214844
0 0.0101 -80.0 542.5844192504883 -39.58890438079834 567.4945449829102
0 0.0101 349.56577301025385 62.98372268676758 400.8259201049804 87.10261344909668
0 0.0100 405.57640075683594 188.19244384765625 444.6278381347656 221.87976837158203
0 0.0100 175.3128433227539 488.8079071044922 214.86522674560547 521.317138671875
0 0.0100 329.35630798339844 3.1392288208007812 381.01234436035156 26.948318481445312
