0 0.2186 49.39063644409182 447.1209716796875 87.87276840209962 482.8642272949219
0 0.1848 49.43698978424074 486.7158508300781 87.85689449310304 523.2382202148438
0 0.1780 64.1778907775879 421.94026947021484 113.37070083618164 448.11878204345703
0 0.1747 9.410692214965835 447.00572967529297 47.86055183410646 482.97046661376953
0 0.1731 26.562534332275394 144.91417407989502 141.69150924682617 194.5640516281128
0 0.1652 89.31756591796876 457.4436569213867 127.92581176757814 492.56710052490234
0 0.1541 19.36828708648683 407.2416305541992 57.88703060150148 442.7530288696289
0 0.1419 9.425788879394542 486.87599182128906 47.85520172119141 523.0902099609375
0 0.1350 119.42906951904298 106.53458595275879 157.8820571899414 143.40594291687012
0 0.1312 25.29210662841798 194.6391487121582 92.05716705322267 254.9851417541504
0 0.1282 89.41567993164062 496.9651412963867 127.85859680175781 533.007926940918
0 0.1216 -26.940480709075914 160.66322326660156 24.09400320053102 209.0699005126953
0 0.1213 59.17876815795899 387.91290283203125 98.03882217407227 422.13600158691406
0 0.1170 125.01199340820312 61.73362731933594 212.58447265625 107.95413970947266
0 0.1100 79.4114456176758 106.4816951751709 117.90670013427736 143.4550380706787
0 0.1097 49.37623596191407 527.1676254272461 87.88480377197266 562.8212356567383
0 0.1038 159.42891693115234 106.83815002441406 197.85504913330078 143.12519073486328
0 0.0956 39.42473983764649 106.59054756164551 77.88199996948244 143.3541965484619
0 0.0885 -30.653869152069074 447.3038101196289 7.906402111053479 482.69580841064453
0 0.0869 149.42525482177737 146.53607845306396 187.8862533569336 183.40460300445557
0 0.0866 -6.03848838806151 110.64478874206543 22.69909477233888 159.1978359222412
0 0.0866 -6.0606136322021325 210.5777359008789 22.726198196411143 259.26647186279297
0 0.0801 -20.622657775878892 407.1887969970703 17.881618499755874 442.80174255371094
0 0.0778 93.92278289794922 200.5447769165039 122.74659729003905 249.3065643310547
0 0.0778 9.295602798461932 527.5074768066406 47.9447422027588 562.5083923339844
0 0.0732 -55.915583610534654 161.1992073059082 -27.450465202331525 208.69813919067383
0 0.0723 113.53828048706055 432.5963592529297 163.9111671447754 457.48390197753906
0 0.0715 -95.92252635955808 161.1400032043457 -67.44217300415038 208.74448776245117
0 0.0692 -35.972599029540994 210.9079360961914 -7.381252288818345 258.9519500732422
0 0.0669 19.31818103790284 367.4530029296875 57.924242973327644 402.5584411621094
0 0.0626 -30.71348333358763 487.5186538696289 7.953980922698986 522.4982070922852
0 0.0620 129.14464569091797 468.01013946533203 168.06813812255862 502.0468521118164
0 0.0619 145.88157272338867 27.599536180496216 211.64817428588867 62.34254717826843
0 0.0618 123.96518325805664 190.67251205444336 152.69469833374023 239.17551040649414
0 0.0585 79.34926605224611 67.31243371963501 117.9020462036133 102.68785238265991
0 0.0583 89.29700469970705 537.5132751464844 127.94259643554689 572.5030517578125
0 0.0572 -35.947362422943094 111.02917671203613 -7.411924839019763 158.84451866149902
0 0.0568 199.35095405578613 107.31208801269531 237.9001293182373 142.68815994262695
0 0.0547 -106.49999999999997 217.5082015991211 -72.03642988204953 252.50789642333984
0 0.0543 189.4091091156006 146.9994354248047 227.8629550933838 182.97630310058594
0 0.0540 98.89232254028322 388.64124298095703 138.29204177856448 421.4693069458008
0 0.0519 129.30064773559573 507.5141906738281 167.93838119506836 542.5022125244141
0 0.0506 49.430132865905776 256.76708221435547 87.860089302063 293.19087982177734
0 0.0468 -65.85177326202391 211.59284591674805 -37.52756977081297 258.37121963500977
0 0.0460 -80.78659915924071 127.80305862426758 -41.98995494842528 162.2368049621582
0 0.0457 63.98154830932617 362.1676254272461 113.53229141235353 387.9006576538086
0 0.0425 49.09360504150392 568.1390380859375 88.11353302001955 601.9287109375
0 0.0391 214.18439483642578 61.85903787612915 242.4289474487305 108.15887212753296
0 0.0385 39.28683853149415 67.56268739700317 77.949520111084 102.45760679244995
0 0.0381 153.62557983398438 2.5115108489990234 203.83687591552734 27.5661563873291
0 0.0364 154.0949401855469 191.2596893310547 182.5367889404297 238.64700317382812
0 0.0357 142.81463241577148 403.16654205322266 194.55009078979492 426.92081451416016
0 0.0354 169.0941390991211 488.1494140625 208.1118927001953 521.9191741943359
0 0.0351 163.19924926757812 432.8770446777344 214.20850372314456 457.2077178955078
0 0.0347 94.09675216674805 251.25909805297852 122.53455734252931 298.64538192749023
0 0.0327 14.063030242919933 261.0712432861328 42.57539367675782 308.8054656982422
0 0.0316 -20.68040275573729 367.43751525878906 17.924066543579112 402.5727081298828
0 0.0314 173.76744842529294 462.3849868774414 223.71366119384763 487.6901626586914
0 0.0312 4.099317550659193 61.265268325805664 32.53138160705568 108.63850593566895
0 0.0306 -106.49999999999997 257.6995849609375 -71.99864768981931 292.33192443847656
0 0.0295 8.887563705444348 568.63525390625 48.29798316955568 601.4747619628906
0 0.0291 89.02822113037111 598.3110046386719 128.17082977294922 631.771240234375
0 0.0288 -105.84462547302243 81.66193008422852 -77.53605747222898 128.3185577392578
0 0.0284 -30.964082717895494 528.2629013061523 8.166795730590835 561.8153762817383
0 0.0284 -61.032642364501925 408.4414291381836 -21.77310371398924 441.6519546508789
0 0.0281 -15.949138641357408 261.00582122802734 12.590137481689466 308.8617706298828
0 0.0271 -60.833560466766336 257.9139518737793 -21.947342395782453 292.13510513305664
0 0.0260 48.83931732177736 608.7218475341797 88.34390258789062 638.75
0 0.0254 -106.49999999999997 299.8858642578125 532.25 638.75
0 0.0253 219.1667709350586 27.94412612915039 258.049446105957 62.10736274719238
0 0.0251 108.95684814453126 8.489632606506348 148.23403930664062 41.60782337188721
0 0.0246 59.07218551635743 328.20484161376953 98.131404876709 361.86840057373047
0 0.0246 213.22947120666504 432.8520965576172 264.1820583343506 457.2322082519531
0 0.0243 113.2678565979004 362.82283782958984 164.14790725708008 387.26123809814453
0 0.0239 203.7601718902588 2.382476329803467 253.72177696228025 27.691590785980225
0 0.0238 -71.20903396606444 448.8512420654297 -31.61439323425292 481.2776184082031
0 0.0238 208.88256645202637 488.6634063720703 248.3008441925049 521.4490509033203
0 0.0235 223.40066528320312 462.7102279663086 274.031997680664 487.37171173095703
0 0.0234 234.13240051269528 141.47477626800537 262.49147033691406 188.46540927886963
0 0.0231 124.1641960144043 241.71518325805664 152.45326614379886 288.27428817749023
0 0.0217 -25.88391685485838 61.37449264526367 2.511163711547865 108.54875564575195
0 0.0204 93.99808502197267 572.1402359008789 143.52033233642578 597.9262161254883
0 0.0203 24.1481170654297 321.5815734863281 52.47249221801759 368.37867736816406
0 0.0202 128.8350067138672 608.7342071533203 168.34756469726562 638.75
0 0.0200 184.18002700805664 191.83286666870117 212.43426895141602 238.18063735961914
0 0.0195 8.537918090820323 618.8805961608887 48.6682472229004 638.7500190734863
0 0.0192 -65.78846359252928 82.08965301513672 -37.603467941284165 127.9802131652832
0 0.0187 98.88349151611328 328.6585998535156 138.3002624511719 361.4533996582031
0 0.0186 -106.49999999999997 127.98961639404297 -81.66142129898068 162.06743240356445
0 0.0186 244.1117248535156 91.34055137634277 272.51641845703125 138.5756778717041
0 0.0182 173.8701114654541 522.2763061523438 223.62763023376465 547.7948760986328
0 0.0168 54.297748565673835 301.7621612548828 103.27914810180664 328.2865905761719
0 0.0166 222.69506072998044 403.25145721435547 274.6570358276367 426.8362808227539
0 0.0165 -105.83805942535398 291.7082214355469 -77.54395866394042 338.28128814697266
0 0.0165 54.104381561279304 42.02474594116211 103.4314308166504 68.03760528564453
0 0.0165 -105.83384180068967 421.73770904541016 -77.54903936386107 468.25756072998047
0 0.0158 264.15296173095703 141.61743640899658 292.46671295166016 188.35002422332764
0 0.0157 282.6139221191407 0.0 532.25 140.70279121398926
0 0.0155 -71.39799380302426 489.23614501953125 -31.44009137153624 520.9268951416016
0 0.0154 138.42895126342773 329.57664489746094 178.7198600769043 360.61729431152344
0 0.0152 248.80616760253903 488.82774353027344 288.3707580566406 521.2990570068359
0 0.0151 -46.85339355468748 612.9012298583984 4.258533477783219 637.1817016601562
0 0.0151 -5.884880065917954 321.3612365722656 22.512279510498058 368.5584259033203
0 0.0151 -106.49999999999997 48.03117752075195 -71.91398286819457 82.02760696411133
0 0.0150 268.77198791503906 428.9034652709961 308.4018096923828 461.22997283935547
0 0.0148 168.77961730957034 608.8598823547363 208.3975372314453 638.7499809265137
0 0.0148 162.9808864593506 373.04386138916016 214.40218544006348 397.0425033569336
0 0.0141 -31.370786666870096 569.1841506958008 8.534532546997083 600.974235534668
0 0.0140 158.8492546081543 238.7278938293457 198.3320960998535 271.3901710510254
0 0.0140 68.88982391357423 8.644399642944336 108.29454040527344 41.46639823913574
0 0.0137 -105.83251857757567 371.74678802490234 -77.55063438415525 418.25016021728516
0 0.0135 244.216552734375 61.89394235610962 293.3390960693359 88.16314458847046
0 0.0132 208.76600837707522 608.8920593261719 248.40969657897952 638.75
0 0.0131 122.98114395141602 303.0421447753906 174.4022331237793 327.04402923583984
0 0.0129 -61.1003222465515 368.6063003540039 -21.712833881378156 401.5012741088867
0 0.0128 144.2076644897461 542.0537567138672 172.40113830566406 588.0075836181641
0 0.0127 -105.81518077850339 471.8777847290039 -77.57144832611083 518.1463241577148
0 0.0125 -106.49999999999997 622.7726554870605 -55.24026775360106 638.7500190734863
0 0.0125 294.16402435302734 141.6980743408203 322.45336151123047 188.2855224609375
0 0.0123 502.49330139160156 622.6369476318359 532.25 638.75
0 0.0114 214.21632385253903 192.1361541748047 242.39083862304688 237.9450225830078
0 0.0111 -106.49999999999997 337.94986724853516 -71.93737173080443 372.10216522216797
0 0.0111 28.87760257720948 8.674283027648926 68.30535030364992 41.43909454345703
0 0.0110 329.19515228271484 137.85452365875244 368.02579498291016 172.18957424163818
0 0.0108 -45.81482076644896 291.8861770629883 -17.571856021881086 338.1405258178711
0 0.0107 -106.49999999999997 12.331974506378174 -66.31712818145749 37.74015188217163
0 0.0105 369.3403778076172 137.35948085784912 407.90773010253906 172.64452457427979
0 0.0104 248.7581024169922 608.9094352722168 288.4169158935547 638.7500190734863
