0 0.0682 455.77159881591797 150.61220932006833 514.2934036254883 170.45038986206052
0 0.0549 320.7145690917969 -12.607147216796868 369.8413848876953 13.663890838623054
0 0.0528 455.71048736572266 170.63940811157227 514.3500900268555 190.42254257202148
0 0.0524 498.90979766845703 38.94707965850831 551.4130020141602 62.14111614227295
0 0.0502 455.87432861328125 130.56629943847656 514.1982269287109 150.49744415283203
0 0.0494 396.52347564697266 150.2736930847168 453.59561920166016 170.79829025268555
0 0.0491 269.89891052246094 -11.798383712768548 320.5356216430664 12.879007339477544
0 0.0448 438.2508087158203 39.35370254516602 492.0112609863281 61.731746673583984
0 0.0437 317.85152435302734 149.59347534179688 372.3733901977539 171.49102020263672
0 0.0419 335.53733825683594 13.779728889465334 374.6635437011719 47.29988384246826
0 0.0418 478.02398681640625 69.48008346557617 532.2193145751953 91.60322952270508
0 0.0398 118.44192504882812 29.24374389648438 171.8364143371582 51.84328842163086
0 0.0388 280.09864807128906 18.031156539917 330.36109924316406 43.046453475952156
0 0.0366 258.63658905029297 149.1273193359375 311.65897369384766 171.96099090576172
0 0.0351 375.3733444213867 4.18052482604981 414.80953216552734 36.933401107788086
0 0.0349 310.0260066986084 -41.89978075027465 360.4232120513916 -17.02062559127807
0 0.0345 99.2072582244873 58.7479476928711 151.1450481414795 82.34043884277344
0 0.0340 98.41092109680176 -30.738431930541985 151.86480522155762 -8.17480278015136
0 0.0338 456.16085052490234 110.43568420410156 513.9329147338867 130.6311492919922
0 0.0330 367.1780776977539 129.94740295410156 422.99266815185547 151.13064575195312
0 0.0321 367.08545684814453 169.99962615966797 423.07674407958984 191.07830810546875
0 0.0316 198.74839782714844 149.05133056640628 251.55887603759766 172.0365219116211
0 0.0315 108.55695724487305 -0.8262748718261647 161.73187255859375 21.913860321044925
0 0.0304 417.3460388183594 69.85888290405273 472.8385925292969 91.22042465209961
0 0.0302 229.28241729736328 18.68283081054688 281.080322265625 42.40368652343751
0 0.0301 89.68588829040527 88.38860321044922 140.72009086608887 112.69642639160156
0 0.0301 259.3069267272949 -41.331037998199456 311.05764389038086 -17.582025051116936
0 0.0299 277.8553104400635 119.58622741699219 332.3710536956787 141.49754333496094
0 0.0298 99.4112777709961 128.59642791748047 150.9638786315918 152.49047088623044
0 0.0294 379.18209075927734 38.75321197509766 431.1702346801758 62.333534240722656
0 0.0287 488.6564254760742 9.111545562744148 541.641731262207 31.976345062255863
0 0.0286 369.81250762939453 -21.712886810302727 420.60855865478516 2.7965240478515687
0 0.0277 59.2275333404541 28.723495483398445 111.1290454864502 52.36342239379883
0 0.0272 428.3116912841797 9.323795318603523 481.9544982910156 31.762874603271488
0 0.0265 168.58251571655273 49.15631103515626 221.70904159545898 71.93112182617188
0 0.0262 98.60885620117188 -60.86373043060302 151.68594360351562 -38.04925632476806
0 0.0261 308.892297744751 178.96311569213867 361.4278316497803 202.12569046020508
0 0.0260 99.32489395141602 158.66200256347656 151.04034423828125 182.42569732666016
0 0.0259 455.91209411621094 190.55290985107422 514.1623687744141 210.5118255615234
0 0.0254 0.0 185.38586425781247 638.75 524.2499999999999
0 0.0250 168.62224578857422 9.13176345825196 221.6729736328125 31.955841064453132
0 0.0246 239.2555046081543 178.70703506469727 291.1033058166504 202.38028335571286
0 0.0240 329.52762603759766 48.49797058105469 380.8628463745117 72.58663940429688
0 0.0237 39.22809839248657 68.72669982910158 91.12777471542358 92.36073303222656
0 0.0236 218.48007202148438 119.22325897216798 271.8011474609375 141.86432647705078
0 0.0231 224.88775253295898 -14.85655975341796 265.2592658996582 16.05667877197266
0 0.0229 0.0 -114.49999999999997 510.9122848510742 167.01496887207028
0 0.0226 48.902437686920166 -1.0516471862792902 101.420419216156 22.139328002929695
0 0.0225 229.15307998657227 48.77142715454102 281.1966133117676 72.31509017944336
0 0.0224 158.96472930908203 118.91085433959961 211.36348724365234 142.17737960815427
0 0.0223 538.1990432739258 69.38498306274413 592.058219909668 91.70031356811523
0 0.0221 285.1361083984375 44.67415618896485 325.02777099609375 76.48331451416017
0 0.0220 109.17490005493164 188.77007293701172 161.17414474487305 212.3183135986328
0 0.0218 159.1251039505005 -31.202957153320305 211.22039318084717 -7.709609985351555
0 0.0215 148.75738143920898 79.04904174804689 201.55000686645508 102.03934478759766
0 0.0213 517.6351928710938 99.70511245727539 572.5731658935547 121.37667465209961
0 0.0212 517.3168182373047 129.87271118164062 572.8657531738281 151.20613861083984
0 0.0210 154.71757888793945 145.4435234069824 195.41921615600586 175.7845573425293
0 0.0209 39.44751739501953 98.56556701660155 90.93246459960938 122.52056884765624
0 0.0208 397.0707702636719 100.00551986694336 453.0906677246094 121.0720329284668
0 0.0201 0.0 28.644869804382328 51.01776599884033 52.44286823272705
0 0.0200 178.57648849487305 179.1579132080078 231.7149543762207 201.92921447753903
0 0.0195 54.97051239013672 124.98837280273436 95.18218994140625 156.19751739501953
0 0.0193 5.353565216064453 124.22600555419922 44.827399253845215 156.8918685913086
0 0.0181 208.57572555541992 89.16170883178712 261.71491622924805 111.92587661743164
0 0.0179 28.848190307617188 158.9866714477539 81.46878242492676 182.10133361816406
0 0.0177 0.0 84.45515441894531 34.927687644958496 116.68282318115234
0 0.0175 88.67188453674316 -110.900089263916 141.62814140319824 -88.01224422454833
0 0.0175 59.76493835449219 208.31764984130857 110.65202713012695 232.76543426513672
0 0.0173 38.41996908187866 -30.7434959411621 91.85650110244751 -8.169643402099602
0 0.0170 268.52176666259766 89.18589401245117 321.7658996582031 111.90016555786133
0 0.0169 328.2883071899414 99.33535385131837 381.97628021240234 121.75085830688477
0 0.0169 358.90830993652344 -51.04712677001952 411.41334533691406 -27.864000320434556
0 0.0168 517.1604919433594 159.95257186889648 573.0097198486328 181.12471389770508
0 0.0166 159.2660903930664 -61.298405647277825 211.0934066772461 -37.6140375137329
0 0.0164 239.13345336914062 208.7902908325195 291.2131118774414 232.29698944091797
0 0.0162 109.98782634735107 218.1388931274414 160.45536518096924 242.94205474853513
0 0.0161 299.58624839782715 208.46596527099607 350.8082675933838 232.61994171142578
0 0.0160 357.9206848144531 199.55582427978518 412.30987548828125 221.5293197631836
0 0.0154 5.371502637863159 184.19088172912598 44.810630083084106 216.92394065856936
0 0.0153 0.0 -1.3915748596191335 40.98133087158203 22.47830200195313
0 0.0152 158.8639259338379 208.98056793212888 211.45368576049805 232.1080856323242
0 0.0140 554.739990234375 35.403111457824714 595.3983306884766 65.82115459442139
0 0.0138 27.918527126312256 -110.45181941986083 82.31384515762329 -88.46434783935545
0 0.0137 498.57948303222656 -20.842573165893548 551.7119598388672 1.9298915863037183
0 0.0137 0.0 -51.62114095687865 40.71300506591797 -27.294306278228746
0 0.0133 5.457310676574707 223.9907531738281 44.73341464996338 257.10682678222656
0 0.0128 512.6921272277832 -114.49999999999997 638.7499809265137 -44.650761604309075
0 0.0128 139.09425735473633 -91.17795658111571 191.24727249145508 -67.73403358459471
0 0.0127 0.0 -81.68684196472167 40.63833236694336 -57.22928237915039
0 0.0126 608.9388275146484 508.1788520812987 638.75 524.2499809265136
0 0.0120 428.06407928466797 -20.530387878417958 482.1799087524414 1.6157989501953196
0 0.0119 608.8709259033203 68.54618835449219 638.75 92.48249816894531
0 0.0117 608.463306427002 298.80905914306635 638.7499809265137 322.21810150146484
0 0.0115 48.06632995605469 -80.53582262992857 102.17881202697754 -58.37935757637023
0 0.0115 268.4627056121826 -70.76694679260252 321.81714057922363 -48.14563941955566
0 0.0111 79.4594931602478 508.043487548828 131.02670907974243 524.2499999999999
0 0.0110 55.28470039367676 234.3628387451172 94.89151000976562 266.7670135498047
0 0.0109 608.7515449523926 98.62536239624023 638.7499809265137 122.40301895141603
0 0.0109 608.7322998046875 138.63817977905273 638.75 162.39016342163086
0 0.0107 446.4933395385742 210.28954315185544 503.62316131591797 230.78232574462888
0 0.0107 0.0 508.25192260742176 51.23885154724121 524.2499999999999
0 0.0103 214.93118286132812 -54.927904129028306 255.2178192138672 -23.87856674194335
0 0.0101 608.6135673522949 168.7138442993164 638.7500190734863 192.31392669677732
