0 0.0882 505.57228088378906 325.20145416259766 564.4779205322266 344.8591995239258
0 0.0784 586.1579895019531 314.9328231811523 638.75 335.1333236694336
0 0.0768 505.8722686767578 345.07179260253906 564.1989898681641 364.99267578125
0 0.0755 505.65696716308594 305.163459777832 564.3995666503906 324.89795684814453
0 0.0729 586.2581062316895 334.89002227783203 638.7499809265137 355.17772674560547
0 0.0624 586.502685546875 294.7713470458984 638.75 315.2984619140625
0 0.0545 506.3959503173828 364.8335266113281 563.7136840820312 385.2369689941406
0 0.0499 446.5060806274414 324.78294372558594 503.61148834228516 345.28900146484375
0 0.0490 486.50482177734375 284.77699279785156 543.6141967773438 305.29388427734375
0 0.0447 608.0290031433105 363.56781005859375 638.7500190734863 386.4561462402343
0 0.0370 417.13966369628906 304.4707489013672 473.02711486816406 325.60752868652344
0 0.0368 458.1013488769531 243.94432067871094 512.1467590332031 266.14074707031244
0 0.0348 447.23121643066406 354.4270324707031 502.94212341308594 375.65254211425776
0 0.0337 407.6008605957031 264.2251968383789 462.6042938232422 285.8565139770507
0 0.0325 387.9130172729492 344.05727386474604 442.31754302978516 366.0274124145507
0 0.0312 566.5678405761719 274.7454833984375 623.5563659667969 295.3258514404297
0 0.0310 507.1697998046875 394.4554138183594 562.9994201660156 415.6230926513672
0 0.0295 608.4764099121094 393.30200195312494 638.75 416.7253875732422
0 0.0286 398.2811737060547 233.83715629577634 451.98333740234375 256.24867439270014
0 0.0276 574.3924140930176 424.83680725097656 638.7499809265137 474.74700927734375
0 0.0259 338.09322357177734 323.95442962646484 392.1529769897461 346.13140106201166
0 0.0254 0.0 -79.99999999999999 638.75 259.48570251464844
0 0.0242 357.8817367553711 284.07222747802734 412.34668731689453 306.011848449707
0 0.0235 448.32908630371094 213.81433486938474 501.9384765625 236.27256393432614
0 0.0233 587.4301338195801 244.312629699707 638.7499809265137 265.7670974731445
0 0.0231 198.13413619995117 323.9271163940429 252.11645126342773 346.1584091186523
0 0.0229 0.0 277.02486038208013 510.9126281738281 558.7499809265137
0 0.0224 258.25565338134766 323.8555145263672 312.0058059692383 346.2306213378906
0 0.0219 512.8874015808105 489.6266937255859 638.7500190734863 558.7499999999999
0 0.0215 516.8533706665039 254.61036682128903 573.2918930053711 275.46447753906244
0 0.0212 348.3749008178711 253.78074645996094 401.89807891845703 276.3054656982422
0 0.0208 88.36484909057617 323.7899398803711 141.90656661987305 346.29673004150385
0 0.0208 328.79581451416016 353.52577209472656 381.51493072509766 376.56288146972656
0 0.0206 448.1332015991211 383.9331817626953 502.11612701416016 406.15318298339844
0 0.0203 199.24678802490234 143.214054107666 251.1109161376953 166.8733787536621
0 0.0199 507.1485137939453 224.46334838867185 563.0197143554688 245.61454772949216
0 0.0194 189.2728042602539 73.19474697113037 241.08783721923828 96.89249515533447
0 0.0192 388.6496353149414 203.6156463623047 441.64791107177734 226.47220611572266
0 0.0188 338.89686584472656 223.4534740447998 391.4251708984375 246.63441658020017
0 0.0183 199.23397064208984 173.2235527038574 251.12232208251953 196.86399459838867
0 0.0181 189.30843353271484 103.16946029663086 241.05594635009766 126.91766738891602
0 0.0181 588.8517761230469 133.48182678222656 638.75 156.60583496093747
0 0.0180 198.2220458984375 293.8740539550781 252.03670501708984 316.21177673339844
0 0.0179 148.60551834106445 343.6438751220703 201.6877555847168 366.4439392089844
0 0.0179 288.1135940551758 -76.05975151062012 342.1349334716797 -53.85465145111084
0 0.0179 258.3401870727539 293.80348205566406 311.92928314208984 316.2828826904297
0 0.0176 179.26902770996094 43.19562911987305 231.09161376953125 66.89138412475586
0 0.0174 388.58062744140625 373.6610794067382 441.70997619628906 396.42688751220703
0 0.0173 259.25405502319336 153.20779800415036 311.104679107666 176.8794822692871
0 0.0168 288.47808837890625 263.722915649414 341.8033218383789 286.36444091796875
0 0.0163 268.7767791748047 353.5334014892578 321.53316497802734 376.5545654296875
0 0.0158 518.2993698120117 423.83167266845703 571.9655990600586 446.25499725341797
0 0.0156 188.2923126220703 263.83094787597656 241.97307586669922 286.2549591064453
0 0.0152 39.51855659484863 23.012638092041016 90.8692741394043 47.073097229003906
0 0.0151 278.4877109527588 233.71444702148438 331.79511070251465 256.3726043701172
0 0.0150 208.54703903198242 353.681526184082 261.7405128479004 376.4062881469726
0 0.0150 68.24995040893555 293.8589859008789 122.01099395751953 316.2271499633789
0 0.0145 588.5685539245605 163.66233825683594 638.7500190734863 186.42467498779297
0 0.0144 199.24444198608398 203.21578979492185 251.11303329467773 226.8716812133789
0 0.0144 563.9767456054688 361.093521118164 606.1245727539062 389.2467498779297
0 0.0144 348.15521240234375 -76.08490467071533 402.09716796875 -53.829395771026604
0 0.0142 249.49501037597656 123.02713394165039 300.8908462524414 147.05831527709958
0 0.0141 259.227352142334 183.22816848754883 311.1282539367676 206.85937881469727
0 0.0140 78.51293563842773 353.70079040527344 131.77183151245117 376.3866424560547
0 0.0140 438.3677673339844 183.7875747680664 491.90406799316406 206.2989807128906
0 0.0139 598.8135528564453 -66.49056434631348 638.75 -43.42143535614013
0 0.0138 597.9877471923828 214.00800704956052 638.75 236.07614517211914
0 0.0137 154.98971939086914 159.45995330810547 195.16347885131836 190.72334289550778
0 0.0136 138.63954544067383 303.6222839355469 191.65700912475586 326.4656066894531
0 0.0136 228.3574104309082 -76.20312690734862 281.912784576416 -53.70991468429565
0 0.0136 599.0232086181641 103.37223052978514 638.75 126.7161178588867
0 0.0133 48.96685600280762 233.40207099914548 101.36314392089844 256.6851329803467
0 0.0133 169.33141708374023 13.150358200073242 221.0359764099121 36.936349868774414
0 0.0130 314.57080841064453 290.1919937133789 355.5576705932617 320.0596237182617
0 0.0129 608.9093017578125 23.01977157592773 638.75 47.00889587402343
0 0.0127 58.468217849731445 263.7255096435547 111.81302070617676 286.36131286621094
0 0.0125 328.8301467895508 193.49742889404297 381.4852523803711 216.59042358398435
0 0.0122 149.4732666015625 133.04973602294922 200.9088897705078 157.03670501708984
0 0.0122 229.5085334777832 33.022193908691406 280.877742767334 57.06388473510742
0 0.0119 119.47717666625977 33.0487060546875 170.90499877929688 57.03798294067383
0 0.0117 198.87102127075195 233.4675598144531 251.44906997680664 256.619873046875
0 0.0117 278.97632598876953 -46.59432291984558 331.35250091552734 -23.31706166267395
0 0.0116 245.15081405639648 59.145164489746094 285.01413345336914 91.00971221923828
0 0.0116 244.66218948364258 260.03871917724604 285.4714012145996 290.19832611083984
0 0.0115 139.00299549102783 193.3803939819336 191.3300657272339 216.70719146728516
0 0.0115 10.746619701385498 22.401714324951172 38.854687213897705 67.74124145507812
0 0.0115 518.9287567138672 453.4279632568359 571.3973236083984 476.65931701660156
0 0.0114 28.464202880859375 323.7305068969726 81.81611061096191 346.35669708251953
0 0.0113 544.958381652832 129.51665878295898 585.1929092407227 160.67182540893555
0 0.0113 608.9459037780762 -7.003450393676757 638.7500190734863 17.032384872436523
0 0.0112 199.03974533081055 -46.638212203979485 251.29568099975586 -23.27336311340332
0 0.0112 239.67449188232422 92.89243698120117 290.731201171875 117.19202041625977
0 0.0112 458.60790252685547 413.64589691162104 511.6848373413086 436.44237518310547
0 0.0111 378.7590789794922 173.54501724243164 431.5491485595703 196.54294967651367
0 0.0110 179.47263717651367 -16.94901466369629 230.90925216674805 7.0355796813964835
0 0.0110 608.7624359130859 53.11836242675781 638.75 76.91007614135742
0 0.0108 564.409065246582 390.4477310180664 605.7116317749023 419.82852935791016
0 0.0107 0.6957244873046875 241.95991516113276 28.91545534133911 288.08128356933594
0 0.0107 319.0946960449219 163.32042694091797 371.24717712402344 186.76738739013672
0 0.0107 538.9224624633789 -76.55972719192505 591.401252746582 -53.35185050964356
0 0.0106 608.8433074951172 -36.93418025970458 638.75 -13.037037849426268
0 0.0106 39.2814826965332 203.18470001220703 91.08089447021484 226.90196990966794
0 0.0104 108.73924732208252 243.55533599853516 161.5675687789917 266.53224945068354
0 0.0104 497.9120635986328 194.04823303222656 552.320556640625 216.03500366210938
0 0.0103 129.38104629516602 63.11901092529296 180.99071502685547 86.9681167602539
0 0.0103 168.85873794555664 -76.51728630065918 221.45864486694336 -53.394272327423096
0 0.0102 118.46675872802734 273.7287902832031 171.8138313293457 296.35841369628906
0 0.0101 115.04660606384277 159.35184478759763 155.110502243042 190.82160949707028
0 0.0101 5.288910865783691 108.86993408203124 44.8860502243042 141.26052856445312
0 0.0101 39.21125411987305 -6.763861179351806 91.14336967468262 16.85098886489868
