0 0.1166 457.8999710083008 -15.933191776275633 512.328987121582 6.018106937408447
0 0.0734 458.0655288696289 13.967971801757812 512.1787643432617 36.11732482910156
0 0.0528 457.10655212402344 -45.50997853279113 513.0570983886719 -24.41171526908874
0 0.0412 398.1964874267578 -16.109588146209717 452.05970764160156 6.195437908172607
0 0.0354 86.42219543457031 324.8193359375 143.68982315063477 345.25115966796875
0 0.0333 597.5426483154297 -75.75048446655272 638.75 -54.16930675506592
0 0.0322 96.27801895141602 344.8871612548828 153.8231086730957 365.181884765625
0 0.0320 398.16585540771484 13.907632827758789 452.0878219604492 36.17793083190918
0 0.0256 96.51750564575195 304.7750473022461 153.60151290893555 325.29659271240234
0 0.0255 467.80311584472656 44.11739349365234 522.4183654785156 65.9663200378418
0 0.0254 0.0 219.8858642578125 638.75 558.75
0 0.0253 397.78194427490234 -45.87018966674804 452.4375534057617 -24.046154022216793
0 0.0229 0.0 -79.99999999999999 510.9122848510742 201.51496887207028
0 0.0218 437.0513153076172 -75.4875111579895 493.1092071533203 -54.435553550720215
0 0.0208 86.50079727172852 364.78420257568354 143.6166763305664 385.28751373291016
0 0.0177 146.34436130523682 324.8528289794922 203.76256465911865 345.21636962890625
0 0.0165 377.4955368041992 -75.71784257888794 432.70076751708984 -54.20121669769288
0 0.0163 607.9095268249512 -6.366565227508544 638.7500190734863 16.38907194137573
0 0.0156 156.51978015899658 344.77287292480463 213.5996961593628 365.2986145019531
0 0.0155 67.12178230285645 284.4761276245117 123.04448127746582 305.6013870239258
0 0.0142 608.1045341491699 -46.47659301757812 638.7500190734863 -23.498926162719727
0 0.0140 536.9935989379883 -75.46205520629881 593.1632614135742 -54.462122917175286
0 0.0138 317.7517032623291 -75.85590839385986 372.46581077575684 -54.06101703643798
0 0.0137 408.36963653564453 43.78994941711426 461.9015884399414 66.29712104797363
0 0.0131 516.5883636474609 -15.258333683013914 573.5359191894531 5.330832004547119
0 0.0129 516.8638229370117 14.608116149902344 573.2815170288086 35.467281341552734
0 0.0128 36.805219650268555 344.6370315551757 93.33559036254883 365.4378128051757
0 0.0126 608.537425994873 83.26282501220703 638.7500190734863 106.76471710205078
0 0.0116 26.987876892089844 304.54689025878906 83.16706657409668 325.52978515625
0 0.0116 608.5566520690918 53.25056076049805 638.7500190734863 76.77703857421875
0 0.0115 527.4626159667969 54.300689697265625 582.7307891845703 75.78012466430664
0 0.0114 26.885087490081787 264.59606170654297 83.26231241226196 285.4793167114258
0 0.0113 0.0 -76.74057245254517 41.15988254547119 -53.17100763320922
0 0.0106 126.57354354858398 284.74639892578125 183.55018615722656 305.3255462646484
0 0.0106 598.1099700927734 23.9417552947998 638.75 46.143732070922844
0 0.0106 87.37178802490234 254.35089111328125 142.8136444091797 275.72952270507807
0 0.0103 468.2902526855469 113.83745193481445 521.9738006591797 136.2492561340332
0 0.0103 27.02505111694336 234.524393081665 83.13371658325195 255.55205345153806
0 0.0102 477.7995300292969 74.11923885345459 532.4216461181641 95.96441745758055
0 0.0101 608.7235260009766 113.1448745727539 638.75 136.88358306884766
0 0.0100 516.4548110961914 -45.19690036773681 573.6598587036133 -24.732365608215332
