0 0.0432 258.438720703125 70.24298095703125 311.8399429321289 92.8436508178711
0 0.0316 196.6269302368164 71.21782684326173 253.5015869140625 91.85423278808594
0 0.0313 319.1498565673828 69.78659057617188 371.1967468261719 93.30171966552736
0 0.0309 247.63954162597656 40.706123352050795 302.56839752197266 62.37619781494141
0 0.0299 227.5200080871582 100.76191329956055 282.67995834350586 122.31815719604492
0 0.0266 186.62256240844727 41.222385406494155 243.5050392150879 61.850017547607436
0 0.0254 0.0 186.38586425781253 638.75 525.25
0 0.0244 307.8463840484619 40.596493721008315 362.37807273864746 62.4880018234253
0 0.0229 0.0 -113.49999999999994 510.9122848510742 168.0149688720703
0 0.0221 166.0710906982422 91.47920989990236 224.01546478271484 111.58701324462892
0 0.0212 196.01425170898438 121.50137329101564 254.06902313232422 141.56362915039062
0 0.0192 289.9024486541748 99.20307540893556 340.5316638946533 123.87810134887697
0 0.0171 226.99338912963867 141.0357322692871 283.16396713256836 162.03972244262695
0 0.0169 367.77626037597656 50.6349220275879 422.44232177734375 72.44900131225587
0 0.0164 197.02396392822266 11.024421691894553 253.1348419189453 32.05196762084963
0 0.0162 136.55924320220947 71.25358963012697 193.56332302093506 91.81827926635742
0 0.0152 340.0897216796875 99.05001068115234 390.3666687011719 124.02922058105469
0 0.0151 257.30735778808594 10.883802413940447 312.87303924560547 32.19588661193849
0 0.0144 126.99905395507812 41.04048156738283 183.15696716308594 62.03619384765626
0 0.0143 165.6351089477539 141.67398834228516 224.4196319580078 161.3873519897461
0 0.0142 228.8259506225586 220.0051345825195 281.48799896240234 243.08344268798825
0 0.0140 308.4307384490967 220.25465393066403 361.8456745147705 242.8329315185547
0 0.0138 135.91123580932617 111.55285263061525 194.16326522827148 131.5118064880371
0 0.0136 609.3943977355957 379.1666259765625 638.7499809265137 403.8603820800781
0 0.0134 347.0901107788086 20.99493408203127 403.07300567626953 42.08269500732423
0 0.0127 609.0982818603516 349.38909912109375 638.75 373.6395874023438
0 0.0127 267.8725051879883 160.5691375732422 322.3570251464844 182.51364135742188
0 0.0127 608.9265441894531 509.1880645751952 638.75 525.25
0 0.0122 196.38662338256836 161.33699798583984 253.72251510620117 181.73326873779297
0 0.0118 285.0314998626709 125.85802459716798 325.12696266174316 157.31607818603516
0 0.0118 512.6921272277832 -113.49999999999994 638.7499809265137 -43.650761604309054
0 0.0112 278.09020042419434 190.45477294921872 332.1560764312744 212.63082885742185
0 0.0112 609.4378662109375 469.13694763183594 638.75 493.8902893066406
0 0.0111 388.7461471557617 80.05869293212892 441.5596389770508 103.02999877929688
0 0.0109 217.82045364379883 190.60865783691406 272.402286529541 212.47530364990232
0 0.0106 106.66746616363525 91.20457077026367 163.46261501312256 111.86890029907227
0 0.0105 608.4853363037109 229.79544067382807 638.75 253.2317962646484
0 0.0104 137.27257251739502 10.899929046630879 192.9054594039917 32.17916870117189
0 0.0102 427.7182388305664 50.66284561157229 482.49637603759766 72.42004776000978
