0 0.0674 519.0488433837891 195.35371971130374 571.2879180908203 218.73447608947757
0 0.0375 508.9806365966797 165.39778900146487 561.3497161865234 188.69010162353516
0 0.0345 475.20713806152344 191.0395736694336 514.9612426757812 223.10588073730472
0 0.0340 519.3203735351562 225.16223144531253 571.0449981689453 248.925048828125
0 0.0331 316.6038131713867 216.72663879394534 373.52352142333984 237.34484863281253
0 0.0317 418.9564514160156 205.39858055114746 471.37474060058594 228.68717384338376
0 0.0290 326.24156951904297 236.89681243896484 383.85860443115234 257.17063140869146
0 0.0284 256.6695785522461 216.70123291015625 313.4612274169922 237.37193298339844
0 0.0265 435.2617645263672 170.92004013061526 474.9116516113281 203.21484756469727
0 0.0261 286.92164421081543 196.57417488098147 343.22949409484863 217.5009746551514
0 0.0254 0.0 191.88586425781253 638.75 530.75
0 0.0229 0.0 -107.99999999999997 510.9122848510742 173.51496887207034
0 0.0228 266.28188133239746 236.88410949707034 323.8198947906494 257.18470764160156
0 0.0226 374.6974563598633 201.97292518615725 415.43872833251953 232.2579402923584
0 0.0221 197.5926399230957 216.23107147216803 252.6114845275879 237.85079193115237
0 0.0219 397.8038787841797 236.1128158569336 452.41859436035156 257.9702682495117
0 0.0202 379.3855285644531 175.1074142456055 430.98846435546875 198.97853088378906
0 0.0189 459.55772399902344 144.98624038696292 510.8338165283203 169.099666595459
0 0.0176 227.4888801574707 186.28594589233398 282.7068519592285 207.79496383666995
0 0.0170 325.8695602416992 257.0677490234375 384.20276641845703 276.99580383300787
0 0.0165 512.6921272277832 -107.99999999999997 638.7499809265137 -38.150761604309054
0 0.0164 308.4044551849365 165.75352859497073 361.8733310699463 188.33146286010745
0 0.0162 410.13648986816406 144.50331878662112 460.3270721435547 169.57434844970703
0 0.0161 575.4707145690918 496.75631713867193 638.7500190734863 530.75
0 0.0151 569.2817687988281 215.19244384765625 621.0789489746094 238.8953704833985
0 0.0150 458.9394760131836 235.40793609619143 511.39041900634766 258.6775131225586
0 0.0146 359.7751998901367 144.8093719482422 410.6429672241211 169.2736358642578
0 0.0146 206.72632217407227 246.6746826171875 263.4086036682129 267.399169921875
0 0.0145 38.95846366882324 215.41209411621097 91.36975288391113 238.67572021484378
0 0.0145 511.90391540527344 61.84180450439457 638.75 161.62707519531253
0 0.0130 139.10512924194336 215.31493377685544 191.23743057250977 238.77310943603516
0 0.0127 265.9899139404297 257.0167465209961 324.0904998779297 277.04871368408203
0 0.0126 248.07233810424805 155.95915985107422 302.1736717224121 178.12545013427734
0 0.0124 569.1603469848633 175.27604293823242 621.1880874633789 198.81180953979495
0 0.0112 169.0157699584961 185.37364196777344 221.31816864013672 208.71417236328125
0 0.0110 309.3296718597412 135.14689636230472 361.0385227203369 158.9391632080078
0 0.0108 94.97953414916992 211.47859764099127 135.17303466796875 242.70641517639166
0 0.0107 429.97467041015625 114.64852523803712 480.46714782714844 139.43242263793945
0 0.0106 28.539447784423828 185.6840629577637 81.74786567687988 208.40336990356445
0 0.0106 119.25133228302002 514.7243804931641 171.20757579803467 530.7500000000001
0 0.0105 359.9238967895508 114.68888473510746 410.51204681396484 139.3924827575684
0 0.0105 400.64624786376953 -56.43218803405759 428.97472381591797 -9.610374450683564
0 0.0104 289.6416473388672 504.90504455566406 340.762939453125 529.1778869628906
0 0.0104 419.94129180908203 -105.32162952423091 470.4960250854492 -80.59670495986934
0 0.0103 28.96291971206665 245.40930938720706 81.36569738388062 268.67858123779297
0 0.0101 387.0843505859375 266.4950866699219 443.07891845703125 287.58204650878906
0 0.0101 574.3924140930176 -23.163183212280245 638.7499809265137 26.747018814086942
