0 0.0546 574.3924140930176 40.8368263244629 638.7499809265137 90.74702835083008
0 0.0457 226.0378074645996 100.99656677246094 284.04577255249023 121.06965637207031
0 0.0437 285.41393280029297 101.26748657226564 344.62554931640625 120.79091644287111
0 0.0389 226.1602020263672 80.93986129760744 283.93260955810547 101.12758255004883
0 0.0383 216.2859344482422 120.88489151000978 273.8154602050781 141.18442153930667
0 0.0367 285.68531036376953 81.15165328979492 344.37313079833984 100.91018295288087
0 0.0349 615.3021240234375 94.35916519165039 638.75 127.72868728637695
0 0.0349 275.5213928222656 121.2243423461914 334.5249938964844 140.83581542968753
0 0.0325 599.233570098877 -0.7703819274902214 638.7499809265137 22.858730316162124
0 0.0306 345.18115997314453 101.36355972290039 404.84256744384766 120.69167709350586
0 0.0303 345.3859329223633 81.27784347534181 404.65198516845703 100.77998733520509
0 0.0299 608.6718559265137 -30.821155548095685 638.7500190734863 -7.150501251220687
0 0.0295 166.36314392089844 100.84621047973633 223.74465942382812 121.22352218627931
0 0.0282 216.48059844970703 60.79150772094728 273.63590240478516 81.279598236084
0 0.0277 518.3565139770508 19.788948059082045 571.9154739379883 42.29676818847658
0 0.0254 0.0 195.88586425781253 638.75 534.75
0 0.0252 276.05639457702637 60.98773574829102 334.02867317199707 81.0786018371582
0 0.0243 206.50934219360352 140.7789764404297 263.6090660095215 161.2926254272461
0 0.0239 507.91908264160156 50.04308319091798 562.314453125 72.04003906250001
0 0.0238 335.6279754638672 61.17459869384767 394.4268798828125 80.88624572753906
0 0.0231 335.25569915771484 121.33525466918947 394.7725296020508 140.72139358520508
0 0.0229 0.0 -104.0 510.9122848510742 177.51496887207034
0 0.0220 156.45995616912842 120.8036003112793 213.65440845489502 141.26765823364258
0 0.0213 599.0495109558105 219.35399627685547 638.7500190734863 242.7342758178711
0 0.0208 609.3919372558594 128.6618576049805 638.75 153.36427307128906
0 0.0201 518.3828353881836 -10.22310638427733 571.8906784057617 12.309509277343764
0 0.0199 265.983247756958 141.02376556396484 324.0956401824951 161.04222869873047
0 0.0193 186.9852066040039 40.54662322998048 243.1698989868164 61.52980422973634
0 0.0191 507.5684356689453 80.23530578613281 562.6357269287109 101.8450698852539
0 0.0191 156.8873167037964 70.5936393737793 213.26054096221924 91.48154830932619
0 0.0186 608.4245109558105 -60.66697502136228 638.7500190734863 -37.3061122894287
0 0.0184 246.68737411499023 40.691071510314956 303.44518661499023 61.381979942321784
0 0.0177 608.5124397277832 -90.72348260879514 638.7499809265137 -67.24938058853148
0 0.0168 396.6038131713867 60.72848892211915 453.52306365966797 81.34326553344728
0 0.0165 574.3924140930176 160.8368263244629 638.7499809265137 210.74702835083008
0 0.0162 306.1213970184326 40.955658912658706 363.9690113067627 61.11102199554445
0 0.0160 186.68603897094727 160.6955108642578 243.44549179077148 181.37815093994143
0 0.0156 366.28990173339844 40.876284599304206 423.8134002685547 61.19199848175049
0 0.0146 608.8547515869141 249.05686950683594 638.75 272.97174072265625
0 0.0146 457.79590606689453 20.1179656982422 512.4257278442383 41.965175628662124
0 0.0139 246.6753387451172 160.70239639282227 303.45497131347656 181.37141799926758
0 0.0139 325.6938171386719 141.14995574951172 384.3647766113281 160.91233825683594
0 0.0138 207.5619888305664 10.24429893493654 262.64034271240234 31.836839675903335
0 0.0137 517.9345321655273 180.0397071838379 572.2990798950195 202.04433059692383
0 0.0137 609.6292877197266 488.47703552246094 638.75 513.5474548339843
0 0.0132 608.9858818054199 518.6425361633301 638.7500190734863 534.7499809265137
0 0.0132 406.5121078491211 90.77264404296876 463.60767364501953 111.29819488525392
0 0.0126 397.2920227050781 20.385652542114272 452.88856506347656 41.69296836853029
0 0.0122 507.43797302246094 110.30864334106447 562.7545928955078 131.77119827270508
0 0.0118 267.3952007293701 230.33212280273438 322.7936267852783 251.74745178222653
0 0.0118 106.7102861404419 100.68404769897461 163.4230375289917 121.38991928100586
0 0.0117 277.01464653015137 20.529285430908217 333.14343452453613 41.54702758789064
0 0.0112 518.0368423461914 -40.01612091064451 572.2050857543945 -17.898839950561506
0 0.0112 187.3994255065918 190.33629989624023 242.78825759887695 211.74430465698242
0 0.0112 336.69132232666016 20.687156677246108 393.4420394897461 41.385646820068374
0 0.0111 27.408456802368164 230.32899475097656 82.78057098388672 251.7513427734375
0 0.0109 207.63830184936523 220.2036056518555 262.5702476501465 241.87825775146487
0 0.0109 147.5922393798828 20.22924995422365 202.6123046875 41.85232734680177
0 0.0108 458.1319808959961 -10.072359085082992 512.1185684204102 12.157789230346694
0 0.0107 539.112434387207 209.30989837646487 591.2308883666992 232.77814483642578
0 0.0107 306.33731842041016 160.8624420166016 363.7675094604492 181.20767211914062
0 0.0104 127.00008392333984 140.54175949096683 183.1555938720703 161.53522109985352
0 0.0104 0.0 -100.82298183441159 41.05684280395508 -77.08905124664305
0 0.0103 507.4666213989258 150.29136276245117 562.7287673950195 171.78840255737305
0 0.0103 0.0 -60.86096191406249 41.01151943206787 -37.05144309997557
0 0.0102 147.24737167358398 210.41185951232907 202.9288673400879 231.66679954528806
0 0.0101 97.09622383117676 70.4918441772461 153.06736946105957 91.58582305908203
