0 0.0254 -116.49999999999999 299.8858642578125 522.2499999999999 638.75
0 0.0229 -116.49999999999996 0.0 394.4122848510742 281.5149688720703
0 0.0205 22.55221939086915 613.3481597900391 74.78557205200197 636.739501953125
0 0.0184 -67.34592819213864 613.275146484375 -15.305198669433574 636.8119812011719
0 0.0178 82.41191482543947 613.4445571899414 134.9113426208496 636.6434860229492
0 0.0164 10.617066383361834 574.4839477539062 66.5475378036499 595.5943298339844
0 0.0159 -88.98750686645506 574.2763137817383 -33.815521240234354 595.8052444458008
0 0.0153 -116.49999999999999 602.974853515625 -65.68510913848874 627.1114349365234
0 0.0153 396.1921272277832 0.0 522.2499809265137 69.84923839569092
0 0.0143 -67.60282897949217 3.447432518005371 -15.073875427246078 26.639623641967773
0 0.0136 142.30416870117188 613.5150146484375 195.00856018066406 636.5728759765625
0 0.0130 -116.49999999999999 543.0920028686523 -75.54235839843747 566.9949722290039
0 0.0126 -115.7719507217407 312.2389602661133 -87.6231470108032 357.8660202026367
0 0.0124 40.007873535156264 554.780387878418 97.11022949218751 575.2913284301758
0 0.0122 -115.7786955833435 262.17838287353516 -87.61510515213011 307.9124069213867
0 0.0119 70.41158294677736 574.5869445800781 126.73692321777344 595.4893493652344
0 0.0118 492.49742126464844 622.6338958740234 522.2499999999999 638.75
0 0.0116 131.67106246948245 3.906121253967285 185.58269119262695 26.179704666137695
0 0.0114 -116.49999999999999 358.6809539794922 -81.68812656402585 391.4330291748047
0 0.0112 -116.49999999999999 512.9018402099609 -75.76336765289304 537.1832275390625
0 0.0110 -116.49999999999999 2.797379493713379 -75.87509536743163 27.285923957824707
0 0.0110 -115.78056955337523 212.16188430786133 -87.61287117004393 257.92505264282227
0 0.0110 -5.696424484252916 603.0220031738281 22.287469863891616 638.75
0 0.0107 -115.782648563385 152.14365005493164 -87.61038923263548 197.93909072875977
0 0.0107 20.15298461914064 534.7103881835938 76.9762954711914 555.3627777099609
0 0.0107 202.40392303466797 613.4481430053711 254.91895294189453 636.6396713256836
0 0.0104 -7.034782409667951 3.0605363845825195 44.415031433105476 27.02662467956543
0 0.0103 -116.49999999999999 422.71121978759766 -75.96650028228758 447.37071990966797
