0 0.0254 0.0 193.38586425781247 638.75 532.25
0 0.0229 0.0 -106.49999999999999 510.9122848510742 175.01496887207034
0 0.0174 608.5386657714844 206.7611560821533 638.75 230.26623344421384
0 0.0150 608.6449432373047 176.69433212280273 638.75 200.33366775512695
0 0.0149 18.034439086914062 217.48715972900388 72.20686912536621 239.59813690185547
0 0.0144 608.4162902832031 236.8369064331055 638.75 260.1897964477539
0 0.0134 38.28880310058594 77.33384704589844 91.97608947753906 99.75217437744142
0 0.0125 18.013968467712402 187.49946212768555 72.22543239593506 209.58579635620117
0 0.0118 28.145577907562256 117.41973495483398 82.10621118545532 139.66575241088867
0 0.0114 28.330841064453125 37.31219863891602 81.93708419799805 59.77454757690431
0 0.0113 0.0 246.99323272705078 51.470937728881836 270.09542083740234
0 0.0112 608.8923454284668 516.213623046875 638.7500190734863 532.25
0 0.0110 18.17875862121582 157.40262603759768 72.07545280456543 179.6833953857422
0 0.0105 608.6979675292969 146.65982818603516 638.75 170.36832427978513
0 0.0103 512.6921272277832 -106.49999999999997 638.7499809265137 -36.65076160430907
