0 0.1303 198.44585418701172 271.3160705566406 384.04903411865234 348.7492370605468
0 0.0505 200.28947830200195 242.3530578613281 250.19689559936523 267.72010803222656
0 0.0413 270.7252502441406 170.09803771972656 491.5412902832031 269.2982864379882
0 0.0379 388.11859130859375 297.0982360839844 472.6026153564453 363.12622070312494
0 0.0296 149.8448944091797 242.75772094726565 200.58067321777344 267.32513427734375
0 0.0284 199.2914581298828 213.18401336669922 251.0706329345703 236.90353393554688
0 0.0253 170.71252822875977 272.0928955078125 198.89532089233398 317.97706604003906
0 0.0203 574.3924140930176 224.83680725097656 638.7499809265137 274.74700927734375
0 0.0200 380.7761001586914 271.8069839477539 429.7932815551758 298.24520111083984
0 0.0197 385.7455825805664 137.69613265991208 424.48368072509766 172.33499526977536
0 0.0191 257.7426528930664 359.26666259765625 403.9835739135742 420.66009521484375
0 0.0182 574.3924140930176 164.83682632446286 638.7499809265137 214.74702835083005
0 0.0176 324.9726104736328 -80.0 638.75 89.68856811523438
0 0.0172 574.3924140930176 104.83682632446288 638.7499809265137 154.74702835083005
0 0.0171 574.3924140930176 284.83680725097656 638.7499809265137 334.74700927734375
0 0.0169 155.0774383544922 209.2967128753662 195.08140563964844 240.87174415588376
0 0.0168 389.1130828857422 418.5731315612793 638.75 558.7500190734863
0 0.0165 225.27494430541992 158.8838958740234 264.90041732788086 191.2478256225586
0 0.0161 0.0 -29.901981353759762 211.54129028320312 69.2983055114746
0 0.0157 345.7603454589844 137.6581573486328 384.47059631347656 172.3698806762695
0 0.0153 155.6570053100586 317.9747772216797 194.55753326416016 352.0792388916015
0 0.0149 0.0 418.57154846191406 255.418701171875 558.75
0 0.0146 425.6370162963867 138.02488327026367 464.5753860473633 172.03332901000977
0 0.0145 169.15477752685547 183.27791213989258 221.19346618652344 206.80967330932614
0 0.0145 265.58895111083984 138.1521224975586 304.6175003051758 171.91673278808594
0 0.0140 305.7478713989258 137.69618988037107 344.48108673095703 172.33493804931638
0 0.0140 479.39258575439453 323.10855865478516 530.9808731079102 346.97826385498047
0 0.0139 574.3924140930176 344.83680725097656 638.7499809265137 394.74700927734375
0 0.0138 353.0625534057617 84.91418838500977 468.19149017333984 134.56403732299805
0 0.0137 245.68613052368164 27.88904190063477 284.5327568054199 62.157878875732415
0 0.0136 185.18077850341797 149.0776824951172 224.9871826171875 181.07120513916016
0 0.0131 53.06253433227539 264.91416931152344 168.19150924682617 314.5640563964844
0 0.0129 275.59200286865234 -21.845645904541012 314.6138381958008 11.914644241333006
0 0.0129 0.0 -67.39754438400269 40.42454719543457 -42.52273797988891
0 0.0123 205.52797317504883 18.30965042114258 244.6712303161621 51.77248001098633
0 0.0119 235.57180404663086 -21.793022155761715 274.63159561157227 11.866455078125
0 0.0118 215.69438934326172 347.8669738769531 254.5254898071289 382.1781158447265
0 0.0113 213.06254386901855 -75.08583068847656 328.191499710083 -25.43595314025879
0 0.0113 430.0045394897461 272.6260757446289 480.4404830932617 297.4548721313476
0 0.0109 285.7637691497803 17.645750045776364 324.4678592681885 52.38125801086425
0 0.0106 225.6662368774414 117.9387855529785 264.5505142211914 152.11229324340817
0 0.0105 0.0 129.80920791625977 130.20777702331543 229.66962814331055
