0 0.0594 7.906789779663086 173.56387329101562 62.32251167297363 195.5211944580078
0 0.0477 498.2914733886719 -6.6630916595459055 551.97265625 15.749818801879877
0 0.0438 438.5591506958008 -6.825845718383797 491.7294692993164 15.913679122924798
0 0.0433 0.0 202.8066177368164 51.21804237365723 226.28218841552737
0 0.0387 497.76153564453125 -36.35842132568361 552.4561309814453 -14.557998657226573
0 0.0379 508.21781158447266 23.37762069702148 562.0403671264648 45.70828628540039
0 0.0366 379.10919189453125 -7.185972213745126 431.2333679199219 16.274282455444332
0 0.0354 437.9153060913086 -36.44333648681642 492.3152542114258 -14.471862792968757
0 0.0318 46.849119663238525 154.11450576782227 103.29530477523804 174.96060562133792
0 0.0308 378.42906951904297 -36.7437915802002 431.84703826904297 -14.168546676635751
0 0.0298 448.5462188720703 23.17931365966796 501.7418670654297 45.9080810546875
0 0.0268 0.0 232.40065765380862 50.729684829711914 256.6848678588867
0 0.0254 0.0 159.38586425781256 638.75 498.25000000000006
0 0.0249 187.59798049926758 23.728496551513665 242.60652542114258 45.3534812927246
0 0.0249 389.0972900390625 22.818672180175774 441.24481201171875 46.269142150878906
0 0.0238 197.48584747314453 -66.21001052856447 252.70904541015625 -44.70873641967774
0 0.0229 0.0 -140.50000000000003 510.9122848510742 141.0149688720703
0 0.0227 5.292859077453613 258.36192321777344 44.88239288330078 290.7678527832031
0 0.0225 67.98196792602539 183.5167999267578 122.25484848022461 205.56811523437503
0 0.0220 367.6012420654297 -66.27069282531738 422.60292053222656 -44.64692878723145
0 0.0218 319.1860866546631 -7.242601394653328 371.16517066955566 16.330301284790036
0 0.0217 197.81314849853516 -6.391838073730476 252.40997314453125 15.475074768066401
0 0.0210 507.39349365234375 -66.16408395767213 562.7945709228516 -44.755883693695075
0 0.0208 197.82567977905273 -36.39511871337892 252.3976707458496 -14.520996093750007
0 0.0207 427.2801208496094 -66.10201406478883 482.8981018066406 -44.81852579116822
0 0.0204 318.60687255859375 -36.855619430542 371.6862487792969 -14.056394577026376
0 0.0200 257.46904373168945 -76.20247650146486 312.7248191833496 -54.71661376953126
0 0.0192 7.951931953430176 133.53423309326172 62.282209396362305 155.55056762695312
0 0.0192 507.81742095947266 53.60533905029296 562.4061965942383 75.47785949707031
0 0.0182 168.0727767944336 53.46492004394531 222.17193603515625 75.62060546875
0 0.0180 248.2735824584961 13.34349346160888 301.9898223876953 35.742566108703606
0 0.0177 257.9290580749512 -46.45360755920411 312.30329513549805 -24.461877822875987
0 0.0177 558.7959289550781 3.018753051757807 611.5163421630859 26.06892776489257
0 0.0176 329.20528411865234 22.741558074951165 381.1484909057617 46.34576034545898
0 0.0175 258.36788177490234 -16.712806701660167 311.9040298461914 5.799324035644525
0 0.0174 137.89081573486328 -56.43134880065919 192.33806610107422 -34.48428916931153
0 0.0169 137.7664566040039 3.6362380981445237 192.45220184326172 25.4469985961914
0 0.0167 207.5560188293457 -96.25032711029056 262.645320892334 -74.66825771331789
0 0.0159 317.5943088531494 -86.27056407928468 372.6100826263428 -64.64764881134033
0 0.0156 558.3678436279297 -36.7093734741211 611.9033050537109 -14.203613281250005
0 0.0154 138.0021333694458 -26.496227264404308 192.2367811203003 -4.41895294189454
0 0.0149 512.6921272277832 -140.50000000000003 638.7499809265137 -70.6507616043091
0 0.0149 147.75384902954102 -86.35642814636233 202.46366500854492 -64.56038284301759
0 0.0145 5.569396018981934 297.7138442993164 44.63367462158203 331.3601608276367
0 0.0143 67.05502510070801 124.00780868530273 123.1064510345459 145.06871414184573
0 0.0142 238.49727630615234 43.21074676513672 291.7859649658203 65.87664794921875
0 0.0139 568.741340637207 33.05346679687499 621.5658187866211 56.03404235839844
0 0.0139 448.22147369384766 53.3764762878418 502.03678131103516 75.70962142944336
0 0.0138 118.27310562133789 33.350269317626946 171.98881149291992 55.7367057800293
0 0.0134 378.35880279541016 173.29340171813968 431.91211700439453 195.7931919097901
0 0.0127 88.15567016601562 -76.58441591262819 142.09661483764648 -54.32977247238161
0 0.0124 27.20653533935547 103.93567276000978 82.96581268310547 125.14306259155273
0 0.0119 598.7439155578613 -66.94734382629396 638.7499809265137 -43.965013504028335
0 0.0119 107.75199890136719 153.64464950561523 162.46536254882812 175.43854904174805
0 0.0117 378.8885498046875 52.9602165222168 431.4323425292969 76.12782669067383
0 0.0116 377.66292572021484 -96.30902576446536 432.54749298095703 -74.60883426666261
0 0.0113 158.5033416748047 83.2057113647461 211.7807388305664 105.8814926147461
0 0.0109 108.59729766845703 63.14789962768554 161.69546127319336 85.93972396850586
0 0.0102 497.4654006958008 83.79986953735352 552.7280807495117 105.28107833862305
0 0.0102 78.34524154663086 -46.69530677795411 131.92373275756836 -24.21771812438966
0 0.0101 267.73487091064453 -106.34849357604983 322.4816131591797 -84.56883239746097
0 0.0101 37.59599685668945 73.72250747680665 92.60994911193848 95.35840225219728
0 0.0100 319.188928604126 52.75714111328124 371.16225242614746 76.3307876586914
