0 0.0521 48.4660530090332 253.73205184936523 101.81385040283203 276.3555335998535
0 0.0414 48.360157012939446 223.79701614379883 101.90988540649413 246.29022598266602
0 0.0341 58.814425468444824 283.513240814209 111.49826526641844 306.5753746032715
0 0.0273 38.4024429321289 193.77042770385742 91.87170028686523 216.31685256958008
0 0.0267 4.738330841064455 249.91098403930664 45.399322509765625 280.3140068054199
0 0.0254 -79.99999999999999 299.8858642578125 558.75 638.75
0 0.0249 -11.168382167816162 223.49828720092773 41.48357152938842 246.5898323059082
0 0.0229 -79.99999999999999 0.0 430.91228485107416 281.5149688720703
0 0.0213 107.59565353393555 264.2314910888672 162.6082420349121 285.85071563720703
0 0.0199 -1.009807586669923 283.3947563171387 51.340370178222656 306.69363021850586
0 0.0178 107.21818923950194 234.43012237548828 162.9549980163574 255.6488037109375
0 0.0170 38.30835342407226 163.82673263549805 91.95730209350585 186.26005172729492
0 0.0159 97.38887786865234 204.34101104736328 152.79815673828122 225.73936462402344
0 0.0153 -5.21526575088501 189.8307228088379 35.35560846328735 220.3867530822754
0 0.0148 156.6841125488281 214.69371795654297 213.44795227050778 235.37948608398438
0 0.0143 -30.46756744384766 612.9938888549805 20.85866928100586 637.0906448364258
0 0.0139 79.33878421783447 613.1415939331055 131.0301351547241 636.9446182250977
0 0.0128 319.6921920776367 612.8623199462891 370.71887969970703 637.2197723388672
0 0.0125 432.69212722778315 0.0 558.7499809265137 69.84923839569092
0 0.0125 -79.87268447875977 602.5121307373047 -29.665074348449707 627.5657653808594
0 0.0124 495.47071456909174 604.7563171386719 558.7500190734862 638.75
0 0.0123 118.38586807250975 293.77920150756836 171.88703536987305 316.30781173706055
0 0.0122 146.84505462646482 184.61135864257812 203.30028533935547 205.4629135131836
0 0.0118 189.37294960021973 613.1153106689453 240.99989891052246 636.9705200195312
0 0.0118 -79.99999999999999 468.7557601928711 -45.15734910964965 501.36470794677734
0 0.0115 -21.23882293701172 163.544921875 31.546955108642578 186.5432357788086
0 0.0115 -80.0 508.77025604248047 -45.15136718749999 541.3515090942383
0 0.0112 -80.0 548.8289260864258 -45.127110481262214 581.2979507446289
0 0.0112 167.68817901611328 244.17932510375977 222.5238800048828 265.9033393859863
0 0.0112 259.41276550292963 613.0837631225586 310.96496582031244 637.0015335083008
0 0.0108 -80.0 428.6830139160156 -45.18637895584106 461.4311218261719
0 0.0108 206.90834045410153 134.58853721618652 263.2399368286133 155.48768043518066
0 0.0108 69.21621799468994 313.2398223876953 121.13740444183348 336.8482971191406
0 0.0106 370.7613372802734 602.5820732116699 398.8374328613281 638.7500190734863
0 0.0101 146.97481155395505 134.5551300048828 203.17873001098633 155.5217170715332
0 0.0101 97.58892059326172 164.23494338989258 152.61447906494138 185.84718704223633
0 0.0100 -40.96606254577636 573.3626556396484 11.301565170288088 596.7253112792969
