0 0.0522 459.9152207374573 260.61370968818665 499.0234375 278.51709723472595
0 0.0396 459.8432779312134 237.21933364868164 499.0234375 255.03593683242798
0 0.0327 412.31900453567505 253.22809815406796 455.0400376319885 270.2740728855133
0 0.0324 460.19208431243896 283.87072682380676 499.0234375 302.13549733161926
0 0.0295 6.205849349498749 268.7814831733703 48.66376519203186 285.97235679626465
0 0.0267 365.2997314929962 182.9981207847595 408.2963764667511 199.87851381301877
0 0.0254 0.0 171.78583145141602 499.0234375 436.5234375
0 0.0240 6.340160965919495 245.2670931816101 48.54115843772888 262.61258125305176
0 0.0230 412.2631251811981 229.8207879066467 455.09132742881775 246.8058466911316
0 0.0229 0.0 -62.499999999999986 399.15022253990173 157.43356943130493
0 0.0226 412.62203454971313 276.4926254749298 454.76341247558594 293.8863933086395
0 0.0220 318.5234069824219 190.75489044189453 361.33140325546265 207.74716138839722
0 0.0208 21.891087293624878 -59.382382780313485 64.23479318618774 -42.11406223475933
0 0.0198 452.11261510849 213.72872591018674 493.43782663345337 231.6516041755676
0 0.0197 365.27305841445923 206.44983649253845 408.3208441734314 223.30155968666077
0 0.0184 14.545239508152008 -36.221206188201904 55.99717050790787 -18.39759200811386
0 0.0170 318.3771073818207 214.270681142807 361.465722322464 231.10511898994446
0 0.0170 326.27809047698975 167.35076904296875 369.19647455215454 184.27613377571106
0 0.0167 412.47329115867615 190.64080715179443 454.8991620540619 207.86231756210327
0 0.0166 400.5407243967056 -62.5 499.0234225988388 -7.930282503366474
0 0.0161 475.8070856332779 306.98126554489136 499.0234225988388 325.8538246154785
0 0.0156 460.2399915456772 190.0867223739624 499.0234524011612 208.41926336288452
0 0.0155 6.289377808570862 221.85984253883362 48.58727753162384 239.14465308189392
0 0.0152 69.4849044084549 -59.82266739010811 110.45712232589722 -41.67088121175766
0 0.0150 38.23792189359665 18.29762756824493 79.2049914598465 36.458447575569146
0 0.0149 365.02936482429504 237.82742023468018 408.5448086261749 254.42177057266235
0 0.0148 22.573642432689667 -12.927941977977751 63.61572444438934 5.18377125263214
0 0.0144 449.58649575710297 409.96587276458735 499.0234524011612 436.5234375
0 0.0139 6.449732929468155 292.0798659324646 48.44088479876518 309.5507025718689
0 0.0136 475.8892208337784 10.045409202575684 499.0234225988388 29.039189219474792
0 0.0134 373.126745223999 159.55135226249695 416.0958528518677 176.45016312599182
0 0.0134 271.3225185871124 190.92780351638794 314.7556483745575 207.5713872909546
0 0.0133 6.378363817930222 190.55601954460144 48.50663244724274 207.9487144947052
0 0.0132 0.0 14.765731990337372 27.2675734013319 40.025778114795685
0 0.0132 171.81254923343658 25.540426373481754 211.34023368358612 44.835641980171204
0 0.0129 365.03833532333374 261.2609267234802 408.536434173584 277.86344289779663
0 0.0124 475.5237251520157 166.5462851524353 499.0234225988388 185.03829836845398
0 0.0124 58.66072326898575 -39.62699975818395 89.90158885717392 -14.930234290659426
0 0.0118 121.2785430252552 -16.43330417573452 152.29342505335808 8.72932933270931
0 0.0117 475.8526086807251 33.510394394397736 499.0234375 52.449457347393036
0 0.0115 90.0503471493721 -32.09545090794563 121.02255970239639 -6.861831992864608
0 0.0114 271.1396813392639 214.46239948272702 314.92310762405396 230.91065883636475
0 0.0114 420.8280146121979 299.6896505355835 462.2187912464142 317.56579875946045
0 0.0114 132.52373039722443 17.91156828403473 172.47672379016876 36.842212080955505
0 0.0113 302.7970790863037 237.68717050552368 345.7987308502197 254.5644640922546
0 0.0113 183.75834822654724 46.115275472402566 214.8113250732422 71.18502631783484
0 0.0113 85.61539277434349 17.939582467079163 125.63079968094826 36.81477904319763
0 0.0111 152.7397632598877 -16.907915472984314 183.35184454917908 9.162791073322294
0 0.0111 475.63861310482025 103.96979749202728 499.0234524011612 122.61496484279631
0 0.0107 279.63173389434814 167.22089052200315 322.11291790008545 184.40717458724976
0 0.0106 116.66421219706535 -60.035184025764465 157.05959871411324 -41.45917296409606
0 0.0105 326.3002038002014 143.89905333518982 369.1766858100891 160.85270047187805
0 0.0105 53.97894233465195 41.657701134681695 94.72545236349106 59.973448514938354
0 0.0105 53.317271173000336 268.6424255371094 95.32364457845688 286.11248731613153
0 0.0105 66.47486984729767 -8.384661749005318 97.71302342414856 16.326757147908207
0 0.0104 21.899424493312836 167.1750396490097 64.22724574804306 184.45353209972382
0 0.0101 0.0 45.80692946910858 27.184152975678444 71.46638631820679
0 0.0100 475.7322072982788 80.46910166740417 499.0234375 99.24077987670898
0 0.0100 475.44389963150024 143.15851032733917 499.0234375 161.5505665540695
