0 0.2953 116.24804511666298 129.57075238227844 188.8129971921444 159.50751304626465
0 0.2095 131.94911181926727 112.07498610019684 172.9895919561386 130.18129765987396
0 0.1931 132.05865025520325 158.87483954429626 172.89140820503235 177.13117599487305
0 0.1807 84.94434878230095 112.15876042842865 126.23186782002449 130.09728491306305
0 0.1314 69.23940777778625 135.6487274169922 110.67882180213928 153.4823775291443
0 0.1189 84.7967267036438 159.13018584251404 126.36478245258331 176.87594890594482
0 0.1169 92.92077645659447 88.61427009105682 133.89644399285316 106.7669540643692
0 0.0897 139.56934213638306 88.76219391822814 180.97564578056335 106.61888122558592
0 0.0794 178.9984107017517 111.96048557758331 219.707190990448 130.29615581035614
0 0.0760 125.76206028461456 179.10128086805344 179.2767494916916 203.7455514073372
0 0.0718 389.9952471256256 111.91625893115996 430.5921494960785 130.3398460149765
0 0.0611 77.53728330135345 65.0133341550827 118.05416643619537 83.49289000034332
0 0.0600 58.70947986841202 85.27827262878418 89.85627442598343 110.15596985816956
0 0.0591 179.40565943717957 158.53340923786163 219.34515237808228 177.4706095457077
0 0.0448 389.70237970352173 135.54982841014862 430.8558702468872 153.5811871290207
0 0.0448 191.42580032348633 132.34272599220276 222.75781631469727 156.85859322547913
0 0.0427 123.94053861498833 65.32846391201019 165.35379365086555 83.17779004573822
0 0.0410 85.38085594773293 182.1763813495636 125.83934888243675 200.704425573349
0 0.0402 397.78608083724976 88.493674993515 438.42411041259766 106.88742995262145
0 0.0370 91.98644757270813 202.55208015441895 206.23719692230225 250.51569938659668
0 0.0364 38.69301825761795 111.72348260879517 78.79824191331863 130.5309236049652
0 0.0303 342.9149389266968 119.86497044563293 383.902370929718 138.01580667495728
0 0.0248 350.95155239105225 96.27443552017212 391.5135860443115 114.73110318183899
0 0.0229 69.55363601446152 41.695117950439446 110.39497703313828 59.9365234375
0 0.0228 50.633348524570465 156.08227252960205 82.28998631238937 180.02182245254517
0 0.0216 179.33166027069092 182.02617764472961 219.41101551055908 200.85319876670837
0 0.0211 389.91183042526245 65.09900093078613 430.666983127594 83.40725302696228
0 0.0197 27.527847327291965 85.13873815536498 58.54325648397207 110.28310656547545
0 0.0194 342.8325057029724 143.3594971895218 383.9761018753052 161.39660775661466
0 0.0189 389.4842863082886 159.128800034523 431.0525059700012 176.87712609767914
0 0.0189 35.025520250201225 132.6102614402771 66.6492898017168 156.61564469337463
0 0.0189 107.61144757270813 249.42708015441895 221.86219692230225 297.3906993865967
0 0.0188 253.88598442077637 304.6867251396179 499.0234375 436.5234375
0 0.0183 30.95933049917221 64.790278673172 70.91545313596725 83.7138295173645
0 0.0178 185.5441927909851 -62.5 499.0234375 208.68819952011108
0 0.0174 433.337539434433 117.20423400402069 465.20480513572693 140.79217612743378
0 0.0169 186.14399433135986 88.94920349121092 228.12259197235107 106.43115639686584
0 0.0168 0.0 304.68524992465973 250.37401914596558 436.5234225988388
0 0.0156 448.74407351017 238.15375566482544 499.0234225988388 277.1461009979248
0 0.0149 115.9881018102169 41.977576911449425 157.66823664307594 59.65317040681839
0 0.0137 405.2301049232483 252.7974247932434 446.5693235397339 270.7080841064453
0 0.0137 428.5396337509155 182.57117271423337 470.12144327163696 200.3098130226135
0 0.0125 342.8928554058075 73.00680875778198 383.9218318462372 91.1242663860321
0 0.0125 421.0832715034485 205.77764511108398 461.9874954223633 223.97869825363156
0 0.0124 405.4121971130371 229.24339771270752 446.40451669692993 247.38758802413938
0 0.0121 53.74725162982941 18.376275897026062 94.93371844291687 36.38008236885071
0 0.0120 358.7026298046112 221.3208973407745 399.3803560733795 239.68526721000669
0 0.0119 303.18817496299744 104.65100407600401 345.4422652721405 121.97753787040709
0 0.0117 475.62696039676666 182.1037232875824 499.0234225988388 200.73118805885315
0 0.0116 0.0 92.69191324710845 27.18896046280861 118.33225190639496
0 0.0116 397.6798951625824 41.69131815433502 438.5194480419159 59.939906001091
0 0.0114 381.8196654319763 190.28598070144653 423.1060743331909 208.2204222679138
0 0.0114 436.2247884273529 143.58465373516083 478.0499041080475 161.17055714130402
0 0.0109 170.45395076274872 65.54901599884033 212.55706250667572 82.95586705207825
0 0.0108 22.6755291223526 41.69513285160065 63.52321803569794 59.93621051311493
0 0.0108 358.6249053478241 244.81007456779477 399.4504511356354 263.0709707736969
0 0.0108 460.130512714386 283.9111387729645 499.0234375 302.094966173172
0 0.0108 0.0 -62.5 126.50211155414581 3.000028431415558
0 0.0107 475.7852703332901 423.92766475677485 499.0234225988388 436.5234375
0 0.0105 467.96107292175293 205.77728748321533 499.0234375 223.97929430007935
0 0.0102 342.81861782073975 166.807159781456 383.9883804321289 184.82409417629242
0 0.0101 475.6345748901367 -52.27696523070335 499.0234375 -33.638209104537964
