0 0.1200 548.3494567871094 -94.19992256164548 601.9203948974609 -71.71338367462155
0 0.1197 338.25199127197266 15.857498168945337 392.00923919677734 38.2286186218262
0 0.0884 338.55125427246094 45.678531646728544 391.73675537109375 68.40920639038089
0 0.0728 328.1169128417969 -14.059303283691378 382.13134765625 8.145267486572294
0 0.0692 487.22415924072266 -93.57945489883419 542.9510116577148 -72.34256792068477
0 0.0632 277.8679943084717 16.077558517456083 332.35981941223145 38.00605964660647
0 0.0628 427.53910064697266 -103.74346542358394 482.6613235473633 -82.175591468811
0 0.0590 357.6219940185547 -93.79142808914182 412.5860595703125 -72.12745237350461
0 0.0560 278.2139301300049 -34.117067337036104 332.04318046569824 -11.796586990356415
0 0.0556 278.25279235839844 45.86001110076907 332.00782775878906 68.22654438018802
0 0.0546 398.4910583496094 15.717746734619173 451.7909240722656 38.370067596435575
0 0.0544 558.7830352783203 -64.46773815155026 611.5268707275391 -41.44387531280515
0 0.0538 327.2917938232422 -53.60618400573727 382.8868865966797 -32.313964843749964
0 0.0511 608.6495971679688 -94.80826425552365 638.75 -71.16366910934445
0 0.0482 339.39640045166016 75.11086654663087 390.9763717651367 98.97660446166994
0 0.0413 387.4493408203125 -13.68720817565915 442.7417755126953 7.768671035766629
0 0.0390 298.20716857910156 -104.11719608306882 352.0502471923828 -81.7970924377441
0 0.0371 279.60631370544434 74.94883728027347 330.7907962799072 99.13665008544923
0 0.0369 394.8455810546875 41.721927642822294 435.2985382080078 72.48543930053714
0 0.0353 386.8645477294922 -63.3948593139648 443.28147888183594 -42.53013420104977
0 0.0336 345.4002380371094 100.62453460693362 384.7846984863281 133.48452758789065
0 0.0324 268.0479335784912 -64.02122306823728 322.19468116760254 -41.89348030090329
0 0.0299 497.6904296875 -63.82354545593258 552.5222015380859 -42.09402847290036
0 0.0269 305.5086135864258 100.36574554443362 344.68761444091797 133.72111511230472
0 0.0255 228.31689834594727 -14.179513931274384 281.9497871398926 8.266183853149442
0 0.0254 0.0 191.88586425781253 638.75 530.75
0 0.0253 608.672924041748 -44.823520660400355 638.7500190734863 -21.148365020751918
0 0.0243 218.1668472290039 -44.09100580215451 272.0864486694336 -21.823125362396212
0 0.0229 0.0 -107.99999999999997 510.9122848510742 173.51496887207034
0 0.0202 265.61058044433594 100.10588836669923 304.5975112915039 133.95903778076172
0 0.0182 238.54202270507812 -104.31817579269405 291.7456817626953 -81.59446763992305
0 0.0179 229.8257064819336 74.7721405029297 280.5978012084961 99.31079101562501
0 0.0177 518.7547302246094 75.54310989379886 571.5541076660156 98.54417037963869
0 0.0176 340.29335021972656 134.35523223876956 390.1924133300781 159.71858215332034
0 0.0168 385.1020050048828 101.25069808959962 425.0584411621094 132.9136009216309
0 0.0167 416.7179489135742 -43.32209396362301 473.4165573120117 -22.60425376892087
0 0.0159 234.60323333740234 12.139055252075222 275.5269241333008 42.10748863220217
0 0.0155 290.228910446167 134.4154090881348 340.24792671203613 159.65985488891604
0 0.0149 399.12899017333984 75.29776763916018 451.2161636352539 98.79012298583987
0 0.0148 608.4571838378906 145.3112335205078 638.75 168.71566009521484
0 0.0145 518.8601684570312 45.476219177246115 571.4585113525391 68.61144256591798
0 0.0144 588.6158752441406 55.6364555358887 638.75 78.45124435424806
0 0.0142 608.9783477783203 514.6486015319824 638.75 530.7500190734863
0 0.0142 443.84971618652344 -76.73254776000974 486.2469482421875 -48.909404754638636
0 0.0141 289.7296142578125 224.8507995605469 340.68214416503906 249.2333526611328
0 0.0139 234.6908950805664 41.99437332153323 275.44384002685547 72.23847579956058
0 0.0132 548.8096618652344 -34.49112701416013 601.5042114257812 -11.42132568359372
0 0.0132 608.6277770996094 -14.79475784301755 638.75 8.822662353515653
0 0.0124 339.4274139404297 215.0850982666016 390.94940185546875 239.0018005371094
0 0.0123 448.66058349609375 35.60973834991458 501.63780212402344 58.478266716003446
0 0.0119 588.9365386962891 85.43118667602542 638.75 108.65727615356448
0 0.0115 260.7033920288086 134.01648712158206 288.90625 180.03630828857422
0 0.0115 315.4197311401367 160.57755661010745 354.76734161376953 193.52746200561523
0 0.0114 609.6000671386719 484.5026321411133 638.75 509.5223922729492
0 0.0111 447.6449203491211 -3.7952594757079794 502.5631332397461 17.877847671508817
0 0.0110 230.68050384521484 103.82786941528322 258.9336395263672 150.18334579467773
0 0.0108 608.5684204101562 25.24317932128909 638.75 48.784496307373075
0 0.0107 355.37601470947266 160.67160797119143 394.8074722290039 193.4415740966797
0 0.0106 518.4867477416992 105.71242523193361 571.7966079711914 128.37424468994143
0 0.0106 279.9264621734619 194.68260002136233 330.5106258392334 219.39819526672363
0 0.0103 208.20486068725586 -74.11551284790036 262.0522880554199 -51.798742294311495
0 0.0103 608.8023376464844 115.0905532836914 638.75 138.93778991699222
0 0.0102 608.7171173095703 175.15000534057617 638.75 198.87856674194336
