0 0.0756 214.0985870361328 28.28958511352539 275.8531188964844 46.75132751464844
0 0.0652 214.34768676757812 8.192949295043944 275.6208038330078 26.8509578704834
0 0.0592 204.43727493286133 48.163371086120605 265.535831451416 66.88255786895753
0 0.0526 204.77806091308594 -11.974287033081056 265.2186965942383 7.024068832397461
0 0.0374 195.08167266845703 -32.09507942199707 254.93515014648438 -12.850885391235352
0 0.0373 154.83753204345703 18.00586700439453 215.16220092773438 37.04534530639648
0 0.0330 195.076904296875 67.90964126586913 254.9388885498047 87.14479446411133
0 0.0275 145.20814895629883 37.85752773284912 204.81611251831055 57.19892978668213
0 0.0254 0.0 192.3858642578125 638.75 531.25
0 0.0254 265.0986862182617 47.89926528930664 324.91893768310547 67.15520858764648
0 0.0248 145.53848266601562 -2.2845458984375 204.50950622558594 17.344665527343754
0 0.0233 197.40789413452148 206.82655334472653 252.78173446655273 228.2533264160156
0 0.0231 175.85657119750977 177.57354736328125 234.21483993530273 197.4898910522461
0 0.0229 0.0 -107.5 510.9122848510742 174.01496887207034
0 0.0228 274.96432304382324 27.951183319091793 335.04490852355957 47.101078033447266
0 0.0189 185.916748046875 87.55289077758789 244.15752410888672 107.51222610473633
0 0.0185 265.635986328125 -12.330894470214842 324.41993713378906 7.391510009765625
0 0.0183 195.31457901000977 -52.19193458557129 254.71834182739258 -32.75111198425293
0 0.0180 258.1801414489746 216.4042282104492 312.0736503601074 238.68213653564453
0 0.0172 275.2876567840576 7.816114425659181 334.744234085083 27.23996162414551
0 0.0171 255.73440551757812 -32.372121810913086 314.32811737060547 -12.565813064575195
0 0.0156 136.25394821166992 -22.60051727294922 193.84511947631836 -2.3305511474609384
0 0.0155 608.947582244873 -94.5060920715332 638.7500190734863 -70.46518325805663
0 0.0154 186.16735458374023 157.4294662475586 243.92770767211914 177.63690948486328
0 0.0149 135.82374095916748 57.59559631347656 194.24347400665283 77.46868133544923
0 0.0145 255.69671630859375 67.64810562133788 314.3621826171875 87.41411209106445
0 0.0140 609.0101623535156 515.1237678527831 638.75 531.2499809265137
0 0.0130 609.7345161437988 484.88407135009766 638.7499809265137 510.1384353637695
0 0.0127 318.50879669189453 216.20433807373047 371.77539825439453 238.88317108154297
0 0.0126 247.71345138549805 186.66866302490234 302.5000190734863 208.4146499633789
0 0.0123 407.90477752685547 216.5635299682617 462.32471466064453 238.52130889892575
0 0.0119 507.31056213378906 206.87946319580078 562.8707122802734 228.19988250732425
0 0.0116 208.9342498779297 235.92899322509766 261.3914108276367 259.15897369384766
0 0.0109 511.90391540527344 -57.65819549560547 638.75 42.1270751953125
0 0.0109 166.73542022705078 107.17216491699219 223.39977264404297 127.90210723876952
0 0.0109 136.35887145996094 197.35352516174316 193.74732971191406 217.7169704437256
0 0.0108 136.39131546020508 -42.66363143920898 193.7177848815918 -22.265787124633786
0 0.0106 608.7346649169922 215.63716888427734 638.75 239.3912887573242
0 0.0100 608.6149406433105 185.7145118713379 638.7500190734863 209.3134880065918
