0 0.1986 14.410823583602905 133.8406503200531 159.41330790519714 194.33534145355225
0 0.1481 10.205104947090149 -43.035805225372314 100.14961659908295 -4.246838390827177
0 0.1340 30.035823583602905 196.3406801223755 175.03830790519714 256.83534145355225
0 0.1326 0.0 39.13907706737518 165.26663303375244 116.63930118083954
0 0.1150 195.52475214004517 -59.60376188158989 265.796422958374 -26.46052837371826
0 0.1075 266.2418484687805 -60.235388576984406 335.72524785995483 -25.878585875034336
0 0.1063 335.81772446632385 -60.34606136381626 375.45230984687805 -41.15164466202259
0 0.0941 156.31571412086487 -60.508266091346734 195.6036388874054 -40.99284112453461
0 0.0902 459.10173654556274 214.21501040458676 499.0234375 231.16126656532288
0 0.0850 0.3471747040748596 -5.124740302562714 70.35424560308456 28.418786823749542
0 0.0802 459.4683051109314 190.569669008255 499.0234375 207.9338729381561
0 0.0664 149.00410175323486 -23.360922932624813 321.51663303375244 54.13930118083953
0 0.0632 336.39562129974365 -37.46001794934272 374.9571442604065 -17.177548259496685
0 0.0627 86.01685985922813 -60.52057072520255 125.27934089303017 -40.98081588745117
0 0.0614 459.4092220067978 237.48460412025452 499.0234524011612 254.76941466331482
0 0.0605 0.0 -60.17747893929481 31.889572739601135 -41.31804034113883
0 0.0593 374.8651146888733 -52.51934938132763 414.5277142524719 -33.3529245108366
0 0.0583 295.6608235836029 102.5906503200531 440.66330790519714 163.08534145355225
0 0.0541 106.13010823726654 255.72943687438962 136.2524777650833 283.3346128463745
0 0.0523 0.0 118.85228753089905 31.283363699913025 139.00965452194214
0 0.0503 412.73412108421326 182.67008662223816 454.6627700328827 200.20857453346252
0 0.0500 459.9851369857788 166.81841015815735 499.0234375 184.81245636940002
0 0.0453 8.316773921251297 188.7212097644806 30.449755489826202 225.307434797287
0 0.0410 106.02699220180511 -40.77875521034002 136.33494079113007 -13.877601362764835
0 0.0408 4.453456960618496 240.50718545913696 34.78153143078089 267.33940839767456
0 0.0400 411.89152002334595 206.58093690872192 455.43235540390015 223.16765785217282
0 0.0392 460.3515863418579 -52.1762240678072 499.0234375 -33.692678436636925
0 0.0389 37.59263455867767 263.3579969406128 103.5958081483841 314.9423599243164
0 0.0375 153.00218760967255 115.11825025081635 183.12950432300568 142.69687235355374
0 0.0370 74.88294690847397 -2.09542363882065 105.00041395425797 25.53347498178482
0 0.0359 351.5489101409912 252.06652283668518 390.9839987754822 271.4345157146454
0 0.0353 379.2935311794281 -32.50174596905708 409.92119908332825 -6.4907558262348175
0 0.0347 448.74407351017 -27.471236884593964 499.0234225988388 11.521115899085999
0 0.0333 38.37302327156067 -62.5 79.15002852678299 -49.113416112959385
0 0.0331 332.4156701564789 -16.879856586456295 363.04971575737 9.137116372585297
0 0.0326 160.7479602098465 146.6154158115387 190.99454581737518 173.719584941864
0 0.0325 421.8420088291168 158.30644965171814 461.31882071495056 177.69131064414978
0 0.0314 137.2370421886444 256.2096416950226 167.61937737464905 282.8933894634247
0 0.0306 413.59269618988037 -60.0726455450058 453.88656854629517 -41.421759873628616
0 0.0300 457.44600892066956 22.118613123893738 488.0216419696808 48.25817048549652
0 0.0287 379.2611360549927 170.65471410751343 409.9547266960144 196.6056227684021
0 0.0276 475.6016880273819 260.2459788322448 499.0234225988388 278.8389325141907
0 0.0270 389.81589674949646 268.2898938655853 430.75302243232727 286.4665687084198
0 0.0268 352.03737020492554 165.12251645326614 374.2353916168213 202.00734585523605
0 0.0255 4.45430725812912 271.7525064945221 34.78101268410683 298.5937297344208
0 0.0254 367.3135042190552 -5.877859890460968 406.4894914627075 13.75017315149307
0 0.0252 168.5582548379898 177.87387222051618 198.80874454975128 204.9618139863014
0 0.0247 460.7781022787094 127.18595564365387 499.0234524011612 146.31678164005277
0 0.0244 106.08780011534691 -9.727420285344124 136.28477230668068 17.554895952343937
0 0.0244 412.1948778629303 229.8632264137268 455.1526606082916 246.7637062072754
0 0.0241 312.6796782016754 244.07842755317688 351.7545163631439 263.7934982776642
0 0.0237 328.59930396080017 165.1134192943573 350.7985770702362 202.01390981674191
0 0.0229 379.2903423309326 14.378994703292845 409.9242091178894 40.37900269031524
0 0.0225 172.40698635578156 227.99021005630493 194.47897374629974 264.2055153846741
0 0.0224 366.1513924598694 205.93613386154175 407.52071142196655 223.81979227066037
0 0.0223 426.24664306640625 14.170236885547634 456.7275643348694 40.570102632045746
0 0.0222 460.32994985580444 283.774584531784 499.0234375 302.2312819957733
0 0.0216 410.5459749698639 -32.50948712229729 441.1691725254059 -6.483670324087143
0 0.0212 465.1322662830353 77.09509134292603 495.94846367836 102.68151760101318
0 0.0211 351.2687087059021 228.85942459106442 391.22986793518066 247.77024984359738
0 0.0198 334.46764945983887 44.60802301764488 400.4707932472229 96.1923636496067
0 0.0197 320.30364871025085 9.870007634162903 359.73086953163147 29.255270957946774
0 0.0196 172.43947088718414 204.59458231925964 210.80882847309113 225.13672709465027
0 0.0190 460.7391953468323 103.78238558769226 499.0234375 122.84612655639648
0 0.0189 312.4910295009613 220.81059217453003 351.91789269447327 240.19008874893188
0 0.0188 253.88598442077637 304.6867251396179 499.0234375 436.5234375
0 0.0182 0.0 142.2596424818039 14.821060001850128 178.1603842973709
0 0.0178 0.0 320.3890919685364 165.26663303375244 397.88925647735596
0 0.0174 461.272656917572 48.611756414175034 499.0234375 68.63057985901833
0 0.0174 406.6442549228668 -6.146959960460664 445.32427191734314 14.011047780513763
0 0.0166 438.02177906036377 95.09932994842528 460.1162075996399 131.45500421524048
0 0.0160 355.79901933670044 272.32247591018677 386.5346908569336 298.0717420578003
0 0.0159 305.1888048648834 165.28113931417462 327.3284137248993 201.8749490380287
0 0.0159 162.59263455867767 60.23302301764488 228.5958081483841 111.81736364960669
0 0.0157 441.2826895713806 257.60239362716675 472.89204597473145 281.6227674484253
0 0.0151 402.9512405395508 76.24678313732147 433.169424533844 103.45865786075592
0 0.0150 316.812127828598 264.3279731273651 347.4045693874359 290.42568802833557
0 0.0149 230.78671842813492 53.5982884466648 261.5460380911827 79.29816469550133
0 0.0146 426.28467082977295 45.319810509681695 456.6941261291504 71.91213965415953
0 0.0142 262.0549499988556 53.55486646294594 292.77971386909485 79.33783158659934
0 0.0138 301.47019028663635 75.8897066116333 331.5477669239044 103.787362575531
0 0.0132 297.18977212905884 48.62929880619049 336.01516485214233 68.61326098442078
0 0.0129 184.0776801109314 115.68653583526611 214.52349424362183 142.17492938041687
0 0.0125 117.85335838794708 282.5806736946106 156.0414880514145 303.39348316192627
0 0.0123 289.62019085884094 243.83127689361572 311.63570284843445 279.6627879142761
0 0.0122 168.3969497680664 264.27096128463745 198.94737005233765 290.47787189483637
0 0.0119 0.5751922726631165 298.33486676216125 38.924455642700195 318.8963234424591
0 0.0112 133.35523009300232 -62.5 155.40584921836853 -40.78291356563568
0 0.0110 270.0532376766205 92.13137626647949 300.42919516563416 118.8453435897827
0 0.0107 195.8724409341812 228.2240092754364 217.88303554058075 264.02392983436584
0 0.0101 475.71350634098053 423.98238182067865 499.0234225988388 436.5234375
