0 0.2020 397.80406951904297 -102.38666915893553 452.41825103759766 -80.53013706207274
0 0.1989 112.25864887237549 11.260086059570325 178.26201915740967 45.69188690185548
0 0.1504 337.7278518676758 -102.3414006233215 392.48729705810547 -80.57549381256102
0 0.1446 119.8434829711914 -13.739971160888658 170.58168411254883 10.822998046875014
0 0.1242 180.4574203491211 5.679670333862319 230.0551986694336 31.387773513793956
0 0.0977 110.8305549621582 45.229712486267104 159.75091934204102 71.81831455230714
0 0.0773 408.6378479003906 -72.87759685516355 461.65870666503906 -50.034684181213365
0 0.0712 365.7362365722656 111.23780822753908 404.4903564453125 145.79671478271487
0 0.0695 75.46840906143188 -8.03610229492186 114.72350835800171 25.131355285644545
0 0.0667 169.12864685058594 -23.19878005981444 221.2158203125 0.28712844848634295
0 0.0649 108.9671277999878 -43.08885955810545 161.36093616485596 -19.822620391845685
0 0.0606 458.3594512939453 -102.70542049407956 511.9111633300781 -80.20776653289792
0 0.0591 370.64754486083984 85.47668075561525 419.89551544189453 111.5838966369629
0 0.0569 181.0646629333496 34.45767498016358 229.6479606628418 62.52016162872315
0 0.0450 80.6863021850586 25.371547698974624 108.9266586303711 71.64868927001953
0 0.0443 348.24756622314453 -72.63462924957273 402.0120620727539 -50.27851009368894
0 0.0422 360.85094451904297 145.2041778564453 409.73438262939453 171.84274291992188
0 0.0350 115.70077896118164 71.33512115478517 154.52129364013672 105.7073745727539
0 0.0345 405.6160354614258 111.58988571166992 444.59285736083984 145.47370529174805
0 0.0338 325.80604553222656 110.99799728393556 364.43382263183594 146.01707077026367
0 0.0327 278.749361038208 -102.94680261611936 331.55749320983887 -79.96497774124144
0 0.0326 93.06253433227539 -101.58583068847655 208.19150924682617 -51.93595314025877
0 0.0255 370.3875732421875 55.76232528686525 420.1121520996094 81.30881881713869
0 0.0255 340.6924819946289 65.41919326782228 368.9192581176758 111.61105728149415
0 0.0254 0.0 193.38586425781247 638.75 532.25
0 0.0252 420.17784118652344 75.96929168701172 470.2906036376953 101.10799407958984
0 0.0242 49.425153732299805 -33.41566467285155 100.9519100189209 -9.497760772705064
0 0.0218 168.44722747802734 -52.7598943710327 221.83170318603516 -30.15310192108153
0 0.0203 365.58704376220703 171.6548309326172 404.6194076538086 205.41425323486328
0 0.0203 409.2930603027344 -43.31962966918943 461.06971740722656 -19.59318542480467
0 0.0202 330.63392639160156 154.9893913269043 358.98963928222656 201.95422744750977
0 0.0188 229.61734771728516 16.4430389404297 280.7804870605469 40.6427345275879
0 0.0183 35.18049359321594 -7.4158992767333825 74.9868381023407 24.56534004211427
0 0.0173 75.550537109375 71.75321197509767 114.65118408203125 105.32415008544922
0 0.0158 608.8030242919922 -43.40868139266966 638.75 -19.56280374526976
0 0.0156 300.6139373779297 144.8580322265625 329.0137481689453 192.0618209838867
0 0.0152 38.53421211242676 -102.81781101226804 91.75373077392578 -80.09549999237059
0 0.0150 608.5812377929688 216.7354736328125 638.75 240.29229736328125
0 0.0148 608.9719390869141 -93.52316522598265 638.75 -69.4481482505798
0 0.0148 160.55940628051758 64.56369018554688 189.07983779907227 112.31443023681639
0 0.0147 410.70892333984375 145.5636749267578 438.8996124267578 191.49980163574222
0 0.0146 464.89173889160156 -76.85676479339598 505.25482177734375 -45.94315433502196
0 0.0144 50.73086738586426 25.76791381835939 78.87351989746094 71.34437179565431
0 0.0143 0.0 -43.646160602569566 40.68764686584473 -19.269839763641347
0 0.0140 0.0 -83.79026317596433 40.53219795227051 -59.127863883972154
0 0.0136 574.3924140930176 38.336826324462905 638.7499809265137 88.24702835083008
0 0.0132 0.0 -7.501596450805649 34.94699954986572 24.643407821655284
0 0.0128 310.6774616241455 65.29920196533205 338.93725395202637 111.70518493652344
0 0.0124 420.0454330444336 46.08854389190676 470.40523529052734 70.99141216278078
0 0.0123 219.14762496948242 -103.21505928039548 271.1994743347168 -79.69705963134763
0 0.0122 608.8738250732422 -13.455289840698226 638.75 10.484033584594739
0 0.0122 73.06253433227539 158.41418838500977 188.19150924682617 208.06403732299805
0 0.0122 608.5510444641113 186.75397491455078 638.7499809265137 210.27360534667966
0 0.0121 348.9464569091797 -43.077451229095445 401.3800811767578 -19.834372043609605
0 0.0120 538.3393478393555 217.3017272949219 591.9305038452148 239.78425598144528
0 0.0118 304.7730541229248 -76.64680385589597 345.36633491516113 -46.133622169494615
0 0.0114 574.3924140930176 98.3368263244629 638.7499809265137 148.24702835083008
0 0.0113 325.35560607910156 212.2186050415039 364.82582092285156 244.8986587524414
0 0.0111 369.9696731567383 26.151481628417987 420.47176361083984 50.929389953613295
0 0.0111 469.72362518310547 76.35358428955078 520.6878280639648 100.73037719726564
0 0.0111 445.31185150146484 102.31847381591798 484.8653030395508 134.807487487793
0 0.0110 608.937816619873 516.1795768737793 638.7500190734863 532.2500190734863
0 0.0107 518.8293838500977 -103.00041103363036 571.4856338500977 -79.91150760650632
0 0.0107 0.0 26.156192779541026 50.4702091217041 50.925365447998054
0 0.0105 145.68283557891846 211.39872169494626 184.53555583953857 245.64903831481934
0 0.0104 188.11857223510742 70.59827423095705 272.60263442993164 136.626220703125
0 0.0104 608.5931396484375 156.72694778442383 638.75 180.30074691772464
0 0.0102 38.69917869567871 -62.91989231109617 91.60398483276367 -39.992732048034654
0 0.0102 399.5029067993164 -13.47219848632811 450.88245391845703 10.558506011962903
0 0.0101 185.72431564331055 211.27523994445798 224.50029373168945 245.76229667663574
0 0.0101 270.6593704223633 155.16803359985352 298.9590072631836 201.8101463317871
