0 0.2266 21.303578726947308 164.19096612930298 69.84052646905184 180.57965540885928
0 0.2067 13.465706780552864 180.55653119087216 61.147575750947 197.3446502685547
0 0.1828 21.414407938718796 147.57814252376556 69.73802134394646 164.06855309009552
0 0.1742 70.35099476575851 164.45951664447784 120.12377321720123 180.30298614501953
0 0.1410 62.48430836945772 180.85190200805664 111.45604353398085 197.04119229316711
0 0.1312 13.867221549153328 130.67552381753922 60.777114406228065 147.8544800877571
0 0.1277 13.68502750992775 197.0169939994812 60.94450041651726 214.01171469688418
0 0.1234 70.53517505526543 147.81897240877151 119.95284512639046 163.82045739889145
0 0.0783 14.316283911466599 105.60748153924942 60.363054275512695 123.2396029829979
0 0.0759 62.96099066734314 130.94995015859604 111.0148373246193 147.5729143023491
0 0.0508 111.58234417438507 181.09028363227844 161.69363021850586 196.7946603298187
0 0.0465 0.0 221.059041261673 42.995439767837524 239.6698668003082
0 0.0456 119.95371781289577 164.48788487911224 169.89180125296116 180.27256453037262
0 0.0436 63.094089180231094 197.1470835208893 110.88962063193321 213.87852931022644
0 0.0362 71.85868114233017 114.09904503822327 118.72559517621994 131.3057377338409
0 0.0355 120.42928457260132 147.72668087482452 169.4494992494583 163.9144232273102
0 0.0335 0.0 151.25040733814237 21.08587108552456 177.06281566619873
0 0.0314 112.72277168929577 130.91254705190659 160.63439019024372 147.6105701327324
0 0.0263 496.5319433808327 -28.072027325630202 528.9648279547691 -8.075217664241801
0 0.0254 0.0 159.84298133850098 528.96484375 440.46484375000006
0 0.0229 0.0 -88.50000000000001 423.09923589229584 144.62958359718326
0 0.0224 0.0 245.52057826519012 42.45689742267132 264.896777510643
0 0.0217 14.488009661436081 80.67200863361357 60.205639004707336 98.48883950710297
0 0.0196 429.1417646408081 -27.31510209292174 473.727468252182 -8.832427211105832
0 0.0184 496.4328756928444 -52.84255853295328 528.9648279547691 -32.99172049760819
0 0.0166 0.0 286.8831070661545 42.41029754281044 306.3457378149033
0 0.0153 496.6532191634178 -3.323941141366969 528.9648595452309 16.862964123487462
0 0.0150 64.16258126497269 88.95965570211408 109.90511178970337 106.76353448629379
0 0.0146 112.23831616342068 197.38524401187897 161.08191646635532 213.63354527950287
0 0.0144 496.43385499715805 -77.6860242187977 528.9648595452309 -57.83562450110913
0 0.0141 47.09194868803024 213.43989574909213 93.80991369485855 230.71627700328827
0 0.0136 428.7502008676529 -51.93834869563581 474.08560931682587 -33.89953954517842
0 0.0136 0.0 427.2739305496216 42.49665006995201 440.46484374999994
0 0.0127 122.14762009680271 105.50899827480316 167.85995803773403 123.33865487575531
0 0.0120 421.2756133079529 -2.72494649887086 465.0692808628082 16.266591489315026
0 0.0112 423.92042994499207 19.025244355201718 528.96484375 101.65992164611815
0 0.0101 379.17367815971375 -35.432196207344546 424.29534554481506 -17.27911251038314
0 0.0101 429.0375477075577 -85.22683130949737 473.823282122612 -66.85934314876796
0 0.0100 0.0 402.337841629982 41.842526122927666 422.7616437673569
