0 0.1994 188.1185817718506 537.0982360839844 272.6026248931884 603.126220703125
0 0.1454 229.50272560119623 491.0667037963867 280.6172847747802 538.6697006225586
0 0.1118 230.97461700439453 461.4752197265625 279.64771270751953 488.5559844970703
0 0.0984 205.30208587646482 618.2415771484375 244.93312835693357 638.75
0 0.0968 200.43498992919922 490.5685043334961 229.23160552978516 539.277458190918
0 0.0782 245.26874542236328 618.3374214172363 284.96143341064453 638.7499809265137
0 0.0772 160.56528091430664 541.1066436767578 189.07278060913086 588.7798309326172
0 0.0764 275.93017578125 536.8005752563477 314.35699462890625 573.1599044799805
0 0.0744 165.23580551147458 618.4228706359863 204.99032974243164 638.7499809265137
0 0.0728 275.898208618164 577.0621871948242 314.36958312988276 612.9184341430664
0 0.0691 200.5781555175781 441.1448287963867 229.05700683593747 488.7405776977539
0 0.0665 170.50716400146484 490.8202362060547 199.1434097290039 539.0319061279297
0 0.0652 230.62449455261228 432.0040512084961 279.9143695831298 458.0576705932617
0 0.0506 140.8041000366211 591.7562866210938 189.77359771728516 618.2923889160156
0 0.0465 125.1450729370117 618.6454010009766 165.07080078125 638.75
0 0.0460 285.1927947998047 618.5322570800781 325.0281524658203 638.75
0 0.0448 170.6186294555664 441.3899230957031 199.0080642700195 488.5358428955078
0 0.0439 115.41730880737305 558.5736083984375 154.77048873901367 591.5310668945312
0 0.0354 280.7978057861328 501.7816162109375 329.775390625 528.2695770263672
0 0.0316 230.27371406555176 402.37892150878906 280.2083110809326 427.6959991455078
0 0.0302 175.75246810913086 407.6802062988281 214.47740554809567 442.34962463378906
0 0.0296 110.02288818359375 532.5956344604492 160.42739868164062 557.483024597168
0 0.0293 85.081787109375 618.7872123718262 125.12809753417969 638.7500190734863
0 0.0278 313.06255340576166 564.9141693115234 428.1914901733398 614.5640563964844
0 0.0278 140.6793975830078 481.8547058105469 168.9351654052734 528.1672668457031
0 0.0270 90.27448654174805 592.3735046386719 140.20856857299802 617.7008056640625
0 0.0254 -79.99999999999999 0.0 558.75 339.48570251464844
0 0.0234 278.4163284301757 153.75749588012695 331.8600845336914 176.32917404174805
0 0.0231 325.1462173461914 618.6430358886719 365.0697708129882 638.75
0 0.0220 280.7090377807617 452.05955505371094 308.89949798583984 498.0023193359375
0 0.0209 278.91284942626953 123.4386157989502 331.4116287231445 146.6486644744873
0 0.0198 95.46773910522461 208.46454620361328 134.72421646118164 241.63074493408203
0 0.0195 230.00002861022944 372.62908935546875 280.4445362091064 397.4517822265625
0 0.0190 315.690803527832 527.8715896606445 354.5291519165039 562.1738815307617
0 0.0189 278.55648040771484 183.67612838745117 331.73183441162104 206.41176223754883
0 0.0185 75.1799201965332 559.0879058837891 114.98708724975585 591.0618591308594
0 0.0185 29.15252685546875 622.8022956848145 81.2948226928711 638.7499809265137
0 0.0182 338.5715103149414 153.6644697189331 391.7187118530273 176.42311573028564
0 0.0182 279.2335510253906 93.22634696960449 331.1221313476562 116.86154365539551
0 0.0181 105.40437698364258 248.609619140625 144.7815132141113 281.49818420410156
0 0.0179 185.61979293823242 368.0786895751953 224.58967208862305 401.98394775390625
0 0.0174 -50.52783012390136 613.0410766601562 0.9118080139160156 637.0440673828125
0 0.0172 95.35762786865234 168.71763229370117 134.82364654541016 201.39951705932617
0 0.0171 432.88740158081055 569.6266937255859 558.7500190734863 638.75
0 0.0169 140.70478439331052 432.03868865966797 168.90462875366208 478.02051544189453
0 0.0162 -80.0 582.845573425293 -39.32231426239014 607.2384262084961
0 0.0161 308.15643310546875 213.91769409179688 362.09533691406244 236.1684799194336
0 0.0157 369.3914794921875 622.6073455810547 421.08489990234375 638.75
0 0.0150 135.386962890625 208.65428924560547 174.79679107666016 241.45736694335938
0 0.0147 338.08807373046875 183.95191192626953 392.1588897705078 206.1330795288086
0 0.0147 338.6363220214843 123.6258316040039 391.65954589843744 146.46223068237305
0 0.0145 249.54975128173828 212.99535751342773 300.84026336669916 237.09100723266602
0 0.0145 278.7892532348633 63.52957010269165 331.52095794677734 86.55900716781616
0 0.0143 235.20824432373044 259.0359306335449 274.9603652954101 291.10918045043945
0 0.0142 65.42531967163086 248.5616111755371 104.76259231567381 281.5420341491699
0 0.0139 39.59186553955078 592.9564666748047 90.80432891845702 617.1286773681641
0 0.0139 105.37305831909178 288.68226051330566 144.80974197387695 321.4317989349365
0 0.0138 229.84349250793457 342.76233673095703 280.5812358856201 367.3209762573242
0 0.0138 218.85125160217285 133.4833812713623 271.4662837982178 156.6044521331787
0 0.0138 355.48046112060547 528.4319686889648 394.713020324707 561.6605758666992
0 0.0137 55.39702892303467 208.6269760131836 94.78813648223877 241.48231506347656
0 0.0137 145.2606964111328 248.9255714416504 184.91230010986328 281.20981216430664
0 0.0135 308.2187271118164 243.8810157775879 362.03861236572266 266.2055015563965
0 0.0133 219.0233325958252 103.36259841918945 271.31266593933105 126.72439575195312
0 0.0133 135.16048431396484 169.1349983215332 175.00423431396484 201.01892471313477
0 0.0131 -80.0 552.841796875 -39.326329231262214 577.2421264648438
0 0.0130 145.39928436279297 368.6179733276367 184.7864532470703 401.49051666259766
0 0.0127 0.7893180847167974 602.8662300109863 28.80430221557617 638.7499809265137
0 0.0126 235.02285003662107 169.40370559692383 275.13195037841797 200.77444076538086
0 0.0125 55.26735305786133 168.91006469726562 94.90636825561523 201.22394561767578
0 0.0120 165.39972305297852 328.62117767333984 204.7856330871582 361.4876174926758
0 0.0117 99.91657257080077 142.69996643066406 150.51750183105466 167.38216400146484
0 0.0113 -80.0 2.819232940673828 -39.351530075073235 27.264399528503418
0 0.0113 219.17752265930176 73.26038599014282 271.17342948913574 96.826913356781
0 0.0112 145.28108596801758 288.8846969604492 184.89339828491208 321.24706268310547
0 0.0112 195.26004791259766 258.9276885986328 234.91283416748047 291.20784759521484
0 0.0111 -11.34664535522461 573.6122894287109 41.6447639465332 596.4754486083984
0 0.0111 393.0625534057617 504.91416931152344 508.19149017333984 554.5640563964844
0 0.0110 338.5177993774414 93.70037078857422 391.7668533325195 116.38742446899414
0 0.0110 -79.27972793579102 142.1691131591797 -51.11387491226196 187.91950225830078
0 0.0110 179.1729736328125 173.2636833190918 231.17748260498047 196.82363510131836
0 0.0109 225.29186248779297 298.8594913482666 264.8837661743164 331.270055770874
0 0.0107 125.34049987792969 328.75205993652344 164.8395538330078 361.36810302734375
0 0.0105 199.5760440826416 202.96649932861328 250.81877708435056 227.11849212646484
0 0.0104 159.02257919311523 143.3724594116211 211.31132125854492 166.71585083007812
0 0.0104 65.35387039184569 288.72241973876953 104.82740402221678 321.39514923095703
0 0.0102 -79.28040266036987 192.16388702392578 -51.1130666732788 237.923583984375
0 0.0101 -80.0 112.41955757141113 -39.7438621520996 137.6554012298584
0 0.0100 367.99991607666016 224.00257110595703 422.23934173583984 246.0818862915039
