0 0.0532 305.25410175323486 -105.86092293262482 477.76663303375244 -28.36069881916048
0 0.0334 55.25410175323486 -105.86092293262482 227.76663303375244 -28.36069881916048
0 0.0327 474.19343888759613 116.03708148002623 499.0234524011612 133.03418040275574
0 0.0292 459.6209526062012 193.92083168029785 499.0234375 211.45902156829834
0 0.0254 0.0 89.285831451416 499.0234375 354.0234375
0 0.0253 474.2068648338318 92.59183287620542 499.0234375 109.60445880889891
0 0.0232 474.60609674453735 139.26596522331235 499.0234375 156.6858398914337
0 0.0209 475.9884923696518 302.47671484947205 499.0234524011612 321.60807728767395
0 0.0190 459.3949466943741 170.61702489852905 499.0234225988388 187.88681507110593
0 0.0190 475.8220911026001 216.65902018547058 499.0234375 235.551129579544
0 0.0172 0.0 -12.110922932624831 165.26663303375244 65.38930118083952
0 0.0171 448.74407351017 -31.84622943401338 499.0234225988388 7.14611589908598
0 0.0162 474.5328426361084 68.98782730102538 499.0234375 86.3374876976013
0 0.0153 391.2055194377899 -129.7775883972645 445.07715106010437 -105.48941835761073
0 0.0144 475.35282373428345 21.651576757431013 499.0234375 39.93181467056273
0 0.0141 475.74520111083984 341.4590764045715 499.0234375 354.0234375
0 0.0140 240.71764200925827 -69.14198815822603 306.7208006978035 -17.557640075683615
0 0.0138 258.43992829322815 -129.825324267149 312.2194707393646 -105.44464409351349
0 0.0138 448.74407351017 -141.221236884594 499.0234225988388 -102.22888410091402
0 0.0138 475.01324117183685 45.289020538330064 499.0234524011612 63.16656947135924
0 0.0135 475.9462922811508 240.00583171844482 499.0234524011612 259.07884120941156
0 0.0133 475.7036566734314 279.239307641983 499.0234375 297.9706633090973
0 0.0128 164.4763946533203 -129.6123913303018 218.6756134033203 -105.64442303031684
0 0.0119 265.1936113834381 -103.53892713785173 305.41500449180603 -84.8307502269745
0 0.0118 312.9715919494629 -129.66905951499942 367.05732345581055 -105.59125661849976
0 0.0118 274.00410175323486 -12.110922932624831 446.51663303375244 65.38930118083952
0 0.0108 218.1234061717987 -126.8374738097191 258.7146461009979 -108.40665221214296
0 0.0107 475.90214014053345 -56.8376523256302 499.0234375 -37.82761514186861
0 0.0103 420.6158518791199 209.512482881546 462.4103307723999 227.11778759956354
