0 0.0493 123.28363680839539 184.97681629657745 173.46347057819366 207.17031276226044
0 0.0438 170.50913214683533 166.220299243927 221.80765628814697 187.67515182495117
0 0.0412 113.61356762051582 156.35796797275543 163.99838063120842 178.41379630565643
0 0.0409 170.62454867362976 118.33411359786987 221.70365738868713 139.9362462759018
0 0.0401 152.15054038167 318.72649598121643 201.99051734805107 341.1699764728546
0 0.0392 171.02549707889557 347.5816855430603 221.34053671360016 369.68978691101074
0 0.0371 152.17884278297424 290.021595954895 201.9646954536438 312.50013184547424
0 0.0370 180.52547371387482 194.62706422805786 230.95848333835602 216.64502835273743
0 0.0359 180.45408618450165 89.47745579481125 231.02472746372223 111.41836005449295
0 0.0356 133.35967925190926 213.3029283285141 182.56632444262505 236.2177051305771
0 0.0347 113.70928144454956 127.60840058326721 163.91191399097443 149.78854608535767
0 0.0336 180.65998649597168 376.2227854728699 230.83790516853333 398.4239058494568
0 0.0331 113.62851905822754 347.5959119796753 163.98539900779724 369.67556047439575
0 0.0327 123.42319723963737 261.3756444454193 173.33946803212166 283.7704267501831
0 0.0326 428.0873394012451 137.88404175639153 480.55064392089844 158.63308981060982
0 0.0314 123.06710770726204 99.05475676059723 173.65897008776665 120.96706223487854
0 0.0297 343.1066687107086 318.92665100097656 393.50422167778015 340.9703321456909
0 0.0295 180.5524127483368 261.5436075925827 230.93490028381348 283.60301077365875
0 0.0292 209.93226599693298 318.42927289009094 259.003221988678 341.46501088142395
0 0.0281 484.4048774242401 138.41873690485954 538.9000089168549 158.08785250782967
0 0.0274 209.65495991706848 289.949551820755 259.2493758201599 312.571738243103
0 0.0268 180.73700988292694 232.73452627658844 230.7684327363968 255.03727447986603
0 0.0264 123.55587700009346 376.03692984580994 173.21977445483208 398.6093237400055
0 0.0263 427.735107421875 109.38281232118607 480.87420415878296 129.75618213415146
0 0.0263 94.35121411085129 319.0066108703613 144.99798506498337 340.8896427154541
0 0.0260 513.9124767780304 214.50478863716125 566.8324134349823 235.00938820838928
0 0.0255 362.02254009246826 290.37038987874985 412.81879806518555 312.1508637070656
0 0.0254 0.0 286.7658576965332 610.8046875 610.8046875
0 0.0252 190.33675396442413 60.575419306755066 240.299342751503 82.94510471820831
0 0.0251 224.87183010578156 343.4149446487427 262.97405755519867 373.9190511703491
0 0.0249 409.9896340370178 165.96402275562286 460.49056577682495 187.93317925930023
0 0.0248 399.93756222724915 328.8274118900299 451.3723318576813 350.19296622276306
0 0.0243 352.78341794013977 347.5387144088745 402.963853597641 369.7333416938782
0 0.0237 94.37772452831268 290.30275958776474 144.97388219833374 312.2186399102211
0 0.0234 132.43605065345764 70.48705065250397 183.3971529006958 92.15900230407715
0 0.0234 562.512647151947 281.0004301071167 610.8046875 302.3939995765686
0 0.0231 562.928496837616 318.9977102279663 610.8046875 340.8986163139343
0 0.0229 0.0 0.0 488.5598723888397 269.19868898391724
0 0.0229 218.79422342777252 146.7934981584549 269.1934543848038 168.8523541688919
0 0.0226 305.15785878896713 290.03397113084793 354.9839649796486 312.4874283671379
0 0.0225 400.71472692489624 194.45596396923065 450.6700930595398 216.8156179189682
0 0.0223 417.88581705093384 80.841543674469 471.57573223114014 100.91971492767334
0 0.0220 381.33011269569397 414.5652208328247 431.7790267467499 436.58125162124634
0 0.0215 582.1479567289352 347.2199327945709 610.8047057390213 369.9948527812958
0 0.0214 228.18277788162231 175.59535682201385 278.9125728607178 197.42556846141815
0 0.0214 409.6345932483673 357.4318149089813 460.813068151474 378.96378207206726
0 0.0214 190.47449505329132 404.7371606826782 240.1743324995041 427.2840929031372
0 0.0213 582.2343549728394 423.66284465789795 610.8046875 446.55223274230957
0 0.0212 371.86778140068054 261.49828362464905 422.1264989376068 283.6480429172516
0 0.0211 286.31180638074875 318.52553844451904 335.6089809536934 341.37035036087036
0 0.0210 334.53421926498413 165.2031637430191 383.05971908569336 188.6885665655136
0 0.0209 81.25232291221619 181.20870745182037 119.70519554615021 211.03249847888947
0 0.0208 228.64426159858704 117.91899347305298 278.4960300922394 140.35257017612457
0 0.0206 561.9009833335876 195.2854746580124 610.8046875 215.98012483119965
0 0.0205 333.5968794822693 127.64243459701538 383.89419078826904 149.7546397447586
0 0.0204 562.3888589143753 252.38570380210876 610.8046692609787 273.6330692768097
0 0.0204 46.487672209739685 338.1641492843628 97.23161154985428 359.9819583892822
0 0.0202 390.8827271461487 385.887788772583 441.34966135025024 407.8841943740845
0 0.0201 561.8361983299255 147.5032879114151 610.8046875 168.13610780239105
0 0.0200 582.1265441179276 385.48335671424866 610.8046692609787 408.23128294944763
0 0.0199 457.2645936012268 328.85265469551086 508.79165267944336 350.16706681251526
0 0.0198 494.3967604637146 166.89672982692719 548.0661020278931 186.98934638500214
0 0.0194 550.293870806694 578.298228263855 610.8047057390213 610.8046875
0 0.0194 342.4452488422394 99.39533400535583 394.10443139076233 120.62429630756378
0 0.0192 315.2319359779358 194.02326142787933 364.09288787841797 217.24412548542023
0 0.0190 310.84505009651184 343.59572982788086 349.1187608242035 373.75453519821167
0 0.0190 475.15762066841125 233.88962173461914 529.0466330051422 253.8701047897339
0 0.0188 238.6445345878601 375.78585147857666 287.66865277290344 398.8582863807678
0 0.0187 487.01557445526123 595.4430541992188 536.6163740158081 610.8046875
0 0.0183 409.506774187088 223.6369389295578 460.92848467826843 245.00862157344818
0 0.0180 200.1057379245758 433.37468576431274 249.67560410499573 456.02113008499146
0 0.0178 234.29020535945892 85.51029539108276 272.67010366916656 115.47421681880951
0 0.0178 237.64939534664154 261.723006606102 288.56077802181244 283.42339289188385
0 0.0177 418.6593704223633 300.36589336395264 470.8665261268616 321.2762746810913
0 0.0177 333.88819313049316 376.06727957725525 383.63293504714966 398.5791928768158
0 0.0176 138.80059817433357 400.8134000301361 176.91901275515556 431.27271151542664
0 0.0175 91.06719624996185 218.9650136232376 129.0335429906845 249.73176205158234
0 0.0174 582.4719729423523 452.1854639053345 610.8046875 475.40454053878784
0 0.0173 381.5719621181488 443.0942602157593 431.5607421398163 465.4275040626526
0 0.0172 484.5328059196472 109.66693067550659 538.7824401855469 129.46557068824768
0 0.0171 353.091584444046 232.5731291770935 402.6880795955658 255.1978690624237
0 0.0171 571.9300557374954 223.71330571174622 610.8046692609787 244.93075919151306
0 0.0169 85.57896530628204 586.2043333053589 134.72814846038818 609.1894397735596
0 0.0167 263.1523622274399 343.35884141921997 301.19527637958527 373.9701933860779
0 0.0166 200.41131448745728 31.517607897520065 249.40490055084229 54.62566360831261
0 0.0166 314.876092672348 261.23529517650604 364.40736508369446 283.91048419475555
0 0.0166 227.79983139038086 214.08051252365112 279.25991678237915 235.4391725063324
0 0.0161 66.2528709769249 366.4254033565521 115.77998489141464 389.0959231853485
0 0.0160 428.3998832702637 252.4607756137848 480.2645831108093 273.5586905479431
0 0.0159 352.0742847919464 70.66320312023163 403.6075451374054 91.98095297813416
0 0.0159 475.29423093795776 195.5699851512909 528.9210391044617 215.6908721923828
0 0.0158 71.82939018309116 429.5655391216278 110.01294086873531 459.90133595466614
0 0.0157 286.19520431756973 156.04256057739258 335.71405595541 178.7281458377838
0 0.0157 429.8855245113373 586.1580791473389 478.92864775657654 609.2348184585571
0 0.0156 262.89404296875 286.4803896546364 301.4355390071869 316.1435131430626
0 0.0154 142.87268766760826 586.266273021698 192.17510595917702 609.1281566619873
0 0.0152 209.7429449558258 462.01053285598755 259.17098450660706 484.76028299331665
0 0.0151 475.1911804676056 80.87224906682968 529.0158455371857 100.88769632577896
0 0.0150 81.18737375736237 257.8199472427368 119.7668069601059 287.43147253990173
0 0.0150 295.2810730934143 223.30531704425812 345.70459842681885 245.34097301959991
0 0.0148 467.35657238960266 357.21254539489746 517.874284029007 379.18370819091797
0 0.0147 248.57686722278595 59.913406670093536 296.90804851055145 83.59993118047714
0 0.0146 448.1082401275635 385.9808077812195 498.8603596687317 407.79051876068115
0 0.0145 540.2330989837646 343.8074848651886 578.7231245040894 373.56204056739807
0 0.0145 372.268164396286 586.3431322574615 421.76813864707947 609.0518810749054
0 0.0144 76.06225436925888 394.9315710067749 125.12254053354263 417.96351528167725
0 0.0144 571.718683719635 118.64147758483887 610.8046875 139.62552630901337
0 0.0143 81.23853421211243 95.16983610391617 119.71829116344452 124.94852203130722
0 0.0143 485.3330612182617 262.2646690607071 538.0445623397827 282.87614929676056
0 0.0142 324.23902130126953 414.37918281555176 374.14776849746704 436.7677273750305
0 0.0140 276.45982575416565 98.78763717412949 326.30666971206665 121.23332458734512
0 0.0139 200.13116312026978 586.353090763092 249.6536078453064 609.0422143936157
0 0.0139 257.3804324269295 433.4461462497711 307.1401850581169 455.9501073360443
0 0.0139 582.710484623909 518.9420692920685 610.8046692609787 542.5213301181793
0 0.0138 36.76892763376236 309.5729148387909 87.810910820961 331.1976091861725
0 0.0138 86.82771813869476 136.72395792603493 113.59426617622375 179.11956891417503
0 0.0136 253.94280552864075 7.866435170173645 291.31375765800476 40.0178627371788
0 0.0136 110.08190488815308 429.5597755908966 148.26069974899292 459.9065887928009
0 0.0136 28.118615806102753 586.2697384357452 77.42864888906479 609.1247642040253
0 0.0135 248.08673000335693 404.5640358924866 297.3379604816437 427.45590448379517
0 0.0135 438.9451017379761 414.4073803424835 488.9375295639038 436.73931097984314
0 0.0132 387.10236167907715 133.66979733109474 425.8455448150635 162.97161492705345
0 0.0131 492.79862093925476 562.985767364502 530.56134724617 594.190908908844
0 0.0127 152.42957004904747 442.84102964401245 201.74092546105385 465.67956733703613
0 0.0127 490.2618466615677 0.0 610.8046692609787 66.79333421587944
0 0.0127 324.27108550071716 443.0432639122009 374.11927914619446 465.4783544540405
0 0.0124 142.13765966892242 41.71037095785141 192.83411371707916 63.56075495481491
0 0.0122 75.42606818675995 548.3789377212524 125.69215428829193 570.5178265571594
0 0.0120 257.47391653060913 586.3766191005707 307.0573160648346 609.0188319683075
0 0.0119 435.0436656475067 439.4340534210205 473.5376307964325 469.1856179237366
0 0.0118 359.09328031539917 7.959016442298889 396.53412437438965 39.93311968445778
0 0.0116 540.3463268280029 381.844708442688 578.6174111366272 412.00541067123413
0 0.0116 582.7095726728439 480.6952428817749 610.8047057390213 504.2685213088989
0 0.0115 505.3696839809418 309.5525600910187 556.3379724025726 331.21854758262634
0 0.0113 33.3954291343689 429.9134302139282 71.93444466590881 459.5851078033447
0 0.0113 314.84946370124817 586.3761813640594 364.43180537223816 609.0192697048187
0 0.0113 291.59572380781174 123.8900295495987 330.10998898744583 153.6063197851181
0 0.0112 27.86972612142563 404.7656865119934 77.64989733695984 427.2554941177368
0 0.0111 161.89818012714386 471.59579515457153 211.38739335536957 494.30009365081787
0 0.0109 408.58190989494324 52.01883780956268 461.7760155200958 72.36934500932693
0 0.0107 9.00120323896408 366.3370900154114 58.29472088813782 389.18387174606323
0 0.0106 56.87233257293701 461.91113018989563 106.0566258430481 484.8584454059601
0 0.0106 292.41078919172287 7.225146621465683 329.3780935406685 40.606226205825806
0 0.0106 75.70089375972748 70.06856542825699 125.44496083259583 92.57807117700577
0 0.0104 200.25548028945923 2.9525008499622345 249.54227685928345 25.81751476228237
0 0.0103 311.10101652145386 56.18155471980572 348.8844623565674 87.37088759243488
0 0.0102 209.64748191833496 490.76424050331116 259.256707906723 513.3816483020782
0 0.0101 400.8522856235504 471.67210721969604 450.5469796657562 494.2240734100342
0 0.0100 439.36270236968994 557.5468547344208 488.56443214416504 580.4732315540314
