0 0.0618 307.28074073791504 77.89922332763673 362.8971004486084 99.18046569824219
0 0.0541 266.7655086517334 58.15820312500001 323.3718204498291 78.91648864746094
0 0.0429 346.4558410644531 58.306518554687514 403.6579895019531 78.76485443115234
0 0.0395 286.38519287109375 38.33739852905275 343.7239074707031 58.73281097412111
0 0.0378 227.36095428466797 77.85663223266602 282.82360076904297 99.2236671447754
0 0.0359 117.002272605896 58.03754425048829 173.1543207168579 79.03897857666017
0 0.0357 347.79014587402344 97.62866592407227 402.4292755126953 119.45556259155272
0 0.0336 206.7006492614746 48.187047004699714 263.4323310852051 68.8865385055542
0 0.0329 267.6133728027344 97.72119140625 322.5921630859375 119.36105346679688
0 0.0290 146.69496536254883 78.18854904174806 203.4379005432129 98.88476943969728
0 0.0271 527.4161529541016 77.82418823242189 582.7736663818359 99.25607299804688
0 0.0254 0.0 193.38586425781247 638.75 532.25
0 0.0250 346.2617874145508 38.394504547119155 403.8381576538086 58.67429351806642
0 0.0240 387.01629638671875 78.03134536743164 443.14117431640625 99.04544448852539
0 0.0235 588.2389640808105 77.36318206787111 638.7500190734863 99.72257232666017
0 0.0231 116.73229217529297 98.1726417541504 173.40290069580078 118.90143966674808
0 0.0229 0.0 -106.49999999999999 510.9122848510742 175.01496887207034
0 0.0221 77.41305351257324 77.82865142822267 132.77586936950684 99.25199127197267
0 0.0219 107.38494396209717 27.842784881591804 162.8018617630005 49.237533569335945
0 0.0216 276.3365936279297 18.358074188232436 333.7693405151367 38.71129608154298
0 0.0211 257.6167297363281 217.71909332275393 312.58914947509766 239.36315155029297
0 0.0207 608.4890937805176 106.79328536987306 638.7499809265137 130.23402786254883
0 0.0188 176.8507194519043 28.1146583557129 233.29362869262695 48.960624694824226
0 0.0187 527.3897552490234 47.837081909179695 582.7981567382812 69.2427978515625
0 0.0177 318.1822681427002 217.40132904052734 372.0720958709717 239.68480682373044
0 0.0173 187.3668670654297 97.85070037841798 242.81879425048828 119.22921752929689
0 0.0163 547.6723861694336 107.68609619140625 602.5387954711914 129.39614868164062
0 0.0156 0.0 227.09485626220703 51.613712310791016 249.99349212646482
0 0.0151 0.0 267.13399505615234 51.6658878326416 289.9545059204101
0 0.0150 588.2954406738281 47.3304090499878 638.75 69.75572681427002
0 0.0148 336.4363098144531 18.31176376342775 393.67698669433594 38.75875091552735
0 0.0147 267.96727180480957 127.51845932006835 322.26977348327637 149.56538772583008
0 0.0146 57.8596305847168 47.5846872329712 112.36692428588867 69.49923610687257
0 0.0135 146.78890228271484 118.14265823364258 203.35121154785156 138.93161392211914
0 0.0134 17.360458374023438 197.85933113098145 72.82347679138184 219.22131156921384
0 0.0134 197.87836074829102 217.5772247314453 252.3491096496582 239.50730895996094
0 0.0128 467.3893737792969 57.841945648193374 522.7973937988281 79.23862075805665
0 0.0127 608.6205291748047 136.71079254150393 638.75 160.31720733642578
0 0.0127 406.8121337890625 48.131953239440925 463.3296203613281 68.94266223907472
0 0.0126 328.71742248535156 127.07429504394533 381.5862274169922 150.0139389038086
0 0.0124 257.3849678039551 157.83864593505862 312.802791595459 179.2410430908203
0 0.0124 217.1086883544922 7.9818305969238414 273.05675506591797 29.09539794921876
0 0.0122 287.6882553100586 187.67779922485352 342.5241470336914 209.40463638305667
0 0.0118 608.9459228515625 516.1734924316406 638.75 532.25
0 0.0115 0.0 296.8821487426758 51.31857395172119 320.20665740966797
0 0.0114 77.36077308654785 117.85693740844728 132.82370567321777 139.2234001159668
0 0.0113 116.74392700195312 138.16609954833984 173.39237213134766 158.90794372558594
0 0.0109 57.17460870742798 217.95125579833984 112.99537420272827 239.12709808349607
0 0.0108 227.48199462890625 187.79134368896484 282.7127456665039 209.289794921875
0 0.0107 296.77005767822266 -1.8502559661865081 353.36910247802734 18.924013137817397
0 0.0106 378.3660888671875 217.2918853759766 431.9048309326172 239.795166015625
0 0.0103 512.6921272277832 -106.49999999999997 638.7499809265137 -36.65076160430907
0 0.0100 86.89020156860352 158.09487915039062 143.25727462768555 178.98076629638672
