0 0.1424 317.7426528930664 73.76664352416995 463.9835739135742 135.16011428833008
0 0.1373 585.6250762939453 142.56623458862308 624.5848846435547 176.49537277221683
0 0.1260 378.4046173095703 -101.73553037643428 431.8707275390625 -79.17786884307858
0 0.1204 580.5073928833008 116.63834762573244 630.0109481811523 142.42879104614258
0 0.1129 535.7778549194336 112.09687423706058 574.4565200805664 146.92616653442386
0 0.1061 379.52415466308594 -72.49734687805173 430.865478515625 -48.41774749755856
0 0.1037 545.7434844970703 152.2150535583496 584.4843292236328 186.81760025024417
0 0.0945 525.8876800537109 71.63510513305667 564.3748474121094 107.35120010375978
0 0.0926 575.6818389892578 82.39861679077151 614.5366668701172 116.6491050720215
0 0.0888 590.4827690124512 176.66302871704102 638.7500190734863 202.40479660034183
0 0.0825 495.9186553955078 111.37055587768556 534.3637847900391 147.5953025817871
0 0.0803 318.20271492004395 -101.61104488372798 372.05355644226074 -79.30275011062619
0 0.0772 380.67012786865234 -43.56889533996579 429.8805618286133 -17.37401771545407
0 0.0766 485.9255599975586 71.04148101806643 524.3854141235352 107.89958190917972
0 0.0702 505.87303161621094 151.7057151794434 544.3849182128906 187.28612136840823
0 0.0641 380.2339172363281 44.99490451812746 430.6005859375 73.8444585800171
0 0.0637 545.7450866699219 192.20801544189456 584.4831848144531 226.82406616210938
0 0.0597 565.8693313598633 41.7288513183594 604.3870162963867 77.26481628417972
0 0.0556 330.4985809326172 44.99119472503665 380.3240203857422 73.87422275543216
0 0.0544 615.1064300537109 83.29543304443361 638.75 115.8300704956055
0 0.0536 585.4907989501953 202.90499877929688 624.7039794921875 236.18525695800784
0 0.0502 329.3511199951172 -62.35983180999753 381.0175323486328 -38.55299282073972
0 0.0484 290.49543380737305 65.26698303222658 319.157657623291 113.57989501953126
0 0.0475 525.9136581420898 31.48431015014651 564.3590927124023 67.49024581909183
0 0.0462 605.4504203796387 42.99414348602298 638.7500190734863 76.10374164581302
0 0.0453 430.4360580444336 25.081831932067896 459.23030853271484 73.76741123199464
0 0.0449 460.3721237182617 114.95339584350589 489.30896759033203 163.92274093627933
0 0.0403 365.8533477783203 -18.19659996032712 404.3982696533203 17.19616127014163
0 0.0396 505.8402633666992 191.86157417297363 544.4076919555664 227.14254570007327
0 0.0380 430.63541412353516 -54.00265502929685 458.9878463745117 -7.052591323852511
0 0.0377 485.93326568603516 31.27148818969729 524.3561172485352 67.68677902221683
0 0.0376 429.7732162475586 -82.68448162078855 480.64380645751953 -58.23188114166257
0 0.0354 380.4093551635742 135.02068710327148 409.2631149291992 183.83725357055664
0 0.0345 535.6808471679688 232.40199279785156 574.5375061035156 266.64599609375
0 0.0327 410.36842346191406 134.9525375366211 439.3135070800781 183.92737579345703
0 0.0321 350.49327850341797 135.26797485351562 379.1603469848633 183.5816116333008
0 0.0320 605.5548095703125 -27.26328897476193 638.75 6.339258670806913
0 0.0314 600.3255462646484 16.81182098388675 638.75 42.25955200195315
0 0.0310 325.67813873291016 -37.59832191467282 364.5405960083008 -3.35367012023923
0 0.0298 260.5767250061035 65.64084243774417 289.05874252319336 113.24475479125978
0 0.0293 331.0836410522461 15.409729003906277 379.6366500854492 43.56435012817386
0 0.0288 470.5092239379883 165.32424163818362 499.1408157348633 213.5269470214844
0 0.0277 609.3114471435547 -92.76912736892697 638.75 -68.20322561264034
0 0.0273 300.52276611328125 15.382582664489776 329.12437438964844 63.473679542541525
0 0.0266 570.5869293212891 -14.307477951049774 599.0463256835938 33.199636459350614
0 0.0258 589.8908996582031 237.21965026855474 638.75 261.8625946044922
0 0.0254 0.0 194.38586425781253 638.75 533.25
0 0.0247 0.0 -55.40198135375973 211.54129028320312 43.79830551147464
0 0.0247 290.5896186828613 115.71093750000003 319.04314041137695 163.1846923828125
0 0.0242 320.58509826660156 135.68930816650393 349.0486145019531 183.2038040161133
0 0.0241 440.45482635498047 165.12870025634768 469.20726776123047 213.71577453613284
0 0.0231 411.1104202270508 -4.376733779907198 459.5700454711914 23.379079818725614
0 0.0226 609.6218109130859 -53.02118110656735 638.75 -27.95480537414548
0 0.0226 525.9074020385742 -8.472211837768524 564.3622970581055 27.45014381408694
0 0.0218 495.8268356323242 231.91569519042972 534.4179153442383 267.0927734375
0 0.0215 0.0 64.59801864624025 211.54129028320312 163.7983055114746
0 0.0214 460.5980682373047 -34.24314308166501 489.03289794921875 13.145353317260772
0 0.0211 270.5688667297363 15.599224090576199 299.0682792663574 63.280689239501974
0 0.0201 360.57971954345703 185.65284919738772 389.05513763427734 233.23354911804202
0 0.0200 230.62372207641602 45.91709804534915 259.00190353393555 93.01255893707278
0 0.0195 260.58956146240234 115.70693206787112 289.0431594848633 163.18736267089844
0 0.0190 330.55145263671875 185.50482940673828 359.08935546875 233.3616943359375
0 0.0190 390.5886459350586 185.7121295928955 419.0443801879883 233.18494987487793
0 0.0184 300.5165958404541 185.3449935913086 329.1317653656006 233.50516510009766
0 0.0176 490.58494567871094 -24.318702697753878 519.0487670898438 23.209220886230494
0 0.0175 460.6128692626953 215.85295867919922 489.0150451660156 263.06632232666016
0 0.0173 55.37864685058594 213.15760803222656 94.80585098266602 245.95439147949222
0 0.0169 230.56745529174805 105.58642578125001 259.06999588012695 153.29062652587893
0 0.0164 258.98935317993164 -102.10417318344112 311.3409996032715 -78.80737113952634
0 0.0164 200.62959671020508 35.954358100891135 228.99480819702148 82.98178386688234
0 0.0162 5.309844017028809 223.32442474365232 44.86696720123291 255.80207061767578
0 0.0161 530.5466842651367 266.5936965942383 579.9785232543945 292.47168731689453
0 0.0156 100.67462921142578 206.28005218505862 128.94065856933594 252.72071075439453
0 0.0154 438.9112091064453 -105.49999999999996 491.4965057373047 -88.51289081573483
0 0.0153 609.0335845947266 327.4349899291992 638.75 351.5938491821289
0 0.0152 200.47149658203125 145.17401885986328 229.18685913085938 193.66751861572266
0 0.0152 230.44967651367188 165.10691833496097 259.21356201171875 213.73583984375
0 0.0152 270.55017471313477 165.49828720092776 299.09093856811523 213.36743545532227
0 0.0144 130.6325340270996 205.98132324218753 158.9912986755371 252.96099853515628
0 0.0140 609.188404083252 357.3239440917969 638.7499809265137 381.70451354980463
0 0.0139 609.1364860534668 267.3599548339844 638.7500190734863 291.6684265136719
0 0.0138 285.67771911621094 -27.58690643310544 324.5399856567383 6.635829925537136
0 0.0138 420.6460952758789 216.07272338867185 448.9749526977539 262.88661193847656
0 0.0133 39.80222463607788 187.28419494628906 90.61989068984985 211.7980499267578
0 0.0132 50.09845495223999 247.02429962158203 100.36268472671509 272.05237579345703
0 0.0132 170.55408477783203 165.5262489318848 199.08626556396484 213.34485244750977
0 0.0131 140.6403350830078 156.03512954711917 168.98191452026367 202.91741561889648
0 0.0131 575.4707145690918 499.2563171386718 638.7500190734863 533.25
0 0.0128 545.8140563964844 -48.033550262451136 584.4276428222656 -12.953899383544892
0 0.0127 95.59222221374512 172.65006256103518 134.6140193939209 206.4186019897461
0 0.0126 240.64075469970703 -3.9679985046386435 268.98136138916016 42.91897964477541
0 0.0124 608.9787292480469 297.4719161987305 638.75 321.55677032470703
0 0.0123 5.284066200256348 263.3792037963867 44.89058971405029 295.75209808349615
0 0.0121 0.0 -102.23693895339962 51.16328239440918 -78.67451477050778
0 0.0120 560.0590896606445 -102.92403507232663 610.3934860229492 -77.99633312225338
0 0.0119 200.47393798828125 195.1853485107422 229.1838836669922 243.6573333740234
0 0.0116 134.34864044189453 -105.49999999999996 246.86927795410156 -70.75578498840329
0 0.0116 10.756208896636963 176.99740600585938 38.84331464767456 222.1694869995117
0 0.0114 210.67333221435547 -13.731363296508759 238.94222259521484 32.72955131530764
0 0.0112 279.3002700805664 -72.31958675384519 331.0621643066406 -48.59253215789792
0 0.0111 545.4605484008789 292.9806442260742 584.7307205200195 326.1160202026367
0 0.0102 609.3962860107422 387.16624450683594 638.75 411.8609161376953
0 0.0100 370.9771728515625 235.98323059082034 419.6434783935547 263.0491943359375
