0 0.0573 45.74647665023804 35.128278732299805 104.31551218032837 54.93485450744629
0 0.0501 25.657994747161865 15.164976119995115 84.39815759658813 34.89678382873535
0 0.0421 105.29155731201172 35.32034873962402 164.73909378051758 54.73675727844238
0 0.0412 85.05615234375 15.416440963745119 144.95864868164062 34.637441635131836
0 0.0376 46.6505241394043 54.71540451049805 103.4776496887207 75.35831451416016
0 0.0310 16.103734970092773 -5.03223180770874 73.98438453674316 15.09937047958374
0 0.0305 587.7791023254395 -65.88037967681885 638.7499809265137 -44.03773307800294
0 0.0300 347.0109176635742 34.533653259277344 403.14624786376953 55.54302215576172
0 0.0292 106.03012084960938 55.00347137451172 164.0520477294922 75.0632095336914
0 0.0281 0.0 33.781061172485344 41.87859058380127 56.30692481994628
0 0.0257 598.1454467773438 -36.082110404968255 638.75 -13.832669258117678
0 0.0256 316.21559143066406 14.914751052856445 373.8812255859375 35.15336036682129
0 0.0254 0.0 219.8858642578125 638.75 558.75
0 0.0229 0.0 -79.99999999999999 510.9122848510742 201.51496887207028
0 0.0226 75.3296947479248 -4.697132110595703 134.70396995544434 14.754467010498047
0 0.0222 286.83258056640625 34.62769508361816 343.30936431884766 55.44804573059081
0 0.0217 89.22476768493652 163.23059082031247 141.13043785095215 186.85707092285156
0 0.0211 166.0821533203125 34.97626304626465 224.00470733642578 55.09041786193847
0 0.0211 357.79518127441406 64.1215133666992 412.4256896972656 85.96210479736327
0 0.0209 28.09713125228882 163.94901275634766 82.150137424469 186.13636016845703
0 0.0209 526.865234375 -65.39504289627075 583.2807922363281 -44.52992200851441
0 0.0205 145.42580127716064 15.261993408203123 204.61463451385498 34.796485900878906
0 0.0203 387.4256134033203 14.320278167724608 442.7647399902344 35.7602310180664
0 0.0200 16.287031173706055 -25.1160717010498 73.81454467773438 -4.814672470092773
0 0.0188 8.006458282470703 74.00686264038085 62.23158836364746 96.07881546020508
0 0.0185 227.13512420654297 34.471282958984375 283.03173065185547 55.606651306152344
0 0.0185 608.4237480163574 -6.666557788848877 638.7500190734863 16.693451404571533
0 0.0182 346.5210723876953 -5.228860378265381 403.5987854003906 15.300214290618896
0 0.0175 98.25379371643066 133.85757446289062 152.00730323791504 156.2287139892578
0 0.0170 79.60045099258423 192.95146942138672 130.79639196395874 217.13382720947266
0 0.0162 608.5972785949707 23.22601318359375 638.7499809265137 46.801948547363274
0 0.0160 186.93450927734375 54.57307815551758 243.21636199951172 75.50302505493164
0 0.0158 18.802852630615234 193.5183334350586 71.50923728942871 216.56993865966797
0 0.0156 408.1960678100586 43.89140129089355 462.05989837646484 66.19454383850098
0 0.0155 68.01709175109863 83.99822235107422 122.22245216369629 106.08715057373047
0 0.0153 17.551722526550293 134.25722122192383 72.64805316925049 155.8249473571777
0 0.0148 16.407146453857422 -45.171499252319336 73.70325088500977 -24.75781440734863
0 0.0148 537.5300216674805 -35.732831954956055 592.668342590332 -14.185428619384764
0 0.0145 139.5854949951172 172.96667098999023 190.80886840820312 197.11923599243164
0 0.0140 126.94896221160889 74.56876754760742 183.20236682891846 95.5079460144043
0 0.0139 0.0 -76.5402054786682 41.423707008361816 -53.371009826660156
0 0.0137 297.85948753356934 64.08792495727539 352.36634254455566 85.99647521972656
0 0.0137 17.525997161865234 104.26675796508788 72.67263412475586 125.81457138061523
0 0.0136 286.3904666900635 -5.16490936279297 343.71893882751465 15.235214233398436
0 0.0124 466.9895935058594 -75.45873165130614 523.1665802001953 -54.46528196334838
0 0.0116 135.2427101135254 -4.661753177642822 194.78521347045898 14.717829227447508
0 0.0115 226.58193588256836 4.743556976318358 283.5421562194824 25.328674316406246
0 0.0115 378.3248519897461 93.81488800048827 431.94271087646484 116.2717056274414
0 0.0114 159.21411514282227 143.23949813842773 211.1396598815918 166.8483543395996
0 0.0113 79.68338012695312 222.88607597351074 130.72322845458984 247.19838142395017
0 0.0110 129.82951641082764 202.7711296081543 180.5940294265747 227.31203079223633
0 0.0110 75.61053991317749 -24.815874099731445 134.44259881973267 -5.123176574707031
0 0.0108 599.1592407226562 53.28137397766113 638.75 76.80710792541504
0 0.0107 117.97609806060791 104.01899337768555 172.2604513168335 126.065731048584
0 0.0106 574.3924140930176 124.83682632446288 638.7499809265137 174.74702835083008
0 0.0106 366.6746139526367 -25.300664901733395 423.45645904541016 -4.62606430053711
0 0.0104 608.9710998535156 542.6537895202636 638.75 558.7500190734862
0 0.0101 477.1443176269531 -45.53052425384521 533.0226135253906 -24.391016960144043
0 0.0101 19.07480239868164 223.33454132080078 71.26492500305176 246.75338745117188
