0 0.2831 24.004101753234863 164.1390696167946 196.51663303375244 241.63927882909775
0 0.2346 0.0 243.2156801223755 143.78830790519714 303.71034145355225
0 0.0795 0.0 320.3890919685364 165.26663303375244 397.88925647735596
0 0.0764 0.0 217.6036536693573 27.155110612511635 243.41294169425964
0 0.0711 0.0 186.5595281124115 27.234509587287903 211.9748890399933
0 0.0676 14.410823583602905 102.5906503200531 159.41330790519714 163.08534145355225
0 0.0553 146.96763455867767 247.7329969406128 212.9708081483841 299.31735992431635
0 0.0434 0.0 158.19863975048065 31.51019662618637 177.7982860803604
0 0.0256 336.50410175323486 -23.360922932624813 499.0234375 54.13930118083953
0 0.0246 195.73085010051727 211.6711437702179 218.05380284786224 249.15823340415955
0 0.0243 124.77919831871986 299.1132438182831 164.60317000746727 318.14059615135193
0 0.0211 201.9108235836029 -62.5 346.91330790519714 -8.78965109586716
0 0.0209 11.446364223957062 410.00282764434814 98.87543320655823 436.5234375
0 0.0191 219.24684941768646 243.3608770370483 241.3962036371231 280.03424406051636
0 0.0188 253.88598442077637 304.6867251396179 499.0234375 436.5234375
0 0.0180 0.0 87.9945009946823 31.60720318555832 107.38058388233183
0 0.0157 192.0381784439087 177.7120158076286 222.21332788467407 205.11061698198318
0 0.0151 171.54636979103088 299.18667674064636 211.5756869316101 318.06668639183044
0 0.0147 449.4261145591736 -62.499999999999986 499.0234375 -35.25399416685104
0 0.0141 0.0 118.92718076705931 14.805866405367851 154.64136004447937
0 0.0138 160.84589064121246 138.38550448417664 190.9223347902298 166.2912368774414
0 0.0135 0.0 -62.5 199.5442658662796 47.42521792650223
0 0.0133 448.74407351017 66.27877056598663 499.0234225988388 105.271115899086
0 0.0131 0.0 61.57423555850983 27.24008448421955 86.96143329143524
0 0.0128 223.1006622314453 217.35382080078122 253.62062454223633 243.64143610000608
0 0.0119 30.610859394073486 80.66906034946442 71.22635096311569 99.08653795719145
0 0.0115 448.74407351017 113.15377056598663 499.0234225988388 152.146115899086
0 0.0114 242.74799227714539 243.85526776313782 264.757364988327 279.64428067207336
0 0.0113 105.19635677337646 410.00282764434814 192.62543320655823 436.5234375
0 0.0109 215.23211896419525 279.9878418445587 245.85847556591034 306.01879954338074
0 0.0105 399.9249339103699 226.43893957138062 499.0234375 304.3961524963379
0 0.0104 354.9598753452301 -62.5 442.86659359931946 -35.356082022190094
0 0.0104 271.96764945983887 -2.2669881582260114 337.9707932472229 49.3173599243164
0 0.0103 0.0 41.164398193359375 31.651291996240616 60.46168506145477
0 0.0100 223.01887720823288 186.3081455230713 253.69317084550858 212.2044563293457
