0 0.1437 293.06254386901855 248.91416931152344 408.191499710083 298.5640563964843
0 0.1083 349.3149185180664 217.170166015625 401.0490036010742 240.917724609375
0 0.0930 528.5578536987305 87.67359161376953 581.7309951782227 110.41403198242188
0 0.0826 528.8017272949219 117.51976394653322 581.5100860595703 140.56858444213867
0 0.0802 289.91363525390625 216.70160675048828 340.52024841308594 241.38048553466797
0 0.0745 270.5953598022461 296.0291900634765 319.9400329589844 322.0328369140625
0 0.0734 255.4618263244629 262.47782135009766 294.7295951843262 295.6186141967773
0 0.0711 539.1668319702148 147.2707214355469 591.1824417114258 170.8170166015625
0 0.0690 528.3742904663086 57.78311634063722 581.8982315063477 80.30340099334718
0 0.0630 589.0557670593262 87.34062576293947 638.7500190734863 110.7463493347168
0 0.0605 240.25211334228516 236.3972702026367 290.2272415161133 261.6779556274414
0 0.0571 332.94532775878906 300.7298126220703 397.65357971191406 337.1549072265625
0 0.0551 348.81072998046875 187.51112365722653 401.5026092529297 210.57684326171875
0 0.0541 589.0108489990234 57.37663650512697 638.75 80.71113967895509
0 0.0538 484.97154235839844 93.49880599975586 525.1799774169922 124.6879997253418
0 0.0479 539.4936370849609 177.0340576171875 590.8908843994141 201.05219268798828
0 0.0471 589.0149688720703 117.37402343750001 638.75 140.7137908935547
0 0.0470 468.7586975097656 67.54953765869142 521.5485382080078 90.53903961181642
0 0.0466 285.7397747039795 321.7168273925781 324.4883441925049 356.31597900390625
0 0.0464 240.09794235229492 206.54310607910156 290.3594398498535 231.53601074218747
0 0.0442 404.92393493652344 223.58362579345706 445.2247619628906 254.61100006103516
0 0.0436 289.2701721191406 187.20035934448242 341.0894012451172 210.8874168395996
0 0.0429 588.6965179443359 27.58513832092287 638.75 50.502714157104506
0 0.0423 518.270149230957 27.842210769653338 571.9936752319336 50.243333816528335
0 0.0351 588.8351440429688 -82.50733470916745 638.75 -59.405022621154764
0 0.0350 240.6842803955078 295.85222625732416 268.92906188964844 342.16341400146484
0 0.0330 409.1268539428711 197.29355239868164 461.2192916870117 220.79357528686523
0 0.0326 598.7467956542969 -2.4458656311034934 638.75 20.533985137939474
0 0.0311 27.903032302856445 -91.94048500061032 82.32741355895996 -69.97540569305417
0 0.0292 495.33870697021484 142.7623405456543 534.8405838012695 175.35869979858398
0 0.0291 215.55974960327148 262.23978424072266 254.64208602905273 295.83643341064453
0 0.0290 589.5249176025391 157.0122947692871 638.75 181.07399368286133
0 0.0290 405.4180908203125 282.5829162597656 444.7686767578125 315.52252197265625
0 0.0287 240.0184440612793 176.60833740234372 290.4294776916504 201.4715805053711
0 0.0287 559.4651412963867 207.05624961853027 610.9160232543945 231.03034400939939
0 0.0282 409.60113525390625 256.95543670654297 460.7948303222656 281.1304702758789
0 0.0277 349.1960144042969 157.24558258056643 401.1573028564453 180.84139251708984
0 0.0274 608.9283752441406 247.00827026367182 638.75 271.02064514160156
0 0.0274 295.6385803222656 22.02452087402346 334.5736312866211 56.03363418579103
0 0.0264 608.6209869384766 -32.78982734680174 638.75 -9.18221092224119
0 0.0264 445.1688766479492 93.11735534667969 484.9966049194336 125.03500366210938
0 0.0262 458.37718963623047 37.78641128540041 511.89449310302734 60.30084991455079
0 0.0258 325.78643798828125 341.5673294067383 364.4495391845703 376.4533462524414
0 0.0254 0.0 -95.99999999999996 638.75 243.4857025146484
0 0.0251 295.7373905181885 61.731456756591804 334.4896602630615 96.30253219604492
0 0.0245 405.0237274169922 163.38947677612305 445.1324462890625 194.78741073608398
0 0.0243 245.7875633239746 341.56568908691406 284.44841384887695 376.454833984375
0 0.0239 289.3757152557373 157.1180191040039 340.9965229034424 180.96846008300778
0 0.0237 255.52068710327148 22.333272933959982 294.6771812438965 55.750841140747085
0 0.0236 210.7307243347168 216.25780487060547 238.87361526489258 261.85099029541016
0 0.0225 269.89121437072754 -3.282896041870095 320.5405330657959 21.36483573913576
0 0.0224 335.63167572021484 22.048353195190447 374.5791244506836 56.01178550720216
0 0.0224 455.40740966796875 162.59439849853516 494.7795867919922 195.5121078491211
0 0.0220 255.71304321289062 61.80727386474611 294.5100402832031 96.2329330444336
0 0.0216 335.6624984741211 61.95671463012697 374.5530319213867 96.09581375122072
0 0.0214 518.7081146240234 -2.4253997802734153 571.5958404541016 20.51283264160158
0 0.0210 245.62095642089844 142.06383132934567 284.58980560302734 175.99762344360352
0 0.0209 495.32581329345703 182.7856674194336 534.8527908325195 215.33743286132812
0 0.0209 305.5029296875 102.3699417114258 344.6936798095703 135.71730041503906
0 0.0206 574.3924140930176 288.83680725097656 638.7499809265137 338.74700927734375
0 0.0202 195.3336524963379 182.76432418823242 234.8460578918457 215.35690689086914
0 0.0199 265.6175231933594 102.08202743530275 304.5919418334961 135.98091506958008
0 0.0198 405.2494430541992 92.95009994506837 444.92252349853516 125.18741989135744
0 0.0197 345.35221099853516 102.72310638427734 384.82921600341797 135.39453887939453
0 0.0195 285.79288482666016 361.54608154296875 324.44419860839844 396.47283935546875
0 0.0193 195.60266494750977 122.11134338378906 234.6059226989746 155.9540786743164
0 0.0191 409.54837799072266 66.99686431884768 460.8414077758789 91.08957672119142
0 0.0188 320.24452209472656 -3.593879699707009 370.23345947265625 21.66948699951174
0 0.0188 324.97406005859375 373.999008178711 638.75 542.75
0 0.0187 389.8297119140625 126.76687622070312 440.59471130371094 151.31571197509763
0 0.0180 88.47126007080078 -92.27391338348384 141.80973052978516 -69.63888740539548
0 0.0180 365.63499450683594 342.03466796875 404.57672119140625 376.02430725097656
0 0.0179 210.65261840820312 295.6122817993164 238.96709442138672 342.35376739501953
0 0.0178 614.8513793945312 213.28329467773438 638.75 244.8856201171875
0 0.0177 160.02887725830078 226.60326385498047 210.4195785522461 251.47699737548828
0 0.0176 49.62858200073242 146.92768478393555 100.77191352844238 171.15707778930664
0 0.0176 95.45166015625 212.5022830963135 134.73867416381836 245.59628868103027
0 0.0175 215.65073013305664 81.9926681518555 254.56293106079102 116.06283569335938
0 0.0175 565.0680541992188 233.31522369384763 605.0901031494141 264.8549118041992
0 0.0173 445.3068542480469 222.81332397460938 484.87144470214844 255.31225585937497
0 0.0173 399.59178924560547 26.963294982910178 450.8030319213867 51.122764587402365
0 0.0172 509.2925262451172 217.18261146545407 561.0697937011719 240.90482139587402
0 0.0172 155.4032325744629 142.6153221130371 194.7822380065918 175.49293899536133
0 0.0172 145.38687229156494 182.6514663696289 184.7971487045288 215.45992279052734
0 0.0166 75.30667304992676 172.8248062133789 114.87051963806152 205.30172729492185
0 0.0165 105.28914451599121 132.86404037475586 144.8863697052002 165.26592636108398
0 0.0164 180.67203521728516 255.7570114135742 208.9437484741211 302.23848724365234
0 0.0160 458.5318374633789 7.68692398071291 511.7551803588867 30.40022277832033
0 0.0160 440.17967224121094 126.46595382690431 490.2893829345703 151.61106491088867
0 0.0159 545.0919723510742 -86.73472023010251 585.068244934082 -55.09964084625241
0 0.0159 55.26876449584961 212.90288352966306 94.90549087524414 245.2304782867431
0 0.0159 65.1785397529602 113.0925407409668 104.98818159103394 145.05764389038086
0 0.0157 215.47815322875977 42.43593597412111 254.71521377563477 75.65693283081056
0 0.0157 19.41331386566162 17.093452453613303 70.9623670578003 40.99325561523439
0 0.0155 130.68059921264648 255.82559967041016 158.93348693847656 302.18470001220703
0 0.0154 609.056224822998 186.91790008544922 638.7500190734863 211.11071014404297
0 0.0150 100.69604873657227 255.95133209228516 128.9150047302246 302.08643341064453
0 0.0150 34.96693134307861 173.4971466064453 75.18531322479248 204.68954467773438
0 0.0149 0.0 402.57154846191406 255.418701171875 542.75
0 0.0146 155.34385204315186 102.74315261840822 194.83665943145752 135.37624740600586
0 0.0145 0.0 -63.335748672485316 40.48586845397949 -38.58324623107907
0 0.0144 215.26103973388672 2.9237213134765847 254.912109375 35.21149063110353
0 0.0141 5.255560874938965 132.93918991088864 44.916749000549316 165.1973762512207
0 0.0140 369.9063491821289 -3.290315628051736 420.52623748779297 21.372732162475604
0 0.0140 55.328426361083984 42.77578735351564 94.8508358001709 75.34645462036136
0 0.0140 105.22791862487793 92.99349212646486 144.94248390197754 125.14788055419922
0 0.0135 564.8766708374023 -36.331451892852755 605.2691268920898 -5.466121196746803
0 0.0134 400.401611328125 316.2500610351563 450.09986877441406 341.8208923339844
0 0.0134 49.988744258880615 246.62874603271482 100.45643091201782 271.4509811401367
0 0.0126 49.756879806518555 86.82375335693361 100.65919876098633 111.25940704345703
0 0.0125 608.9892578125 526.6399040222168 638.75 542.7500190734863
0 0.0123 95.38016319274902 42.66748332977296 134.8031520843506 75.44531726837158
0 0.0122 609.2245483398438 346.79727935791016 638.75 371.2310256958008
0 0.0122 105.56645393371582 302.2144927978515 144.63692665100098 335.8595886230468
0 0.0121 69.95863914489746 16.66404151916506 120.48077583312988 41.4174213409424
0 0.0121 259.6284294128418 -33.072713375091524 310.7721519470215 -8.842581272125223
0 0.0120 14.991693496704102 213.45908546447757 55.16134262084961 244.7240962982178
0 0.0119 0.0 -16.90503692626951 34.99268054962158 15.055450439453145
0 0.0119 248.70471954345703 500.98059082031244 331.9566345214844 542.75
0 0.0115 0.0 106.72830963134767 50.54452896118164 131.35454559326175
0 0.0115 175.49884796142578 62.385605812072775 214.69676971435547 95.70297145843507
0 0.0114 219.37776565551758 -92.87865495681758 270.9936714172363 -69.03421258926389
0 0.0112 15.143402814865112 43.16610240936281 55.02036213874817 74.99064350128175
0 0.0112 148.78414630889893 -92.47128820419309 201.52652263641357 -69.44072580337522
0 0.0110 135.28221130371094 62.87681961059572 174.8929214477539 95.25425338745119
0 0.0108 39.40010070800781 -12.900062561035133 90.97480773925781 10.98638916015627
0 0.0108 48.88422966003418 -62.53607487678525 101.43608093261719 -39.37574839591977
0 0.0108 148.11857223510742 341.0982360839844 232.60263442993164 407.126220703125
0 0.0107 70.72854042053223 276.24185943603516 98.87625694274902 321.863655090332
0 0.0106 175.21713256835938 23.018087387084975 214.95216369628906 55.12545967102052
0 0.0104 135.23680210113525 22.97631645202638 174.93417263031006 55.16353034973146
0 0.0104 0.0 173.2120361328125 35.044758319854736 204.9488296508789
0 0.0103 145.6999397277832 301.84400939941406 184.52138900756836 336.19924926757807
0 0.0102 85.61403274536133 342.08887481689453 124.59522247314453 375.9746780395508
0 0.0102 0.0 246.78537750244138 50.60324668884277 271.2985458374023
