0 0.2223 407.4653625488281 48.30526733398438 462.72682189941406 69.77648162841798
0 0.1463 408.8128662109375 77.51333618164062 461.49986267089844 100.57516479492188
0 0.1354 406.4541244506836 18.80592727661135 463.6599349975586 39.26519775390627
0 0.1071 347.4454879760742 48.312396049499526 402.74585723876953 69.76866626739503
0 0.0772 346.80809020996094 18.63722229003908 403.3325958251953 39.43787002563479
0 0.0703 348.0548095703125 77.97254943847658 402.18894958496094 100.11244201660158
0 0.0667 396.2641143798828 -1.1058197021484157 453.83583068847656 19.17477035522463
0 0.0460 388.818359375 107.50063323974611 441.49688720703125 130.5865707397461
0 0.0419 336.5891647338867 -11.255403518676735 393.53443145751953 9.328416824340842
0 0.0295 467.10636138916016 48.483032226562514 523.0588912963867 69.59417724609375
0 0.0288 395.96824645996094 -20.972391128540014 454.11033630371094 -0.9622440338134557
0 0.0254 0.0 203.8858642578125 638.75 542.75
0 0.0243 288.11680793762207 47.94012451171877 342.13160514831543 70.14574432373048
0 0.0229 0.0 -95.99999999999996 510.9122848510742 185.5149688720703
0 0.0226 328.21006774902344 107.88360977172852 382.0470428466797 130.20248794555664
0 0.0221 288.0604648590088 7.973073959350607 342.1829128265381 30.112527847290053
0 0.0164 288.200044631958 77.89165878295898 342.0556926727295 100.19470596313477
0 0.0153 369.19567108154297 247.25057983398432 421.15657806396484 270.8370819091797
0 0.0152 468.2373809814453 77.86732101440431 522.0222473144531 100.21889114379884
0 0.0143 456.87652587890625 -1.4033088684081823 513.2710266113281 19.478038787841815
0 0.0141 378.2668685913086 137.8479232788086 431.99581146240234 160.23817443847656
0 0.0140 297.4852752685547 -31.706956386566137 352.70896911621094 -10.211370944976784
0 0.0131 388.2432174682617 167.86550903320312 442.01656341552734 190.2209701538086
0 0.0125 355.94486236572266 -40.96210098266599 414.13204193115234 -20.97283935546873
0 0.0124 18.877997398376465 127.46618652343751 71.44209384918213 150.6217041015625
0 0.0118 449.1234588623047 107.30259323120119 501.22093200683594 130.78544998168945
0 0.0118 511.90391540527344 113.84180450439453 638.75 213.62707519531247
0 0.0117 9.023098945617676 157.37223052978518 61.31084442138672 180.71607971191406
0 0.0117 9.193272590637207 97.25450897216798 61.15825653076172 120.83345794677736
0 0.0112 512.6921272277832 -95.99999999999996 638.7499809265137 -26.150761604309054
0 0.0110 338.0892562866211 187.94990921020508 392.15816497802734 210.13489151000977
0 0.0109 348.76529693603516 217.538703918457 401.5439987182617 240.54895782470703
0 0.0107 608.9886665344238 526.6402091979979 638.7499809265137 542.7500190734863
0 0.0107 398.9679718017578 197.40988159179685 451.3603210449219 220.6785430908203
0 0.0104 0.0 227.20446014404297 51.09450340270996 250.88335418701175
0 0.0101 9.149789810180664 187.28594207763672 61.19698524475098 210.80229187011716
0 0.0100 0.0 66.9841423034668 50.82756996154785 91.10210800170898
