0 0.1951 414.2629623413086 -39.76888823509213 475.6985092163086 -21.18735718727109
0 0.1730 423.75732421875 -59.58412039279934 486.1724853515625 -41.37957799434659
0 0.1561 404.8396682739258 -19.994619369506804 465.1601028442383 -0.9540729522704802
0 0.1401 596.9730949401855 -70.96151161193845 638.7500190734863 -49.964366436004596
0 0.1393 354.5918655395508 -39.895327568054164 415.3910446166992 -21.05643558502194
0 0.1178 345.5821990966797 -20.298364639282195 404.4676208496094 -0.6401615142821981
0 0.1092 354.36126708984375 -59.810554862022364 415.60768127441406 -41.14507067203519
0 0.1004 405.1398468017578 -0.11614847183224808 464.8802185058594 19.17140436172488
0 0.0890 484.3183135986328 -69.80342137813564 545.6502532958984 -51.154373764991725
0 0.0756 346.4954376220703 -0.7093219757079793 403.6206817626953 19.781572341918974
0 0.0732 575.9830474853516 -50.48136997222897 634.0971374511719 -30.453470230102504
0 0.0658 295.5167293548584 -40.271796464920016 354.52881813049316 -20.667788267135588
0 0.0657 484.18834686279297 -49.74232363700863 545.7686996459961 -31.21521878242489
0 0.0634 425.87440490722656 -75.49999999999996 484.29481506347656 -60.166957855224574
0 0.0614 295.26004791259766 -60.167944908142054 354.76879119873047 -40.77559280395505
0 0.0600 405.2726745605469 19.829332351684595 464.7563934326172 39.22771644592287
0 0.0472 445.5384063720703 39.71667480468753 504.50927734375 59.34363555908205
0 0.0454 406.5498733520508 89.25801467895509 463.5719680786133 109.81373977661134
0 0.0450 385.7238006591797 39.63586044311526 444.337158203125 59.426624298095724
0 0.0449 406.11942291259766 59.461318969726584 463.96968841552734 79.60610580444339
0 0.0423 475.08411407470703 -30.09325313568112 534.9321365356445 -10.852206230163544
0 0.0416 386.3994598388672 109.33041763305665 443.7107849121094 129.7399253845215
0 0.0413 467.0140838623047 59.03333854675295 523.1430053710938 80.0435657501221
0 0.0408 486.3812255859375 169.33894348144534 543.7276458740234 189.73117065429688
0 0.0378 486.3008117675781 149.37508773803714 543.8024139404297 169.69392013549808
0 0.0376 476.57581329345703 189.2474479675293 533.5475540161133 209.82487869262695
0 0.0374 465.2056884765625 19.853746414184595 524.8196411132812 39.20187187194827
0 0.0365 446.6867446899414 109.18996047973634 503.44608306884766 129.88290023803714
0 0.0364 416.3228988647461 129.36627578735352 473.78162384033203 149.7032279968262
0 0.0362 286.37451171875 -20.65402793884274 343.73291015625 -0.27530479431149496
0 0.0346 345.7324981689453 59.632246017456076 404.32899475097656 79.4303722381592
0 0.0346 465.4176330566406 -10.235450744628878 524.6224975585938 9.293682098388699
0 0.0344 608.3911323547363 -22.145083427429167 638.7499809265137 1.1719961166382122
0 0.0336 506.98028564453125 209.04862594604492 563.1745910644531 230.02766799926758
0 0.0336 476.49932861328125 129.28111267089847 533.6189270019531 149.78995513916018
0 0.0318 345.99029541015625 79.51938343048099 404.0894317626953 99.5464963912964
0 0.0308 326.90784454345703 29.083549499511747 383.24161529541016 49.99186706542971
0 0.0306 426.10401153564453 149.46713638305664 483.98426055908203 169.59992599487305
0 0.0285 426.1956787109375 169.42704391479492 483.89892578125 189.64135360717773
0 0.0279 336.41265869140625 -75.49999999999996 393.7933349609375 -59.91621303558347
0 0.0279 446.6362762451172 209.21879959106445 503.4916687011719 229.8542137145996
0 0.0276 506.9557189941406 39.06078529357912 563.1972503662109 60.015260696411154
0 0.0268 547.7688217163086 178.6314506530762 602.4508285522461 200.45129013061526
0 0.0265 356.9130325317383 129.086238861084 413.23558807373047 149.99005508422852
0 0.0264 487.35877990722656 88.8526840209961 542.8267669677734 110.22681427001955
0 0.0254 0.0 224.38586425781247 638.75 563.25
0 0.0252 416.66126251220703 189.20945358276367 473.46790313720703 209.8642463684082
0 0.0246 497.50667572021484 238.78081512451172 552.6894760131836 260.30089569091797
0 0.0241 598.8480377197266 197.98857879638672 638.75 221.09969329833984
0 0.0234 547.7164840698242 148.6588401794434 602.4991226196289 170.42329025268555
0 0.0233 326.5507507324219 99.2618865966797 383.57017517089844 119.81055450439455
0 0.0229 0.0 -75.49999999999994 510.9122848510742 206.0149688720703
0 0.0224 598.9895439147949 227.89347839355466 638.7500190734863 251.19467926025388
0 0.0220 608.8037872314453 27.59214591979983 638.75 51.43654060363772
0 0.0213 386.79176330566406 209.14099884033203 443.34861755371094 229.9332733154297
0 0.0209 287.45774269104004 8.806230545043972 342.73451805114746 30.274984359741236
0 0.0204 608.6309814453125 167.70409774780276 638.75 191.3239402770996
0 0.0197 437.1239471435547 238.978645324707 493.04161071777344 260.09940338134766
0 0.0184 527.5140380859375 108.76574707031251 582.6853179931641 130.31436157226562
0 0.0182 327.25353240966797 168.9108009338379 382.9227066040039 190.16827774047852
0 0.0173 356.8006896972656 229.1401882171631 413.33953857421875 249.9347324371338
0 0.0171 546.5563583374023 -30.741069793701143 603.5650253295898 -10.186470031738251
0 0.0168 608.9147186279297 57.5166816711426 638.75 81.51206207275393
0 0.0165 236.73053741455078 -70.83145904541013 293.4056854248047 -50.09526062011715
0 0.0164 608.612232208252 137.7151794433594 638.7499809265137 161.31266784667972
0 0.0159 285.89877128601074 79.55808353424074 344.17492866516113 99.50638484954835
0 0.0156 296.8640613555908 119.10783004760745 353.2813549041748 139.96754837036136
0 0.0154 236.63843154907227 -40.77848243713375 293.4887504577637 -20.147884368896456
0 0.0152 608.8995170593262 257.52745819091797 638.7500190734863 281.50130462646484
0 0.0150 538.3355331420898 68.30409240722658 591.9340133666992 90.78190994262697
0 0.0150 327.3250198364258 198.8763542175293 382.85640716552734 220.20375442504883
0 0.0149 286.5978717803955 49.22898483276369 343.5290813446045 69.8423309326172
0 0.0138 553.7698745727539 -75.49999999999996 596.3716506958008 -56.130636215209925
0 0.0135 609.0334320068359 297.43544769287104 638.75 321.59339141845703
0 0.0134 397.54573822021484 258.75811767578125 452.6540756225586 280.32366943359375
0 0.0134 287.24019050598145 148.91860198974612 342.9347515106201 170.16047668457034
0 0.0128 519.3210220336914 337.6595993041992 571.0448837280273 361.42737579345703
0 0.0126 608.7349700927734 107.63562393188478 638.75 131.39264297485354
0 0.0124 609.1484260559082 327.3526306152344 638.7499809265137 351.67590332031244
0 0.0123 266.08635902404785 99.4752235412598 324.0005397796631 119.59164810180665
0 0.0122 267.6846981048584 188.68275833129883 322.52671241760254 210.40009689331055
0 0.0122 554.4406509399414 234.89599418640137 595.6818008422852 264.37523078918457
0 0.0117 278.0956554412842 328.4503860473633 332.1513843536377 350.6350631713867
0 0.0114 518.0134582519531 268.49723052978516 572.2264862060547 290.58768463134766
0 0.0114 547.7492904663086 18.64387702941897 602.468376159668 40.438940048217795
0 0.0112 575.4707145690918 529.2563171386718 638.7500190734863 563.25
0 0.0111 297.48143196105957 228.788330078125 352.71403312683105 250.29227447509763
0 0.0109 448.40579986572266 308.26773834228516 501.86878204345703 330.819465637207
0 0.0108 508.7175750732422 308.07208251953125 561.5865325927734 331.01588439941406
0 0.0104 77.69911766052246 208.67356491088867 132.51381874084473 230.4092140197754
0 0.0104 447.87742614746094 278.5733337402344 502.3509216308594 300.51051330566406
0 0.0103 97.98490524291992 148.51311874389648 152.25263595581055 170.57152938842773
0 0.0102 297.22198486328125 258.92512512207026 352.9521942138672 280.15338134765625
0 0.0101 218.30690383911133 168.32869720458984 271.95837020874023 190.75823974609375
0 0.0101 247.37295150756836 28.846265792846708 302.8135108947754 50.233518600463896
0 0.0100 388.1488037109375 298.42139434814453 442.1025085449219 320.6646652221679
0 0.0100 237.90353775024414 218.5610122680664 292.32656478881836 240.52336883544922
