0 0.1825 61.61857223510742 517.0982360839844 146.10263442993164 583.126220703125
0 0.1378 99.42159271240236 586.9100189208984 137.85688018798828 623.0588531494141
0 0.1369 64.56178283691406 251.30859375 113.0871353149414 278.71116638183594
0 0.1186 19.4000587463379 527.0583343505859 57.867809295654304 562.9219818115234
0 0.1117 59.40839385986329 586.9949340820312 97.86412811279297 622.9804992675781
0 0.1110 64.37793350219728 221.6678237915039 113.21296310424805 248.37730407714844
0 0.1083 64.59352111816408 281.2033271789551 113.07313537597656 308.80693435668945
0 0.1003 139.28088760375977 577.5830841064453 177.95432662963864 612.4388885498047
0 0.0971 44.53361129760743 491.3440704345703 93.1101188659668 518.6771392822266
0 0.0940 19.32313537597658 567.3944854736328 57.924057006835945 602.6123809814453
0 0.0924 113.5286865234375 242.60248184204102 163.91996002197266 267.47766494750977
0 0.0845 149.25149536132815 537.6787185668945 187.97864532470703 572.350959777832
0 0.0840 19.304286003112807 247.49980926513672 57.93562030792238 282.5154113769531
0 0.0776 113.6888084411621 272.453670501709 163.78226852416992 297.6226615905762
0 0.0731 104.52525711059572 491.36383056640625 153.11523056030276 518.6589050292969
0 0.0684 138.71066665649414 618.4898567199707 178.51214981079102 638.7499809265137
0 0.0680 73.27001190185548 622.2264289855957 124.26511383056642 638.7499809265137
0 0.0671 113.17048645019533 212.90149688720703 164.23352813720706 237.18379974365234
0 0.0643 -0.7471122741699083 487.6799774169922 37.97694778442384 522.349853515625
0 0.0589 19.286099433898936 287.5549793243408 57.95106029510499 322.4647045135498
0 0.0583 -20.767406463623033 527.7185821533203 17.99630737304689 562.314453125
0 0.0578 64.36261749267578 311.6603088378906 113.2304153442383 338.38233947753906
0 0.0563 14.20429325103761 211.90567016601562 63.34967708587647 238.15166473388672
0 0.0535 54.13879013061524 461.98097229003906 103.40385055541994 488.0792999267578
0 0.0516 179.0731964111328 588.2044219970703 218.13027954101562 621.8688201904297
0 0.0502 64.19705963134767 191.91932678222656 113.35466003417969 218.13899993896484
0 0.0479 118.77505874633788 298.88731956481934 158.39995956420898 331.2447452545166
0 0.0476 18.982783317565932 608.3619689941406 58.21725940704347 638.75
0 0.0456 154.21434020996094 511.8944549560547 203.34130859375 538.1624603271484
0 0.0423 -20.922292709350568 568.1695938110352 18.128553390502944 601.900749206543
0 0.0420 188.90855407714844 548.6017990112305 228.27756500244143 581.5053176879883
0 0.0408 -20.814813613891584 247.88301467895508 18.034387588500987 282.16344833374023
0 0.0383 103.73031234741212 462.4132537841797 153.74686813354495 487.6618957519531
0 0.0348 3.907409667968766 462.2428894042969 53.59517669677735 487.8276824951172
0 0.0311 14.000426292419448 322.12474822998047 63.520890235900886 347.93994903564453
0 0.0301 182.9428539276123 622.5615692138672 234.54046821594235 638.75
0 0.0301 68.87025451660158 338.6759948730469 108.3134994506836 371.43760681152344
0 0.0295 -15.816997528076158 201.84703826904297 12.430625915527358 248.16818237304688
0 0.0294 -21.1344757080078 608.6596870422363 18.320480346679698 638.7499809265137
0 0.0286 171.58279991149902 243.9607048034668 225.66248512268066 266.1250877380371
0 0.0283 -20.88440322875975 288.0751037597656 18.094783782959 321.9873046875
0 0.0282 218.8718948364258 588.687744140625 258.3105239868164 621.4267730712891
0 0.0263 153.72148132324222 482.42591857910156 203.75360107421875 507.6499938964844
0 0.0263 113.13640213012695 182.92840957641602 164.26360702514648 207.15723037719727
0 0.0257 112.57918930053711 333.32664489746094 164.76199722290036 356.76055908203125
0 0.0254 -106.49999999999997 0.0 532.25 339.48570251464844
0 0.0242 13.947998046875009 182.19879150390625 63.56134033203126 207.87017822265625
0 0.0241 -41.277219295501695 488.97705078125 -1.5500512123107764 521.1629486083984
0 0.0234 43.33968734741212 432.7616882324219 94.08530807495117 457.3211669921875
0 0.0222 220.9515151977539 224.30856704711914 276.24051666259766 245.77245712280273
0 0.0215 152.54298782348633 453.35914611816406 204.79289627075195 476.7292022705078
0 0.0212 203.58026123046875 522.5572967529297 253.87506103515625 547.52197265625
0 0.0207 162.23275756835938 283.5628318786621 215.0727233886719 306.5252113342285
0 0.0198 241.67066192626953 253.90962600708008 295.5823287963867 276.17666244506836
0 0.0197 171.49057006835938 204.0056610107422 225.74838256835938 226.0784149169922
0 0.0196 28.76916027069093 348.89942169189453 68.4054002761841 381.23363494873047
0 0.0194 258.71217346191406 609.007396697998 298.45887756347656 638.7500190734863
0 0.0192 228.6514434814453 549.1493225097656 268.5129699707031 581.0059356689453
0 0.0185 -61.29362249374388 599.0317535400391 -21.537081241607652 631.1130523681641
0 0.0177 -61.51738548278807 249.45833206176758 -21.32833862304686 280.72484970092773
0 0.0177 102.5639877319336 433.3477020263672 154.77338409423828 456.74102783203125
0 0.0165 203.0007038116455 473.0326843261719 254.38374137878418 497.05406188964844
0 0.0162 253.25738525390625 512.827262878418 304.157958984375 537.2564315795898
0 0.0161 63.86346435546876 162.29120254516602 113.63168334960939 187.78127670288086
0 0.0157 -61.601194381713846 559.6155548095703 -21.250242233276353 590.5820465087891
0 0.0157 111.85548400878906 363.79676818847656 165.41482543945312 386.28997802734375
0 0.0152 -45.73380136489866 202.63275146484375 -17.668305873870835 247.57221221923828
0 0.0143 -6.636432647705064 432.7463150024414 44.063488006591804 457.3368453979492
0 0.0143 298.6964569091797 609.0405464172363 338.4732208251953 638.7499809265137
0 0.0141 -15.76758766174315 322.2776794433594 12.371641159057631 367.8363800048828
0 0.0140 262.66099548339844 473.2783889770508 314.68690490722656 496.8098831176758
0 0.0139 332.2498474121094 467.2700500488281 532.25 638.75
0 0.0138 32.818614006042495 403.1617736816406 84.54694843292236 426.92527770996094
0 0.0135 112.63814544677736 153.29583644866943 164.70704650878906 176.79266452789307
0 0.0133 291.6828308105469 233.89801025390625 345.57221984863276 256.18770599365234
0 0.0133 -61.60837793350218 289.6260070800781 -21.243249416351304 320.57254791259766
0 0.0132 -46.98528671264646 462.9983139038086 4.376255035400406 487.08507537841797
0 0.0132 161.99936485290527 313.7049865722656 215.28505897521973 336.3817596435547
0 0.0129 172.25079154968262 173.548583984375 225.056978225708 196.53911590576172
0 0.0129 212.38272285461426 443.4658432006836 264.93725395202637 466.62242889404297
0 0.0128 268.6067352294922 569.2364501953125 308.55455017089844 600.9265899658203
0 0.0128 -105.78862094879148 232.09125518798828 -77.60325813293456 277.97935485839844
0 0.0127 -77.70894432067868 533.5200500488281 -24.97883224487303 556.5673828125
0 0.0126 -31.04215764999388 168.48007202148438 8.233865261077895 201.61659240722656
0 0.0120 231.3618621826172 194.07691955566406 285.8663330078125 216.00605010986328
0 0.0118 -106.49999999999997 602.8726577758789 -65.78272247314452 627.210807800293
0 0.0117 151.40111541748047 4.0612077713012695 205.8290252685547 26.022982597351074
0 0.0117 92.25299453735352 403.5530090332031 145.0537452697754 426.5354919433594
0 0.0116 161.79276084899902 423.8337707519531 215.47197914123535 446.2525939941406
0 0.0115 -105.79274082183836 182.0561981201172 -77.59834194183348 228.00647735595703
0 0.0114 171.6577682495117 143.9168357849121 225.59415435791016 166.1693572998047
0 0.0112 -105.78234815597533 282.14534759521484 -77.61075401306151 327.93766021728516
0 0.0108 18.896313667297374 148.62838745117188 58.28877544403076 181.48101806640625
0 0.0105 -105.77109718322752 502.2464370727539 -77.62416505813597 547.8602981567383
0 0.0105 -105.79155349731442 132.06558227539062 -77.59975814819333 177.9991340637207
0 0.0104 -106.49999999999997 2.6529431343078613 -66.02335357666014 27.427635192871094
0 0.0100 -106.49999999999997 572.8856658935547 -65.77514553070067 597.1985626220703
