0 0.1272 440.2817916870117 65.86942291259767 490.2016830444336 91.205078125
0 0.0709 9.112462997436523 96.8126449584961 61.23027801513672 120.2757797241211
0 0.0690 429.3930435180664 36.61140060424806 480.9798049926758 60.475822448730476
0 0.0649 442.46761322021484 90.9808883666992 508.0698013305664 125.95368957519531
0 0.0638 8.674726486206055 67.1026382446289 61.62458419799805 89.98567199707031
0 0.0573 390.00904083251953 66.11659622192384 440.43766021728516 90.9635124206543
0 0.0532 489.7322082519531 66.35289764404298 540.6790161132812 90.73178863525392
0 0.0513 0.0 126.43371200561523 50.76744556427002 150.65219497680664
0 0.0424 8.448934555053711 37.24273777008057 61.82933807373047 59.844809532165534
0 0.0353 369.3475341796875 36.644602775573745 421.0203552246094 60.44286823272706
0 0.0283 5.237360000610352 152.47895812988278 44.93329048156738 184.66111755371094
0 0.0276 339.4972229003906 66.53085327148438 390.88775634765625 90.5553207397461
0 0.0272 59.45903778076172 86.5607795715332 110.92142105102539 110.52581405639648
0 0.0254 0.0 193.38586425781247 638.75 532.25
0 0.0245 390.12901306152344 96.00144958496094 440.33531188964844 121.07522583007814
0 0.0222 489.0673065185547 36.841064453125014 541.2713623046875 60.247055053710945
0 0.0220 511.90391540527344 103.34180450439453 638.75 203.1270751953125
0 0.0201 55.16175985336304 122.62240982055665 95.00410318374634 154.53044509887695
0 0.0191 9.142122268676758 226.79055786132812 61.20400428771973 250.29756164550784
0 0.0191 68.73674631118774 57.06159210205079 121.56883001327515 80.02664184570312
0 0.0187 574.3924140930176 -81.66318321228025 638.7499809265137 -31.75297164916991
0 0.0185 0.0 6.823297500610366 51.246681213378906 30.264917373657237
0 0.0162 339.6078872680664 96.44654846191408 390.78968048095703 120.63878631591797
0 0.0160 0.0 186.3557014465332 50.68878173828125 210.7284126281738
0 0.0157 609.6008110046387 486.0017929077148 638.7500190734863 511.0232315063476
0 0.0151 574.3924140930176 -21.663183212280256 638.7499809265137 28.24701881408693
0 0.0148 574.3924140930176 38.336826324462905 638.7499809265137 88.24702835083008
0 0.0148 608.9757537841797 516.1505279541016 638.75 532.25
0 0.0147 460.7415771484375 125.35436248779298 509.8204803466797 151.70026397705078
0 0.0142 428.9110565185547 6.943107604980481 481.41258239746094 30.14464950561524
0 0.0142 325.0665283203125 32.81587219238283 365.0917053222656 64.35432052612306
0 0.0129 5.209466218948364 252.53678894042966 44.95893359184265 284.6083984375
0 0.0122 289.64131355285645 76.42245864868165 340.75968742370605 100.66283798217775
0 0.0121 49.82025146484375 156.27349472045898 100.60322761535645 180.80905532836914
0 0.0119 453.0625534057617 -101.58583068847655 568.1914901733398 -51.93595314025877
0 0.0114 405.2847671508789 122.36306762695314 444.89139556884766 154.7668228149414
0 0.0114 420.2003479003906 225.94621276855472 470.2716827392578 251.13023376464844
0 0.0110 609.1971588134766 366.31867980957026 638.75 390.7098541259765
0 0.0108 369.2332077026367 6.723237991333022 421.12316131591797 30.364194869995128
0 0.0106 5.342035293579102 342.25377655029297 44.837656021118164 374.86653900146484
0 0.0106 0.0 -23.473085403442365 40.882887840270996 0.5592403411865383
0 0.0106 0.0 -103.50640678405759 40.83864212036133 -79.40726661682126
0 0.0105 59.60649490356445 236.4476547241211 110.79086303710938 260.63771820068354
0 0.0103 609.5103645324707 246.07144927978516 638.7499809265137 270.9540328979492
