0 0.1434 511.1967468261719 -35.25392532348633 599.3574523925781 9.97884750366211
0 0.0914 545.6958770751953 10.33535957336426 584.5268249511719 44.70721244812012
0 0.0502 585.2350234985352 11.474752426147463 624.9363327026367 43.66497993469238
0 0.0481 519.2182159423828 -64.26452636718749 571.1362457275391 -40.64777374267578
0 0.0427 505.51342010498047 10.823116302490233 544.686393737793 44.260215759277344
0 0.0419 599.1503143310547 -34.212045669555664 638.75 -10.699396133422852
0 0.0393 460.20484924316406 -35.06317377090454 510.26885986328125 -9.861142635345457
0 0.0372 549.9681091308594 45.14602184295654 600.4745483398438 69.93397235870361
0 0.0308 527.9149627685547 216.54819488525388 582.3175811767578 238.53534698486328
0 0.0299 298.80126953125 36.01806640625 351.51092529296875 59.07001495361328
0 0.0258 578.7039184570312 -63.91767978668213 631.5985870361328 -40.994181632995605
0 0.0254 0.0 192.3858642578125 638.75 531.25
0 0.0252 409.124755859375 -34.205520153045654 461.2213134765625 -10.707428455352785
0 0.0248 358.9192199707031 35.94305515289306 411.40403747558594 59.145445823669434
0 0.0242 465.40233612060547 -8.905391693115236 504.7853469848633 24.01195526123047
0 0.0231 248.85969161987305 55.978755950927734 301.45849227905273 79.10921096801756
0 0.0229 0.0 -107.5 510.9122848510742 174.01496887207034
0 0.0214 459.2450714111328 -64.28205490112305 511.1119079589844 -40.630121231079094
0 0.0210 309.71778869628906 65.35747528076172 360.69313049316406 89.72644805908202
0 0.0201 408.6830520629883 -3.9145278930664054 461.6196060180664 19.00115966796875
0 0.0189 238.2411003112793 26.3634204864502 292.0192527770996 48.72256278991699
0 0.0185 588.4553718566895 216.23008728027344 638.7499809265137 238.856201171875
0 0.0178 98.7442398071289 56.05266571044922 151.56293869018555 79.03499603271483
0 0.0177 298.3825206756592 6.281948089599609 351.88992500305176 28.805160522460938
0 0.0177 608.902759552002 45.52530288696288 638.7499809265137 69.50349807739258
0 0.0172 528.538818359375 186.17977142333984 581.7494201660156 208.90701293945312
0 0.0161 499.5279312133789 45.5008316040039 550.861930847168 69.58419799804688
0 0.0156 608.9883232116699 515.1407623291014 638.7500190734863 531.25
0 0.0153 575.2654266357422 -107.5 638.75 -72.62511253356935
0 0.0152 360.09349822998047 65.04375457763673 410.3639602661133 90.03501892089844
0 0.0147 574.3924140930176 77.33682632446289 638.7499809265137 127.24702835083009
0 0.0146 518.2912826538086 -93.66515159606934 571.9733047485352 -71.2484359741211
0 0.0146 98.7948226928711 26.024808883666992 151.51620864868164 49.063615798950195
0 0.0145 348.3599090576172 -13.708200454711912 401.91131591796875 8.794641494750977
0 0.0144 398.92772674560547 -64.06637668609619 451.39720916748047 -40.845646858215325
0 0.0140 418.49456787109375 26.211080551147457 471.78871154785156 48.8761043548584
0 0.0140 608.4580230712891 245.81184387207028 638.75 269.2151641845703
0 0.0138 188.48051071166992 56.22247695922851 241.80086135864258 78.86507034301758
0 0.0134 98.43406677246094 86.2472152709961 151.84385299682617 108.83960723876953
0 0.0134 468.24153900146484 216.36291503906247 522.018928527832 238.7230682373047
0 0.0134 609.5667839050293 485.0296783447265 638.7500190734863 509.99572753906256
0 0.0127 0.0 -94.62270736694336 40.70815563201904 -70.29247283935547
0 0.0125 409.1975402832031 55.75370788574219 461.15394592285156 79.33456420898436
0 0.0119 348.48705291748047 -43.786070346832275 401.7959213256836 -21.127030849456784
0 0.0117 238.11311721801758 -3.5604095458984375 292.1355628967285 18.645858764648438
0 0.0115 288.1222915649414 -23.56390953063965 342.1268081665039 -1.3503170013427728
0 0.0112 608.8496589660645 355.56251525878906 638.7499809265137 379.4664001464844
0 0.0112 259.8732376098633 85.23117065429688 310.5564498901367 109.85088348388672
0 0.0111 158.14769744873047 26.42186164855957 212.1035385131836 48.664140701293945
0 0.0110 574.3924140930176 137.3368263244629 638.7499809265137 187.24702835083008
0 0.0109 534.9950408935547 71.94665908813477 575.1588439941406 103.23541641235352
0 0.0102 38.453311920166016 56.234416961669915 91.82660102844238 78.85232925415039
0 0.0101 0.0 -64.61654663085938 40.71441650390625 -40.298500061035156
