0 0.3246 153.0625343322754 38.414174079895034 268.1915092468262 88.0640516281128
0 0.2651 172.2887420654297 1.224475860595717 238.23318481445312 35.725475311279304
0 0.2590 265.60072898864746 68.6923942565918 324.4507694244385 88.36909866333008
0 0.2276 265.5801486968994 48.69973278045655 324.47020530700684 68.36126422882081
0 0.2251 120.35947799682617 15.792318344116229 170.1356315612793 41.279893875122085
0 0.2085 285.30192375183105 88.81806945800783 344.7289752960205 108.23949432373047
0 0.2070 238.07090759277344 17.468257904052745 292.1731185913086 39.617572784423835
0 0.1923 120.06574153900146 -13.928445816040023 170.38744449615479 11.008153915405286
0 0.1846 169.98432159423828 -23.858417510986314 220.4584503173828 0.9394035339355616
0 0.1834 228.72125625610352 87.07027053833009 281.58308029174805 110.01777267456055
0 0.1813 100.39443969726562 45.75436687469484 150.10650634765625 71.31643390655518
0 0.1737 130.18646240234375 85.94558334350586 180.2863311767578 111.129451751709
0 0.1733 325.0231170654297 68.92629241943361 384.9903869628906 88.12657928466798
0 0.1341 469.2879104614258 66.68458557128906 521.0741806030273 90.40269470214844
0 0.1195 238.12416076660156 -12.562030792236312 292.1244430541992 9.648262023925795
0 0.1191 180.13544082641602 95.99223709106445 230.3304100036621 121.08386611938478
0 0.1146 325.18638610839844 48.856941223144545 384.8388671875 68.19764709472656
0 0.1102 119.53197002410889 -43.49054718017577 170.85594654083252 -19.422859191894517
0 0.1067 295.9740352630615 108.52885818481447 354.10401344299316 128.53717422485352
0 0.1045 407.3484802246094 67.85708999633789 462.8364562988281 89.2221794128418
0 0.0880 346.1259460449219 88.4534797668457 403.96484375 108.61323928833008
0 0.0836 295.2158832550049 28.84921646118166 354.810209274292 48.20647811889649
0 0.0764 120.02840518951416 116.10143280029298 170.42047023773193 140.9785614013672
0 0.0747 178.89585494995117 -53.039506912231424 231.4246940612793 -29.871715545654283
0 0.0730 468.5365295410156 37.186122894287124 521.75048828125 59.90134811401368
0 0.0636 80.21804809570312 75.9239730834961 130.25758743286133 101.15132904052736
0 0.0631 469.88292694091797 96.22346496582033 520.5479049682617 120.858512878418
0 0.0621 406.8999481201172 38.08736896514894 463.2489013671875 58.987933158874526
0 0.0586 90.71019172668457 -4.431804656982408 118.8980770111084 41.49549102783204
0 0.0448 408.1610870361328 97.40876770019531 462.09251403808594 119.67652893066405
0 0.0425 228.4675407409668 117.23228073120119 281.81222915649414 139.8554573059082
0 0.0408 519.556770324707 76.48719406127931 570.8346176147461 100.59875106811525
0 0.0402 169.6189308166504 126.43935775756835 220.77959060668945 150.64605331420898
0 0.0374 529.0675735473633 46.836691856384284 581.2720108032227 70.25085544586182
0 0.0367 599.6663665771484 36.40747165679933 638.75 60.678206443786635
0 0.0356 75.37564277648926 -37.82066965103147 114.80710029602051 -5.06551885604857
0 0.0355 237.90937423706055 -42.43917846679686 292.3205375671387 -20.47594451904295
0 0.0330 609.1269111633301 6.3689479827881 638.7499809265137 30.659738540649425
0 0.0301 113.06253433227539 -101.58583068847655 228.19150924682617 -51.93595314025877
0 0.0293 110.28022766113281 145.8605728149414 160.20509719848633 171.21263122558594
0 0.0289 295.58349609375 8.692966461181653 354.4684600830078 28.36719131469728
0 0.0286 518.7361526489258 17.054010391235366 571.5710830688477 40.0330982208252
0 0.0264 376.5168762207031 18.27378845214845 433.6024475097656 38.79762268066408
0 0.0261 605.2646064758301 62.42236709594727 638.7499809265137 94.71271133422852
0 0.0254 457.60730743408203 7.720886230468763 512.5985336303711 29.360767364501967
0 0.0254 0.0 193.38586425781247 638.75 532.25
0 0.0228 599.257640838623 -23.28814888000487 638.7500190734863 0.3763256072998179
0 0.0228 169.7962760925293 156.30126571655273 220.62261581420898 180.78269577026367
0 0.0214 120.17427444458008 175.95378494262695 170.2974510192871 201.12109756469727
0 0.0211 574.3924140930176 98.3368263244629 638.7499809265137 148.24702835083008
0 0.0205 327.58995056152344 127.73410415649414 382.6136016845703 149.34798812866214
0 0.0177 498.01902770996094 -102.50769519805905 552.2217559814453 -80.40763759613036
0 0.0176 69.86238241195679 106.24051666259766 120.56591272354126 130.84172821044922
0 0.0175 574.3924140930176 158.3368263244629 638.7499809265137 208.24702835083008
0 0.0174 60.70372819900513 5.520015716552747 88.90583753585815 51.53367614746095
0 0.0170 598.7506294250488 -52.94738197326659 638.7499809265137 -29.964355468749982
0 0.0169 219.69425201416016 216.38124084472656 270.71285247802734 240.7035980224609
0 0.0169 170.0809669494629 186.0570297241211 220.37443161010742 211.0222396850586
0 0.0154 465.33634185791016 122.26153945922852 504.8433303833008 154.8594627380371
0 0.0149 598.4703254699707 -92.77606153488158 638.7499809265137 -70.13713979721066
0 0.0146 437.85621643066406 -102.41765403747556 492.37098693847656 -80.49906635284422
0 0.0142 508.56849670410156 -12.838977813720687 561.7226409912109 9.925800323486342
0 0.0142 525.4515838623047 102.0001564025879 564.7389984130859 135.09822463989258
0 0.0136 608.9767646789551 516.1498222351073 638.7499809265137 532.2500190734863
0 0.0129 219.17646408081055 146.76709747314456 271.173152923584 170.3210220336914
0 0.0121 425.06465911865234 122.81594848632814 465.09387969970703 154.35426330566406
0 0.0118 270.29937744140625 225.85198974609375 320.186767578125 251.2220153808594
0 0.0112 570.7912445068359 -3.6214675903320157 598.8019561767578 40.888305664062514
0 0.0112 507.9793167114258 -72.48203182220458 562.2573471069336 -50.43311023712157
0 0.0106 609.6264839172363 485.98004913330084 638.7499809265137 511.04459381103516
0 0.0105 417.10887908935547 -12.016901016235336 473.0562973022461 9.094339370727553
0 0.0102 296.2578582763672 -11.609939575195297 353.8433074951172 8.677707672119155
0 0.0101 508.37589263916016 -42.717622756957994 561.8967056274414 -20.195821762084943
