0 0.1036 389.2780303955078 90.67801284790039 481.19659423828125 130.28269577026367
0 0.0854 378.0384063720703 69.48315429687501 432.20367431640625 91.60191345214844
0 0.0760 558.8357734680176 24.23977661132813 638.7499809265137 86.68635177612305
0 0.0717 437.96932220458984 69.5275001525879 492.26558685302734 91.5578727722168
0 0.0686 373.0625534057617 130.41418838500974 488.19149017333984 180.06403732299805
0 0.0545 407.5100326538086 39.777200698852546 462.68680572509766 61.30428123474122
0 0.0517 327.96722412109375 89.52446746826173 382.26844787597656 111.56025695800781
0 0.0436 574.3924140930176 90.33682632446289 638.7499809265137 140.24702835083008
0 0.0431 609.1957092285156 -11.68070983886718 638.75 12.709205627441412
0 0.0380 347.6874542236328 39.6827392578125 402.5238800048828 61.40036392211914
0 0.0350 318.12191009521484 119.4374351501465 372.1268844604492 141.64850997924805
0 0.0349 468.02318572998047 39.482095718383796 522.2197341918945 61.601446151733406
0 0.0325 608.712329864502 -41.347610473632805 638.7499809265137 -17.623931884765618
0 0.0295 349.578857421875 180.24697113037107 440.902099609375 220.67688751220703
0 0.0283 558.8357734680176 144.23979568481445 638.7499809265137 206.68635177612305
0 0.0280 318.68395805358887 149.09554290771484 371.61648750305176 171.99261474609375
0 0.0274 493.0625534057617 -29.58582115173339 608.1914901733398 20.064046859741218
0 0.0254 0.0 205.38586425781247 638.75 544.2499999999999
0 0.0246 438.2175827026367 9.369762420654302 492.04235076904297 31.715000152587898
0 0.0238 298.48350524902344 59.22132778167725 351.7980194091797 81.86629581451416
0 0.0234 479.44042205810547 108.57622909545898 530.9376907348633 132.5107078552246
0 0.0231 338.14151763916016 229.4226531982422 392.1097946166992 251.66287231445315
0 0.0226 377.5300598144531 9.761398315429693 432.6696014404297 31.31947326660157
0 0.0189 499.0869903564453 68.80785751342773 551.2578582763672 92.27747726440431
0 0.0177 490.20233154296875 147.9458885192871 540.2696990966797 173.1307487487793
0 0.0169 338.6228942871094 259.13197326660156 391.6722106933594 281.9557647705078
0 0.0164 608.7263298034668 -81.35904502868651 638.7500190734863 -57.61276912689208
0 0.0160 298.58577728271484 189.15354537963867 351.7061996459961 211.9338111877441
0 0.0153 0.0 -94.49999999999999 320.47889709472656 75.19043731689455
0 0.0151 530.7366180419922 17.833202362060554 558.8667297363281 63.29619216918945
0 0.0142 284.7331142425537 85.41987228393555 325.4042911529541 115.80595779418945
0 0.0133 438.8011169433594 -20.985300064086903 491.5118408203125 2.072885513305671
0 0.0130 317.8030300140381 9.616458892822273 372.41868019104004 31.467102050781254
0 0.0118 389.2430114746094 278.7176208496094 441.11412048339844 302.3699645996094
0 0.0114 378.07159423828125 -20.53957176208495 432.1741485595703 1.6243152618408272
0 0.0114 98.56712341308594 149.1656379699707 151.72304153442383 171.92171859741208
0 0.0111 608.9498901367188 528.1702880859375 638.75 544.2499999999999
0 0.0109 493.0625534057617 -89.58583068847655 608.1914901733398 -39.935953140258775
0 0.0108 535.4003524780273 104.10517501831055 574.786491394043 137.0022850036621
0 0.0108 399.31934356689453 248.65425872802734 451.0477828979492 272.43180084228516
0 0.0107 228.7893295288086 89.02544784545897 281.5217971801758 112.06255722045898
0 0.0101 258.8273620605469 129.000862121582 311.4874267578125 152.08721923828125
0 0.0101 98.21418762207031 119.38168334960936 152.04320907592773 141.7044906616211
