0 0.1913 139.1789436340332 173.2575798034668 191.17258071899414 196.82947158813477
0 0.1675 190.63982009887695 181.97826385498047 239.90327835083008 208.08174133300778
0 0.1509 139.59014892578125 202.9555511474609 190.80631256103516 227.12928771972656
0 0.1342 190.76400756835938 211.82714462280273 239.80213165283203 238.2263374328613
0 0.1307 128.94874095916748 143.4177589416504 181.37871265411377 166.6699409484863
0 0.1178 190.1545524597168 152.48374938964844 240.3120994567871 177.5931167602539
0 0.0719 94.75841522216797 169.87615585327148 135.38042068481445 200.3455924987793
0 0.0671 185.62606811523438 238.05503845214838 224.58484649658203 272.00569152832026
0 0.0653 509.41959381103516 33.081226348876946 560.958366394043 57.00439453125
0 0.0603 129.63075637817383 232.91968345642087 180.77129364013672 257.16423988342285
0 0.0470 574.3924140930176 24.836816787719723 638.7499809265137 74.74701881408691
0 0.0467 519.3535232543945 63.125462532043464 571.0181045532227 86.95991039276123
0 0.0435 84.81152534484863 139.7852516174316 125.33024787902832 170.4279899597168
0 0.0387 108.42883586883545 113.75316619873044 161.84799671173096 136.3340377807617
0 0.0378 179.0553855895996 123.3479118347168 231.28232955932617 146.7400550842285
0 0.0372 508.86959075927734 3.4695434570312496 561.4501571655273 26.6180419921875
0 0.0357 79.05231475830078 203.3521270751953 131.28463745117188 226.73614501953122
0 0.0336 608.9888191223145 82.96403884887694 638.7499809265137 107.06449508666991
0 0.0320 448.13472747802734 33.92819404602051 502.11559295654297 56.157560348510735
0 0.0311 608.6967277526855 -6.837377548217774 638.7500190734863 16.865797042846676
0 0.0255 145.15302181243896 259.1349411010742 185.01268863677979 291.01902008056635
0 0.0254 0.0 219.8858642578125 638.75 558.75
0 0.0252 608.7959289550781 113.09581756591797 638.75 136.9326400756836
0 0.0243 549.2696762084961 93.18864822387694 601.092414855957 116.8974494934082
0 0.0240 458.32584381103516 63.81325244903564 511.94202423095703 86.27318859100342
0 0.0230 608.9140129089355 193.01771163940427 638.7500190734863 217.01108932495117
0 0.0229 0.0 -79.99999999999999 510.9122848510742 201.51496887207028
0 0.0228 608.3633422851562 -36.62952899932861 638.75 -13.3439302444458
0 0.0228 225.52804946899414 238.31656455993647 264.670467376709 271.76613807678217
0 0.0214 98.20832252502441 83.88740539550781 152.0480442047119 106.1990737915039
0 0.0212 190.34343719482422 272.3054885864258 240.14984130859375 297.76683807373047
0 0.0204 240.70568084716797 192.03124999999997 268.9034652709961 238.02425384521482
0 0.0204 447.7140808105469 4.166202545166015 502.4999237060547 25.916805267333984
0 0.0200 609.1526794433594 222.84947395324704 638.75 247.17898368835446
0 0.0199 608.4135246276855 -66.66221141815186 638.7500190734863 -43.31122398376465
0 0.0197 608.7339973449707 163.137092590332 638.7499809265137 186.89128875732422
0 0.0196 529.680290222168 202.88814544677734 580.7260513305664 227.19627380371094
0 0.0188 507.8616714477539 -25.915775299072266 562.3649215698242 -4.000177383422851
0 0.0178 175.4743194580078 338.4495544433594 214.71824645996094 371.6444396972656
0 0.0176 388.515625 33.69901657104492 441.7694091796875 56.38837814331054
0 0.0168 185.45364379882812 298.49731445312494 224.73690032958984 331.6007995605469
0 0.0163 609.1703796386719 252.83576965332028 638.75 277.1925354003906
0 0.0160 135.428729057312 338.549690246582 174.7599458694458 371.5529251098633
0 0.0146 565.0463485717773 -10.643014907836912 605.1102828979492 20.816926956176754
0 0.0145 145.33267974853516 298.7692260742187 184.84668731689453 331.3524627685547
0 0.0144 529.29931640625 173.17298889160153 581.0647583007812 196.91375732421872
0 0.0142 609.2228698730469 302.79712677001953 638.75 327.23094940185547
0 0.0142 64.95182991027832 109.53275680541992 105.19864082336426 140.65717697143555
0 0.0141 549.1407012939453 123.28771591186523 601.2060546875 146.79990768432614
0 0.0139 565.3971481323242 228.62933158874512 604.787712097168 261.4801502227783
0 0.0138 104.85116958618164 259.71290588378906 145.29319763183594 290.4936218261719
0 0.0138 488.7757110595703 93.53277206420898 541.534423828125 116.55500411987305
0 0.0136 479.46727752685547 193.05704116821286 530.9135818481445 217.0298194885254
0 0.0136 215.43859481811523 338.53103637695307 254.75061416625977 371.5699768066406
0 0.0132 239.82282638549805 162.78009414672852 290.59919357299805 187.3036003112793
0 0.0130 54.94128227233887 169.5501708984375 95.20870208740234 200.64136505126953
0 0.0130 84.91942405700684 229.59099769592285 125.22908210754395 260.60431480407715
0 0.0129 398.4526824951172 63.73626708984375 451.8268585205078 86.35068893432616
0 0.0127 493.0625534057617 -75.08583068847656 608.1914901733398 -25.43595314025879
0 0.0127 388.4288787841797 3.754014968872071 441.84776306152344 26.333303451538086
0 0.0123 525.2252960205078 228.9975357055664 564.945068359375 261.1442184448242
0 0.0122 157.996826171875 94.008731842041 212.2412109375 116.07633590698242
0 0.0121 98.20699691772461 53.886041641235344 152.04973220825195 76.20013236999512
0 0.0121 580.7653427124023 182.59143829345703 608.8325119018555 227.59937286376953
0 0.0120 448.812255859375 163.51295471191406 501.50062561035156 186.57543182373047
0 0.0113 608.9897918701172 542.6394462585449 638.75 558.7500190734863
0 0.0109 609.1455841064453 332.8529739379883 638.75 357.17533111572266
0 0.0108 447.5669860839844 -25.7532787322998 502.63458251953125 -4.164772033691405
0 0.0107 485.2533721923828 218.9439296722412 524.9187469482422 251.19309425354004
0 0.0105 160.42339324951172 372.22503662109375 210.08193969726562 397.84484863281244
0 0.0103 435.22632598876953 189.00033950805664 474.9435806274414 221.14160537719727
