0 0.0802 9.123353958129883 93.30316543579102 61.22092247009277 116.78495407104492
0 0.0695 9.185986518859863 63.25993061065673 61.16471290588379 86.82811260223389
0 0.0636 9.029998779296875 123.36662292480469 61.30483627319336 146.72157287597653
0 0.0488 27.40865468978882 -75.67272663116455 82.78076410293579 -54.247214794158936
0 0.0480 87.24225044250488 -75.58449745178223 142.9333782196045 -54.3367052078247
0 0.0467 27.70618200302124 314.17030334472656 82.5071930885315 335.91262817382807
0 0.0456 9.314069747924805 33.165712356567376 61.05086326599121 56.92145347595215
0 0.0396 0.0 -46.908911466598504 50.951900482177734 -23.003703355789185
0 0.0387 27.50985860824585 284.277229309082 82.68701791763306 305.80425262451166
0 0.0377 574.3924140930176 4.836816787719727 638.7499809265137 54.747018814086914
0 0.0375 27.42511749267578 344.3206024169922 82.76517868041992 365.7598876953125
0 0.0371 0.0 153.05305480957028 50.909361839294434 177.03372955322266
0 0.0331 146.93763732910156 -75.43480396270752 203.2149887084961 -54.490036964416504
0 0.0322 58.12670707702637 -46.06493473052978 112.1224308013916 -23.849034309387203
0 0.0306 13.06253433227539 -15.085821151733397 128.19150924682617 34.56404685974121
0 0.0302 0.0 183.29376220703125 51.21029853820801 206.79420471191406
0 0.0294 87.13149070739746 314.4770812988281 143.0341625213623 335.6014251708984
0 0.0284 17.673559188842773 254.18842315673825 72.53701210021973 275.89427947998047
0 0.0279 318.44173431396484 -76.25699520111084 371.8368148803711 -53.656091690063484
0 0.0274 574.3924140930176 -55.16318321228027 638.7499809265137 -5.252971649169921
0 0.0257 207.30121612548828 -75.61831474304199 262.8799057006836 -54.30284976959228
0 0.0254 0.0 219.8858642578125 638.75 558.75
0 0.0246 378.7158966064453 -76.42767906188963 431.5882110595703 -53.48449707031249
0 0.0241 317.649621963501 14.197015762329102 372.55995750427246 35.88484764099121
0 0.0237 574.3924140930176 64.83682632446288 638.7499809265137 114.74702835083006
0 0.0220 86.87858581542969 284.60399627685547 143.26719284057617 305.4720687866211
0 0.0218 8.445720672607422 213.7445068359375 61.83229446411133 236.3430023193359
0 0.0215 57.60454177856445 144.22292709350583 112.60095596313477 165.8587837219238
0 0.0213 117.22051620483398 -45.56773304939269 172.95207977294922 -24.35281634330749
0 0.0210 64.7604775428772 99.86520767211914 105.37925481796265 130.35554885864255
0 0.0205 87.37088203430176 344.3508911132812 142.81458854675293 365.7294464111328
0 0.0196 338.6983108520508 -16.42471313476562 391.60594940185547 6.511316299438476
0 0.0189 64.98605728149414 59.467487335205085 105.16683578491211 90.71647644042969
0 0.0184 57.1731162071228 174.45369720458984 112.99635171890259 195.62488555908203
0 0.0171 358.9829635620117 -46.60104751586913 411.34700775146484 -23.310661315917965
0 0.0170 69.0972352027893 33.3207893371582 121.2444281578064 56.767330169677734
0 0.0168 318.0375576019287 43.983306884765625 372.20452308654785 66.10170364379883
0 0.0164 255.5951690673828 305.1885986328125 314.4573974609375 324.871826171875
0 0.0161 76.95474624633789 254.5656967163086 133.19707870483398 275.5110549926757
0 0.0160 267.63028144836426 -55.79103350639343 322.57731437683105 -34.12704586982727
0 0.0159 27.282240390777588 374.39785003662104 82.89588689804077 395.6818008422851
0 0.0156 255.62164306640625 325.1792526245117 314.4322967529297 344.8818588256836
0 0.0147 257.2287368774414 24.424791336059567 312.94525146484375 45.654230117797844
0 0.0145 277.45530128479004 -15.697934627532957 332.73802757263184 5.778310298919677
0 0.0143 255.8284568786621 285.08552551269526 314.2410469055176 304.9774932861328
0 0.0137 66.98812484741211 214.54843521118164 123.16644668579102 235.52854537963867
0 0.0137 0.8060693740844727 303.0425643920898 28.78448486328125 347.26810455322266
0 0.0133 378.6030578613281 13.643569946289064 431.69036865234375 36.443958282470696
0 0.0128 574.3924140930176 124.83682632446288 638.7499809265137 174.74702835083008
0 0.0127 177.14122772216797 -45.53063869476318 233.0258560180664 -24.391188621520996
0 0.0127 433.0625534057617 -75.08583068847656 548.1914901733398 -25.43595314025879
0 0.0122 398.9198684692383 -16.561832427978516 451.40445709228516 6.649713516235351
0 0.0121 145.87133407592773 325.0724792480469 204.19981002807617 344.99198913574213
0 0.0118 256.2779426574707 264.88208770751953 313.8244438171387 285.1861190795898
0 0.0118 145.6685447692871 305.1605987548828 204.3882942199707 324.9013519287109
0 0.0116 535.4894638061523 -11.597445011138916 574.705696105957 21.687490940093994
0 0.0114 265.9059524536133 345.0564956665039 324.1678237915039 365.00827789306635
0 0.0113 609.2361450195312 322.78808593749994 638.75 347.2400665283203
0 0.0113 574.3924140930176 184.8368263244629 638.7499809265137 234.74702835083008
0 0.0110 0.0 -80.0 25.249946117401123 -48.940670490264885
0 0.0109 608.970947265625 542.65380859375 638.75 558.7499999999999
0 0.0109 217.49801635742188 4.283409118652344 272.6979064941406 25.797939300537106
0 0.0105 609.2060661315918 352.80982971191406 638.7500190734863 377.21839904785156
0 0.0105 599.3869209289551 293.1194305419922 638.7499809265137 316.9683074951172
0 0.0103 106.26737117767334 234.89218711853025 163.8329553604126 255.17670631408689
0 0.0100 246.63908004760742 244.71378326416013 303.489933013916 265.3586959838867
0 0.0100 535.5928421020508 28.12747001647949 574.6155166625977 61.93934440612793
