0 0.0576 503.99341583251953 48.32691192626953 565.952033996582 66.7122268676758
0 0.0503 514.386100769043 28.178043365478516 575.5849838256836 46.86634063720703
0 0.0478 503.997802734375 68.32618713378906 565.9477233886719 86.71318054199219
0 0.0421 575.350227355957 17.788286209106445 634.686393737793 37.26832389831543
0 0.0419 575.0033950805664 37.9331636428833 635.0090408325195 57.11925029754639
0 0.0398 444.1638946533203 38.264193534851074 505.792236328125 56.77746295928955
0 0.0381 443.9927673339844 58.32939147949218 505.9520721435547 76.71012878417969
0 0.0357 504.3287658691406 88.20240020751953 565.6378936767578 106.8416213989258
0 0.0357 565.7968521118164 -2.4021148681640616 624.2708206176758 17.464504241943356
0 0.0347 504.96578216552734 7.948122024536131 565.0442123413086 27.10373878479004
0 0.0345 564.8487854003906 57.99945831298829 625.1522064208984 77.05158233642578
0 0.0320 597.0606231689453 -23.000326156616207 638.75 -1.9238948822021482
0 0.0313 277.2350025177002 36.92224979400635 332.93932914733887 58.15694332122803
0 0.0307 444.6882629394531 18.05995941162109 505.3028106689453 36.98841094970703
0 0.0303 444.00596618652344 78.32504272460938 505.93955993652344 96.71478271484374
0 0.0300 237.3556900024414 56.85615539550781 292.8291702270508 78.22360992431639
0 0.0258 505.86231231689453 -12.430610656738283 564.2099380493164 7.493858337402344
0 0.0254 0.0 192.3858642578125 638.75 531.25
0 0.0252 494.4612503051758 108.15118789672852 555.5141830444336 126.894588470459
0 0.0251 316.87262535095215 57.107715606689446 373.2724857330322 77.96838760375977
0 0.0245 384.9530029296875 37.95852184295654 445.0547790527344 57.09404468536376
0 0.0243 277.6515865325928 76.70066833496094 332.5571537017822 98.38191986083983
0 0.0241 385.01399993896484 57.93569564819336 444.9973678588867 77.11797714233398
0 0.0240 217.59801864624023 26.726255416870114 272.60698318481445 48.355379104614265
0 0.0229 0.0 -107.5 510.9122848510742 174.01496887207034
0 0.0228 434.27520751953125 98.22507858276369 495.6874084472656 116.81859970092773
0 0.0224 597.335376739502 -53.140339851379395 638.7499809265137 -31.781163215637207
0 0.0215 445.56957244873047 -2.303752899169922 504.4820785522461 17.363300323486328
0 0.0213 196.90311431884766 77.0867919921875 253.2457733154297 97.98870086669922
0 0.0209 316.63684844970703 17.21833229064941 373.49117279052734 37.85466194152832
0 0.0201 385.24322509765625 77.84242630004883 444.78363037109375 97.21437454223633
0 0.0200 565.3593444824219 77.79169082641602 624.6760559082031 97.26621627807617
0 0.0195 385.37654876708984 17.781076431274414 444.6609115600586 37.276506423950195
0 0.0184 536.5954971313477 -32.76609659194946 593.530387878418 -12.162015438079834
0 0.0179 277.26359367370605 -3.0937194824218763 332.91333198547363 18.17298889160156
0 0.0169 218.06865692138672 -3.5359764099121094 272.1764373779297 18.620986938476562
0 0.0169 177.10350036621094 46.98640823364258 233.06106567382812 68.09106826782227
0 0.0163 434.54654693603516 118.12126159667969 495.4336929321289 136.92619323730466
0 0.0162 375.82275390625 97.59580612182617 434.2444610595703 117.4683952331543
0 0.0155 446.39415740966797 -22.671365737915036 503.7166976928711 -2.259035110473633
0 0.0150 494.5309066772461 128.1233215332031 555.449333190918 146.9232177734375
0 0.0147 386.15718841552734 -2.5616455078125 443.93611907958984 17.62859344482422
0 0.0135 278.30955505371094 106.32707595825197 331.9559860229492 128.75986099243164
0 0.0132 217.94431686401367 106.53736114501953 272.2894477844238 128.54721069335938
0 0.0131 157.43049144744873 16.81565284729004 212.76073932647705 38.26457023620605
0 0.0127 376.2245559692383 117.41554260253906 433.8717269897461 137.65346527099612
0 0.0126 608.3069610595703 -94.09919738769531 638.75 -70.87517261505127
0 0.0123 317.13062286376953 -23.026628494262695 373.03592681884766 -1.8955135345458989
0 0.0118 608.9508056640625 515.1694488525391 638.75 531.25
0 0.0115 415.4448699951172 137.75978088378906 474.5954132080078 157.29991912841797
0 0.0109 157.3954200744629 96.83988571166992 212.7916145324707 118.24090957641603
0 0.0108 337.51224517822266 136.78043365478518 392.68383026123047 158.3017349243164
0 0.0106 566.2303161621094 97.40877151489258 623.8674163818359 117.65962600708008
0 0.0105 157.86941528320312 -13.42165946960449 212.35816955566406 8.505525588989256
0 0.0100 257.5096893310547 -33.22103261947632 312.68680572509766 -11.697256565093992
