0 0.4294 444.0431213378906 52.40705490112305 553.4225463867188 133.71660232543945
0 0.3481 199.04788970947266 127.70006179809572 231.8875503540039 164.4783592224121
0 0.2900 456.4057922363281 16.61316871643066 520.4146575927734 36.8624210357666
0 0.2725 283.8487911224365 87.24420547485352 326.44951820373535 108.70420455932616
0 0.2231 299.4407367706299 108.58945846557617 331.32983207702637 158.03667068481445
0 0.2231 467.1603012084961 130.5842399597168 544.2605209350586 157.99604415893555
0 0.1530 583.4673881530762 101.10939025878905 638.7500190734863 126.9598388671875
0 0.1307 139.55305099487305 124.48766708374022 167.01852798461914 170.34963607788086
0 0.1261 195.52284240722656 102.7961540222168 231.34857177734375 131.20588302612305
0 0.1113 590.4101371765137 122.57709503173828 638.7500190734863 146.34109497070312
0 0.1108 457.04017639160156 -3.366289138793945 515.3627014160156 17.883195877075195
0 0.1072 438.2050323486328 23.824348449707028 472.72666931152344 54.175052642822266
