0 0.6091 198.92430305480957 397.0286560058594 259.7231578826904 423.2292175292969
0 0.5605 228.44791412353513 144.74734783172607 290.90908050537104 164.31889057159424
0 0.5376 226.52201652526855 168.2535743713379 299.50947761535645 187.1913719177246
0 0.5281 234.49096679687497 433.9028549194336 294.1190338134765 452.9787063598633
0 0.3580 181.5076637268066 202.61188507080078 228.1757926940918 224.18407440185547
0 0.2859 191.82346343994138 431.55147552490234 224.24884796142578 462.2507095336914
0 0.2535 173.45966339111325 148.41686725616455 208.21964263916016 188.97246837615967
0 0.2417 264.3313217163086 224.67336654663086 305.3306198120117 246.4444923400879
0 0.2381 269.95723724365234 392.57171630859375 300.0992965698242 423.50555419921875
0 0.1850 221.28363609313965 255.5038833618164 267.27036476135254 273.8504409790039
0 0.1834 177.75032043457028 226.71941757202148 226.63928985595703 247.98227310180664
0 0.1451 266.3640594482422 201.26373291015625 304.14329528808594 228.76678466796875
0 0.1398 173.29269409179685 284.9314498901367 214.52590942382812 305.1253890991211
0 0.1368 221.5413951873779 305.9597110748291 268.9706134796142 325.7993221282959
0 0.1312 208.47446441650388 464.84508514404297 261.3669204711914 485.2743911743164
0 0.1202 171.71417236328125 255.54523468017578 213.801155090332 275.54534912109375
0 0.1098 220.73227882385254 272.30566024780273 262.79295921325684 297.88991928100586
