0 0.1609 212.23758697509766 51.285897254943855 278.2819366455078 85.6676015853882
0 0.1489 427.9222869873047 167.5525245666504 482.3089599609375 189.53227615356445
0 0.1237 209.8614501953125 26.241823196411143 260.56663513183594 50.84051704406739
0 0.1087 408.7811279296875 189.37145805358887 501.69403076171875 227.65051460266113
0 0.1026 368.6573791503906 157.1140251159668 421.6401672363281 179.97432327270508
0 0.0977 220.7553482055664 85.33515548706056 269.80968475341797 111.7184410095215
0 0.0914 159.46504592895508 46.55347442626954 210.91669082641602 70.53269958496094
0 0.0861 260.36861419677734 25.779357910156264 310.1286315917969 51.29209136962892
0 0.0809 417.82047271728516 137.60669326782227 472.4026870727539 159.47700119018555
0 0.0759 175.39424896240234 72.130428314209 214.7909164428711 104.97916793823242
0 0.0710 285.7558822631836 51.17504215240479 324.4740295410156 85.85433101654053
0 0.0605 270.8144760131836 85.2490005493164 319.76409912109375 111.79978942871094
0 0.0532 358.3304214477539 127.3133430480957 411.93729400634766 149.7735176086426
0 0.0532 159.28224563598633 16.687646865844737 211.07946395874023 40.39951896667482
0 0.0516 359.6767807006836 186.3932189941406 410.72864532470703 210.69154357910156
0 0.0457 478.1349182128906 147.42385482788086 532.1163940429688 169.6612892150879
0 0.0447 213.06254386901855 118.41418838500978 328.191499710083 168.06403732299805
0 0.0447 209.58784103393555 -3.5377635955810405 260.8073616027832 20.623308181762706
0 0.0330 175.37799835205078 112.1640739440918 214.80594635009766 144.94845962524414
0 0.0296 269.7577667236328 -3.67065811157225 320.65711975097656 20.754657745361342
0 0.0263 325.00247955322266 152.9406890869141 365.1511001586914 184.24081420898438
0 0.0243 408.1803894042969 107.396484375 462.0751190185547 129.68877410888672
0 0.0230 159.2510223388672 -13.286727905273422 211.10668182373047 10.374465942382827
0 0.0229 0.0 250.52486038208005 510.9126281738281 532.2499809265137
0 0.0221 135.11030197143555 72.72838211059572 175.0513458251953 104.43393325805664
0 0.0200 468.4444046020508 117.23722076416017 521.8352890014648 139.84910583496094
0 0.0187 341.75243377685547 211.883674621582 408.73600006103516 245.10663604736325
0 0.0185 109.36079025268555 36.63297271728517 161.00894927978516 60.4541358947754
0 0.0182 498.54881286621094 177.1754035949707 551.7399597167969 199.91164779663086
0 0.0182 319.7152328491211 96.35329818725586 370.6966781616211 120.72978591918947
0 0.0176 324.9726104736328 -106.49999999999997 638.75 63.18856811523439
0 0.0155 208.96329879760742 -33.08729553222655 261.36457443237305 -9.82433700561522
0 0.0149 309.7423267364502 186.34339904785156 360.6703472137451 210.74098205566406
0 0.0148 325.6051254272461 51.616745948791525 364.60262298583984 85.4490957260132
0 0.0146 208.11857223510742 170.59827423095703 292.60263442993164 236.62622070312497
0 0.0140 270.6324577331543 505.47908401489263 298.9944267272949 532.2499809265137
0 0.0133 300.63891410827637 505.5256805419922 328.9867115020752 532.25
0 0.0128 268.9644718170166 -33.08856391906736 321.36359214782715 -9.823125839233382
0 0.0128 421.89720153808594 231.71868896484378 488.59764099121094 265.2619323730469
0 0.0127 180.71025848388672 145.57414627075198 208.8980484008789 191.49161911010742
0 0.0126 329.66426849365234 515.8449897766113 380.8523178100586 532.2499809265137
0 0.0125 109.51173782348633 6.520439147949232 160.87478637695312 30.565696716308604
0 0.0124 213.06254386901855 -101.58583068847655 328.191499710083 -51.93595314025877
0 0.0122 240.6368637084961 505.51185226440424 268.98914337158203 532.2500190734863
0 0.0121 608.9556694030762 516.1659393310547 638.7500190734863 532.25
0 0.0114 0.0 -106.49999999999997 161.92270278930664 -22.659963607788065
0 0.0103 574.3924140930176 338.33680725097656 638.7499809265137 388.24700927734375
0 0.0102 574.3924140930176 138.3368263244629 638.7499809265137 188.24702835083008
0 0.0101 180.5948829650879 194.73863220214844 209.0367317199707 242.1608123779297
0 0.0101 458.9664840698242 86.9020233154297 511.36356353759766 110.18514251708984
0 0.0101 0.0 18.414174079895034 108.19150924682617 68.0640516281128
0 0.0100 109.3960952758789 -23.390954971313462 160.9770965576172 0.4781398773193502
0 0.0100 389.51526641845703 515.9934577941895 440.97843170166016 532.2499809265136
