0 0.0254 0.0 193.38586425781247 638.75 532.25
0 0.0229 0.0 -106.49999999999999 510.9122848510742 175.01496887207034
0 0.0198 196.2533187866211 178.4003791809082 253.8455581665039 198.66862869262695
0 0.0194 206.64894104003906 198.21367835998535 263.4796905517578 218.85964012145996
0 0.0190 196.03509902954102 158.49853134155273 254.04809951782227 178.56776809692383
0 0.0167 196.1071014404297 138.464599609375 253.9816665649414 158.6023101806641
0 0.0156 177.0614242553711 218.01171875000003 233.09890747070312 239.06594848632812
0 0.0149 196.36133193969727 118.34729766845703 253.74628067016602 138.72247314453125
0 0.0144 0.0 137.170654296875 51.723060607910156 159.9173126220703
0 0.0137 187.2538948059082 77.90818786621095 242.92295455932617 99.1705093383789
0 0.0131 0.0 107.15909576416016 51.70229434967041 129.92929077148438
0 0.0125 107.3958969116211 57.83151245117189 162.7930450439453 79.24806213378908
0 0.0121 136.4671277999878 148.2999382019043 193.64784717559814 168.77135848999023
0 0.0118 226.84219360351562 98.11013793945311 283.3035659790039 118.96371459960938
0 0.0115 177.93495178222656 47.5426254272461 232.29801177978516 69.54187011718751
0 0.0114 67.04559326171875 78.01696395874025 123.11410903930664 99.0601692199707
0 0.0114 256.799259185791 178.13659286499023 313.3418846130371 198.93764114379883
0 0.0114 0.0 167.14080429077148 51.6752815246582 189.94773483276364
0 0.0114 146.90719604492188 98.08276748657228 203.2424545288086 118.99245834350587
0 0.0109 7.883520126342773 77.57466888427734 62.34431266784668 99.50994110107422
0 0.0108 247.43629455566406 217.81648254394528 302.7545166015625 239.26438903808594
0 0.0105 56.68148994445801 138.19236373901367 113.45097541809082 158.88042068481445
0 0.0105 512.6921272277832 -106.49999999999997 638.7499809265137 -36.65076160430907
0 0.0101 256.8398666381836 148.11223602294925 313.3054733276367 168.96173095703125
0 0.0100 57.107791900634766 107.98413848876953 113.05715560913086 129.09337615966797
