0 0.1245 505.5674743652344 305.2046966552734 564.4821166992188 324.85603332519526
0 0.1048 505.99597930908203 325.01766204833984 564.0839767456055 345.0484085083007
0 0.0867 495.36678314208984 285.28808593749994 554.6692276000977 304.76982116699213
0 0.0626 586.2566947937012 314.88925933837885 638.7500190734863 335.1782608032226
0 0.0620 446.01696014404297 305.00720977783203 504.0647506713867 325.0589370727539
0 0.0619 506.6020202636719 344.73796844482416 563.5226440429688 365.33512115478516
0 0.0534 435.68843841552734 285.1516723632812 494.3698501586914 304.9104309082031
0 0.0530 485.41858673095703 265.2650833129883 544.6213150024414 284.7932815551758
0 0.0507 586.1700630187988 294.9287033081054 638.7499809265137 315.137825012207
0 0.0460 586.4048767089844 334.8216247558593 638.75 355.247802734375
0 0.0459 446.2676239013672 324.89151000976557 503.8328552246094 345.1773071289062
0 0.0424 425.6433868408203 265.1705551147461 484.41192626953125 284.8909378051757
0 0.0417 436.2553024291992 134.89452362060547 493.8449478149414 155.17372131347656
0 0.0391 436.31778717041016 114.86537933349608 493.78711700439453 135.20355224609372
0 0.0361 446.2849426269531 154.88048553466797 503.81752014160156 175.1880645751953
0 0.0355 475.5979919433594 245.18802642822263 534.4546508789062 264.87255096435547
0 0.0316 386.2921905517578 304.8821640014648 443.80958557128906 325.18726348876953
0 0.0313 415.7639694213867 245.1181411743164 474.29988861083984 264.9448013305664
0 0.0311 376.1895751953125 284.9287414550781 433.90480041503906 305.13938903808594
0 0.0305 586.272144317627 274.881362915039 638.7499809265137 295.1862335205078
0 0.0296 426.15406036376953 94.94161605834961 483.93856048583984 115.12559890747069
0 0.0296 446.4883041381836 344.7891616821289 503.62842559814453 365.28224945068354
0 0.0273 366.29688262939453 264.87915039062494 423.80550384521484 285.19020080566406
0 0.0268 446.0820007324219 174.97365951538083 504.00550842285156 195.09260177612302
0 0.0261 445.6422424316406 225.16968727111814 504.4132995605469 244.89150047302243
0 0.0254 0.0 219.8858642578125 638.75 558.75
0 0.0250 566.7015075683594 354.69154357910156 623.4304046630859 375.38284301757807
0 0.0243 445.7135009765625 205.13824462890625 504.34722900390625 224.92378234863278
0 0.0239 386.4048767089844 324.8286819458007 443.7055969238281 345.24181365966797
0 0.0230 385.96240997314453 225.03005981445312 444.1157913208008 245.03520965576175
0 0.0229 0.0 -79.99999999999999 510.9122848510742 201.51496887207028
0 0.0220 607.7310943603516 243.73111724853516 638.75 266.28940582275385
0 0.0212 376.7346954345703 114.67382431030273 433.4001159667969 135.40063858032227
0 0.0210 356.4857482910156 244.7922134399414 413.63037109375 265.27942657470703
0 0.0208 545.9891891479492 255.01377105712893 604.0919876098633 275.05115509033203
0 0.0206 386.8035888671875 154.6394157409668 443.3367156982422 175.43561935424805
0 0.0198 506.06502532958984 224.9808883666992 564.0213394165039 245.08510589599607
0 0.0188 426.2501525878906 74.89696502685547 483.8496398925781 95.17124176025389
0 0.0187 386.18167877197266 204.92958068847656 443.9127731323242 225.1380157470703
0 0.0161 497.6245880126953 134.21163558959958 552.5827026367188 155.87018966674805
0 0.0152 386.84566497802734 354.61982727050776 443.29761505126953 375.45585632324213
0 0.0152 507.79075622558594 374.12479400634766 562.4295043945312 395.95890045166016
0 0.0146 506.34033203125 204.85454559326172 563.7663269042969 225.21457672119138
0 0.0141 306.8933963775635 264.5927429199219 363.25446128845215 285.4828643798828
0 0.0140 376.7352294921875 184.66903686523435 433.4007263183594 205.4047393798828
0 0.0135 326.79527282714844 224.64270591735837 383.3445739746094 245.43213844299316
0 0.0132 607.905445098877 213.63513946533203 638.7499809265137 236.3872528076172
0 0.0132 608.3275032043457 383.3932876586914 638.7499809265137 406.633186340332
0 0.0131 366.507568359375 84.78158950805664 423.6103057861328 105.29024124145508
0 0.0130 487.67372131347656 94.18531417846678 542.5375366210938 115.89693069458006
0 0.0123 507.3182678222656 164.37171936035153 562.8644561767578 185.70709228515625
0 0.0120 609.0228080749512 542.6135063171386 638.7500190734863 558.7500190734862
0 0.0117 337.6584243774414 134.19773101806638 392.55062103271484 155.885009765625
0 0.0115 436.5202331542969 54.77068901062011 493.5997009277344 75.30053138732909
0 0.0110 609.0237617492676 412.942886352539 638.7499809265137 437.0861053466797
0 0.0109 512.6921272277832 -80.0 638.7499809265137 -10.150761604309086
0 0.0109 27.649192810058594 34.201297760009766 82.5594425201416 55.88115692138672
0 0.0108 0.0 -76.81854248046875 41.06213092803955 -53.0934453010559
0 0.0107 317.9274845123291 104.05025482177734 372.30406761169434 126.03469848632812
0 0.0103 47.8192138671875 64.1051435470581 102.40435600280762 85.9782075881958
0 0.0101 447.4422836303711 374.3141555786132 502.7488327026367 395.7668685913086
