0 0.4291 -40.53236544132233 138.35802674293518 25.470808148384094 189.9423599243164
0 0.3290 -52.29489505290985 97.58919849991798 37.64961659908295 136.37816533446312
0 0.2709 25.830104947090152 144.46420967578888 115.77461659908293 183.25315415859222
0 0.2642 -21.044895052909848 191.33920967578888 68.89961659908295 230.12815415859222
0 0.2255 43.69137063622475 114.65952172875404 73.72361049056053 143.11998710036278
0 0.1652 67.09353625774384 184.68178808689117 97.22696244716643 213.70132267475128
0 0.1618 -62.5 184.81339514255524 -35.525962710380554 213.5799676179886
0 0.1532 -62.16134876012802 141.16153120994568 -39.660800248384476 179.06349897384644
0 0.1295 -22.586973384022713 71.22962921857834 15.299694612622261 92.83772855997086
0 0.1264 -57.870179414749146 67.84956902265549 -27.845829725265503 96.1848571896553
0 0.1022 74.77717101573944 115.47209322452545 105.08467257022856 142.37160980701447
0 0.0978 15.998538583517075 65.14666974544525 85.95392480492592 98.76912832260132
0 0.0952 113.8525903224945 131.05706870555878 144.13630962371826 158.0333560705185
0 0.0837 67.09274649620056 216.50058031082153 97.17679023742676 244.42541599273682
0 0.0810 -62.499999999999986 216.41530096530914 -35.602988675236695 244.50431764125824
0 0.0769 98.30971062183379 185.4286789894104 128.44784557819366 213.01132440567017
0 0.0734 -14.90621268749237 48.1202807277441 23.18961918354034 69.09867562353611
0 0.0725 117.82285571098328 157.62321650981903 156.0654044151306 178.3531755208969
0 0.0708 12.423604726791378 231.76094889640808 42.50144958496094 260.38724184036255
0 0.0644 54.607570171356194 447.4339485168457 94.16726231575012 466.69286489486694
0 0.0635 156.53035044670105 150.22891759872437 195.41886448860168 170.14002799987793
0 0.0601 -57.943977415561676 37.027545273303986 -27.801346033811566 64.5403116941452
0 0.0594 46.69757187366485 424.0778088569641 86.44010126590727 443.17543506622314
0 0.0592 58.96175280213356 467.54324436187744 89.62607011198996 493.46810579299927
0 0.0567 19.793525338172913 444.3458616733551 50.65929889678955 469.81123089790344
0 0.0528 148.64393323659897 126.86437368392944 187.6693144440651 146.63171768188477
0 0.0525 129.39055263996124 178.18215489387512 159.836009144783 204.6789526939392
0 0.0524 160.58147698640823 170.5273687839508 191.13760441541672 196.72200083732605
0 0.0476 -18.8425499945879 232.02168941497803 11.246280744671822 260.1463198661804
0 0.0445 -3.3449530601501456 21.71272784471512 26.957288384437557 48.63021522760391
0 0.0437 46.16658389568329 401.0355770587921 86.91219985485077 419.34600472450256
0 0.0427 27.569472789764404 475.6556749343872 58.50711464881897 499.0234375
0 0.0419 238.62549662590024 186.3481104373932 269.3350613117218 212.16794848442078
0 0.0416 218.25525164604187 150.88194608688354 258.5965692996979 169.49862241744995
0 0.0413 78.49816977977751 95.44606506824493 117.21540987491606 115.54482579231262
0 0.0404 90.1368111371994 467.71717071533203 120.94362080097198 493.3091402053833
0 0.0396 -3.6428216844797143 467.78029203414917 27.220809832215306 493.2515621185303
0 0.0390 163.9387533068657 103.72203588485718 203.5803273320198 122.90562689304352
0 0.0389 191.78014993667603 170.65754532814026 222.4329710006714 196.60288095474243
0 0.0374 27.698107063770298 37.888841703534126 58.38824063539505 63.750339671969414
0 0.0358 93.4305489063263 447.62539863586426 133.44085216522217 466.50397777557373
0 0.0350 7.8610777854919425 423.8853454589844 47.18032479286194 443.36432218551636
0 0.0348 187.2250810265541 127.27996706962585 227.15111821889877 146.2242603302002
0 0.0344 117.36586689949036 103.4526377916336 156.44356608390808 123.16903471946716
0 0.0334 269.84694600105286 194.23049688339233 300.61039328575134 219.91658210754395
0 0.0330 164.4066572189331 197.0326155424118 203.17858457565308 217.08346903324127
0 0.0329 257.7407658100128 166.17713868618011 297.28505015373224 185.44958531856537
0 0.0314 98.14995527267455 217.2178328037262 128.57794761657715 243.76603960990906
0 0.0308 -23.932039737701416 447.7505683898926 16.410179436206818 466.3791060447693
0 0.0308 233.95368456840515 127.38674879074097 274.15695786476135 146.1179256439209
0 0.0305 85.78252792358398 424.05760288238525 125.48324465751648 443.195104598999
0 0.0291 207.39030838012695 201.94227993488312 238.07132244110107 227.82112658023834
0 0.0291 0.18806755542755127 1.8773153424263 39.24846649169922 21.618634462356567
0 0.0288 -58.12877509742975 6.36355672031641 -27.64754649251699 32.75225963443518
0 0.0288 121.36992812156677 467.754602432251 152.20895409584045 493.274986743927
0 0.0272 -47.06782102584839 470.96359729766846 -7.296040654182435 490.039587020874
0 0.0264 186.761736869812 80.74325323104858 227.5640368461609 99.0133136510849
0 0.0254 -62.499999999999986 234.28583145141602 436.5234375 499.0234375
0 0.0246 210.40549874305725 104.03385758399963 250.81732869148254 122.5968599319458
0 0.0237 238.6849522590637 217.4563854932785 269.28168535232544 243.54754388332367
0 0.0235 277.7765095233917 225.19922256469727 308.3181083202362 251.42380595207214
0 0.0234 86.60693466663359 69.82218474149704 140.30323922634125 94.28056329488754
0 0.0232 45.78965902328491 377.84430384635925 87.25231885910034 395.6618010997772
0 0.0231 129.231259226799 209.83055233955383 159.97733175754547 235.56438088417053
0 0.0227 43.49304735660553 248.36444854736328 73.86571168899536 275.1109004020691
0 0.0224 89.8992121219635 397.8961408138275 121.16220593452454 422.54868149757385
0 0.0223 152.63913571834564 467.71126985549927 183.44156444072723 493.31456422805786
0 0.0213 11.832199990749356 397.78509736061096 42.983151972293854 422.6497709751129
0 0.0205 38.65164518356323 10.196980088949203 78.83398234844208 28.933383524417877
0 0.0196 273.28458428382874 142.80444383621216 312.9817545413971 161.9480550289154
0 0.0194 140.428364276886 447.5238621234894 180.20841479301453 466.60366654396057
0 0.0191 194.30670142173767 57.48205445706844 235.6177270412445 75.39933361113071
0 0.0190 -62.5 439.73758816719055 -22.895868867635727 458.76607298851013
0 0.0188 160.47456115484238 217.65540540218353 191.2337318062782 243.3656007051468
0 0.0185 140.37030935287476 80.38906753063202 180.25827407836914 99.36495125293732
0 0.0173 61.68225780129433 41.7306162416935 102.63633355498314 59.90046635270119
0 0.0167 129.03791666030884 421.1784899234772 160.1545810699463 446.1274445056915
0 0.0165 183.74928832054138 475.8092015981674 214.82089161872864 499.0234524011612
0 0.0161 -62.5 413.0747318267822 -35.28483211994171 438.5805130004883
0 0.0157 241.4952516555786 0.0 436.5234375 109.92405563592911
0 0.0150 -31.887389719486233 416.6012704372406 8.725635707378387 435.0287616252899
0 0.0147 277.83349156379694 256.29615783691406 308.26839804649353 282.81402587890625
0 0.0142 277.5217890739441 116.40072241425514 308.54886770248413 141.52219519019127
0 0.0141 300.98104476928705 194.4824755191803 331.9661617279053 219.6865975856781
0 0.0139 261.8831694126129 475.7888466119766 292.9379642009735 499.0234225988388
0 0.0138 74.60127770900726 248.75390529632568 105.23848235607147 274.7541069984436
0 0.0138 215.00810980796814 475.7887274026871 246.06302380561826 499.0234225988388
0 0.0129 207.50659704208374 232.89676755666733 237.96856403350827 259.34163480997086
0 0.0128 12.053072452545164 264.47606086730957 42.783454060554504 290.29029607772827
0 0.0125 413.26701641082764 486.4419549703598 436.52343749999994 499.0234524011612
0 0.0125 183.75759571790692 444.5536434650421 214.81210738420484 469.6217477321625
0 0.0123 53.752928972244256 354.30634021759033 94.92939710617065 372.32446670532227
0 0.0116 124.7120201587677 400.7232189178467 164.6635830402374 419.6555018424988
0 0.0115 -61.931971460580826 376.7409324645996 -39.93906080722809 412.4014973640442
0 0.0112 160.53175181150436 420.64687609672546 191.1822035908699 446.6126263141632
0 0.0111 246.6127872467041 248.40254336595535 276.9930362701416 275.07590502500534
0 0.0108 93.10904145240784 377.54741311073303 133.7275207042694 395.95845341682434
0 0.0108 -62.5 248.33304435014725 -35.510797053575516 275.1397415995598
0 0.0105 -0.5198940634727469 377.4656653404236 39.86837714910507 396.0404396057129
0 0.0105 293.1123077869415 475.8337587118149 324.206918478012 499.0234524011612
0 0.0104 308.90923738479614 225.47930479049683 339.6732807159424 251.1676549911499
