0 0.0643 496.80835723876953 51.1389436721802 553.3318710327148 71.93643474578859
0 0.0562 506.1637496948242 31.439060211181655 563.9291000366211 51.62855529785158
0 0.0429 116.83339595794678 -98.88289070129392 173.31102848052979 -78.0429468154907
0 0.0384 498.299560546875 80.33451461791992 551.9647216796875 102.75261306762697
0 0.0373 436.66526794433594 41.20775604248048 493.46412658691406 61.86602020263673
0 0.0355 506.2354278564453 11.40297317504885 563.863525390625 31.664947509765646
0 0.0329 557.8782653808594 50.57454013824464 612.3497772216797 72.50957393646242
0 0.0319 446.2074661254883 21.419176101684588 503.88858795166016 41.648954391479506
0 0.0308 176.94238662719727 -98.93735504150386 233.2106590270996 -77.98746681213376
0 0.0303 136.3686752319336 -78.6554727554321 193.73931884765625 -58.2745847702026
0 0.0272 570.9018135070801 75.81978225708009 638.7499809265137 107.22809219360353
0 0.0256 116.71146392822266 -58.8155708312988 173.42172622680664 -38.11031913757322
0 0.0254 0.0 196.38586425781253 638.75 535.25
0 0.0240 496.63150787353516 -8.782373428344705 553.4968948364258 11.854795455932637
0 0.0239 588.1259346008301 20.424655914306662 638.7499809265137 42.65978240966799
0 0.0235 176.95098876953125 -58.93512821197507 233.20117950439453 -37.98859691619871
0 0.0230 438.03855895996094 70.48601531982423 492.2028350830078 92.59951019287111
0 0.0229 0.0 -103.49999999999997 510.9122848510742 178.01496887207034
0 0.0201 436.49375915527344 1.2843742370605682 493.62396240234375 21.78673171997072
0 0.0198 609.4953727722168 489.08914947509766 638.7500190734863 513.9372482299805
0 0.0178 377.54589080810547 50.75876617431643 432.65377044677734 72.32313537597658
0 0.0175 77.06987380981445 -78.99364089965817 133.09137344360352 -57.92874908447263
0 0.0173 137.6331377029419 -29.28688383102414 192.5734281539917 -7.6303181648254155
0 0.0171 574.3924140930176 121.33682632446289 638.7499809265137 171.24702835083008
0 0.0159 448.5581588745117 100.1679458618164 501.7319107055664 122.91891479492188
0 0.0156 608.9653205871582 519.1583862304688 638.7499809265137 535.25
0 0.0155 387.07664489746094 21.002601623535174 443.0851745605469 42.075027465820334
0 0.0152 37.86532402038574 240.5797042846679 92.36211776733398 262.50399017333984
0 0.0151 508.6067581176758 110.13971710205078 561.6873550415039 132.94760131835938
0 0.0150 588.1951904296875 -9.614778518676735 638.75 12.699750900268574
0 0.0140 537.4321746826172 -29.186359405517557 592.7594757080078 -7.733570098876931
0 0.0136 378.02764892578125 80.4885711669922 432.2135925292969 102.59634399414062
0 0.0136 206.76698684692383 -78.8443098068237 263.37087631225586 -58.08127021789548
0 0.0127 466.76074981689453 -28.84237146377561 523.3768844604492 -8.083451747894266
0 0.0121 512.6921272277832 -103.49999999999996 638.7499809265137 -33.65076160430906
0 0.0120 608.788890838623 369.60176849365234 638.7500190734863 393.42684173583984
0 0.0119 37.8377366065979 210.59562110900882 92.38723516464233 232.4879970550537
0 0.0117 407.1670150756836 -19.043498992919897 463.0020523071289 2.1219673156738486
0 0.0115 197.67379760742188 -29.30986976623533 252.53639221191406 -7.607141494750954
0 0.0115 37.43708610534668 -99.19091558456417 92.75538444519043 -77.72926187515256
0 0.0110 428.1722640991211 130.40647888183594 482.08133697509766 152.67950439453125
0 0.0104 609.2046356201172 219.31185150146484 638.75 243.71652984619138
0 0.0101 519.4253540039062 199.58430671691895 570.9516906738281 223.50228691101074
