0 0.0254 0.0 171.78583145141602 499.0234375 436.5234375
0 0.0229 0.0 -62.499999999999986 399.15022253990173 157.43356943130493
0 0.0229 398.29492568969727 111.54508590698241 437.9728436470032 130.70714473724365
0 0.0217 480.64500093460083 178.548663854599 499.0234375 204.3447196483612
0 0.0202 398.17532896995544 135.07428765296936 438.07902932167053 154.0536880493164
0 0.0198 476.1746972799301 158.26459228992462 499.0234524011612 177.69305408000946
0 0.0183 418.23676228523254 155.2686095237732 449.0918219089508 180.76220154762268
0 0.0179 390.4355466365814 88.14723789691925 430.2012622356415 107.2307676076889
0 0.0173 332.3473334312439 45.7838773727417 363.11089992523193 71.4874267578125
0 0.0171 441.72707200050354 123.90509247779846 472.4808633327484 149.61585402488708
0 0.0168 475.99470615386963 134.96866822242737 499.0234375 154.11561727523804
0 0.0165 449.7031569480896 178.18333953619003 480.1482558250427 204.67785745859146
0 0.0158 359.0593636035919 111.68137192726135 399.06319975852966 130.57249784469604
0 0.0156 288.60175609588623 33.66709500551224 328.87929677963257 52.33795195817947
0 0.0155 476.2468487024307 205.0769329071045 499.0234225988388 224.62940216064453
0 0.0150 400.5407243967056 -62.5 499.0234225988388 -7.930282503366474
0 0.0149 363.66966366767883 45.618921518325806 394.2953050136566 71.63821160793304
0 0.0145 394.78856325149536 61.541229486465454 425.66412687301636 86.9915783405304
0 0.0144 328.203946352005 25.41511505842209 367.46761202812195 44.95821148157119
0 0.0144 319.9526071548462 72.64660298824309 360.04120111465454 91.4817601442337
0 0.0141 123.35033714771271 190.67943096160886 165.8908873796463 207.8239321708679
0 0.0138 406.0991108417511 181.85869604349136 445.79383730888367 201.01787894964218
0 0.0138 475.95924139022827 111.557200551033 499.0234375 130.65220415592194
0 0.0138 375.508576631546 -61.245471239089966 397.63209223747253 -24.718932807445526
0 0.0137 374.27887320518494 158.8519066572189 415.04964232444763 177.15398967266083
0 0.0133 394.8668837547302 30.121050775051117 425.59248208999634 55.89697510004043
0 0.0133 437.4893307685852 103.62470149993895 476.91935300827026 123.00100922584534
0 0.0133 123.6376017332077 221.7637598514557 165.6288057565689 239.24133181571958
0 0.0132 202.08677649497986 2.813316881656646 243.45996975898743 20.692743360996246
0 0.0131 280.4977595806122 57.307567447423935 321.3282525539398 75.57294145226479
0 0.0128 115.34382402896881 167.3469841480255 158.25645625591278 184.27962064743042
0 0.0126 359.9591255187988 72.20396399497986 381.91676139831543 107.59973526000975
0 0.0125 319.6050524711609 96.33658826351164 360.3511452674866 114.66844379901886
0 0.0124 350.897341966629 135.37687063217163 391.56171679496765 153.7540853023529
0 0.0124 249.3429183959961 18.18530261516571 289.9916172027588 36.570847034454346
0 0.0119 371.5481460094452 -24.86787736415863 402.05010771751404 1.4852806925773616
0 0.0117 352.12311148643494 -60.81942841410637 374.13230538368225 -25.051567703485485
0 0.0116 405.7873785495758 205.5383026599884 446.06950879096985 224.21607375144956
0 0.0116 475.7429212331772 423.960343003273 499.0234524011612 436.5234225988388
0 0.0113 311.26677989959717 120.11802196502686 353.0125617980957 137.7618312835693
0 0.0112 433.86510014533997 77.13840901851654 464.71354365348816 102.64195501804352
0 0.0111 131.64402544498444 245.0849413871765 173.26487600803375 262.7961039543152
0 0.0111 402.64061093330383 -1.0446980595588684 433.4404766559601 24.57001060247421
0 0.0110 162.08264231681824 175.2343699336052 205.25595545768738 192.01643019914627
0 0.0108 162.20177710056305 206.42200112342832 205.14632761478424 223.32999110221863
0 0.0108 123.35768714547157 143.79824697971344 165.8846102654934 160.95484793186188
0 0.0107 202.505961060524 25.971822440624234 243.0824190378189 44.40932720899582
0 0.0107 202.01261341571808 -20.578447729349136 243.52730810642242 -2.79083475470543
0 0.0105 76.33228600025177 190.75968861579892 119.14657056331635 207.74278044700623
0 0.0104 311.8896782398224 -59.976451098918915 352.45057940483093 -41.51806980371475
0 0.0103 367.7520751953125 9.515143930912016 389.75250720977783 45.24236172437667
0 0.0102 155.0755798816681 2.8995200991630563 196.70811295509338 20.606286823749542
0 0.0102 476.0851263999939 17.712339758872986 499.0234375 36.99637949466705
0 0.0102 249.27503615617752 -5.205942317843436 290.0526449084282 13.087121769785881
0 0.0101 296.2409257888794 2.54204124212265 336.8464708328247 20.963750779628754
0 0.0101 476.0408252477646 228.68135571479797 499.0234524011612 247.90236353874204
0 0.0100 426.1878430843353 45.57423293590546 456.7790925502777 71.67910039424896
