0 0.1827 247.43154525756836 -42.684986114501946 302.75976181030273 -21.234781265258782
0 0.1792 228.1315803527832 46.929152488708496 282.11870193481445 69.15644931793214
0 0.1432 197.77050018310547 -22.86210250854491 252.44762420654297 -1.0540504455566324
0 0.1391 198.05614471435547 16.969478607177738 252.18822479248047 39.11518859863281
0 0.1385 239.41802978515625 76.08540344238283 290.9591293334961 100.00065612792969
0 0.1323 206.7544174194336 -62.34175872802734 263.3833312988281 -41.58451271057128
0 0.1281 257.6679039001465 -12.808753967285147 312.5422477722168 8.8913803100586
0 0.1179 268.23365211486816 -73.13483905792235 322.0265865325928 -50.779606819152825
0 0.1122 257.7069854736328 17.17150497436524 312.506103515625 38.9116554260254
0 0.1087 288.5390090942383 46.688979148864746 341.7472457885742 69.39914035797119
0 0.0860 217.46410369873047 -92.70586919784544 272.730712890625 -71.21417474746703
0 0.0856 167.9911994934082 47.01050567626954 222.24664688110352 69.07433319091798
0 0.0854 308.26881408691406 -33.15437746047973 361.99432373046875 -10.759696483612053
0 0.0833 157.15574264526367 -42.535581111907945 213.01191329956055 -21.38574075698852
0 0.0800 599.0147590637207 106.37757110595703 638.7499809265137 129.71070098876953
0 0.0779 148.3369255065918 -3.1889648437499916 201.9310188293457 19.276092529296882
0 0.0712 295.1891613006592 72.07770156860353 334.97769355773926 104.07110977172852
0 0.0599 318.0858516693115 -3.0494613647460866 372.1615695953369 19.134033203125007
0 0.0590 178.08273315429688 76.95423889160156 232.1639633178711 99.13059997558594
0 0.0588 599.0937614440918 76.32548141479494 638.7500190734863 99.76298141479492
0 0.0541 608.8298225402832 136.07384490966797 638.7499809265137 159.95476531982422
0 0.0476 255.4093360900879 101.59918594360353 294.7769355773926 134.50770187377933
0 0.0457 413.0625534057617 157.91418838500977 528.1914901733398 207.56403732299805
0 0.0439 278.3125972747803 -103.17723941802977 331.95374488830566 -80.73615741729736
0 0.0382 338.2724380493164 26.841667175292976 391.9913864135742 49.244010925292976
0 0.0381 156.9474744796753 -82.43587803840636 213.20499897003174 -61.48826670646667
0 0.0356 199.06261444091797 106.3370590209961 251.2771224975586 129.75006866455078
0 0.0340 98.49573135375977 -23.28503799438476 151.78665161132812 -0.6271095275878831
0 0.0339 588.9535522460938 46.41817855834962 638.75 69.6700553894043
0 0.0304 495.33607482910156 71.76449584960938 534.8432922363281 104.3567352294922
0 0.0295 300.12457847595215 105.51861572265624 350.3364658355713 130.55989074707028
0 0.0281 470.00049591064453 125.62763977050781 520.4443740844727 150.4530792236328
0 0.0273 555.1322937011719 72.18613433837892 595.0308227539062 103.97240447998047
0 0.0264 519.343376159668 106.1441116333008 571.0248184204102 129.9428634643555
0 0.0257 574.3924140930176 177.8368167877197 638.7499809265137 227.7469997406006
0 0.0253 338.88187408447266 66.46504211425783 391.4383316040039 89.62307739257814
0 0.0250 328.2960891723633 -63.16563320159911 381.96842193603516 -40.7475824356079
0 0.0240 455.34332275390625 71.7452507019043 494.8370361328125 104.37430191040039
0 0.0239 500.133056640625 205.51046180725095 550.3292846679688 230.56781578063962
0 0.0230 519.6608734130859 45.908291816711426 570.7421875 70.1769666671753
0 0.0229 0.0 250.02486038208005 510.9126281738281 531.7499809265137
0 0.0229 88.95894050598145 6.413887023925787 141.36887550354004 29.674251556396488
0 0.0223 420.1732635498047 125.47293472290039 470.2947235107422 150.60438919067383
0 0.0217 519.3560028076172 136.13819885253906 571.0128784179688 159.94915771484375
0 0.0213 588.8398933410645 -93.51047229766844 638.7499809265137 -70.4018850326538
0 0.0213 328.11859130859375 150.09827423095703 412.6026153564453 216.126220703125
0 0.0211 369.1844177246094 -23.741361618041985 421.16661071777344 -0.17091941833495355
0 0.0209 470.23975372314453 45.40913391113283 520.2378463745117 70.66639709472656
0 0.0209 430.7252502441406 -56.90198135375975 638.75 42.29830551147462
0 0.0196 574.3924140930176 237.83680725097656 638.7499809265137 287.7470092773437
0 0.0190 97.68012046813965 -52.8124017715454 152.53037452697754 -31.10442829132079
0 0.0174 570.8064651489258 106.0510711669922 598.784065246582 150.26226806640625
0 0.0171 220.16855239868164 135.4712371826172 270.2999687194824 160.60536193847656
0 0.0170 370.36426544189453 125.28906631469728 420.13126373291016 150.78322219848633
0 0.0169 399.7319030761719 35.84210205078126 450.68153381347656 60.24109649658204
0 0.0169 512.8874015808105 462.62669372558594 638.7500190734863 531.75
0 0.0167 349.7914505004883 95.80158996582033 400.6276321411133 120.28195190429689
0 0.0161 270.2365779876709 135.40924835205075 320.241174697876 160.66597747802734
0 0.0157 167.9346466064453 -106.99999999999999 222.38574981689453 -90.62156152725218
0 0.0154 415.30635833740234 91.82940292358398 454.8704147338867 124.29751205444335
0 0.0152 399.67247009277344 65.89497375488281 450.73280334472656 90.1895980834961
0 0.0152 239.88319396972656 175.7246856689453 290.54737091064453 200.35748291015625
0 0.0150 535.3004837036133 171.84099960327148 574.8759078979492 204.28694534301758
0 0.0150 38.11216592788696 -23.05997085571288 92.13647603988647 -0.8545989990234295
0 0.0144 574.3924140930176 377.83680725097656 638.7499809265137 427.7470092773437
0 0.0137 395.19309997558594 2.0626525878906317 434.97474670410156 34.084861755371094
0 0.0135 108.67626190185547 36.59798431396485 161.62399291992188 59.489810943603516
0 0.0135 230.42354583740234 215.225341796875 280.08174896240234 240.8446197509766
0 0.0134 330.79139709472656 214.77246093749997 379.7838592529297 241.2769012451172
0 0.0125 432.88692474365234 209.83451652526855 497.7016830444336 246.05745124816895
0 0.0124 529.502067565918 -93.96845531463623 580.8826065063477 -69.94481754302979
0 0.0123 300.7089614868164 185.06424713134766 328.89957427978516 230.99938201904297
0 0.0119 169.63958740234375 135.92335510253906 220.76129913330078 160.16190338134766
0 0.0118 609.1930389404297 345.8189086914062 638.75 370.2093200683594
0 0.0117 189.71860885620117 185.85850524902344 240.69208145141602 210.2256088256836
0 0.0114 28.611278533935547 6.639249801635749 81.68276786804199 29.448411941528324
0 0.0102 37.442452907562256 -52.688591003417955 92.74927377700806 -31.230756759643544
0 0.0100 381.0985565185547 214.15497589111328 429.57672119140625 241.84998321533206
