0 0.1999 149.0560531616211 195.4922866821289 241.42032623291016 234.49600219726562
0 0.1452 158.5511350631714 163.6771011352539 211.7372179031372 186.4104080200195
0 0.1431 166.69828414916992 124.69505310058591 223.43290328979492 145.37960052490234
0 0.1292 149.07058715820312 235.47257423400876 241.40705108642578 274.5139980316162
0 0.1269 165.52623748779297 105.22348403930663 224.5201873779297 124.83694076538085
0 0.1088 178.4235954284668 303.7587356567382 231.8522071838379 326.3287734985351
0 0.0932 165.29722213745117 85.31415939331055 224.73478317260742 104.742374420166
0 0.0826 207.35149383544922 144.3643569946289 262.83164978027344 165.7162857055664
0 0.0824 108.9385175704956 143.4303855895996 161.38664722442627 166.65815353393555
0 0.0820 178.5582733154297 273.66775512695307 231.73179626464844 296.41906738281244
0 0.0736 98.92166137695312 173.43557357788083 151.4031219482422 196.65212631225586
0 0.0713 188.87248992919922 333.47564697265625 241.44580841064453 356.6130828857422
0 0.0704 218.9008331298828 173.4568214416504 271.4202880859375 196.63190841674805
0 0.0665 107.7001953125 114.18022155761719 162.51117706298828 135.90362548828125
0 0.0652 165.8938980102539 65.05311965942381 224.1811752319336 85.01012802124022
0 0.0638 608.8720893859863 153.04651260375977 638.7499809265137 176.98232650756836
0 0.0523 106.52084350585938 84.7781753540039 163.59729766845703 105.2942657470703
0 0.0516 177.55353927612305 -5.7500290870666495 232.6478385925293 15.831263065338135
0 0.0487 119.09557342529297 283.3197784423828 171.24637603759766 306.7680358886719
0 0.0477 166.81228637695312 44.625492095947266 223.33099365234375 65.44815063476562
0 0.0463 104.6551513671875 200.0511932373047 145.4779815673828 230.1870346069336
0 0.0400 608.7035369873047 123.15711975097655 638.75 146.87118530273435
0 0.0390 226.12770080566406 114.9549102783203 283.9626693725586 135.11219024658203
0 0.0380 609.0750122070312 182.90594100952146 638.75 207.12282180786133
0 0.0360 106.66718006134033 54.70212936401367 163.46351146697998 75.37094116210936
0 0.0341 208.00220489501953 23.99492263793945 262.2386932373047 46.088600158691406
0 0.0323 137.47947216033936 14.291534423828125 192.7153444290161 35.78939437866211
0 0.0319 225.919189453125 95.04505157470702 284.1569137573242 115.0189971923828
0 0.0316 239.4904327392578 213.04046630859375 290.8928680419922 237.04635620117185
0 0.0316 134.98167037963867 309.48001861572266 175.17047882080078 340.70507049560547
0 0.0306 238.1927490234375 303.89316558837885 292.06298828125 326.19274139404297
0 0.0288 104.7628402709961 229.8709106445312 145.37599563598633 260.35034179687494
0 0.0278 177.4683380126953 -35.705127716064446 232.72613525390625 -14.214429855346681
0 0.0253 226.41916275024414 74.81288909912108 283.69455337524414 95.25634765625
0 0.0246 64.87045288085938 139.67403411865234 105.27557373046875 170.5289077758789
0 0.0240 234.97005462646484 -10.516805648803711 275.1832580566406 20.702257156372067
0 0.0229 0.0 277.02486038208013 510.9126281738281 558.7499809265137
0 0.0229 0.0 -79.99999999999999 510.9122848510742 201.51496887207028
0 0.0226 565.0109100341797 149.42321777343747 605.1434326171875 180.75672149658203
0 0.0225 64.93379831314087 99.56661224365233 105.21543264389038 130.62641143798828
0 0.0217 117.80519485473633 -15.883102416992186 172.41628646850586 5.966930389404297
0 0.0215 234.60309982299805 270.131607055664 275.5278968811035 300.1142883300781
0 0.0212 189.554443359375 362.9932403564453 240.83580017089844 387.09327697753906
0 0.0202 48.91927480697632 73.44400405883789 101.40381097793579 96.64464950561522
0 0.0199 244.9300193786621 239.56875801086423 285.21947860717773 270.6244945526123
0 0.0197 608.6432075500488 93.19581985473633 638.7499809265137 116.83221817016602
0 0.0192 67.82965660095215 34.1037654876709 122.39380836486816 55.98031044006347
0 0.0192 140.06921768188477 342.56828308105463 190.38442611694336 367.5113677978515
0 0.0188 509.11487579345703 153.30821990966794 561.2286758422852 176.77982330322263
0 0.0185 265.24709701538086 18.92745018005371 304.9275016784668 51.20818138122558
0 0.0166 609.1797637939453 212.8289031982422 638.75 237.1993637084961
0 0.0156 68.09524536132812 3.948640823364256 122.15217590332031 26.136522293090817
0 0.0149 574.3924140930176 244.83680725097653 638.7499809265137 294.74700927734375
0 0.0146 574.3924140930176 -55.16318321228027 638.7499809265137 -5.252971649169921
0 0.0143 248.55459213256836 333.67305755615234 301.7344856262207 356.4142227172851
0 0.0136 549.7125244140625 182.86443710327148 600.6972503662109 207.21990585327148
0 0.0128 574.3924140930176 304.83680725097656 638.7499809265137 354.74700927734375
0 0.0126 275.5129814147949 -21.652002334594723 314.6844291687012 11.737384796142576
0 0.0123 54.76652145385742 169.85906600952148 95.37310600280762 200.36108016967773
0 0.0117 64.93898153305054 199.5592498779297 105.21034479141235 230.63308715820312
0 0.0114 608.9955902099609 542.6350402832031 638.75 558.7499999999999
0 0.0109 167.55130767822266 -75.75083255767822 222.65033721923828 -54.168243408203125
0 0.0107 0.0 58.89402866363525 34.900925159454346 91.23857021331786
0 0.0107 305.67763328552246 17.904224395751953 344.54094886779785 52.14397430419922
0 0.0104 58.44681739807129 -26.259326934814453 111.83199882507324 -3.653621673583984
0 0.0104 267.1483516693115 144.4672393798828 323.0189609527588 165.6112289428711
0 0.0104 549.2792510986328 123.19049835205078 601.0820007324219 146.8967819213867
0 0.0103 279.22183990478516 53.201742172241204 331.13956451416016 76.88160896301268
0 0.0103 574.3924140930176 24.836816787719723 638.7499809265137 74.74701881408691
0 0.0101 489.37191009521484 183.12534332275388 540.9989547729492 206.96178436279294
0 0.0100 117.69064426422119 -45.81890106201171 172.52091884613037 -24.09795761108398
0 0.0100 574.3924140930176 364.83680725097656 638.7499809265137 414.74700927734375
