0 0.0342 437.9042434692383 94.06347274780273 492.3252487182617 116.02132797241211
0 0.0320 508.1692123413086 103.90979766845703 562.0837783813477 126.17641448974608
0 0.0277 518.6505126953125 133.61576080322266 571.6469573974609 156.47216796875
0 0.0262 497.40306854248047 74.33347225189209 552.7851486206055 95.7470178604126
0 0.0258 608.779125213623 83.10861587524414 638.7500190734863 106.92003250122069
0 0.0254 0.0 219.8858642578125 638.75 558.75
0 0.0248 437.31201171875 64.38225269317627 492.8685760498047 85.69762706756592
0 0.0243 438.62770080566406 123.6311912536621 491.6674041748047 146.4568519592285
0 0.0240 589.1265869140625 113.29605102539061 638.75 136.7913818359375
0 0.0229 0.0 -79.99999999999999 510.9122848510742 201.51496887207028
0 0.0225 589.3857574462891 143.1055450439453 638.75 166.98017120361325
0 0.0210 608.6625671386719 53.183345794677734 638.75 76.84476852416992
0 0.0205 258.1774139404297 123.90182495117186 312.0770263671875 146.18396759033203
0 0.0200 378.3522415161133 93.7991714477539 431.91768646240234 116.2876510620117
0 0.0182 518.6488342285156 163.61370086669922 571.649169921875 186.4738082885742
0 0.0180 268.20128440856934 93.88641357421875 322.05559730529785 116.19930267333984
0 0.0178 589.0676116943359 173.3272933959961 638.75 196.758918762207
0 0.0171 378.54991912841797 123.67374420166014 431.7392349243164 146.41319274902344
0 0.0164 377.9364776611328 64.04330730438231 432.2962188720703 86.0414171218872
0 0.0161 258.4709167480469 153.7284278869629 311.80957794189453 176.35908126831052
0 0.0159 207.51056671142578 104.27633285522461 262.6865005493164 125.80507278442383
0 0.0141 487.33299255371094 44.36687469482421 542.8502655029297 65.71250915527344
0 0.0139 564.6137619018555 80.1180076599121 605.5173873901367 110.12655258178711
0 0.0138 608.7801933288574 23.105468749999996 638.7500190734863 46.92285537719726
0 0.0137 438.4331512451172 153.74366760253903 491.8455505371094 176.34254455566403
0 0.0136 318.1829833984375 113.89814376831055 372.0720672607422 136.1876106262207
0 0.0126 318.45569610595703 73.73659133911133 371.82361602783203 96.35068893432617
0 0.0124 198.04025650024414 133.9840316772461 252.20151901245117 156.1013412475586
0 0.0122 512.6921272277832 -80.0 638.7499809265137 -10.150761604309086
0 0.0121 258.1498718261719 63.91522884368896 312.1027374267578 86.16999149322508
0 0.0118 378.02120208740234 153.98704528808594 432.2206497192383 176.09703063964844
0 0.0111 548.2783508300781 53.83787155151367 601.986083984375 76.24778747558592
0 0.0111 197.53847122192383 74.25868988037108 252.66149520874023 95.82252502441406
0 0.0108 608.9981842041016 542.63277053833 638.75 558.7499809265137
0 0.0106 268.15345764160156 183.9170265197754 322.09861755371094 206.16880416870117
0 0.0103 608.9988708496094 -7.042274475097655 638.75 17.07090377807617
0 0.0103 0.0 -67.26034164428711 40.562214851379395 -42.657155990600586
0 0.0103 317.98946380615234 144.01199340820312 372.2481155395508 166.07288360595703
0 0.0101 208.09791564941406 43.9445686340332 262.15030670166016 66.14023208618164
