0 0.3588 350.7252502441406 303.0980377197265 571.5412902832031 402.2982482910156
0 0.1793 350.7252502441406 183.09803771972656 571.5412902832031 282.2982864379883
0 0.1628 0.0 103.09801864624025 211.54129028320312 202.2983055114746
0 0.1565 574.3924140930176 317.8368072509765 638.7499809265137 367.74700927734375
0 0.1383 350.7252502441406 423.09803771972656 571.5412902832031 522.2982482910156
0 0.0985 574.3924140930176 377.83680725097656 638.7499809265137 427.7470092773438
0 0.0974 574.3924140930176 257.83680725097656 638.7499809265137 307.7470092773438
0 0.0841 0.0 204.316032409668 184.04903411865234 281.74923706054693
0 0.0754 350.7252502441406 63.09801864624024 571.5412902832031 162.2983055114746
0 0.0590 0.0 -16.90198135375976 211.54129028320312 82.29830551147462
0 0.0549 18.44585418701172 284.3160705566406 204.04903411865234 361.7492370605468
0 0.0542 268.1185817718506 290.0982360839843 352.6026248931885 356.126220703125
0 0.0531 574.3924140930176 437.8368072509765 638.7499809265137 487.74700927734375
0 0.0485 300.2696228027344 235.3739242553711 350.2135467529297 260.69996643066406
0 0.0455 574.3924140930176 197.8368263244629 638.7499809265137 247.74702835083008
0 0.0453 315.5601978302002 201.22937011718753 354.64259147644043 234.8459701538086
0 0.0442 310.4646682739258 175.18004226684573 360.04756927490234 200.88816452026367
0 0.0434 310.70279121398926 264.8833160400391 359.8555278778076 291.17100524902344
0 0.0359 275.3166198730469 201.79829406738284 314.8619079589844 234.32591247558597
0 0.0355 555.6991195678711 160.85173416137695 594.521598815918 195.19213485717776
0 0.0347 259.8568344116211 175.74490356445312 310.5708312988281 200.33737945556643
0 0.0345 320.58372497558594 354.180305480957 349.05029296875 401.7112045288086
0 0.0341 249.61307525634766 235.93941497802734 300.7857131958008 260.1454620361328
0 0.0339 259.5223808288574 266.0035781860351 310.8671760559082 290.08126068115234
0 0.0336 358.4458541870117 -15.683977127075188 544.0490341186523 61.749246597290046
0 0.0316 205.49728393554688 131.38876724243167 244.6982192993164 164.70007705688477
0 0.0297 310.1268005371094 145.50713348388675 360.3364562988281 170.57007598876956
0 0.0285 209.8748016357422 165.73393630981445 260.5542755126953 190.34865188598636
0 0.0268 574.3924140930176 497.83680725097645 638.7499809265137 547.7470092773438
0 0.0261 235.10650634765625 202.2348861694336 275.05496978759766 233.92803955078128
0 0.0260 270.72696685791016 354.87026977539057 319.83272552490234 381.18489074707026
0 0.0260 219.59331512451172 305.96146392822266 270.80177307128906 330.1245193481446
0 0.0260 259.43180084228516 146.07991027832034 310.9458923339844 170.00668334960938
0 0.0247 110.72525024414062 383.09803771972656 331.5412902832031 482.2982482910156
0 0.0240 195.56224822998047 81.23338985443117 234.63985443115234 114.84225559234619
0 0.0232 209.3796157836914 276.1199645996094 260.9920120239258 299.96716308593756
0 0.0217 195.3382110595703 191.75877380371097 234.84149932861328 224.3619613647461
0 0.0212 574.3924140930176 97.8368263244629 638.7499809265137 147.7470283508301
0 0.0206 220.24368286132812 335.4053192138672 270.23448944091797 360.6701354980469
0 0.0204 85.66664695739746 360.94925689697266 124.5490550994873 395.10262298583984
0 0.0195 388.7046813964844 529.9805908203125 471.9566345214844 571.7499999999999
0 0.0195 205.13704299926758 232.17850494384766 245.02626419067383 263.9793472290039
0 0.0189 242.00127601623535 -57.799674987792955 356.6434383392334 125.32028961181642
0 0.0171 595.6694793701172 160.94170379638672 634.5465850830078 195.1095657348633
0 0.0169 45.6208062171936 361.06785583496094 84.58957433700562 394.9939422607422
0 0.0166 598.487720489502 -53.28319263458251 638.7499809265137 -30.62942218780517
0 0.0164 112.15347290039062 502.7893524169922 330.1151657104492 571.75
0 0.0155 5.578287839889526 361.19046020507807 44.625874757766724 394.8815612792969
0 0.0151 488.7046813964844 529.9805908203125 571.9566345214844 571.7499999999999
0 0.0140 574.3924140930176 37.836816787719734 638.7499809265137 87.74701881408693
0 0.0139 599.1569709777832 6.28106880187989 638.7499809265137 29.80716514587403
0 0.0131 414.34864044189453 -66.99999999999999 526.8692398071289 -32.25578498840331
0 0.0121 0.0 487.0077972412109 102.39654541015625 571.7499999999999
0 0.0119 0.0 -63.90730810165405 50.951266288757324 -40.00506114959716
0 0.0119 598.9933013916016 -23.605963706970208 638.75 -0.30545902252196605
0 0.0117 609.0252876281738 555.6107025146484 638.7499809265137 571.7499999999999
0 0.0113 205.33504486083984 41.76779556274414 244.84416961669922 74.35372161865236
0 0.0103 8.118572235107422 410.0982360839843 92.60263442993164 476.126220703125
