0 0.1266 475.496826171875 47.235495567321806 534.5476531982422 66.82447147369388
0 0.1083 465.01930236816406 27.431013107299833 524.9931335449219 46.62231636047366
0 0.0920 476.49017333984375 66.79040145874025 533.6262512207031 87.2813529968262
0 0.0779 415.72540283203125 47.13761043548587 474.33502197265625 66.92529392242433
0 0.0590 405.6640625 27.16340255737307 464.3922424316406 46.898605346679716
0 0.0564 455.3147888183594 7.306015014648465 514.7186279296875 26.750614166259787
0 0.0554 525.0742721557617 27.407819747924833 584.9420547485352 46.646100997924826
0 0.0520 416.23966217041016 66.90783691406253 473.85791778564453 87.16120910644533
0 0.0431 535.5886840820312 47.19591808319094 594.4623565673828 66.86515522003175
0 0.0386 515.2946090698242 7.313615798950225 574.737663269043 26.74261283874515
0 0.0341 446.87828063964844 86.60186004638673 503.2679748535156 107.4738235473633
0 0.0306 178.97722244262695 35.39996814727785 231.35278701782227 58.68792247772219
0 0.0302 396.1113739013672 6.963541030883815 453.9775085449219 27.10355949401858
0 0.0273 517.7676010131836 86.13862228393556 572.4505233764648 107.9450721740723
0 0.0269 357.0038604736328 46.541306495666525 413.1517791748047 67.53594112396242
0 0.0264 455.85201263427734 -12.924392700195282 514.2190933227539 6.987773895263699
0 0.0254 0.0 191.88586425781253 638.75 530.75
0 0.0242 515.9834671020508 -12.985094070434542 574.0976333618164 7.049695968627958
0 0.0241 199.89803314208984 64.71287918090823 250.53424835205078 89.36917495727542
0 0.0231 127.58544921875 16.2358207702637 182.6178741455078 37.84613800048831
0 0.0229 0.0 -107.99999999999997 510.9122848510742 173.51496887207034
0 0.0222 387.2399139404297 86.42155838012697 442.9344177246094 107.65793991088869
0 0.0218 128.2801628112793 55.841018676757834 181.9835090637207 78.24526977539065
0 0.0213 238.57187271118164 35.66823196411135 291.7175102233887 58.419944763183615
0 0.0200 17.73819923400879 -3.843210220336885 72.47695922851562 17.926980972290064
0 0.0196 288.6692142486572 55.6079788208008 341.62917137145996 78.48059844970706
0 0.0195 188.17977905273438 5.905029296875028 242.07386016845703 28.181430816650415
0 0.0193 77.43432760238647 -3.680885314941378 132.7559494972229 17.761985778808622
0 0.0191 608.0644226074219 -34.455323696136446 638.75 -11.52081537246701
0 0.0185 516.5904998779297 -33.26505470275876 573.5353088378906 -12.663324356079071
0 0.0176 396.3793182373047 -13.158548355102509 453.72901916503906 7.228910446167021
0 0.0174 336.98291778564453 16.549837112426783 393.1715774536133 37.52689552307131
0 0.0170 250.74291229248047 64.36873626708987 278.8591003417969 109.76645660400393
0 0.0165 68.15216064453125 25.920707702636744 122.0991325378418 48.165542602539084
0 0.0163 205.21522521972656 91.01187896728516 244.95494842529297 123.13113403320314
0 0.0159 148.97584915161133 85.39712142944337 201.35480880737305 108.69023513793947
0 0.0157 418.3909225463867 205.77820014953616 471.8819808959961 228.3091564178467
0 0.0155 586.1429023742676 16.939975738525415 638.7499809265137 37.12601852416994
0 0.0152 596.6197967529297 36.71549987792971 638.75 57.355587005615256
0 0.0151 0.0 -34.29803657531735 51.76734924316406 -11.614015579223603
0 0.0149 137.21044063568115 -13.56783676147458 192.96255588531494 7.6463813781738565
0 0.0141 576.3819885253906 -3.1683235168456756 633.7286376953125 17.23736953735354
0 0.0141 598.0554008483887 -64.03289604187007 638.7500190734863 -41.88284683227536
0 0.0140 456.2099075317383 -33.08504629135129 513.8870620727539 -12.847280979156466
0 0.0134 279.8122787475586 84.7892875671387 330.6083297729492 109.2946357727051
0 0.0128 478.91422271728516 215.44184875488284 531.4094924926758 238.64604187011722
0 0.0127 556.5473175048828 66.76528167724612 613.5729217529297 87.30738830566409
0 0.0126 128.14838409423828 135.91628265380862 182.10405349731445 158.16897583007812
0 0.0125 8.966197967529297 25.41313362121585 61.36146545410156 48.67557716369632
0 0.0125 417.91969299316406 176.05025482177737 472.3121643066406 198.03397369384766
0 0.0125 88.50232124328613 85.70626449584964 141.78170204162598 108.38093948364259
0 0.0124 398.02066802978516 115.99688720703125 452.2190475463867 138.08860015869143
0 0.0123 247.50553131103516 6.280090332031277 302.6908493041992 27.801429748535185
0 0.0122 0.0 -64.71947956085202 41.189680099487305 -41.19227695465084
0 0.0122 68.62746238708496 55.629703521728544 121.6679859161377 78.45811080932619
0 0.0122 598.5569000244141 -94.33037567138669 638.75 -71.58264446258542
0 0.0119 197.45630264282227 -23.6927680969238 252.73584365844727 -2.22597885131833
0 0.0113 57.05517053604126 -33.48725128173825 113.10514211654663 -12.435443878173798
0 0.0112 486.9197463989258 -53.42489051818845 543.2312393188477 -32.49996948242184
0 0.0109 78.40028762817383 115.76968383789062 131.87410354614258 138.31729125976562
0 0.0109 138.42559814453125 165.75455856323245 191.85104370117188 188.33253097534183
0 0.0109 0.0 -104.80073261260982 41.08412742614746 -81.1111407279968
0 0.0105 245.43163299560547 110.54488372802734 284.75711822509766 143.55735015869143
0 0.0105 396.40491485595703 -33.17042160034177 453.70532989501953 -12.75891113281247
0 0.0104 0.0 225.14056396484375 51.01362228393555 248.94702148437497
0 0.0103 608.9580535888672 514.6641654968261 638.75 530.7500190734863
0 0.0102 344.32960510253906 72.57550430297854 385.7868194580078 101.713191986084
0 0.0100 408.3209228515625 145.82036209106448 461.9456481933594 168.26665115356448
