0 0.0262 356.59576416015625 187.23859786987305 413.5289764404297 207.83403396606445
0 0.0254 0.0 192.3858642578125 638.75 531.25
0 0.0238 276.8685245513916 177.10369110107422 333.27765464782715 197.97142028808594
0 0.0229 0.0 -107.5 510.9122848510742 174.01496887207034
0 0.0219 376.40472412109375 167.3279571533203 433.7059020996094 187.74242401123047
0 0.0211 376.49341583251953 207.28718757629397 433.62361907958984 227.78429985046387
0 0.0206 276.83971405029297 207.1194553375244 333.3039093017578 227.95561790466311
0 0.0201 267.1009826660156 146.98925018310547 323.06304931640625 168.08845520019528
0 0.0193 376.32957458496094 147.36209869384766 433.775634765625 167.70729064941406
0 0.0188 486.64440155029297 97.21000671386719 543.4852981567383 117.86231994628905
0 0.0176 386.5534973144531 127.25387573242188 443.5691833496094 147.81753540039062
0 0.0170 397.3250198364258 96.87040328979492 452.85778045654297 118.20882797241211
0 0.0164 476.30924224853516 117.3721694946289 533.7943649291992 137.69710540771484
0 0.0163 277.0941925048828 116.99136734008789 333.0696105957031 138.08607101440427
0 0.0148 447.3294448852539 76.86779022216797 502.8537368774414 98.2114028930664
0 0.0148 217.53332138061523 176.76458358764648 272.66550064086914 198.3170509338379
0 0.0146 337.3543167114258 96.85529708862303 392.83077239990234 118.22420120239256
0 0.0134 512.6921272277832 -107.5 638.7499809265137 -37.65076160430909
0 0.0131 217.6175308227539 206.7221832275391 272.5876235961914 228.360595703125
0 0.0131 507.83077239990234 66.5936279296875 562.394905090332 88.4890365600586
0 0.0128 387.9934310913086 66.50581359863283 442.24536895751953 88.57852935791016
0 0.0128 277.7073669433594 86.66435241699219 332.50732421875 108.41777801513673
0 0.0126 486.15283966064453 137.44415283203125 543.9391708374023 157.6233673095703
0 0.0120 207.81044006347656 146.61279678344727 262.4117660522461 168.47089767456055
0 0.0120 347.1907424926758 226.94713592529297 402.9795455932617 248.1319808959961
0 0.0119 416.92604064941406 187.0741081237793 473.2249450683594 208.00142288208005
0 0.0113 78.68144035339355 216.09100341796872 131.6201114654541 238.99627685546875
0 0.0110 608.9822578430176 515.1455879211426 638.7499809265137 531.2499809265137
0 0.0110 328.3447265625 66.29825592041016 381.9256591796875 88.78772735595705
0 0.0109 108.33745956420898 156.31057739257812 161.9305419921875 178.77655029296875
0 0.0108 18.364887237548828 226.29051208496094 71.9063949584961 248.79623413085938
0 0.0107 108.69232177734375 186.0896110534668 161.60905838012695 208.99847030639648
0 0.0105 217.85961151123047 116.58500671386717 272.3668670654297 138.49895477294922
0 0.0103 608.7841033935547 -34.395291805267334 638.75 -10.576117038726805
0 0.0103 0.0 176.0507583618164 51.55194282531738 199.03766632080075
0 0.0101 407.02362060546875 227.02613830566406 463.134765625 248.0504608154297
0 0.0100 87.87307739257812 126.57999038696288 142.35397338867188 148.50446701049805
0 0.0100 267.52105712890625 236.77291870117188 322.67635345458984 258.30886840820307
