0 0.0280 508.0399703979492 97.47981643676759 562.2027206420898 119.60490798950197
0 0.0254 0.0 173.3858642578125 638.75 512.25
0 0.0247 493.0625534057617 118.41418838500978 608.1914901733398 168.06403732299805
0 0.0234 316.8154239654541 138.13233947753906 373.3261013031006 158.94261932373047
0 0.0229 0.0 -126.49999999999999 510.9122848510742 155.0149688720703
0 0.0225 497.75516510009766 67.63887023925783 552.4633407592773 89.44375610351564
0 0.0210 346.9051742553711 118.08486557006837 403.24405670166016 138.99051284790042
0 0.0196 297.62742042541504 167.71560287475586 352.57880210876465 189.36706161499023
0 0.0195 0.0 6.831575393676772 51.256442070007324 30.2567539215088
0 0.0188 598.8074493408203 -52.98694992065428 638.75 -29.9251022338867
0 0.0183 7.839450836181641 187.5985870361328 62.3847770690918 209.48556518554685
0 0.0181 237.66563415527344 177.68930053710938 292.54505157470703 199.39282989501953
0 0.0181 387.47509002685547 97.79130554199219 442.7199172973633 119.28918457031251
0 0.0180 277.2816848754883 117.89805984497072 332.89642333984375 139.1815528869629
0 0.0179 0.0 -23.284400939941392 51.10640525817871 0.37244415283204524
0 0.0178 238.95971298217773 56.910644531250014 291.36877059936523 80.17709350585939
0 0.0168 177.30587005615234 177.88427925109863 232.87445068359375 199.19537162780762
0 0.0167 247.78814315795898 147.6246795654297 302.4322700500488 169.4587860107422
0 0.0161 447.56378173828125 87.7479705810547 502.63763427734375 109.33389282226564
0 0.0161 218.13051223754883 117.42875671386719 272.1198844909668 139.65669250488284
0 0.0161 0.0 -63.62903022766111 40.70586681365967 -39.2866744995117
0 0.0160 467.6633834838867 37.69298171997072 522.5465774536133 59.38949203491213
0 0.0156 187.55792617797852 147.74768447875977 242.64379501342773 169.3336067199707
0 0.0156 228.4455680847168 87.2392807006836 281.83359146118164 109.84746551513672
0 0.0155 0.0 36.87490081787111 51.31045341491699 60.2137908935547
0 0.0154 188.96175384521484 36.91009140014649 241.36676788330078 60.17776107788087
0 0.0150 608.7872505187988 -23.397420883178697 638.7499809265137 0.4260120391845841
0 0.0147 8.159723281860352 157.4150619506836 62.09251403808594 179.67103576660156
0 0.0147 418.1919860839844 57.39417648315431 472.0635223388672 79.6918067932129
0 0.0140 0.0 217.1796188354492 51.73053741455078 239.908805847168
0 0.0140 288.2455062866211 197.3636016845703 342.0146179199219 219.72283935546872
0 0.0139 249.10072326660156 26.817489624023448 301.24149322509766 50.27047729492189
0 0.0137 358.49212646484375 57.21006011962891 411.7914581298828 79.87676239013673
0 0.0135 357.8314208984375 157.60036087036133 412.3927307128906 179.48337173461914
0 0.0135 327.5951385498047 87.72309875488283 382.61070251464844 109.3578109741211
0 0.0132 512.6921272277832 -126.49999999999999 638.7499809265137 -56.650761604309054
0 0.0130 407.87242889404297 127.57783508300783 462.3551559448242 149.5062408447266
0 0.0128 609.6893501281738 335.92038726806635 638.7499809265137 361.10250091552734
0 0.0125 127.4893569946289 157.78804397583008 182.70586013793945 179.2932472229004
0 0.0125 298.877534866333 56.95998764038087 351.44389152526855 80.1269874572754
0 0.0125 0.0 -113.88802909851073 40.43251037597656 -89.0319194793701
0 0.0124 58.46040725708008 17.230068206787124 111.82016372680664 39.856697082519545
0 0.0123 608.9773368835449 176.47362327575684 638.7500190734863 200.55513954162595
0 0.0123 67.70099639892578 167.67091369628906 122.51245498657227 189.41163635253906
0 0.0123 178.78412246704102 67.0251235961914 231.5273094177246 90.06234741210939
0 0.0122 408.5868453979492 27.155028343200698 461.70482635498047 49.932633399963386
0 0.0121 309.42108154296875 -23.412441253662095 360.95550537109375 0.4990730285644682
0 0.0121 227.62025833129883 207.71585083007815 282.58623123168945 229.36624145507812
0 0.0121 198.70494842529297 7.079845428466809 251.59801483154297 30.008026123046886
0 0.0117 528.1680297851562 37.4067840576172 582.0857238769531 59.6788558959961
0 0.0117 299.276819229126 6.689191818237319 351.0848140716553 30.39766883850099
0 0.0116 48.04859399795532 -42.522357940673814 102.1942687034607 -20.39245986938475
0 0.0116 157.69454956054688 117.67243957519531 212.51880645751953 139.4097671508789
0 0.0112 487.6408004760742 7.703824996948257 542.5675582885742 29.37826728820802
0 0.0111 348.5420608520508 187.18283271789554 401.7454147338867 209.90467643737796
0 0.0109 349.11014556884766 26.809097290039073 401.23340606689453 50.27860260009767
0 0.0108 359.1518783569336 -43.215316772460916 411.19510650634766 -19.69643020629881
0 0.0108 608.8612174987793 496.236587524414 638.7500190734863 512.25
0 0.0106 248.80775451660156 -12.987483978271468 301.5053939819336 10.075374603271499
0 0.0106 117.97597885131836 187.52262687683105 172.25976943969727 209.562593460083
0 0.0105 0.0 127.05031967163089 51.551270484924316 150.03810501098633
0 0.0105 608.9626312255859 146.4838752746582 638.75 170.5448875427246
0 0.0103 67.81449317932129 137.60945892333984 122.40828514099121 159.47408294677734
0 0.0103 359.49012756347656 -3.4655036926269394 410.89439392089844 20.55148696899415
0 0.0102 0.0 66.76673507690431 51.16959571838379 90.32168960571289
0 0.0100 308.5002899169922 -62.79067420959471 361.78314208984375 -40.121864318847635
