0 0.0641 5.6101274490356445 -54.898570060729945 44.5984411239624 -21.036851882934535
0 0.0497 10.506401062011719 37.80461502075198 39.144248962402344 86.04300689697267
0 0.0398 10.592031478881836 118.23256683349611 39.040255546569824 165.66790771484375
0 0.0365 5.811219215393066 194.46084213256836 44.431395530700684 229.55128860473633
0 0.0356 5.714764595031738 -15.198905944824187 44.508681297302246 19.23860740661624
0 0.0284 5.714688301086426 304.7961730957031 44.509239196777344 339.2431182861328
0 0.0263 5.66370964050293 234.95852661132812 44.55150604248047 269.09415435791016
0 0.0254 0.0 236.8858642578125 638.75 575.75
0 0.0239 609.3288993835449 519.7210235595703 638.7500190734863 544.3069763183594
0 0.0229 0.0 -62.999999999999964 510.9122848510742 218.51496887207034
0 0.0204 0.3142547607421875 339.33238220214844 50.175065994262695 364.74055480957026
0 0.0186 45.1209831237793 226.20414924621582 85.0417709350586 257.95599174499506
0 0.0183 0.8987617492675781 268.6350936889648 49.69728469848633 295.40808868408203
0 0.0170 45.51338195800781 185.34480285644528 84.68430519104004 218.74030303955078
0 0.0169 49.524476528167725 260.0121612548828 100.86319208145142 284.0740509033203
0 0.0169 1.102132797241211 87.9016799926758 49.61871147155762 116.07333374023438
0 0.0167 608.9228057861328 559.6906585693359 638.75 575.75
0 0.0159 40.666561126708984 138.71819686889648 68.95033836364746 185.26967239379883
0 0.0143 608.8708686828613 490.0477142333984 638.7499809265137 513.9812011718749
0 0.0138 45.84607124328613 -55.72346496582027 84.40898895263672 -20.279005050659144
0 0.0136 5.452780723571777 365.5042953491211 44.737205505371094 398.5944290161133
0 0.0126 50.01701593399048 289.6132202148437 100.42999029159546 314.46719360351557
0 0.0123 40.63115119934082 38.473188400268576 68.99298667907715 85.46785545349123
0 0.0118 512.6921272277832 -62.999999999999964 638.7499809265137 6.849238395690943
0 0.0114 70.67988395690918 138.8195724487305 98.93435478210449 185.1893539428711
0 0.0103 50.448875427246094 319.194595336914 100.06123542785645 344.87391662597656
0 0.0103 50.61931133270264 88.38895034790039 79.00722026824951 135.53574752807617
0 0.0101 0.0 415.49155426025385 34.7432279586792 448.60610198974604
