0 0.0260 528.7069320678711 57.07856750488282 581.5962600708008 80.0093231201172
0 0.0254 0.0 193.38586425781247 638.75 532.25
0 0.0229 0.0 -106.49999999999999 510.9122848510742 175.01496887207034
0 0.0214 188.4876823425293 77.21488571166994 241.79506301879883 99.8722038269043
0 0.0182 527.6796722412109 27.683864593505874 582.53173828125 49.3987045288086
0 0.0180 187.92818069458008 47.54890060424806 242.30363845825195 69.5359001159668
0 0.0170 609.3121147155762 486.23380279541016 638.7500190734863 510.7942733764648
0 0.0163 539.66064453125 86.40321350097656 590.7434844970703 110.68135833740236
0 0.0150 248.7735939025879 77.03944778442384 301.53520584106445 100.04909133911134
0 0.0149 588.4713554382324 57.229476928710945 638.7500190734863 79.85822296142578
0 0.0149 608.9124298095703 516.1984977722168 638.75 532.2500190734862
0 0.0145 188.32130432128906 107.31240844726562 241.94698333740234 129.77349853515622
0 0.0133 512.6921272277832 -106.49999999999997 638.7499809265137 -36.65076160430907
0 0.0130 478.6752700805664 77.09617233276369 531.6254043579102 99.99126052856447
0 0.0127 27.321643829345703 217.87503814697263 82.8602123260498 239.20461273193357
0 0.0120 247.8105354309082 47.61605358123781 302.4109077453613 69.46813678741456
0 0.0118 587.8880500793457 27.567354202270522 638.7499809265137 49.51656913757325
0 0.0117 467.9081344604492 47.557269096374526 522.3225784301758 69.5269594192505
0 0.0116 599.2953300476074 86.68634033203126 638.7500190734863 110.40189361572267
0 0.0115 228.0605697631836 217.47212982177734 282.1830368041992 239.61331939697263
0 0.0114 198.11456680297852 137.4356231689453 252.13495254516602 159.6493682861328
0 0.0111 128.1545877456665 77.41468048095703 182.09794521331787 99.67088317871094
0 0.0109 308.24395179748535 77.36598587036134 362.0156764984131 99.72064590454102
0 0.0108 168.1373405456543 217.42589569091797 222.11339950561523 239.659782409668
0 0.0106 574.3924140930176 118.3368263244629 638.7499809265137 168.24702835083008
0 0.0106 249.02948379516602 106.86618423461914 301.3054847717285 130.22189712524414
0 0.0105 17.640609741210938 187.70549392700195 72.56741523742676 209.37682723999023
0 0.0103 107.86020278930664 207.5839862823486 162.3664665222168 229.4998607635498
0 0.0102 608.4100151062012 -33.15881872177122 638.7500190734863 -9.81445932388304
0 0.0102 227.8272247314453 187.60160064697266 282.39681243896484 209.48194122314453
0 0.0101 177.24115371704102 17.91874504089357 232.9337501525879 39.16044807434083
