0 0.1629 186.07465744018555 117.98058319091795 244.0114402770996 138.08617401123047
0 0.1442 186.30496978759766 97.87308502197266 243.7985610961914 118.19596099853516
0 0.1300 186.10454559326172 137.96706008911133 243.98372650146484 158.10004043579102
0 0.0950 206.8683624267578 77.59877014160158 263.27903747558594 98.47557830810547
0 0.0757 147.61390209197998 77.21958923339844 202.5919771194458 98.86246490478516
0 0.0720 176.52965545654297 157.77197647094727 233.58963012695312 178.30023574829102
0 0.0667 127.29176044464111 117.38957214355469 182.88791179656982 138.6896209716797
0 0.0604 247.07365036010742 117.50080871582033 303.08874130249023 138.57628631591797
0 0.0541 177.95217514038086 47.02965068817139 232.28300094604492 69.05446338653564
0 0.0375 248.00756454467773 146.9980125427246 302.23241806030273 169.08644485473633
0 0.0343 116.98436737060547 147.5482063293457 173.17041397094727 168.52839279174805
0 0.0326 267.75020599365234 87.13663864135742 322.4690246582031 108.94518661499025
0 0.0322 238.41646194458008 46.74809741973877 291.86201095581055 69.33723735809328
0 0.0301 118.57736587524414 46.66065502166749 171.71344757080078 69.42693042755127
0 0.0261 88.48482131958008 76.71612548828126 141.79777145385742 99.37088775634766
0 0.0254 0.0 192.88586425781247 638.75 531.75
0 0.0249 137.41784572601318 177.3288230895996 192.77082920074463 198.75227737426758
0 0.0229 0.0 -107.00000000000001 510.9122848510742 174.5149688720703
0 0.0228 208.55878829956055 16.66717338562012 261.73139572143555 39.41963005065919
0 0.0211 217.8166961669922 177.10654067993164 272.40665435791016 198.97677230834958
0 0.0170 607.9100036621094 216.63243103027344 638.75 239.3899993896484
0 0.0166 269.4549560546875 16.059444427490238 320.9259796142578 40.02657699584962
0 0.0163 299.0187072753906 56.36778640747071 351.3163757324219 79.7194938659668
0 0.0157 148.49143981933594 16.7124252319336 201.79168701171875 39.37466430664063
0 0.0150 517.104377746582 207.48574066162112 573.0603408813477 228.5916976928711
0 0.0149 608.3261108398438 186.38855743408203 638.75 209.63711547851562
0 0.0146 512.6921272277832 -106.99999999999999 638.7499809265137 -37.15076160430907
0 0.0138 168.4623908996582 206.73448371887207 221.81711196899414 229.3531017303467
0 0.0137 68.2841968536377 106.83905410766602 121.9797420501709 129.24731063842776
0 0.0135 307.8575611114502 117.0852928161621 362.3689556121826 138.99855422973633
0 0.0133 607.9232597351074 246.62621307373044 638.7500190734863 269.39652252197266
0 0.0131 249.17997360229492 -13.739339828491202 301.17082595825195 9.82690620422364
0 0.0117 169.0020751953125 236.38424682617185 221.3302230834961 259.70379638671875
0 0.0114 517.7122116088867 177.1581153869629 572.5037002563477 198.92351913452148
0 0.0111 608.9153289794922 515.696533203125 638.75 531.75
0 0.0109 328.2480239868164 86.85820388793945 382.0132064819336 109.22766494750977
0 0.0102 188.7452507019043 -13.447315216064446 241.56187057495117 9.535072326660163
0 0.0100 58.9898681640625 46.39123249053956 111.34145736694336 69.69661998748781
