0 0.1184 149.8254805803299 459.06567573547363 180.04470765590668 486.26530170440674
0 0.1039 142.00700521469116 427.8327524662018 172.23734855651855 454.9995958805084
0 0.1032 181.0078665614128 459.282249212265 211.3508179783821 486.06643080711365
0 0.0939 118.56329143047333 459.10659432411194 148.80466163158417 486.2276613712311
0 0.0932 138.0095899105072 407.78473019599915 176.47881507873535 428.19926142692566
0 0.0890 173.24096411466599 427.8884530067444 203.5002902150154 454.94842529296875
0 0.0878 110.70869565010071 427.99100279808044 141.02713465690613 454.854279756546
0 0.0798 48.11261296272279 443.88240575790405 78.61037254333498 470.2349901199341
0 0.0760 87.29934394359589 459.1507613658905 117.56628453731537 486.1871302127838
0 0.0723 79.4279843568802 428.0802309513092 109.80340540409088 454.77238297462463
0 0.0685 121.977698802948 384.7697675228119 161.19683980941772 404.35323119163513
0 0.0682 177.05170512199402 407.8153371810913 215.55678248405457 428.17050218582153
0 0.0640 145.0138658285141 486.2460047006607 185.0711077451706 499.0234225988388
0 0.0628 212.12388277053833 459.64276790618896 242.71769523620605 485.73607206344604
0 0.0610 16.882610321044933 443.8311457633972 47.34268486499788 470.2819585800171
0 0.0592 98.76168966293335 407.99614787101746 137.56937980651855 427.99630761146545
0 0.0586 36.343288421630874 423.5343635082245 75.00090897083284 443.70511174201965
0 0.0558 98.14135432243347 486.24350130558014 138.19400668144226 499.0234225988388
0 0.0545 161.034893989563 384.77960228919983 200.26291608810425 404.3441712856293
0 0.0539 55.585828423500075 483.30821096897125 86.77069544792177 499.0234225988388
0 0.0528 204.34008240699768 428.3175468444824 234.88001227378845 454.5549154281616
0 0.0501 126.17547512054443 358.10399055480957 156.79020881652832 384.1518759727478
0 0.0488 191.7900562286377 486.34177446365356 232.03022480010986 499.0234375
0 0.0428 24.529699981212627 475.45672953128815 55.30561953783037 499.0234225988388
0 0.0405 246.81795835494995 48.972778022289276 286.33559942245483 68.27814131975174
0 0.0393 243.33093762397766 467.5571024417877 274.0062892436981 493.4554398059845
0 0.0378 160.85482090711594 361.49582266807556 200.42027980089188 380.75563311576843
0 0.0360 16.708587110042583 366.1356270313263 47.49751538038255 391.7640745639801
0 0.0358 238.33812475204468 10.412702336907387 279.1158676147461 28.7176501005888
0 0.0343 47.92825579643251 397.45238423347473 78.77514958381654 422.9530990123749
0 0.0327 251.17040872573853 69.04947012662888 281.7951560020447 95.08208185434341
0 0.0326 95.02157270908356 178.1696379184723 125.45540630817413 204.69042658805847
0 0.0325 -6.760548055171956 475.55023431777954 24.091829359531413 499.0234375
0 0.0322 152.8024047613144 338.25358748435974 192.8184598684311 357.1259081363678
0 0.0321 16.74637645483018 397.2984850406647 47.46342152357103 423.09364676475525
0 0.0309 82.51939415931702 385.10391116142273 122.4802553653717 404.0251076221466
0 0.0308 309.11789536476135 400.7016122341156 349.0107476711273 419.67716813087463
0 0.0303 241.45511984825134 425.7141947746277 331.39960169792175 464.5031690597534
0 0.0296 199.90850687026978 384.944349527359 239.48974609375 404.1827619075775
0 0.0295 47.79785200953485 366.47599935531616 78.8948841392994 391.4535641670227
0 0.0285 -14.529292657971371 444.22316551208496 16.237526014447223 469.92331743240356
0 0.0282 239.06342387199402 95.79217433929443 278.4737765789032 115.2070164680481
0 0.0279 94.70040798187256 358.5989773273468 125.74533820152283 383.6999237537384
0 0.0278 -2.795848250389088 423.61438274383545 36.00302040576936 443.6277151107788
0 0.0272 274.4993984699249 467.74518489837646 305.32984137535095 493.28356981277466
0 0.0271 87.16703653335571 147.03211188316345 117.67960786819458 173.33737015724182
0 0.0270 308.7392270565033 377.5439262390137 349.34787154197693 395.9619402885437
0 0.0268 215.92066884040833 408.0260992050171 254.78087067604065 427.967369556427
0 0.0265 114.17406499385834 337.8920555114746 153.37562263011932 357.4814796447754
0 0.0254 -50.0 0.0 449.0234375 265.2232050895691
0 0.0254 152.55646109580994 314.99525904655457 193.03793907165527 333.51024985313416
0 0.0250 207.29379057884216 57.15031735599041 247.68022894859314 75.73048956692219
0 0.0244 126.13419890403748 178.51276695728302 156.82743191719055 204.37632501125336
0 0.0244 305.7201027870178 467.8086042404175 336.6066336631775 493.22569370269775
0 0.0234 63.721281290054335 178.2991886138916 94.24979686737062 204.57175374031067
0 0.0232 118.44601929187775 146.9549834728241 148.90426099300385 173.40803146362305
0 0.0230 190.5368611216545 3.1778421252965927 233.07975083589554 20.32519318163395
0 0.0228 246.62185907363892 119.441207498312 286.50875091552734 138.43655958771706
0 0.0227 282.4706256389618 92.36306697130203 313.00042271614075 118.6329796910286
0 0.0216 308.6753308773041 354.15035486221313 349.40521121025085 372.4806308746338
0 0.0216 16.72652065753938 334.8417580127716 47.481593489646926 360.55412888526917
0 0.0215 137.0313435792923 291.4848327636719 177.32393443584442 310.14519929885864
0 0.0212 83.01350176334381 126.86841189861298 122.04920947551727 146.62764966487885
0 0.0211 199.89186972379684 80.26863634586334 239.50471431016922 99.4834154844284
0 0.0208 106.31163120269775 205.1190435886383 145.60745358467102 224.62975978851318
0 0.0201 191.78320169448853 119.55905333161354 231.954824924469 138.3201740682125
0 0.0199 285.93934774398804 48.92615228891373 325.34600496292114 68.32432746887207
0 0.0191 270.10549306869507 400.6649851799011 309.9034547805786 419.71373558044434
0 0.0190 55.78733682632448 147.34196662902832 86.54597103595735 173.05395007133484
0 0.0188 -14.613646268844594 366.28782749176025 16.31395220756532 391.62516593933105
0 0.0187 316.74243211746216 307.0950508117676 356.9898724555969 325.78521966934204
0 0.0181 290.10016918182373 124.04073774814606 320.9776997566223 149.49201047420502
0 0.0180 183.79546403884888 143.12978088855743 224.29741621017456 161.62602603435516
0 0.0180 308.776330947876 330.64156770706177 349.31488037109375 349.1140604019165
0 0.0180 121.15429043769836 236.98116093873978 161.92330121994019 255.27536123991013
0 0.0177 118.09907555580139 311.81442737579346 149.21749830245972 336.74246072769165
0 0.0172 129.19187247753143 268.06923747062683 169.53503787517548 286.6862118244171
0 0.0170 336.87950372695923 421.12478613853455 367.9397225379944 446.1763799190521
0 0.0169 -49.999999999999986 486.47238314151764 -10.025690495967854 499.0234225988388
0 0.0166 90.63045382499695 103.60844433307648 130.03076314926147 123.01670014858246
0 0.0166 160.6809914112091 96.01406753063202 200.57265162467957 114.98977243900299
0 0.0166 122.23601043224335 126.71023607254028 160.97536385059357 146.78126573562622
0 0.0165 149.5358169078827 147.35282957553864 180.29661178588867 173.04401099681854
0 0.0165 336.9519829750061 467.84865856170654 367.8730845451355 493.18915605545044
0 0.0164 206.91163539886475 33.97667035460472 248.02298545837402 52.02988162636757
0 0.0164 47.964376211166396 334.86777544021606 78.74273955821992 360.5303764343262
0 0.0159 -14.572235941886891 397.4481523036957 16.276133060455333 422.9569733142853
0 0.0159 199.93452429771423 361.4833950996399 239.46730494499207 380.7681202888489
0 0.0159 277.7628421783447 25.783642195165157 317.853581905365 44.596158899366856
0 0.0158 238.91780972480774 377.17169523239136 278.5997211933136 396.3305354118347
0 0.0158 347.97908067703247 393.04307103157043 388.2516145706177 411.71231865882874
0 0.0158 159.81690287590027 49.741096794605255 201.34682655334473 67.51487404108047
0 0.0157 83.36293399333955 204.7063410282135 105.39439022541046 240.6485080718994
0 0.0157 -45.80707307904957 444.2954659461975 -14.988247491419305 469.85721588134766
0 0.0155 160.26891469955444 72.88273423910141 200.9390413761139 91.24871343374252
0 0.0154 332.4590742588043 447.65111804008484 372.5335419178009 466.47849678993225
0 0.0153 286.38420701026917 71.92616164684296 324.96694922447205 92.18655526638031
0 0.0149 246.42778635025024 143.03259551525116 286.6796374320984 161.72243654727936
0 0.0147 191.2182092666626 166.82809591293335 232.46092796325684 184.8025918006897
0 0.0146 43.65773200988771 127.12711095809937 83.24150443077089 146.37428522109985
0 0.0143 191.68428778648376 330.5782377719879 232.0410430431366 349.177747964859
0 0.0142 157.18352496623993 178.95032465457916 188.26046288013458 203.97700369358063
0 0.0138 51.282462477684035 103.84417325258255 91.21861755847932 122.78478592634201
0 0.0137 79.16469573974611 327.167272567749 110.03775596618652 352.6155948638916
0 0.0134 -49.999999999999986 412.94121742248535 -22.835270687937726 438.7025237083435
0 0.0133 -14.698776602745045 335.2135419845581 16.39234721660615 360.2149486541748
0 0.0133 352.3166298866272 366.8003976345062 383.7393641471863 391.15849137306213
0 0.0132 152.1494209766388 205.89321851730347 193.40441823005676 223.86223077774048
0 0.0131 159.53405648469925 26.47583093494177 201.6035959124565 43.904089368879795
0 0.0131 316.78415536880493 283.6250960826874 356.9530963897705 302.37969756126404
0 0.0130 285.2591097354889 2.576567232608795 325.9479224681854 20.929835736751556
0 0.0127 86.94478571414948 249.11292642354965 117.87977516651154 274.4261398911476
0 0.0125 90.33687114715576 291.35361313819885 130.28762936592102 310.2758228778839
0 0.0124 175.67793726921082 276.15290880203247 216.75838232040405 294.22855377197266
0 0.0123 143.85814666748047 3.0679162591695786 186.02503538131714 20.436694845557213
0 0.0122 285.55614948272705 150.7931649684906 325.68414211273193 169.58609223365784
0 0.0121 425.7891893386841 486.4247888326645 449.0234375 499.0234524011612
0 0.0120 8.863066136837016 303.7058711051941 39.71533924341203 329.1999101638794
0 0.0118 59.93745923042299 204.81571555137634 81.94257020950319 240.56488275527954
0 0.0117 198.73241037130356 190.45457243919373 240.5431166291237 208.05060863494873
0 0.0117 167.41119027137756 253.00061702728271 209.35712456703186 270.5047130584717
0 0.0116 32.19440281391145 171.1159199476242 63.250389695167556 196.184441447258
0 0.0113 50.81860423088075 80.74375987052917 91.63231849670412 99.0123450756073
0 0.0113 130.25921285152435 87.7053514122963 152.24399864673615 123.31762164831161
0 0.0112 191.30329489707947 299.588680267334 232.38335251808167 317.6676034927368
0 0.0106 313.81372809410095 92.10715442895889 344.1696584224701 118.86753886938095
0 0.0106 8.737395331263553 272.720068693161 39.83068354427816 297.70901799201965
0 0.0105 -49.44213032722472 376.6569793224335 -27.426905184984196 412.4666750431061
0 0.0105 321.5195655822754 123.64073097705841 352.0755887031555 149.85768496990204
0 0.0105 55.754453688859954 248.9819899201393 86.57544180750848 274.5456323027611
0 0.0102 94.6571946144104 77.44413614273071 125.78443884849548 102.36318409442902
0 0.0101 321.1644411087036 257.2382390499115 352.39840745925903 281.9536626338959
