0 0.2267 -100.5888702869415 256.9900321960449 -62.13852190971373 292.98498153686523
0 0.1814 -100.69340133666991 217.48807907104492 -62.06590557098387 252.52622604370117
0 0.1797 -100.57957196235654 296.9163513183594 -62.142374753952 333.052978515625
0 0.1743 -60.6866874694824 267.4580192565918 -22.070716857910142 302.55388259887695
0 0.1395 -55.74989700317381 241.8323516845703 -6.68428802490233 268.2203674316406
0 0.1259 175.2716884613037 424.68639373779297 242.0791110992432 484.9525833129883
0 0.1205 -60.69187545776366 307.46803283691406 -22.06576728820799 342.5447082519531
0 0.1171 -20.586647033691392 266.9855308532715 17.859359741210948 302.98913955688477
0 0.1116 165.2907428741455 364.6389389038086 232.05875968933105 424.9863815307617
0 0.0946 -61.14672088623045 208.72028350830078 -21.67170906066893 241.39713287353516
0 0.0878 -20.598701477050767 307.0581340789795 17.866416931152358 342.9221820831299
0 0.0847 19.39921474456788 267.0719909667969 57.8675470352173 302.9093933105469
0 0.0834 -106.49999999999997 337.60009765625 -72.01828384399413 372.42340087890625
0 0.0816 129.43120574951172 346.6753387451172 167.86710357666016 383.2756805419922
0 0.0759 169.42248916625977 326.8843460083008 207.85819625854492 363.0825424194336
0 0.0732 144.05782318115234 421.0455322265625 172.58172607421875 468.8280487060547
0 0.0694 14.011946678161637 232.11187362670898 63.51135349273683 257.9523277282715
0 0.0694 59.42485427856447 266.89184188842773 97.85480117797853 303.0756187438965
0 0.0683 129.36322784423828 307.2544860839844 167.8915557861328 342.7412414550781
0 0.0675 189.3973217010498 486.444091796875 227.92608833312985 523.4899139404297
0 0.0673 19.34290981292726 307.34535217285156 57.90622806549073 342.6575469970703
0 0.0650 -106.49999999999997 178.0355453491211 -71.91387557983397 212.0235824584961
0 0.0632 209.39041709899902 326.41056060791016 247.93680763244632 363.52108001708984
0 0.0615 129.3070182800293 267.4863624572754 167.93376541137695 302.5277900695801
0 0.0575 84.40272903442384 241.6265106201172 133.1947288513184 268.41602325439453
0 0.0569 59.39065551757813 307.1125030517578 97.87351226806642 342.87200927734375
0 0.0549 244.2386016845703 437.21370697021484 292.7890167236328 513.3333969116211
0 0.0546 139.34327697753906 477.3199462890625 177.90814971923828 512.6809692382812
0 0.0540 -65.90245628356931 342.0072555541992 -16.558040618896467 368.0521774291992
0 0.0534 84.12677383422852 211.9970703125 133.41331100463867 238.06400299072266
0 0.0511 109.36402893066406 387.2116470336914 147.8946075439453 422.78072357177734
0 0.0505 89.3202362060547 347.43274688720703 127.92378997802736 382.5770950317383
0 0.0504 169.3976173400879 287.08746910095215 207.86792373657224 322.8951358795166
0 0.0492 233.78980255126953 380.60550689697266 262.91188812255854 429.41272735595703
0 0.0488 13.36391067504884 202.73832321166992 64.06474685668945 227.34376907348633
0 0.0470 139.25273513793945 227.6847267150879 177.97668075561523 262.3454475402832
0 0.0443 452.3357734680175 218.73979568481445 532.2499809265137 281.18635177612305
0 0.0433 -10.702880859374986 347.525634765625 27.941318511962905 382.49168395996094
0 0.0417 29.286457061767592 347.56420135498047 67.94980621337892 382.4562454223633
0 0.0410 114.16373825073244 431.7128372192383 142.45383834838867 478.27632904052734
0 0.0403 109.07773590087892 178.19095611572266 148.12646484375 211.88114166259766
0 0.0385 -66.90804862976073 182.9523468017578 -15.694908142089831 207.1322250366211
0 0.0369 -15.786003112792951 192.10067749023438 12.393527984619151 237.97039031982422
0 0.0366 149.10243606567383 188.12528610229492 188.1048545837402 221.94128036499023
0 0.0356 179.35033416748047 247.31807708740234 217.90032958984375 282.6826477050781
0 0.0338 209.42658042907715 286.8204116821289 247.8592929840088 323.14159393310547
0 0.0335 68.93716430664062 178.53317260742188 108.25200653076172 211.56803131103516
0 0.0314 113.3102569580078 152.7872610092163 164.1108856201172 177.2961664199829
0 0.0283 253.83283233642578 330.4417037963867 282.8576431274414 379.4736862182617
0 0.0282 467.8924140930175 164.8368263244629 532.2499809265137 214.74702835083008
0 0.0264 112.12264633178711 123.63299369812012 165.17226791381836 146.45482063293457
0 0.0257 98.93498992919922 478.52333068847656 138.25543975830078 511.5770721435547
0 0.0257 194.15741539001465 201.64867401123047 222.4613437652588 248.3248519897461
0 0.0257 13.476477622985856 172.64888763427734 63.96518802642823 197.43228912353516
0 0.0256 149.18443298339844 517.8691864013672 188.03655242919922 552.1761322021484
0 0.0252 69.0887222290039 388.14395904541016 108.11856842041016 421.9242477416992
0 0.0244 -105.81648731231687 371.86954498291016 -77.56986522674559 418.15311431884766
0 0.0240 467.8924140930175 284.8368167877197 532.2499809265137 334.7469997406006
0 0.0232 -106.49999999999997 152.16917514801025 -66.44894027709958 177.89750576019287
0 0.0229 -106.49999999999997 0.0 404.4122848510742 281.5149688720703
0 0.0225 229.37486267089844 516.3899230957031 267.9563293457031 553.5402679443359
0 0.0212 84.23461532592775 422.3078918457031 112.36907577514648 467.81463623046875
0 0.0211 -51.06186056137083 368.50738525390625 -11.74654626846312 401.5916442871094
0 0.0209 163.66297340393066 162.48069763183594 213.80386924743652 187.59662628173828
0 0.0204 189.31889152526855 527.3817443847656 227.93005561828613 562.6241302490234
0 0.0201 219.35845947265625 247.28172302246094 257.89445495605463 282.71610260009766
0 0.0192 14.08664321899415 382.03136444091797 63.448730468750014 408.0300521850586
0 0.0192 452.3357734680175 378.7397766113281 532.2499809265137 441.1863708496094
0 0.0190 121.24627685546875 94.14777755737305 175.97058868408203 115.93536376953125
0 0.0186 62.54708862304689 143.3548927307129 114.78952026367188 166.7332649230957
0 0.0184 85.65347290039064 569.7893524169922 303.6151657104492 638.75
0 0.0179 33.03297138214113 612.9925918579102 84.35837841033936 637.0917892456055
0 0.0177 254.00590515136716 280.8081817626953 282.6448974609375 329.0412139892578
0 0.0175 168.51352310180664 129.41734790802002 208.64104843139648 160.76205730438232
0 0.0173 263.7865982055664 380.67989349365234 292.9163131713867 429.3672561645508
0 0.0172 108.88887023925781 518.6346435546875 148.29656219482422 551.4753723144531
0 0.0168 224.14937591552734 191.59423828125 252.47098541259768 238.36902618408203
0 0.0157 -26.94130086898802 612.9740524291992 24.335320949554458 637.1102523803711
0 0.0153 283.92194366455084 310.54771423339844 312.7477035522461 359.3055725097656
0 0.0151 293.79136657714844 460.5794906616211 322.9097900390625 509.42821502685547
0 0.0145 -67.29576492309569 153.23758602142334 -15.349611282348619 176.84908390045166
0 0.0144 182.4468002319336 103.41712951660156 234.8808441162109 126.67032241821289
0 0.0143 -87.11829566955564 613.1093215942383 -35.50794982910154 636.9765090942383
0 0.0139 332.2498474121094 467.2700500488281 532.25 638.75
0 0.0139 467.8924140930175 104.83681678771973 532.2499809265137 154.7470188140869
0 0.0138 28.76769638061525 408.90254974365234 68.40673065185548 441.2308120727539
0 0.0134 -106.49999999999997 118.34944725036621 -71.81311273574828 151.7360782623291
0 0.0129 219.10012817382812 158.1171751022339 258.1082305908203 191.9487428665161
0 0.0128 406.19212722778315 0.0 532.2499809265136 69.84923839569092
0 0.0126 2.9207715988159304 143.09358596801758 54.45455646514894 166.99384689331055
0 0.0119 58.6052474975586 469.2354965209961 98.55630493164064 500.9274673461914
0 0.0116 269.2982635498047 516.2526321411133 308.0551300048828 553.6680221557617
0 0.0113 254.10131072998047 201.27744674682617 282.52896881103516 248.6283302307129
0 0.0110 171.98654747009277 73.71428489685059 225.29642677307132 96.37261390686035
0 0.0108 32.390171051025405 573.4581756591797 84.93110275268556 596.6297149658203
0 0.0106 32.9872283935547 443.0363464355469 84.39706420898439 467.0496368408203
0 0.0101 213.78060913085938 132.35316276550293 263.7061462402344 157.71910667419434
0 0.0101 313.9698944091797 310.67943572998047 342.6889190673828 359.16576385498047
0 0.0101 51.68254470825196 113.90154838562012 105.57174301147461 136.184663772583
0 0.0100 -106.49999999999997 2.506875991821289 -66.16004371643065 27.56998062133789
