0 0.0763 0.0 -93.09110116958617 52.07878112792969 -70.82237672805785
0 0.0424 206.3389015197754 -2.138063430786126 263.76604080200195 18.208234786987312
0 0.0417 215.55545806884766 -21.78905677795409 274.49302673339844 -2.150156021118157
0 0.0395 55.874595642089844 -101.94033336639403 114.19958114624023 -81.9969696998596
0 0.0329 35.6801700592041 -71.8420226573944 94.37690734863281 -52.09552121162414
0 0.0314 224.84472274780273 -41.496386051177964 285.1553535461426 -22.452191829681386
0 0.0294 226.82340621948242 17.631023406982433 283.31811904907227 38.44443130493165
0 0.0254 0.0 192.88586425781247 638.75 531.75
0 0.0237 166.9973373413086 17.544172286987315 223.1578826904297 38.53294181823731
0 0.0229 0.0 -107.00000000000001 510.9122848510742 174.5149688720703
0 0.0228 155.91100692749023 -21.942417144775384 214.16231155395508 -1.9921798706054616
0 0.0220 0.0 -67.70230364799498 35.079636573791504 -36.129163026809685
0 0.0211 266.47339820861816 -2.2041435241699143 323.6423397064209 18.275325775146488
0 0.0209 165.02235412597656 -41.56621170043944 224.98924255371094 -22.379743576049794
0 0.0207 276.066370010376 -22.01633644104003 334.01923179626465 -1.9171161651611248
0 0.0199 189.23542022705078 136.2069969177246 241.124267578125 159.87837600708008
0 0.0169 167.36602783203125 107.34465408325194 222.82108306884766 128.73427200317383
0 0.0167 208.1241798400879 46.9390516281128 262.12419509887695 69.14731311798096
0 0.0159 204.37646865844727 -61.314780235290506 265.5930519104004 -42.64036846160887
0 0.0144 36.54916763305664 -52.234346389770494 93.57089042663574 -31.69275474548339
0 0.0140 215.48831939697266 161.4090232849121 254.70638275146484 194.6815376281738
0 0.0139 17.83703327178955 17.098196029663093 72.38738536834717 38.98570823669434
0 0.0137 512.6921272277832 -106.99999999999999 638.7499809265137 -37.15076160430907
0 0.0132 285.65975189208984 -41.83745574951171 344.39693450927734 -22.10104179382323
0 0.0125 511.90391540527344 22.841804504394542 638.75 122.62707519531251
0 0.0123 609.0128898620605 515.621612548828 638.7500190734863 531.7499999999999
0 0.0120 458.9833068847656 -33.59868001937865 511.34613037109375 -10.312666416168206
0 0.0113 608.4545135498047 -33.6852307319641 638.75 -10.287646770477288
0 0.0107 609.7067451477051 485.4089431762695 638.7499809265137 510.61417388916004
0 0.0106 239.76465225219727 125.82640457153319 290.65053939819336 150.25786209106445
0 0.0106 115.9947156906128 -101.99237060546875 174.08775806427002 -81.9432611465454
0 0.0105 228.51648330688477 76.70351791381836 281.7675590515137 99.38460159301758
0 0.0105 95.43218612670898 -81.74029064178465 154.60859298706055 -62.20107746124266
