0 0.0254 0.0 299.8858642578125 638.75 638.75
0 0.0229 0.0 0.0 510.9122848510742 281.5149688720703
0 0.0210 389.7210693359375 12.85287857055664 440.69068908691406 37.230730056762695
0 0.0205 512.6921272277832 0.0 638.7499809265137 69.84923839569092
0 0.0184 511.90391540527344 209.84180450439453 638.75 309.6270751953125
0 0.0182 200.08771896362305 332.54920959472656 250.36890029907227 357.52967834472656
0 0.0163 440.3179168701172 12.328286170959473 490.1720428466797 37.744460105895996
0 0.0161 511.90391540527344 89.84180450439453 638.75 189.6270751953125
0 0.0159 59.303109645843506 622.6817512512207 111.16214990615845 638.7499809265137
0 0.0152 328.8856887817383 13.46142292022705 381.4351272583008 36.6265344619751
0 0.0149 575.4707145690918 604.7563171386719 638.7500190734863 638.75
0 0.0144 179.8833465576172 302.7271556854248 230.54672241210938 327.3553943634033
0 0.0126 255.2632713317871 328.9170455932617 294.9102592468262 361.21761322021484
0 0.0124 319.12776947021484 43.29722881317139 371.21753692626953 66.79049015045166
0 0.0124 75.23751497268677 588.9730834960938 114.93370771408081 621.1664581298828
0 0.0124 129.30946350097656 622.6762199401855 181.15663528442383 638.7500190734863
0 0.0123 268.9814758300781 13.39627742767334 321.3491439819336 36.69149398803711
0 0.0120 215.46432495117188 358.4751892089844 254.72702026367188 391.6210174560547
0 0.0118 5.431976318359375 528.5525894165039 44.75596904754639 561.5502548217773
0 0.0118 345.11425018310547 69.22472953796387 385.0472640991211 100.9372615814209
0 0.0115 155.47876834869385 328.4406280517578 194.7140645980835 361.65260314941406
0 0.0111 435.6066131591797 38.10684084892273 474.6018981933594 71.95819973945618
0 0.0111 135.3965950012207 288.6324214935303 174.7880744934082 321.4773654937744
0 0.0111 185.13267517089844 618.6738777160645 225.08197784423828 638.7499809265137
0 0.0109 475.72540283203125 37.768449783325195 514.4997406005859 72.2685718536377
0 0.0107 379.6122741699219 42.93750762939453 430.7868957519531 67.14702606201172
0 0.0107 390.61309814453125 301.3503646850586 419.0147399902344 348.5677719116211
0 0.0105 0.0 622.5883293151855 51.06884956359863 638.7500190734863
