0 0.2147 500.08628845214844 -76.0094165802002 590.4000854492188 -34.12985801696777
0 0.1407 533.062572479248 -35.085830688476555 638.7500190734863 14.564046859741213
0 0.1357 615.4798126220703 -72.14025497436523 638.75 -37.81363487243653
0 0.0856 449.88513946533203 -67.27603912353516 500.5454635620117 -42.64169692993164
0 0.0742 574.3924140930176 24.836816787719723 638.7499809265137 74.74701881408691
0 0.0724 399.9467468261719 -67.32887744903563 450.4917907714844 -42.58988857269287
0 0.0683 495.8432388305664 -32.65567779541015 534.4059371948242 2.658491134643553
0 0.0537 415.8149719238281 -42.56834983825683 454.4298553466797 -7.421827316284179
0 0.0520 455.74459075927734 -42.29858398437499 494.48429107666016 -7.669858932495117
0 0.0430 220.0534439086914 -7.431867122650146 270.40096282958984 17.509896755218506
0 0.0428 488.11859130859375 17.0982551574707 572.6026153564453 83.126220703125
0 0.0413 375.7903289794922 -42.477078437805176 414.4493103027344 -7.505774497985841
0 0.0400 270.7252502441406 10.098018646240238 491.5412902832031 109.29830551147461
0 0.0397 574.3924140930176 84.83682632446289 638.7499809265137 134.74702835083008
0 0.0386 349.75276947021484 -67.16824054718018 400.6618881225586 -42.747921943664544
0 0.0371 235.7406997680664 17.699623107910156 274.48890686035156 52.33182907104492
0 0.0293 219.06871795654297 -36.66758060455322 271.2717056274414 -13.245377540588379
0 0.0292 298.8893985748291 -76.5409207344055 351.4317226409912 -53.37110519409179
0 0.0290 195.49331665039062 18.39978218078613 234.7016143798828 51.689996719360344
0 0.0274 169.33612823486328 -6.848011016845703 221.03073120117188 16.935386657714844
0 0.0266 238.34932327270508 -76.20023727416991 291.9205665588379 -53.713126182556145
0 0.0256 275.66537857055664 -22.05625534057617 314.55102920532227 12.107725143432615
0 0.0254 0.0 219.8858642578125 638.75 558.75
0 0.0235 269.61692810058594 -47.0611846446991 320.7817840576172 -22.853652238845825
0 0.0231 335.5965042114258 -41.87211036682129 374.61132049560547 -8.061065673828127
0 0.0215 65.35332918167114 348.72142791748047 104.82811689376831 381.3960647583008
0 0.0212 605.420093536377 138.56966018676755 638.7499809265137 171.5347099304199
0 0.0197 570.6741714477539 311.7808532714844 598.9412307739258 358.2206726074218
0 0.0194 177.69805908203125 -75.82798004150389 232.5152587890625 -54.089574813842766
0 0.0193 49.58769083023071 322.96173095703125 100.80758810043335 347.12371826171875
0 0.0185 235.88871002197266 57.11814403533936 274.37522888183594 92.86686420440674
0 0.0177 25.26155948638916 358.9226913452148 64.91163730621338 391.21242523193354
0 0.0174 565.8326721191406 137.38555908203125 604.4140625 172.62054443359375
0 0.0170 158.25802326202393 -36.14193916320801 212.00278759002686 -13.771314620971678
0 0.0166 560.6325149536133 191.4762306213379 588.9912796020508 238.46433639526367
0 0.0159 105.30790328979492 338.82820129394526 144.8687744140625 371.29859924316406
0 0.0155 155.3757095336914 18.675575256347656 194.8073959350586 51.437931060791016
0 0.0155 185.77713012695312 137.59742736816403 224.45724487304688 172.4256896972656
0 0.0154 5.33784031867981 318.7650680541992 44.84126925468445 351.35623931884766
0 0.0150 29.291517734527588 293.18328857421875 81.07070684432983 316.9041442871094
0 0.0150 510.60436248779297 191.30233764648438 539.0253067016602 238.60874176025388
0 0.0149 195.74705123901367 57.69491672515869 234.48213577270508 92.33609676361084
0 0.0144 99.85193252563477 312.75245666503906 150.57439804077148 337.33039855957026
0 0.0140 609.2523193359375 202.77376174926758 638.75 227.25400924682617
0 0.0139 410.4607391357422 110.64554214477538 439.20005798339844 159.19816970825195
0 0.0139 600.7145690917969 312.1098327636718 628.8928985595703 357.9638671875
0 0.0137 540.5259323120117 80.88552474975586 569.1204452514648 128.96821975708008
0 0.0135 380.4607391357422 110.64004898071289 409.20005798339844 159.2017936706543
0 0.0133 609.3344306945801 172.71018981933594 638.7499809265137 197.31689453125
0 0.0129 225.83759307861328 137.37482070922852 264.4095230102539 172.6304054260254
0 0.0127 55.277535915374756 388.8825225830078 94.89763498306274 421.24908447265625
0 0.0126 5.404165983200073 398.61656188964844 44.78108525276184 431.4917755126953
0 0.0124 540.7107543945312 312.0894241333007 568.8974761962891 357.9812240600586
0 0.0124 195.70219039916992 97.83329010009764 234.5198631286621 132.20905303955078
0 0.0122 150.6453514099121 141.56171798706052 178.97581100463867 188.39460372924802
0 0.0121 79.40448999404907 283.101692199707 130.96986532211304 306.98528289794916
0 0.0120 350.4899597167969 110.74163436889648 379.1642761230469 159.1025733947754
0 0.0119 480.63865661621094 191.53202056884766 508.98399353027344 238.42132568359375
0 0.0118 195.69379806518555 177.8561019897461 234.5271873474121 212.18814849853516
0 0.0115 530.5871963500977 131.1954307556152 559.0460586547852 178.697452545166
0 0.0114 320.6751251220703 351.7827606201172 348.94004821777344 398.2183837890625
0 0.0113 29.124774932861328 263.2991027832031 81.22029304504395 286.78855895996094
0 0.0113 235.87007522583008 97.22366333007811 274.3866539001465 132.76958465576172
0 0.0112 575.4707145690918 524.7563171386718 638.7500190734863 558.75
0 0.0112 120.66333770751953 151.696662902832 148.95421981811523 198.28720092773438
0 0.0112 500.55469512939453 141.0207366943359 529.0854263305664 188.84769439697266
0 0.0111 479.98157501220703 322.6447296142578 530.4607009887695 347.4363708496094
0 0.0111 145.24033069610596 338.9657592773437 184.93125438690186 371.1731719970703
0 0.0111 440.4983139038086 110.78289031982422 469.15416717529297 159.0662384033203
0 0.0110 265.85235595703125 137.3084259033203 304.39891815185547 172.69153594970703
0 0.0109 609.2400932312012 232.7834320068359 638.7500190734863 257.24449157714844
0 0.0107 565.6171798706055 238.08516502380365 604.5920181274414 271.9780826568603
0 0.0107 565.4240417480469 358.5678482055664 604.7634124755859 391.53629302978516
0 0.0105 0.0 -80.0 161.92270278930664 3.840036392211914
0 0.0104 290.6891441345215 351.8975830078125 318.923282623291 398.1287384033203
0 0.0103 410.6917953491211 331.91257476806635 438.9200973510742 378.1161117553711
0 0.0102 79.28149223327637 243.18405151367185 131.08101844787598 266.90254211425776
0 0.0102 29.35828924179077 33.13165664672852 81.0118317604065 56.955032348632805
0 0.0102 235.70093154907227 177.83512115478513 274.52112197875977 212.2073745727539
0 0.0101 90.70114135742188 171.99626922607422 118.90892028808594 218.05183410644528
0 0.0101 320.56888580322266 131.09683990478513 349.0682601928711 178.78223419189453
0 0.0100 470.5622863769531 131.0654830932617 499.07630920410156 178.81004333496094
0 0.0100 485.65834045410156 357.97428131103516 524.5560455322266 392.0796585083007
