0 0.1741 157.28784561157227 -35.199366092681856 253.22282791137695 -0.5956892967223841
0 0.1622 237.36238479614258 1.350175857543974 292.82358169555664 22.729265213012724
0 0.1330 177.0567512512207 1.509668350219755 233.10422897338867 22.567312240600614
0 0.1292 138.21674346923828 -76.3703815937042 232.2713851928711 -39.53785586357114
0 0.1139 257.65899658203125 -28.80279350280759 312.55016326904297 -7.114484786987276
0 0.1067 217.42855072021484 31.32213783264163 272.76126861572266 52.75890541076662
0 0.0919 97.57867813110352 -38.76031208038327 152.6240348815918 -17.15775775909421
0 0.0865 157.09296703338623 31.4930171966553 213.0704927444458 52.58455467224124
0 0.0861 77.51104593276978 -68.72878360748288 132.6871657371521 -47.19054985046384
0 0.0857 277.6540279388428 21.197998046875025 332.5551700592041 42.88439941406253
0 0.0708 117.53689289093018 1.2633914947510057 172.66204357147217 22.818395614624052
0 0.0601 48.079588413238525 -19.03811264038083 102.16550588607788 3.123800277709989
0 0.0596 37.37399101257324 -48.65008163452145 92.81158447265625 -27.26948547363278
0 0.0581 48.85448217391968 20.486700057983427 101.46221399307251 43.6019153594971
0 0.0552 316.9109058380127 161.57580566406253 373.24023246765137 182.49865722656256
0 0.0529 237.80010223388672 -58.88016033172604 292.4209213256836 -37.036030769348116
0 0.0505 257.1929931640625 51.439821243286154 312.9789352416992 72.63836097717288
0 0.0490 296.0019588470459 182.00841140747073 354.08005714416504 202.05670547485354
0 0.0485 286.64502143859863 141.7119140625 343.48422050476074 162.3607940673828
0 0.0469 126.7402458190918 171.66461181640628 183.39654922485352 192.40889739990237
0 0.0451 107.77916431427002 131.12517547607425 162.44147777557373 152.95752716064453
0 0.0444 98.3369255065918 40.81341934204104 151.93048477172852 63.27407073974612
0 0.0441 256.4207458496094 161.81798171997073 313.6916732788086 182.25220870971683
0 0.0439 0.0 29.729377746582056 50.54405212402344 54.35364913940432
0 0.0415 197.72640228271484 61.15803909301759 252.4889373779297 82.92485427856448
0 0.0414 257.0066452026367 121.53765869140628 313.1497573852539 142.53924560546878
0 0.0404 17.55051612854004 -78.74707031249997 72.65029907226562 -57.17150974273678
0 0.0403 156.61972045898438 191.72412109375003 213.50757598876953 212.34832000732425
0 0.0391 108.58816146850586 100.65037918090823 161.7044448852539 123.43674850463871
0 0.0385 236.3648796081543 181.8465347290039 293.74277114868164 202.22338867187503
0 0.0384 368.2571792602539 140.85471343994143 422.00443267822266 163.2314605712891
0 0.0377 217.73597717285156 141.15676116943362 272.47928619384766 162.9267807006836
0 0.0365 55.09987831115723 46.25348758697513 95.0605297088623 77.911078453064
0 0.0360 0.0 -0.007646560668916329 50.83469867706299 24.094182968139673
0 0.0359 307.33302116394043 -8.629205703735321 362.84939765930176 12.709180831909208
0 0.0347 296.07386589050293 201.97859954833987 354.01272773742676 222.08777618408206
0 0.0342 5.336489677429199 55.76653194427493 44.84265327453613 88.35488986968996
0 0.0335 256.8323516845703 91.62377548217776 313.310546875 112.45133590698245
0 0.0329 128.40198040008545 70.77250671386722 181.87172412872314 93.31500244140626
0 0.0326 197.57146835327148 111.24705505371095 252.62983322143555 132.8353424072266
0 0.0318 317.244234085083 111.41226959228517 372.9320812225342 132.66619873046875
0 0.0312 96.92572593688965 191.57897186279297 153.2241153717041 212.49728393554688
0 0.0297 216.4061164855957 201.82667922973636 273.704776763916 222.24362564086917
0 0.0287 368.4746551513672 180.71896743774417 421.8077850341797 203.36751174926758
0 0.0283 126.7588996887207 211.66012954711917 183.37823867797852 232.41429519653323
0 0.0278 126.8153190612793 261.63314056396484 183.3260154724121 282.44193267822266
0 0.0277 59.55050468444824 79.99194335937503 110.84019660949707 104.09403991699222
0 0.0265 164.33792114257812 137.55387496948245 205.77991485595703 166.732723236084
0 0.0265 5.27928352355957 95.88931274414065 44.89497661590576 128.2428665161133
0 0.0254 0.0 216.8858642578125 638.75 555.75
0 0.0249 64.95206594467163 106.52989578247073 105.19867181777954 137.6597709655762
0 0.0247 296.81422233581543 71.63062286376957 353.32776069641113 92.44399261474612
0 0.0234 0.0 -29.976189613342253 40.87466239929199 -5.937254905700655
0 0.0227 186.28562927246094 221.8827648162842 243.81629943847656 242.18620491027832
0 0.0222 68.19305419921875 160.89549255371094 122.06214904785156 183.19079589843753
0 0.0216 296.84505462646484 -48.381779670715304 353.2986831665039 -27.542880058288546
0 0.0215 277.0993137359619 -78.51364898681636 333.0654048919678 -57.40924167633053
0 0.0207 156.43768310546875 241.81353759765628 213.67515563964844 262.2574157714844
0 0.0207 316.68128967285156 221.6923542022705 373.45115661621094 242.3803539276123
0 0.0203 378.27293395996094 110.84199142456058 431.9908142089844 133.24376296997073
0 0.0197 137.94574737548828 291.041748046875 192.28694915771484 313.0436248779297
0 0.0196 608.9929962158203 39.96340942382815 638.75 64.06542968750003
0 0.0192 316.93572998046875 41.57159042358401 373.2154846191406 62.504398345947294
0 0.0183 96.83163642883301 241.62387084960943 153.3112621307373 262.4512023925781
0 0.0169 609.0791320800781 69.90260314941409 638.75 94.12612152099612
0 0.0166 256.21545791625977 221.9166870117188 313.8809013366699 242.15171051025393
0 0.0164 419.5669937133789 159.9749870300293 470.82645416259766 184.11027145385745
0 0.0162 608.9260864257812 10.009023666381863 638.75 34.019739151001005
0 0.0161 0.0 129.72241592407232 50.53852558135986 154.36032485961917
0 0.0151 512.6921272277832 -82.99999999999997 638.7499809265137 -13.150761604309054
0 0.0151 167.72180557250977 321.16603088378906 222.4919319152832 342.91766357421875
0 0.0149 186.45170211791992 261.8068618774414 243.66220474243164 282.2641677856446
0 0.0148 609.0382194519043 189.93136596679688 638.7500190734863 214.09739685058597
0 0.0142 358.5567855834961 330.6753845214844 411.73168182373047 353.41242980957037
0 0.0140 429.28897857666016 130.18620681762698 481.0727310180664 153.90141677856448
0 0.0138 357.98851013183594 81.01084899902347 412.24937438964844 103.0737991333008
0 0.0137 378.3172607421875 210.81465911865234 431.95068359375 233.2712097167969
0 0.0133 608.9713287353516 539.6538276672362 638.75 555.7499809265137
0 0.0132 608.9773559570312 159.97378540039065 638.75 184.05501556396484
0 0.0132 608.9753723144531 219.9741382598877 638.75 244.05447196960452
0 0.0129 337.0883560180664 251.4906997680664 393.0758285522461 272.5861282348633
0 0.0127 299.3190860748291 340.1626510620117 351.04628562927246 363.9245529174805
0 0.0127 609.0352058410645 99.93266296386722 638.7499809265137 124.09598541259767
0 0.0117 358.05870056152344 290.9727783203125 412.18482971191406 313.1125946044922
0 0.0117 608.9572334289551 129.98742294311523 638.7499809265137 154.0413398742676
0 0.0113 217.5082778930664 341.27841186523443 272.68836975097656 362.8030700683594
0 0.0112 118.41590404510498 340.7560653686523 171.8608522415161 363.3303756713867
0 0.0111 216.3855743408203 241.83669281005862 273.7236785888672 262.23342132568365
0 0.0110 308.29029083251953 310.83808135986334 361.9736099243164 333.24874114990234
0 0.0107 377.49889373779297 51.28379058837893 432.6968765258789 72.79769134521487
0 0.0104 306.41658782958984 271.82074737548834 363.6953353881836 292.24951934814453
0 0.0103 196.68001174926758 291.69818115234375 253.4511375427246 312.37536621093756
0 0.0102 276.2134838104248 241.91336822509763 333.88379096984863 262.15438079833984
0 0.0102 346.93912506103516 11.569091796875028 403.2125473022461 32.50680160522464
