0 0.0975 272.97717332839966 98.61017549037935 313.25268745422363 117.27069103717803
0 0.0962 84.39147472381592 130.55963599681854 126.73337757587433 147.8196212053299
0 0.0755 83.90067145228386 107.39055061340333 127.18303874135017 124.10989189147949
0 0.0730 76.94453001022339 153.77575689554214 118.58914792537689 171.47963279485703
0 0.0708 272.50516414642334 75.49893641471863 313.67599964141846 93.50782418251038
0 0.0519 274.61302280426025 118.59150016307832 327.31908559799194 144.10285437107086
0 0.0514 233.87852311134338 90.82105541229248 274.22305941581726 109.43457269668579
0 0.0469 68.90162825584412 177.35209846496582 110.98605394363403 194.77733755111694
0 0.0438 233.2683503627777 59.98010718822479 274.77219700813293 77.77558052539825
0 0.0402 83.95189419388771 83.92449998855592 127.13631615042686 100.70115113258362
0 0.0396 234.15403813123703 114.04868745803833 273.9787772297859 133.07982468605044
0 0.0374 124.2239661514759 145.70408844947815 165.09846970438957 163.92719531059265
0 0.0365 131.86226785182953 122.37982237339021 173.0683594942093 140.37610375881195
0 0.0350 280.08392453193665 52.20606708526611 321.70072197914124 69.92465043067932
0 0.0325 233.14083367586136 36.61781334877015 274.88862723112106 54.2619206905365
0 0.0305 316.2522315979004 96.0308440923691 347.9207158088684 119.9492939710617
0 0.0297 37.91121952235699 114.6966495513916 79.4998724013567 132.43406796455383
0 0.0280 76.46366953849792 60.30986988544465 119.0267950296402 77.44325482845306
0 0.0265 194.65848803520203 106.55095958709718 235.30292510986328 124.9541916847229
0 0.0256 319.2794620990753 75.55925631523132 360.6429398059845 93.44669961929321
0 0.0255 68.78918409347534 36.79407918453217 111.08821630477905 54.08493959903718
0 0.0254 0.0 150.785831451416 499.0234375 415.52343749999994
0 0.0243 38.0660742521286 138.03542935848236 79.35991883277893 155.97052657604218
0 0.0233 194.75360214710236 83.05251383781435 235.21648347377777 101.57820367813112
0 0.0230 131.6564530134201 99.0709193944931 173.25498163700104 116.80926167964935
0 0.0223 225.16530752182007 13.279063344001777 267.22416281700134 30.725074648857124
0 0.0217 217.24333614110947 -17.90544605255126 259.5110908150673 -0.590788483619681
0 0.0213 186.55698001384735 59.88047802448273 227.74820029735565 77.8762229681015
0 0.0209 21.753765642642975 44.697789192199714 64.35970216989517 61.80521631240845
0 0.0206 37.965744733810425 91.2243106365204 79.45064455270767 109.03146648406982
0 0.0205 178.8596212863922 130.1153131723404 219.83233094215393 148.26617920398712
0 0.0205 61.664290726184845 200.4276194572449 102.65301913022995 218.57812786102292
0 0.0193 186.04587018489838 36.75686725974084 228.21198403835297 54.12298598885537
0 0.0192 116.80037900805473 168.86377120018005 156.93848207592964 187.64102244377136
0 0.0179 29.414497315883636 21.34362393617631 72.31121510267258 38.28321927785874
0 0.0179 280.26461601257324 28.654286354780208 321.5372562408447 46.60184839367867
0 0.0179 436.7450773715973 75.378892660141 477.57914662361145 93.62759971618652
0 0.0169 29.79499101638794 161.75096267461777 71.96421176195145 179.12793689966202
0 0.0163 29.859138652682304 67.96738290786745 71.9048697501421 85.41244053840639
0 0.0157 303.9952516555786 -83.49999999999999 499.0234375 26.424055635929115
0 0.0152 147.50434458255768 75.49530053138734 188.6776238679886 93.51086401939392
0 0.0151 436.58727407455444 98.91715431213379 477.72216796875 116.96371221542358
0 0.0150 217.156320810318 -41.29277011752127 259.59041714668274 -24.07895615696906
0 0.0149 264.8649513721466 -18.369587421417226 305.70921301841736 -0.124203324317923
0 0.0149 0.0 328.98160600662226 27.012554928660393 355.623272895813
0 0.0149 389.88184928894043 59.744639039039626 430.6938648223877 78.01164472103119
0 0.0144 76.64213329553604 13.331873059272773 118.86411160230637 30.672190427780155
0 0.0142 21.623166278004646 185.39255642890927 64.47976641356945 202.3591377735138
0 0.0142 272.5762128829956 5.136673986911782 313.61258029937744 23.244699180126197
0 0.0141 327.27333903312683 52.0029046535492 368.2919442653656 70.1281406879425
0 0.0139 327.60655879974365 122.08907091617584 367.99222230911255 140.6669148206711
0 0.0134 218.50335597991943 137.50165486335754 258.37740302085876 156.50146985054016
0 0.0133 115.85946008563042 44.489158034324646 157.78597071766853 62.01548659801484
0 0.0132 13.773947954177856 -2.0838401317596342 56.70010298490524 14.835802555084237
0 0.0131 3.9213448762893677 119.16340672969818 35.26200354099274 143.6636575460434
0 0.0128 178.180530667305 13.348897635936744 220.44791281223297 30.65547877550126
0 0.0126 436.6898536682129 51.97775149345398 477.62900590896606 70.15365147590637
0 0.0122 4.347123205661774 282.30416560173035 34.87337380647659 308.5671641826629
0 0.0120 171.3847666978836 153.31771755218506 211.71720325946808 171.93802976608276
0 0.0115 475.78608989715576 402.92706871032715 499.0234375 415.52343749999994
0 0.0115 3.9631277322769165 87.83311927318573 35.223156213760376 112.48667323589326
0 0.0113 0.0 402.9623546600341 39.96485471725464 415.52343749999994
0 0.0110 397.66088128089905 36.329237461090095 438.53655457496643 54.552016496658325
0 0.0109 170.21696269512177 -17.81505560874938 212.77333796024323 -0.6815216541290201
0 0.0109 13.768602162599564 -25.518680274486528 56.7050538957119 -8.604431807994834
0 0.0108 46.440742909908295 402.87264966964716 86.75002306699753 415.5234375
0 0.0105 436.3029897212982 122.53547990322113 477.97927260398865 140.21982038021088
0 0.0104 264.8177742958069 -41.77457308769225 305.7514429092407 -23.594083547592152
0 0.0104 0.0 17.72665390372277 27.51263976097107 41.986914068460464
0 0.0100 389.8767828941345 83.18578982353212 430.69833517074585 101.44555354118347
