0 0.1433 -54.35876846313476 398.00548553466797 -15.42755126953125 432.0511245727539
0 0.1358 -54.77684020996093 438.99078369140625 -15.051879882812498 471.1503601074219
0 0.1262 -54.284725189208984 357.7950668334961 -15.49131393432617 392.24414825439453
0 0.1204 -61.032297611236565 473.3998107910156 -8.637254238128662 496.6871643066406
0 0.1161 -94.48530435562134 388.34434509277344 -55.317132472991936 421.74072265625
0 0.0996 -94.80188369750977 429.0452575683594 -55.02910614013671 461.10076904296875
0 0.0959 -94.4733738899231 348.3180618286133 -55.328052043914795 381.7647933959961
0 0.0941 78.06087493896483 3.9707136154174805 132.18303680419922 26.11456871032715
0 0.0900 -54.352397918701165 317.99351692199707 -15.433616638183596 352.06210136413574
0 0.0889 18.909397125244144 3.450007438659668 71.4128303527832 26.638565063476562
0 0.0888 -14.29635524749756 397.82520294189453 24.518980979919434 432.2165298461914
0 0.0873 -61.7273736000061 503.8396453857422 -8.008344173431398 526.2457275390625
0 0.0845 7.409248352050781 474.3291473388672 62.77973175048828 495.7512664794922
0 0.0833 -14.255981445312496 357.7138900756836 24.483795166015625 392.31868743896484
0 0.0822 -14.922194480895996 439.2820358276367 25.082488059997555 470.88512420654297
0 0.0766 87.76998519897461 34.13673520088196 142.44844436645508 55.94688296318054
0 0.0765 16.556587219238285 504.7581100463867 73.56498718261719 525.3142166137695
0 0.0738 25.588951110839844 358.16123962402344 64.61662292480467 391.90834045410156
0 0.0737 137.59986877441406 14.225645065307617 192.60520935058594 35.85606575012207
0 0.0729 105.52366256713867 238.31632614135742 144.67546463012695 271.7663764953613
0 0.0722 27.75062561035156 444.1383361816406 82.46822357177733 465.9437561035156
0 0.0717 90.23494720458984 272.4139213562012 140.24188995361325 297.6617622375488
0 0.0703 -134.22276496887207 387.6002883911133 -95.54313182830809 422.42305755615234
0 0.0701 85.64125061035155 338.01002502441406 124.57199096679686 372.0469665527344
0 0.0685 -50.55191040039063 13.065323829650879 0.9319114685058599 37.02085018157959
0 0.0685 25.4970932006836 398.36536407470703 64.70069885253906 431.7215347290039
0 0.0667 10.194377899169924 332.4531555175781 60.276546478271484 357.62367248535156
0 0.0660 145.41897773742676 238.56195449829102 184.76969718933105 271.5417671203613
0 0.0651 -62.32952117919921 534.183235168457 -7.45859146118164 555.8983993530273
0 0.0642 36.58111572265624 524.7483062744141 93.5418701171875 545.3246307373047
0 0.0633 90.56232452392578 302.07576751708984 139.96559143066403 327.98885345458984
0 0.0625 50.074710845947266 242.5537872314453 100.3816032409668 267.52445220947266
0 0.0611 -134.22386169433594 347.60631561279297 -95.54245948791504 382.41748809814453
0 0.0607 25.459880828857422 298.4768295288086 64.73188400268555 331.6195297241211
0 0.0606 140.06065368652344 272.57436752319336 190.39218902587888 297.5052070617676
0 0.0592 -94.58699226379395 308.5900020599365 -55.22628784179686 341.51612281799316
0 0.0579 87.97384262084961 64.02133703231812 142.26228713989255 86.06352090835571
0 0.0579 40.28392791748047 272.369384765625 90.19947052001953 297.7053451538086
0 0.0574 125.64832687377928 337.99137115478516 164.56575393676758 372.0640182495117
0 0.0570 -14.403324127197264 298.14064025878906 24.60988998413086 331.9272232055664
0 0.0562 28.82251739501953 33.50539207458496 81.4915084838867 56.58287048339844
0 0.0555 -62.69406318664551 564.3807983398438 -7.124795913696288 585.6983184814453
0 0.0549 100.02782821655272 372.59105682373047 150.42314529418945 397.4875259399414
0 0.0548 100.92342376708983 211.57386779785156 149.68292236328125 238.46424102783203
0 0.0535 75.73541641235352 505.1302719116211 134.32649612426758 524.9322891235352
0 0.0534 -134.34125781059265 427.96520233154297 -95.44350743293762 462.08805084228516
0 0.0532 -54.432363510131836 278.2058525085449 -15.363569259643553 311.86750411987305
0 0.0530 -2.30438232421875 544.178466796875 52.51632690429687 565.9046936035156
0 0.0529 17.742009162902832 574.1460800170898 72.4754285812378 595.936393737793
0 0.0522 66.31425857543945 484.86705780029297 123.79037857055664 505.2018356323242
0 0.0520 185.34584045410156 238.73519897460938 224.83520507812497 271.3835144042969
0 0.0517 -105.26489734649658 469.9106216430664 -64.59700107574463 500.31436920166016
0 0.0511 198.11836242675784 3.93585205078125 252.13096618652344 26.1495304107666
0 0.0502 148.02535057067868 43.989830017089844 202.2157382965088 66.09504699707031
0 0.0489 145.53231239318848 298.30821990966797 184.6664333343506 331.7737579345703
0 0.0472 -9.449992179870607 272.0905303955078 39.975619316101074 297.97473907470703
0 0.0471 119.04790878295897 403.3450698852539 171.29072189331055 426.7417526245117
0 0.0467 95.87463378906249 525.0715255737305 154.19662475585938 544.9930953979492
0 0.0467 50.342826843261726 212.29534149169922 100.15247344970702 237.7756118774414
0 0.0454 -34.73273277282715 38.91241908073425 4.9062252044677725 71.22178196907043
0 0.0454 0.2053022384643549 242.44476318359375 50.266804695129395 267.6320266723633
0 0.0452 65.35400390625 398.71131896972656 104.82837677001952 431.40533447265625
0 0.0448 165.565824508667 348.2195281982422 204.63719367980957 381.8549346923828
0 0.0438 67.12196350097656 544.4835662841797 123.04256439208982 565.5950927734375
0 0.0433 -71.62830352783203 593.7881469726562 -18.10018539428711 616.298828125
0 0.0428 77.67307281494139 574.1891098022461 132.5373840332031 595.893669128418
0 0.0426 150.81656455993652 211.75304412841797 199.761209487915 238.29647064208984
0 0.0424 190.45261383056643 272.1858215332031 240.0590133666992 297.8819274902344
0 0.0409 28.569602966308594 63.66588830947876 81.72039031982422 86.42173528671265
0 0.0408 135.8377170562744 505.084228515625 194.23178672790525 524.9793243408203
0 0.0406 18.478569984436035 603.7232208251953 71.80272579193114 626.3642120361328
0 0.0396 -134.28696513175964 307.81185150146484 -95.49038052558899 342.2287368774414
0 0.0396 185.57926177978516 298.180456161499 224.62574005126947 331.89080238342285
0 0.0393 87.57907867431639 454.23168182373047 142.6254653930664 475.84911346435547
0 0.0380 115.74642181396484 177.69453048706055 154.48291778564453 212.33648300170898
0 0.0375 126.11724853515624 484.9569320678711 183.9730072021484 505.1095962524414
0 0.0355 78.57345581054686 603.6675262451172 131.7160415649414 626.4206695556641
0 0.0351 156.41426086425778 524.8245620727539 213.69682312011716 545.2460861206055
0 0.0347 225.5765914916992 238.18790435791016 264.62802886962885 271.88392639160156
0 0.0341 -111.57198905944823 13.752546310424805 -58.15101623535157 36.33448600769043
0 0.0340 5.342845916748046 208.74883651733398 44.83724594116211 241.37102127075195
0 0.0340 138.08863639831543 433.9413070678711 192.16069221496582 456.1421585083008
0 0.0334 -121.56872749328613 503.74691009521484 -68.15318107604982 526.3396072387695
0 0.0329 170.12756347656247 382.50606536865234 220.33592224121094 407.5710678100586
0 0.0325 -44.45614814758301 238.27329635620117 -5.343198776245115 271.8057441711426
0 0.0313 75.58324813842773 178.1688690185547 114.62236404418945 211.90135955810547
0 0.0308 78.23749542236327 93.8687801361084 132.02178955078125 116.21766090393066
0 0.0307 138.25889587402344 593.8581848144531 192.00183868408203 616.2286376953125
0 0.0305 146.90796852111816 464.57733154296875 203.24294090270996 485.49713134765625
0 0.0305 205.5167007446289 338.3409881591797 244.68090057373047 371.7437744140625
0 0.0305 155.52501678466794 178.32073211669922 194.67350006103516 211.76231384277344
0 0.0301 -94.74340200424193 268.9318656921387 -55.083696842193596 301.20405197143555
0 0.0296 126.75667762756348 544.6623229980469 183.3799648284912 565.4122161865234
0 0.0295 -75.0914192199707 39.60610389709473 -34.760284423828125 70.5905818939209
0 0.0292 208.6841583251953 33.59387278556824 261.6166687011718 56.49406552314758
0 0.0289 -139.99999999999997 468.4811782836914 -105.2627658843994 501.61556243896484
0 0.0289 148.40804100036618 73.76363754272461 201.86738014221189 96.32316589355469
0 0.0286 -122.19210624694824 534.1135406494141 -67.58577346801758 555.9700012207031
0 0.0278 -122.33786582946776 574.197883605957 -67.45325088500977 595.8852005004883
0 0.0277 -71.05181694030762 622.9574584960938 -18.52383613586426 638.75
0 0.0273 449.0228271484375 13.36470365524292 498.75 36.72253370285034
0 0.0263 109.95330810546876 152.66839981079102 160.4854965209961 177.4131202697754
0 0.0261 196.51672363281253 504.7737121582031 253.60267639160153 525.2976989746094
0 0.0261 225.78350067138672 297.57171630859375 264.45247650146484 332.44930267333984
0 0.0257 200.38272857666016 212.2694969177246 250.11577606201172 237.80206680297852
0 0.0255 20.127334594726562 182.51285552978516 70.33477783203125 207.56515502929688
0 0.0254 -139.99999999999997 299.8858642578125 498.74999999999994 638.75
0 0.0244 -44.64601516723633 78.72075080871582 -5.172557830810546 111.39668464660645
0 0.0240 167.913236618042 564.052848815918 222.31831550598145 586.0312271118164
0 0.0236 189.0316009521484 613.3595657348633 241.30470275878906 636.7277908325195
0 0.0235 99.05639648437499 123.35042953491211 151.28074645996094 146.73797607421875
0 0.0232 258.04046630859375 3.9840102195739746 312.20130920410156 26.10137701034546
0 0.0231 189.29420471191403 413.1718063354492 241.07032775878906 436.9143295288086
0 0.0229 -139.99999999999997 0.0 370.9122848510742 281.5149688720703
0 0.0222 265.56453704833984 228.21977615356445 304.638557434082 261.85476303100586
0 0.0221 -139.99999999999997 268.17617416381836 -105.36799430847167 301.8947410583496
0 0.0219 18.901138305664066 93.45659255981445 71.4200210571289 116.63213729858398
0 0.0218 49.83530044555663 152.76662826538086 100.58889389038086 177.3164939880371
0 0.0217 159.08999443054196 143.32712650299072 211.25065803527832 166.7611837387085
0 0.0213 -34.44725036621093 198.2536506652832 4.6486473083496085 231.82371139526367
0 0.0210 225.47416687011716 378.4386444091797 264.71946716308594 411.6545104980469
0 0.0206 148.63594055175778 103.62377166748047 201.66042327880857 126.4639663696289
0 0.0206 39.280338287353516 123.19461822509766 91.07999801635744 146.89332962036133
0 0.0203 245.61199188232422 338.0955123901367 284.5969009399414 371.9685745239258
0 0.0199 195.25543212890625 178.93810272216797 234.9169921875 211.19834899902344
0 0.0197 -34.38027381896973 118.07649612426758 4.589967727661133 151.98598861694336
0 0.0193 -130.7213258743286 603.1968688964844 -78.91873359680174 626.8912506103516
0 0.0191 249.2623519897461 613.1929016113281 301.09912872314453 636.8930816650391
0 0.0191 240.97274780273435 271.50333404541016 289.64439392089844 298.53111267089844
0 0.0187 -29.325695037841797 151.77722930908203 -1.0589408874511699 198.2229232788086
0 0.0185 5.477619171142577 148.44146728515625 44.71529006958008 181.6518783569336
0 0.0183 217.3828125 534.3440246582031 272.8038024902344 555.7363128662109
0 0.0182 198.18428039550778 443.8920211791992 252.07206726074216 466.1929702758789
0 0.0180 128.8255214691162 623.045482635498 181.5858554840088 638.7500190734863
0 0.0179 469.39422607421875 582.6714706420898 498.75 607.3561477661133
0 0.0178 -84.78986978530884 229.02610778808594 -45.040738582611084 261.1181640625
0 0.0176 207.2463989257812 474.4073486328125 262.930908203125 495.67054748535156
0 0.0172 204.8381423950195 59.73442077636719 245.3055953979492 90.4741096496582
0 0.0170 249.8708343505859 202.73744583129883 300.5577087402344 227.34521865844727
0 0.0169 218.60065460205075 583.6464309692383 271.6923141479492 606.4413070678711
0 0.0168 468.9875793457031 622.6417541503906 498.75 638.75
0 0.0163 -140.0 38.70483875274658 -105.17866134643555 71.4112138748169
0 0.0161 -100.97572326660156 73.36671590805054 -48.68921279907226 96.72094583511353
0 0.0159 -74.79148864746094 109.02902603149414 -35.0391960144043 141.1155128479004
0 0.0159 265.7386016845703 297.72664070129395 304.48875427246094 332.30692863464355
0 0.0156 317.96241760253906 4.024612903594971 372.27348327636713 26.059694290161133
0 0.0150 388.7097930908203 3.5792899131774902 441.59309387207037 26.508958339691162
0 0.0148 -19.186925888061523 603.1317901611328 8.776311874389648 638.75
0 0.0142 -59.27956581115723 152.17100143432617 -31.11405372619629 197.91810989379883
0 0.0140 -140.0 98.47174644470215 -105.26754856109619 131.62421226501465
0 0.0138 -139.2954158782959 222.0382308959961 -111.09510898590088 268.02101135253906
0 0.0132 -139.29473638534543 132.04383850097656 -111.0959243774414 178.01666259765625
0 0.0132 285.51506042480463 338.34712982177734 324.6821594238281 371.73816680908203
0 0.0128 268.8014602661133 33.519415855407715 321.5104293823242 56.56886577606201
0 0.0119 219.27566528320315 153.19542407989502 271.0847473144531 176.8921995162964
0 0.0119 -90.18125534057617 202.77313232421875 -39.39512252807618 227.3092269897461
0 0.0118 371.9039154052734 49.84180450439453 498.74999999999994 149.6270751953125
0 0.0117 -140.0 178.28302383422852 -105.33290386199951 211.79689407348633
0 0.0117 244.98252868652344 59.47338104248047 285.1702117919922 90.71112632751465
0 0.0116 -139.22467231750488 0.0 -111.17927551269531 37.51852989196777
0 0.0115 309.5096206665039 613.0119705200195 360.8787155151367 637.0727920532227
0 0.0114 209.0645980834961 123.34173202514648 261.27407073974604 146.74623489379883
0 0.0110 209.04079437255857 93.35620880126953 261.2958145141601 116.73152923583984
0 0.0106 -104.84860897064209 139.14814472198486 -64.98682498931883 171.00696086883545
0 0.0101 290.95760345458984 261.53345108032227 339.65465545654297 288.50317001342773
0 0.0101 265.5458450317383 378.2731628417969 304.65457916259766 411.8058776855469
