0 0.0374 336.94984436035156 217.56317901611325 393.20274353027344 238.51273345947266
0 0.0341 17.368450164794922 227.35115814208982 72.81704902648926 248.7289505004883
0 0.0294 347.1257019042969 187.47500228881836 403.0406951904297 208.60266494750974
0 0.0271 277.18945503234863 217.44408416748044 332.981595993042 238.63442230224607
0 0.0254 16.942429542541504 257.5701217651367 73.20884227752686 278.5062484741211
0 0.0254 0.0 192.88586425781247 638.75 531.75
0 0.0253 17.819037437438965 197.10724639892578 72.40406513214111 218.97637176513672
0 0.0229 0.0 -107.00000000000001 510.9122848510742 174.5149688720703
0 0.0217 287.2866439819336 187.3934631347656 342.89234161376953 208.68588256835938
0 0.0210 357.18780517578125 157.44320678710935 412.9835510253906 178.6350326538086
0 0.0190 77.5484848022461 217.25167083740234 132.65268325805664 238.8293533325195
0 0.0172 0.0 286.68377685546875 51.73840522766113 309.4044952392578
0 0.0168 397.94883728027344 207.03246879577637 452.2858428955078 229.05175971984863
0 0.0160 512.6921272277832 -106.99999999999999 638.7499809265137 -37.15076160430907
0 0.0159 297.3343276977539 157.36946868896487 352.8483200073242 178.71041107177734
0 0.0152 407.98336029052734 177.0114974975586 462.25460052490234 199.07276916503906
0 0.0145 317.3405456542969 247.36786651611325 372.84217834472656 268.71231842041016
0 0.0137 78.18026542663574 186.89806747436523 132.0748996734619 209.18741989135742
0 0.0135 511.90391540527344 62.841804504394524 638.75 162.6270751953125
0 0.0133 357.48756408691406 127.28434371948242 412.7085876464844 148.79622268676758
0 0.0121 378.03653717041016 236.9838409423828 432.2053909301758 259.1011505126953
0 0.0121 77.07524299621582 247.50115203857425 133.0869960784912 268.57613372802734
0 0.0120 28.080177307128906 166.95626068115237 82.16615676879883 189.12865447998047
0 0.0120 227.84780502319336 197.0933895111084 282.3772621154785 218.99076271057126
0 0.0113 0.0 316.3560180664062 51.28382682800293 339.73278808593744
0 0.0113 575.4707145690918 497.7563171386718 638.7500190734863 531.75
0 0.0112 237.90048599243164 167.06232833862305 292.3294258117676 189.02197647094727
0 0.0106 138.03194046020508 216.98368835449222 192.21025466918945 239.10084533691406
0 0.0104 358.14823150634766 96.91622543334961 412.1042251586914 119.16899490356444
0 0.0103 418.3512496948242 146.7925720214844 471.92012786865234 169.29318237304688
0 0.0102 297.6070022583008 127.22256469726564 352.5984573364258 148.85933685302734
