0 0.2866 338.4458541870117 -55.18397712707518 524.0490341186523 22.24924659729005
0 0.1118 425.89141845703125 20.426326751709 464.3895721435547 56.54399490356446
0 0.0839 385.88855743408203 20.579730033874522 424.3789291381836 56.402340888977065
0 0.0756 373.0625534057617 58.41418838500978 488.19149017333984 108.06403732299805
0 0.0649 317.7426528930664 112.76664352416994 463.9835739135742 174.16011428833008
0 0.0599 587.8056526184082 127.6109275817871 638.7499809265137 149.47204208374023
0 0.0539 465.66226959228516 21.41271686553956 504.55753326416016 55.63626384735108
0 0.0509 297.7426528930664 172.7666530609131 443.9835739135742 234.1601047515869
0 0.0490 345.7805633544922 21.08175373077394 384.4548034667969 55.94006633758546
0 0.0433 587.8039741516113 97.60938262939453 638.7499809265137 119.47320556640626
0 0.0378 528.3224487304688 117.31879806518555 581.9443511962891 139.76813888549805
0 0.0357 298.83851051330566 -106.49999999999997 483.425817489624 -57.15077781677243
0 0.0349 588.1933784484863 157.39097213745117 638.7499809265137 179.6946678161621
0 0.0338 465.6296157836914 111.55017471313478 504.58133697509766 145.51013565063477
0 0.0322 340.6233215332031 64.91744613647461 369.00238037109375 112.01274490356445
0 0.0286 310.67264556884766 -34.72557449340818 338.9430618286133 11.72656631469728
0 0.0255 528.3517837524414 147.30102157592773 581.9177627563477 169.78602981567386
0 0.0238 528.5169219970703 87.1998176574707 581.7678833007812 109.88780593872072
0 0.0235 470.13267517089844 146.0003242492676 520.3317260742188 171.07658004760742
0 0.0229 0.0 250.52486038208005 510.9126281738281 532.2499809265137
0 0.0209 305.51219940185547 11.847129821777354 344.6854019165039 45.238185882568374
0 0.0203 598.4001922607422 67.2664794921875 638.75 89.81999969482423
0 0.0200 310.66967010498047 65.24814224243165 338.94664764404297 111.7468605041504
0 0.0187 489.5505142211914 56.49430847167971 540.839729309082 80.59197998046876
0 0.0167 609.4053649902344 356.16044616699224 638.75 380.8667907714844
0 0.0160 448.11859130859375 170.59827423095703 532.6026153564453 236.62622070312497
0 0.0154 18.519878387451172 217.1981201171875 71.76517486572266 239.8895416259766
0 0.0150 608.5733795166016 186.74024200439456 638.75 210.28749084472656
0 0.0143 290.5775451660156 124.64568710327148 319.0577697753906 172.2407112121582
0 0.0141 512.6921272277832 -106.49999999999997 638.7499809265137 -36.65076160430907
0 0.0138 208.11857223510742 170.59827423095703 292.60263442993164 236.62622070312497
0 0.0135 0.0 -106.49999999999997 255.4166603088379 34.204278945922866
0 0.0133 18.0615234375 187.4712905883789 72.18222618103027 209.61412048339844
0 0.0127 17.96320915222168 157.52570724487305 72.27238655090332 179.55882644653323
0 0.0124 608.9818572998047 516.1458740234375 638.75 532.25
0 0.0122 280.72227478027344 -34.317754745483384 308.88370513916016 11.408830642700208
0 0.0119 609.0396881103516 326.4313659667969 638.75 350.5975494384765
0 0.0117 0.0 126.85838317871094 51.291913986206055 150.22996520996094
0 0.0110 538.643913269043 177.12058639526364 591.6527938842773 199.9674186706543
0 0.0107 608.6582183837891 36.685420036315925 638.75 60.34257984161378
0 0.0102 280.7125663757324 75.59699630737305 308.8952827453613 121.47433853149415
0 0.0100 608.7304878234863 216.64071655273435 638.7499809265137 240.3878173828125
