0 0.2197 7.8155517578125 -42.385610580444315 62.40607261657715 -20.53000831604002
0 0.1705 0.0 -72.90931129455564 51.61325931549072 -50.00283622741697
0 0.1511 9.108343124389648 -13.184408187866195 61.23394966125488 10.272851943969739
0 0.1382 68.22250127792358 -42.626966476440415 122.0364785194397 -20.287345886230455
0 0.1358 197.7426528930664 72.76664352416992 343.9836120605469 134.16011428833008
0 0.1049 8.215808868408203 -102.62046957015988 62.04200744628906 -80.29350662231444
0 0.0873 270.8442687988281 45.19040203094483 319.74395751953125 71.85411548614503
0 0.0868 57.74902582168579 -72.36025118827818 112.46955633163452 -50.5575611591339
0 0.0831 68.89260292053223 -13.042415618896468 121.42870903015137 10.130477905273452
0 0.0821 5.4997169971466064 11.891771316528335 44.69516634941101 45.19730186462404
0 0.0748 338.1396484375 67.4269256591797 392.1107482910156 89.65909576416016
0 0.0690 517.3198318481445 77.87778472900392 572.861442565918 99.20209503173828
0 0.0600 318.60328674316406 37.147780418396 371.68922424316406 59.94037723541261
0 0.0567 348.01204681396484 97.50186538696289 402.2269058227539 119.58358383178711
0 0.0562 221.07078552246094 44.353252410888686 269.66026306152344 72.61279678344728
0 0.0554 217.7426528930664 132.76664352416992 363.9836120605469 194.16011428833008
0 0.0485 270.11775970458984 16.023775100708022 320.3425979614258 41.0547504425049
0 0.0482 49.56129312515259 16.486621856689464 100.83001852035522 40.59968566894532
0 0.0476 517.7077865600586 107.67119979858398 572.5053024291992 129.4119987487793
0 0.0474 397.01725006103516 78.03136444091798 453.14022064208984 99.04550170898439
0 0.0455 0.4131031036376953 45.73979473114015 50.089826583862305 71.33096790313722
0 0.0414 477.6216125488281 57.71327590942384 532.5853729248047 79.36851119995117
0 0.0407 124.73625659942627 -46.583532333374 165.40107250213623 -16.19096183776854
0 0.0381 387.489013671875 47.78675174713136 442.70652770996094 69.2943105697632
0 0.0343 68.2289981842041 -102.63334178924559 122.03112602233887 -80.28131151199338
0 0.0330 577.702751159668 77.67074203491212 632.5106430053711 99.411922454834
0 0.0323 220.76948165893555 15.299840927124036 269.8015785217285 41.7507610321045
0 0.0299 457.43175506591797 87.81791305541992 512.758903503418 109.26276779174805
0 0.0295 73.06253433227539 38.414174079895034 188.19150924682617 88.0640516281128
0 0.0283 190.61229705810547 24.862171173095714 219.01580810546875 72.06098175048828
0 0.0279 517.4024200439453 37.83364391326905 572.7857971191406 59.24684619903566
0 0.0266 407.13462829589844 107.97256088256835 463.03199768066406 129.10552597045898
0 0.0261 358.2316589355469 127.37559890747069 412.0263671875 149.71129989624023
0 0.0255 588.3541870117188 107.29718780517578 638.75 129.7895202636719
0 0.0254 0.0 193.38586425781247 638.75 532.25
0 0.0250 368.1726837158203 17.40374183654787 422.08152770996094 39.681879043579116
0 0.0249 129.16764736175537 -13.226379394531234 181.1809778213501 10.314575195312514
0 0.0232 608.2375907897949 46.94423770904543 638.7500190734863 70.08116817474367
0 0.0226 114.74323272705078 -76.59943842887877 155.39491653442383 -46.1765339374542
0 0.0222 0.0 91.59606552124023 34.61258411407471 125.46817398071288
0 0.0220 170.60550689697266 84.81959915161133 199.02400970458984 132.09624862670898
0 0.0199 318.3854675292969 -2.721704483032213 371.8876647949219 19.80854606628419
0 0.0182 518.5891342163086 137.15310668945315 571.7028427124023 159.93447875976562
0 0.0179 33.06253433227539 98.41418838500978 148.19150924682617 148.06403732299805
0 0.0177 259.5869445800781 -13.53267097473143 310.8072280883789 10.61880683898927
0 0.0172 438.0089569091797 27.497020721435558 492.23121643066406 49.587436676025405
0 0.0167 574.3924140930176 138.3368263244629 638.7499809265137 188.24702835083008
0 0.0166 275.484561920166 191.91879844665527 314.70964431762695 225.1726016998291
0 0.0150 608.4766960144043 16.798511505126967 638.7500190734863 40.22838211059571
0 0.0145 319.55177307128906 196.48999786376953 370.8392333984375 220.59583282470703
0 0.0142 190.64977645874023 135.11144256591797 218.97062301635742 181.8574676513672
0 0.0141 368.6460494995117 157.11818313598636 421.65111541748047 179.96970748901367
0 0.0130 608.9750862121582 -33.52546834945677 638.7499809265137 -9.445864200592025
0 0.0129 28.118572235107422 150.59827423095706 112.60263442993164 216.626220703125
0 0.0127 512.6921272277832 -106.49999999999997 638.7499809265137 -36.65076160430907
0 0.0123 280.2210521697998 225.92996215820312 330.253267288208 251.14640808105466
0 0.0119 145.56686401367188 131.71088790893555 184.6368408203125 165.36288833618164
0 0.0117 418.22174072265625 137.37866973876953 472.0360565185547 159.70777130126953
0 0.0111 240.6747817993164 195.27803993225098 268.94046783447266 241.72188377380365
0 0.0110 498.0625534057617 7.468448638916028 552.1818161010742 29.61665725708009
0 0.0109 608.9030647277832 326.5258178710937 638.7499809265137 350.5030975341797
0 0.0104 200.65383911132812 185.12213325500488 228.96560668945312 231.8459758758545
0 0.0103 209.84664916992188 -13.743537902832017 260.57910919189453 10.826393127441419
0 0.0103 474.3326950073242 114.06821823120119 515.7841873168945 143.21975326538086
