0 0.2105 485.93448638916016 7.545757293701172 544.1408920288086 27.51970291137695
0 0.1606 428.3154296875 6.328268051147463 481.9496154785156 28.7593936920166
0 0.1515 486.62757873535156 27.22947120666504 543.4981536865234 47.8444766998291
0 0.1502 277.7426528930664 11.766662597656248 423.9835739135742 73.16011428833008
0 0.1483 475.65547943115234 -12.331962585449219 534.3999862670898 7.39400863647461
0 0.1104 98.67094993591309 106.1006736755371 151.62896156311035 128.9870262145996
0 0.0902 98.52838516235352 76.18885040283203 151.7583465576172 98.89823913574219
0 0.0824 416.9169235229492 -22.91050910949707 473.2307815551758 -2.0123767852783208
0 0.0775 88.9687442779541 135.90423583984375 141.3607120513916 159.18346405029297
0 0.0671 429.8540496826172 35.249691009521484 480.57273864746094 59.8329734802246
0 0.0615 359.41368103027344 -14.402275085449217 410.96107482910156 9.489593505859375
0 0.0608 257.7426528930664 71.76664352416992 403.9835739135742 133.16011428833008
0 0.0590 98.3841323852539 46.279988288879395 151.88867568969727 68.80698680877686
0 0.0574 475.2587890625 -32.166574001312256 534.7697448730469 -12.776834964752197
0 0.0558 229.66785430908203 15.398273468017576 280.73692321777344 39.686317443847656
0 0.0510 299.4969844818115 -14.46968078613281 350.888147354126 9.55575942993164
0 0.0457 230.75250625610352 44.321885108947754 279.8151969909668 70.72976589202881
0 0.0393 238.73252868652344 -13.937358856201172 291.57299041748047 9.02536392211914
0 0.0353 38.29461097717285 116.33110046386717 91.97065353393555 138.75507354736328
0 0.0351 168.11857223510742 69.59827423095703 252.60263442993164 135.626220703125
0 0.0351 68.82766723632812 165.99740982055664 121.48786544799805 189.09021377563477
0 0.0318 536.4604187011719 -12.704544067382812 593.6559295654297 7.774543762207032
0 0.0316 517.1543121337891 46.96565628051757 573.0130767822266 68.11307907104492
0 0.0309 499.0163803100586 205.87379455566406 551.3174819946289 229.21409606933594
0 0.0304 108.00676345825195 16.501808166503906 162.2323989868164 38.583145141601555
0 0.0288 38.19397211074829 86.39148712158203 92.06208944320679 108.69430541992188
0 0.0280 159.1222047805786 35.797619819641106 211.22329235076904 59.28962230682372
0 0.0277 377.4993896484375 -43.211727142333984 432.6953887939453 -21.706066131591797
0 0.0254 0.0 192.3858642578125 638.75 531.25
0 0.0254 38.08027267456055 56.45763397216797 92.16575622558594 78.62747192382812
0 0.0244 168.3310317993164 6.311159133911133 221.93710327148438 28.775453567504883
0 0.0240 18.31902503967285 146.319637298584 71.94775581359863 168.76710891723633
0 0.0222 546.9419097900391 17.061986923217777 603.2112884521484 38.01304817199707
0 0.0218 318.76688957214355 -43.9563274383545 371.54126167297363 -20.955171585083008
0 0.0218 489.0867614746094 175.82782745361328 541.2538909912109 199.26029205322266
0 0.0213 439.3872833251953 205.61299324035645 490.98548889160156 229.47390556335452
0 0.0197 429.1733169555664 165.7691192626953 481.1759567260742 189.3190002441406
0 0.0192 47.99626350402832 26.506071090698242 102.24238395690918 48.57855796813965
0 0.0188 435.41709899902344 -52.23360538482666 494.62257385253906 -32.707905769348145
0 0.0178 293.06254386901855 -102.58583068847656 408.191499710083 -52.935953140258796
0 0.0178 408.11859130859375 69.59827423095703 492.6026153564453 135.626220703125
0 0.0177 258.4201240539551 -43.74320030212402 311.85625076293945 -21.16988182067871
0 0.0168 150.3148889541626 134.82305526733398 200.17625331878662 160.24869918823242
0 0.0155 59.06786918640137 195.83583831787112 111.2718677520752 219.25159454345706
0 0.0149 8.885893821716309 175.96490859985352 61.43413066864014 199.12355422973633
0 0.0148 0.0 111.90046310424805 35.13282537460327 143.27741622924805
0 0.0143 495.5409622192383 -52.290101051330566 554.5083236694336 -32.650485038757324
0 0.0143 609.5527648925781 485.04280090332026 638.75 509.9829864501953
0 0.0139 488.97212982177734 235.90545654296872 541.3569259643555 259.1827392578125
0 0.0139 117.95896530151367 -13.470849990844727 172.27602005004883 8.555517196655273
0 0.0137 177.96079635620117 -23.472843170166012 232.2745704650879 -1.4426231384277346
0 0.0136 313.06254386901855 137.41418838500977 428.191499710083 187.06403732299805
0 0.0134 0.0 71.91732406616211 35.140414237976074 103.26208114624023
0 0.0133 608.9541625976562 515.1670837402344 638.75 531.25
0 0.0133 389.72217559814453 215.35480499267578 440.68912506103516 239.72919464111325
0 0.0125 0.0 215.60062408447266 50.964298248291016 239.48673248291018
0 0.0123 429.09778594970703 135.81411361694336 481.2453079223633 159.27312850952148
0 0.0120 65.51880836486816 240.82454681396484 104.68014717102051 274.2588424682617
0 0.0117 0.0 245.5361557006836 50.88719367980957 269.5506668090821
0 0.0116 0.0 35.73383808135986 41.130619049072266 59.35416698455811
0 0.0114 125.33323287963867 161.2596321105957 164.8470115661621 193.8612174987793
0 0.0112 5.439543724060059 341.03504180908203 44.74914073944092 374.06627655029297
0 0.0111 549.5678329467773 195.47199249267578 600.8262252807617 219.61296081542966
0 0.0107 488.9311981201172 145.93221664428708 541.3938903808594 169.15590286254883
