0 0.0709 607.9452705383301 303.61507415771484 638.7499809265137 326.40804290771484
0 0.0472 607.6529121398926 273.77471923828125 638.7499809265137 296.24511718749994
0 0.0374 608.3798217773438 333.3610534667968 638.75 356.6656494140625
0 0.0350 596.9108772277832 244.57378387451175 638.7499809265137 265.50037384033203
0 0.0254 0.0 219.8858642578125 638.75 558.75
0 0.0252 547.5727844238281 294.24537658691406 602.6288604736328 315.8368682861328
0 0.0243 486.99485778808594 244.54338073730466 543.1606292724609 265.53337097167963
0 0.0229 0.0 -79.99999999999999 510.9122848510742 201.51496887207028
0 0.0217 516.5658187866211 264.75189208984375 573.5568618774414 285.3202819824219
0 0.0202 486.9577407836914 284.56386566162104 543.1943893432617 305.51280975341797
0 0.0197 597.199878692627 214.42815780639648 638.7499809265137 235.64886093139648
0 0.0186 497.6072692871094 314.2263412475586 552.5973510742188 335.8561325073242
0 0.0181 427.67578125 234.18381690979004 482.53578186035156 255.89842796325686
0 0.0156 609.01611328125 542.6188850402832 638.75 558.7499809265137
0 0.0154 574.3924140930176 -75.16318321228027 638.7499809265137 -25.252971649169922
0 0.0152 447.2459030151367 264.41440582275385 502.92980194091797 285.66455841064453
0 0.0149 608.4597587585449 163.30841064453125 638.7500190734863 186.71829223632812
0 0.0149 408.46057891845703 203.73056411743164 461.8198776245117 226.3562965393066
0 0.0147 564.6784210205078 320.0162124633789 605.4555511474609 350.2186965942383
0 0.0139 608.7991142272949 133.0931282043457 638.7500190734863 156.93525314331052
0 0.0138 609.6536064147949 512.454605102539 638.7500190734863 537.5692749023438
0 0.0136 516.2672424316406 224.89171028137207 573.8331604003906 245.1771068572998
0 0.0134 608.7635612487793 363.11923980712885 638.7500190734863 386.90944671630854
0 0.0117 388.32286834716797 263.81896972656244 441.94393157958984 286.26800537109375
0 0.0116 398.9250946044922 173.43547821044922 451.3995361328125 196.65252685546872
0 0.0105 0.0 -66.92522525787354 40.934600830078125 -42.98773288726806
0 0.0101 574.3924140930176 64.83682632446288 638.7499809265137 114.74702835083006
0 0.0100 368.5641098022461 233.66912841796872 421.72542572021484 256.41845703125
0 0.0100 468.07701110839844 203.96286010742185 522.16796875 226.12274169921872
