0 0.0410 356.61216735839844 84.22793579101565 413.5144805908203 104.84442901611331
0 0.0317 336.4809799194336 64.2907638549805 393.6356735229492 84.7802658081055
0 0.0290 225.84877014160156 -105.4183368682861 284.22096252441406 -85.51756668090816
0 0.0288 356.61312103271484 44.22929000854494 413.51314544677734 64.84337997436526
0 0.0262 215.9023666381836 -85.44345664978026 274.17152404785156 -65.49203681945798
0 0.0260 346.2205505371094 24.41472244262698 403.87611389160156 44.6537895202637
0 0.0257 245.61614990234375 -125.31807231903073 304.4373321533203 -105.62087345123288
0 0.0254 0.0 129.3858642578125 638.75 468.24999999999994
0 0.0247 284.60394859313965 -104.90186738967893 345.38025856018066 -86.05002927780147
0 0.0242 205.1514434814453 -45.125024795532205 264.8704528808594 -25.820253372192354
0 0.0241 355.7619094848633 4.619247436523465 414.30171966552734 24.443695068359403
0 0.0237 205.62461853027344 -65.32441902160642 264.4301223754883 -45.61485099792477
0 0.0229 0.0 -170.49999999999994 510.9122848510742 111.01496887207033
0 0.0227 275.0704574584961 -85.08636283874507 334.9445343017578 -65.85904884338375
0 0.0217 265.3980255126953 -45.22791671752926 324.64088439941406 -25.714214324951143
0 0.0215 304.6020221710205 -124.90434455871579 365.3828716278076 -106.04813385009763
0 0.0214 204.94632720947266 -25.038497924804656 265.06092071533203 -5.908973693847627
0 0.0211 265.53927421569824 -65.28414535522458 324.5085620880127 -45.655601501464815
0 0.0211 345.30616760253906 -15.187595367431612 404.7259521484375 4.2445869445801065
0 0.0206 367.71350860595703 113.66505813598634 422.5008010864258 135.41772079467776
0 0.0199 345.23365020751953 -35.15725898742673 404.7934341430664 -15.786664962768524
0 0.0193 264.89635467529297 -25.021498680114718 325.1082992553711 -5.927155494689912
0 0.0184 255.90551376342773 -145.44677543640134 314.1691017150879 -125.48898506164545
0 0.0176 335.087890625 -55.09519386291501 394.9287414550781 -35.85027503967282
0 0.0173 397.11971282958984 63.97784423828127 453.04622650146484 85.09974670410159
0 0.0173 186.76969528198242 -125.8463220596313 243.36854934692383 -105.07933902740474
0 0.0169 315.19068717956543 -145.14275836944577 374.83426094055176 -125.80226230621335
0 0.0163 296.9408130645752 84.07151412963869 353.21017265319824 105.00489425659181
0 0.0154 205.27196884155273 -5.168827056884736 264.7566795349121 14.226123809814482
0 0.0150 334.7214126586914 -74.94785118103025 395.2705764770508 -56.00246238708493
0 0.0150 407.17716217041016 23.94534301757815 462.9941177368164 45.132286071777365
0 0.0150 284.7653293609619 -4.966304779052707 345.2297878265381 14.016391754150419
0 0.0144 512.6921272277832 -170.49999999999994 638.7499809265137 -100.65076160430905
0 0.0140 344.4314956665039 -104.83780670166013 405.54210662841797 -86.11691284179683
0 0.0130 296.3276958465576 44.36558914184573 353.7767505645752 64.70421981811526
0 0.0129 364.9486541748047 -125.04383850097653 425.0598907470703 -105.90432929992673
0 0.0128 237.18002319335938 83.94990158081058 292.99007415771484 105.12868118286134
0 0.0128 396.14288330078125 -55.55464553833004 453.94920349121094 -35.378501892089815
0 0.0127 608.9895439147949 452.1399040222168 638.7500190734863 468.2500190734863
0 0.0126 156.88839435577393 -85.90464401245114 213.25904369354248 -65.0198059082031
0 0.0126 407.0077896118164 -15.970719337463349 463.15052032470703 5.046441078186063
0 0.0123 146.58172607421875 -45.75267601013181 203.54148864746094 -25.174520492553683
0 0.0119 285.2869510650635 14.822914123535185 344.74318504333496 34.234230041503935
0 0.0119 375.5460739135742 -145.29279518127439 434.50366973876953 -125.64780521392821
0 0.0119 206.01926803588867 14.51014709472659 264.06164169311523 34.556686401367216
0 0.0118 609.6448516845703 421.9644088745117 638.75 447.059928894043
0 0.0117 307.1734619140625 113.95396423339847 362.99591064453125 135.12465667724612
0 0.0110 418.04508209228516 93.47926330566409 472.1975326538086 115.60584259033206
0 0.0105 146.81053161621094 -15.862396240234345 203.32992553710938 4.937774658203153
0 0.0103 385.47569274902344 287.93959808349615 424.71763610839844 321.1535568237305
0 0.0102 236.21978759765625 34.4177169799805 293.8761520385742 54.6512145996094
0 0.0102 336.21177673339844 -165.59259223937983 393.88694763183594 -145.3407888412475
0 0.0101 146.90913677215576 14.084236145019558 203.2400941848755 34.99140930175784
