0 0.1440 197.36160278320312 -45.64132213592529 252.82245635986328 -24.27801609039307
0 0.1108 208.78067016601562 -16.46540641784668 261.5288543701172 6.553907394409179
0 0.1097 156.98909759521484 -65.45167446136473 213.16547393798828 -44.47129249572754
0 0.1063 369.0812301635742 -16.66715621948242 421.25858306884766 6.755447387695312
0 0.1041 257.63866424560547 -45.79187393188476 312.5688171386719 -24.12558555603027
0 0.0840 268.4113311767578 -16.23570442199707 321.86378479003906 6.322898864746093
0 0.0830 180.25447845458984 12.39683151245117 230.2248764038086 37.67854690551757
0 0.0820 149.02097702026367 -26.6243839263916 201.31235122680664 -3.287019729614257
0 0.0756 216.76040649414062 -75.34706115722656 273.3783721923828 -54.57951545715333
0 0.0749 170.67771911621094 41.93994522094727 219.8709487915039 68.1190299987793
0 0.0709 379.3721008300781 13.126411437988281 430.99853515625 36.96086883544922
0 0.0702 229.81048583984375 12.789154052734373 280.61023712158203 37.294559478759766
0 0.0598 319.30992126464844 3.1712722778320312 371.0540008544922 26.916275024414062
0 0.0587 368.75316619873047 -46.44912719726562 421.55399322509766 -23.462629318237305
0 0.0559 220.72044372558594 41.884775161743164 269.8367691040039 68.17154884338377
0 0.0509 324.6791076660156 -29.991104602813717 365.45555114746094 0.2253270149230957
0 0.0492 135.5708122253418 8.205738067626955 174.63285446166992 41.86759948730468
0 0.0485 190.97082138061523 71.50914669036864 239.64532852172852 98.52583408355713
0 0.0439 200.26138305664062 182.38052368164062 250.2208709716797 207.6934051513672
0 0.0405 195.75685501098633 147.66229629516602 234.47412490844727 182.36608505249023
0 0.0396 195.79627990722656 107.53234863281249 234.44164276123047 142.48550415039062
0 0.0368 469.1041564941406 33.31666946411133 521.2380981445312 56.771526336669915
0 0.0364 277.3578929901123 -75.64693927764893 332.8276538848877 -54.27358150482177
0 0.0360 120.72904586791992 41.87396049499512 169.82982635498047 68.1818675994873
0 0.0338 409.53800201416016 43.00327301025391 460.85086822509766 67.08305358886719
0 0.0337 249.71969604492188 182.86075592041013 300.6904602050781 207.2237777709961
0 0.0337 428.7323760986328 -6.436824798583984 481.5730285644531 16.524887084960938
0 0.0326 235.5068588256836 138.36671829223633 274.68955993652344 171.7202568054199
0 0.0325 219.64906692504883 212.91240692138672 270.7536506652832 237.17227935791016
0 0.0324 589.4136238098145 33.08483123779297 638.7499809265137 57.00071334838867
0 0.0321 469.9051284790039 112.71192550659177 520.5270004272461 137.3707008361816
0 0.0319 235.6382179260254 98.02370071411133 274.5741081237793 132.0343971252441
0 0.0312 155.62907695770264 168.0354881286621 194.58332538604736 202.02363967895508
0 0.0308 97.99999237060547 -65.99155902862549 152.23796844482422 -43.923120498657234
0 0.0308 598.4696769714355 63.72395038604736 638.7500190734863 86.36279582977295
0 0.0304 145.7599687576294 67.66040325164795 184.47078227996826 102.36778736114502
0 0.0303 469.36641693115234 63.131175041198716 521.0034561157227 86.95621967315674
0 0.0300 279.95079040527344 32.66901016235351 330.48797607421875 57.41233825683593
0 0.0298 155.77374935150146 107.61224746704102 194.45971012115479 142.41205215454102
0 0.0296 518.8388061523438 13.487339019775389 571.4784240722656 36.59988403320312
0 0.0289 240.68281173706055 71.92771911621094 289.8679542541504 98.1302261352539
0 0.0275 608.5871887207031 193.23070526123044 638.75 216.79698944091797
0 0.0268 598.2144927978516 93.87990951538086 638.75 116.20603561401367
0 0.0267 465.56713104248047 138.2192611694336 504.63573455810547 171.8552017211914
0 0.0259 609.4246673583984 2.64082908630371 638.75 27.385625839233395
0 0.0257 425.7272720336914 117.76668548583984 464.49779510498047 152.2701644897461
0 0.0255 529.1753387451172 43.26068878173828 581.1756896972656 66.8264389038086
0 0.0255 519.2991256713867 103.16951751708984 571.0656356811523 126.91673278808592
0 0.0254 0.0 219.8858642578125 638.75 558.75
0 0.0247 598.5853385925293 123.65764617919922 638.7500190734863 146.43024444580078
0 0.0242 95.19937515258789 9.047393798828127 134.96925354003906 41.0987663269043
0 0.0241 175.3815460205078 208.66307258605957 214.80201721191406 241.44930839538574
0 0.0241 279.51171875 153.01782608032224 330.87535858154297 177.06796646118164
0 0.0237 608.7722969055176 163.1113624572754 638.7499809265137 186.91701889038086
0 0.0232 329.81903076171875 32.781963348388665 380.60279846191406 57.301616668701165
0 0.0231 420.3484344482422 92.30482101440428 470.1447296142578 117.76792526245116
0 0.0229 0.0 -79.99999999999999 510.9122848510742 201.51496887207028
0 0.0223 88.69003295898438 -36.408915519714355 141.61113739013672 -13.502993583679197
0 0.0219 385.64552307128906 137.9952239990234 424.5685577392578 172.06050872802732
0 0.0213 275.30975341796875 118.8181686401367 314.8677062988281 151.30775451660156
0 0.0206 425.64380645751953 157.9924201965332 464.57080841064453 192.0631217956543
0 0.0201 70.02511024475098 42.602310180664055 120.42372703552246 67.47747421264648
0 0.0198 608.6381530761719 223.20021629333493 638.75 246.82801246643064
0 0.0198 358.0962371826172 -76.0496711730957 412.1507263183594 -53.864831924438484
0 0.0196 105.58442115783691 68.16129684448242 144.62176322937012 101.90832138061523
0 0.0194 529.4362258911133 73.06991577148438 580.9433364868164 97.01576232910156
0 0.0191 345.37532806396484 138.66264343261716 384.80907440185547 171.44977569580078
0 0.0188 439.0416717529297 223.34860801696775 491.2964630126953 246.73813819885254
0 0.0186 609.2880439758301 -27.249703407287598 638.7499809265137 -2.7222776412963867
0 0.0186 275.1758575439453 209.0984344482422 314.99061584472656 241.05224609374997
0 0.0185 508.7500762939453 -16.452903747558594 561.5580749511719 6.54031753540039
0 0.0184 219.6624755859375 242.90767669677732 270.7406234741211 267.17769622802734
0 0.0175 130.83599090576172 141.72052383422852 179.74695205688477 168.3268928527832
0 0.0173 115.58859825134277 108.15265655517577 154.61787223815918 141.91623687744138
0 0.0171 375.6302261352539 98.05124282836913 414.5804977416992 132.0091438293457
0 0.0166 309.068078994751 183.33999633789062 361.27074241638184 206.74804687499997
0 0.0165 519.2198181152344 133.2315635681152 571.1354064941406 156.85575485229492
0 0.0162 470.03002166748047 172.59458541870117 520.4201889038086 197.48464584350583
0 0.0156 424.66941833496094 -39.97132778167724 465.4643249511719 -9.792590141296388
0 0.0156 37.90569067001343 -75.9443712234497 92.32553720474243 -53.97185325622558
0 0.0155 458.6121368408203 253.63819122314456 511.68212890625 276.4493942260742
0 0.0154 115.48124313354492 178.42613220214844 154.71269607543945 211.66591644287107
0 0.0153 365.2786636352539 58.89051914215087 404.89551544189453 91.24173641204833
0 0.0152 488.87378692626953 203.47028732299805 541.4455795288086 226.61779403686523
0 0.0150 295.29934883117676 58.841323852539055 334.87711906433105 91.28664016723631
0 0.0148 409.58446502685547 192.94494628906247 460.8144760131836 217.13790893554688
0 0.0146 170.01663208007812 242.6125335693359 220.43052673339844 267.4678039550781
0 0.0145 39.04215097427368 13.357038497924806 91.29419088363647 36.73094749450683
0 0.0143 335.5609130859375 98.22847366333008 374.6418762207031 131.8467903137207
0 0.0139 359.69451904296875 172.86312103271482 410.71632385253906 197.21927642822266
0 0.0134 608.6977386474609 -66.8381905555725 638.75 -43.13340425491333
0 0.0128 378.44844818115234 223.738260269165 431.8307876586914 246.34856224060056
0 0.0128 608.9306449890137 253.00701141357422 638.7500190734863 277.02190399169916
0 0.0123 279.3971252441406 243.10356140136722 330.9771728515625 266.9829559326172
0 0.0123 580.7388305664062 -17.66463279724121 608.8639831542969 27.792291641235348
0 0.0121 547.9567718505859 204.02776718139648 602.2785949707031 226.05649948120117
0 0.0119 140.71474075317383 212.10911750793457 168.89265060424805 257.96412467956543
0 0.0119 398.3012390136719 253.83007049560547 451.9639587402344 276.25652313232416
0 0.0115 518.8161849975586 163.50374221801758 571.4984512329102 186.58369064331052
0 0.0115 0.0 28.549594879150394 34.762749671936035 61.55305862426757
0 0.0114 609.1803741455078 292.82970428466797 638.75 317.1987533569336
0 0.0114 28.088016510009766 -46.04428768157958 82.15811729431152 -23.870167732238766
0 0.0113 205.43088912963867 268.552131652832 244.75725173950195 301.55071258544916
0 0.0109 480.8286666870117 -16.679830551147457 508.75804901123047 27.068166732788086
0 0.0109 38.51081848144531 -16.299219131469727 91.77404403686523 6.386423110961914
0 0.0106 508.5967254638672 233.65074157714844 561.6954040527344 256.4372253417969
0 0.0105 609.2343902587891 322.7888870239257 638.75 347.23918914794916
0 0.0103 428.7146759033203 283.5752868652344 481.5888977050781 306.5128326416015
0 0.0103 318.7974548339844 213.52210998535153 371.51405334472656 236.56616210937497
0 0.0102 570.8075332641602 103.062686920166 598.7827682495117 147.25374221801758
0 0.0101 249.5221710205078 273.01570892333984 300.8648681640625 297.07080841064453
0 0.0101 165.34156799316406 268.75034332275385 204.8385238647461 301.3696670532226
