0 0.0766 333.57495069503784 169.55103611946103 377.4842619895935 185.9454128742218
0 0.0701 348.35943579673767 185.57383751869196 393.8862383365631 201.16367077827454
0 0.0567 336.50410175323486 48.88907706737519 499.0234375 126.38930118083952
0 0.0531 291.45511984825134 122.96420967578888 381.39960169792175 161.75315415859222
0 0.0476 287.54428029060364 169.10018658638 329.83431220054626 186.40335536003113
0 0.0466 340.38597345352173 201.27218103408813 386.22260093688965 216.71377754211426
0 0.0455 381.1284303665161 169.1819045543671 423.73865842819214 186.31871676445004
0 0.0398 336.50410175323486 -44.86092293262481 499.0234375 32.639301180839546
0 0.0370 382.46482610702515 144.87888550758362 422.5321412086487 163.7482557296753
0 0.0313 448.74407351017 138.52876311540604 499.0234225988388 177.5210935473442
0 0.0289 249.32265281677246 152.9387447834015 290.01206159591675 171.31595945358276
0 0.0265 271.96764945983887 69.98302674293518 337.9707932472229 121.5673599243164
0 0.0261 294.5672869682312 192.96454524993894 338.3703827857971 209.40797662734983
0 0.0252 422.40700125694275 120.55998182296753 444.47895884513855 156.76330661773682
0 0.0249 240.93475937843323 176.75968146324158 282.7167809009552 194.37076783180234
0 0.0236 448.74407351017 185.40375566482544 499.0234225988388 224.3961009979248
0 0.0229 0.0 194.9256721735001 399.1504907608032 415.0234225988388
0 0.0225 475.88203847408295 -73.94846642017363 499.0234524011612 -54.96678987145423
0 0.0222 250.41383504867554 80.76736962795258 272.746741771698 118.30709016323091
0 0.0209 262.179434299469 125.46481823921202 292.6720976829529 151.89912056922913
0 0.0204 227.00178623199463 80.89294171333314 249.27833676338196 118.19662785530092
0 0.0191 178.21763455867767 116.85802674293518 244.2208081483841 168.4423599243164
0 0.0188 203.5960853099823 81.07048904895782 225.80230236053467 118.04542577266693
0 0.0186 348.24275970458984 216.8787930011749 393.9937353134155 232.35788083076477
0 0.0185 22.574909031391144 168.69758701324466 63.61428648233414 186.80845832824704
0 0.0156 313.00100684165955 34.386626243591316 335.14121174812317 71.01290559768677
0 0.0156 180.18154799938202 81.2146875858307 202.33707129955292 117.9261121749878
0 0.0155 448.74407351017 232.27875566482547 499.0234225988388 271.2711009979248
0 0.0154 396.52761816978455 192.74642205238342 439.56974148750305 209.6279475688934
0 0.0153 476.28675401210785 27.292570829391483 499.0234524011612 46.91309368610383
0 0.0153 0.0 -83.99999999999997 250.37413835525513 48.57065415382386
0 0.0150 195.51369547843933 167.87107920646667 234.54847931861877 187.62536978721616
0 0.0149 291.45511984825134 -80.1608052253723 381.39960169792175 -41.37183839082717
0 0.0136 0.0 80.13907706737518 165.26663303375244 157.63930118083954
0 0.0134 211.41715347766876 42.059159636497505 233.60444605350494 78.94009983539581
0 0.0130 234.84861850738525 42.02329254150391 257.0492625236511 78.9701554775238
0 0.0127 289.5718812942505 34.445217609405525 311.69360876083374 70.96557950973511
0 0.0125 448.74407351017 279.15375566482544 499.0234225988388 318.1461009979248
0 0.0124 400.69328248500824 361.020854473114 499.0234524011612 415.0234375
0 0.0123 312.9943907260895 -12.534261882305136 335.1491391658783 24.175016939640052
0 0.0119 4.133283160626888 188.5520133972168 35.06599459797144 213.86217212677005
0 0.0116 187.9976987838745 42.17789208889008 210.14517545700073 78.84285485744476
0 0.0113 0.6043426692485809 152.47227883338925 22.51783385872841 187.50866389274597
0 0.0113 309.13811922073364 -38.797290265560136 339.4714593887329 -11.980452775955191
0 0.0109 266.1322057247162 34.43002960085869 288.25870156288147 70.97784689068794
0 0.0107 156.81692957878113 144.29239815473557 178.81223559379578 179.97228986024857
0 0.0106 429.5058846473694 -81.79354035854338 469.2562222480774 -62.703126311302164
0 0.0106 248.53581190109253 200.32580828666687 290.72099924087524 217.67904496192932
