0 0.0254 -106.49999999999997 299.8858642578125 532.25 638.75
0 0.0229 -106.49999999999997 0.0 404.4122848510742 281.5149688720703
0 0.0182 12.859951019287122 613.1251907348633 64.51144790649415 636.9607925415039
0 0.0172 -106.49999999999997 602.7508926391602 -55.92984580993651 627.3321914672852
0 0.0159 102.59711837768556 622.8463554382324 154.84363174438477 638.7500190734863
0 0.0156 -56.91695594787596 612.9538726806641 -5.685924530029282 637.1300506591797
0 0.0151 -106.49999999999997 573.1567764282227 -55.46858692169187 596.9311141967773
0 0.0146 182.10817909240725 3.6420392990112305 235.18540000915527 26.4457368850708
0 0.0131 406.19212722778315 0.0 532.2499809265136 69.84923839569092
0 0.0117 502.4935493469238 622.6365852355957 532.2499809265136 638.7499809265137
0 0.0115 102.62158966064453 593.3039474487305 154.7226104736328 616.7840957641602
0 0.0107 -106.49999999999997 543.0574035644531 -65.58252716064452 567.0291900634766
0 0.0102 64.2059097290039 612.6286125183105 92.40689849853516 638.7500190734863
