0 0.1333 598.5194206237793 113.69657516479492 638.7500190734863 136.39081954956055
0 0.0844 608.4585762023926 143.31064224243164 638.7499809265137 166.71628952026364
0 0.0781 598.2727813720703 83.84500503540038 638.75 106.24120712280272
0 0.0400 506.6604232788086 104.70565795898438 563.4696578979492 125.36739349365234
0 0.0348 548.3577728271484 133.79085540771484 601.9137573242188 156.2952423095703
0 0.0313 487.21485137939453 134.434814453125 542.9573440551758 155.64453125
0 0.0299 608.2992744445801 173.40757369995114 638.7499809265137 196.61828994750977
0 0.0267 476.92211151123047 84.57906723022461 533.2278823852539 105.49688339233398
0 0.0254 0.0 219.8858642578125 638.75 558.75
0 0.0229 608.4565925598145 53.31186294555664 638.7499809265137 76.71504974365234
0 0.0229 0.0 -79.99999999999999 510.9122848510742 201.51496887207028
0 0.0220 537.6291656494141 74.20438289642334 592.5795745849609 95.87675571441649
0 0.0218 27.884836196899414 24.071292877197266 82.34370231628418 46.012916564941406
0 0.0173 497.1522521972656 54.460134506225586 553.0165100097656 75.61758995056152
0 0.0159 564.7194671630859 159.9442481994629 605.4170227050781 190.28387069702148
0 0.0158 17.711544036865234 -5.831146240234374 72.50195503234863 15.914325714111328
0 0.0157 447.23907470703125 114.41940307617186 502.935791015625 135.65971374511716
0 0.0153 508.1082534790039 163.9453887939453 562.1393203735352 186.1404800415039
0 0.0153 608.3730888366699 203.36481094360352 638.7500190734863 226.66181564331055
0 0.0141 28.268156051635742 53.84962081909179 81.99411392211914 76.23682022094725
0 0.0135 87.42863655090332 34.32234764099121 142.7611255645752 55.75873374938965
0 0.0121 608.8930511474609 253.03222656249997 638.75 276.99661254882807
0 0.0119 608.6843872070312 -66.83187246322632 638.75 -43.14009428024292
0 0.0117 437.4170684814453 64.3241834640503 492.7727508544922 85.75615406036377
0 0.0115 609.0454292297363 282.92625427246094 638.7499809265137 307.1025085449219
0 0.0114 608.6875152587891 23.16569328308105 638.75 46.8622875213623
0 0.0113 447.56996154785156 154.24257278442383 502.6324462890625 175.8390235900879
0 0.0108 608.9791107177734 542.6475715637207 638.75 558.7499809265137
0 0.0107 17.374467849731445 -35.649375915527344 72.81092643737793 -14.270048141479492
0 0.0104 0.0 -76.5943193435669 41.350274085998535 -53.31686496734619
0 0.0102 497.7412796020508 24.145441055297848 552.4763107299805 45.93689918518066
0 0.0102 608.6849784851074 -26.83042049407959 638.7500190734863 -3.1412935256958
0 0.0101 77.19470024108887 4.4429588317871085 132.97642707824707 25.6358528137207
