0 0.0891 259.8581314086914 252.74021148681638 310.5704116821289 277.3415756225586
0 0.0678 259.8356819152832 282.7617645263672 310.58950424194336 307.32070922851557
0 0.0657 249.76898193359375 222.81635284423828 300.64807891845703 247.26699829101562
0 0.0628 229.79381561279297 32.798957824707024 280.62564849853516 57.28445053100585
0 0.0542 208.9976692199707 263.38733673095703 261.33413314819336 286.70070648193354
0 0.0493 199.01874542236328 233.37014198303217 251.3158416748047 256.71744346618647
0 0.0398 310.1713562011719 252.47104644775388 360.2970886230469 277.60585784912104
0 0.0386 300.1379871368408 222.50408172607422 350.325345993042 247.57385253906247
0 0.0377 279.9795436859131 32.64592170715331 330.46257972717285 57.43517875671387
0 0.0376 250.06656646728516 62.562217712402344 300.3884506225586 87.51632690429686
0 0.0351 178.9924430847168 23.39175224304199 231.33867263793945 46.69642448425292
0 0.0316 229.06997680664062 3.3403110504150386 281.2687301635742 26.747961044311523
0 0.0314 309.90333557128906 282.7037048339844 360.5305480957031 307.37762451171875
0 0.0305 239.35150146484375 193.13816070556638 291.01757049560547 216.9487762451172
0 0.0302 269.69982147216797 312.8746795654297 320.70838928222656 337.2097778320312
0 0.0268 209.44087982177734 293.0758285522461 260.93727111816406 317.0110702514648
0 0.0254 0.0 219.8858642578125 638.75 558.75
0 0.0251 199.88306045532227 62.72691249847411 250.54704666137695 87.35556125640869
0 0.0229 0.0 -79.99999999999999 510.9122848510742 201.51496887207028
0 0.0211 178.50791931152344 203.70277404785153 231.77661895751953 226.38442993164062
0 0.0175 295.17704010009766 189.09864425659177 334.98924255371094 221.05207443237305
0 0.0160 168.25252532958984 -6.141157150268555 222.00836181640625 16.227521896362305
0 0.0158 249.07859802246094 163.33185195922852 301.2615203857422 186.75603866577146
0 0.0157 165.0566291809082 259.3379211425781 205.10065078735352 290.8342742919922
0 0.0149 249.6210479736328 92.92821884155273 300.7796859741211 117.1558952331543
0 0.0148 219.79223251342773 322.79605865478516 270.6279182434082 347.28679656982416
0 0.0137 269.28698539733887 343.18462371826166 321.07518196105957 366.90258026123047
0 0.0131 29.093892574310303 183.321533203125 81.2477707862854 206.766357421875
0 0.0128 288.97332191467285 3.4062767028808594 341.355504989624 26.68212890625
0 0.0128 139.20114040374756 233.24943542480463 191.15110874176025 256.8386077880859
0 0.0128 512.6921272277832 -80.0 638.7499809265137 -10.150761604309086
0 0.0122 325.13023376464844 309.18708801269526 365.0331115722656 340.9715270996094
0 0.0114 29.04036521911621 213.35493087768555 81.29651069641113 236.7325782775879
0 0.0113 300.16125679016113 62.48053073883056 350.3057384490967 87.5965642929077
0 0.0110 349.6174621582031 222.9437255859375 400.7801818847656 247.14214324951172
0 0.0109 248.92770767211914 133.43080520629883 301.3978385925293 156.65678024291992
0 0.0109 28.93878936767578 153.4263801574707 81.3872241973877 176.66162490844727
0 0.0108 511.90391540527344 129.84180450439453 638.75 229.6270751953125
0 0.0106 608.9932250976562 542.6366424560547 638.75 558.7499999999999
0 0.0105 188.4429168701172 173.73846054077148 241.8365478515625 196.34790420532227
0 0.0103 155.23447513580322 48.9822769165039 194.93619441986084 81.15808486938477
