0 0.0969 475.2540588378906 -6.165699005126938 534.7743988037109 13.222042083740247
0 0.0777 474.8427963256836 -25.998102664947492 535.1578140258789 -6.950932979583725
0 0.0772 254.1202735900879 14.283977508544934 315.8321952819824 32.75767898559571
0 0.0762 465.57132720947266 13.700834274292005 524.4791030883789 33.35960960388185
0 0.0712 414.3464660644531 -5.803426742553697 475.62110900878906 12.847848892211926
0 0.0678 253.89509201049805 -5.634645462036119 316.04352951049805 12.672811508178725
0 0.0659 404.70787048339844 14.057298660278335 465.283203125 32.99217796325685
0 0.0649 264.88722801208496 33.98804283142091 325.11536598205566 53.06418037414552
0 0.0647 34.81977701187134 134.01372528076175 95.17858266830444 153.03739166259766
0 0.0583 35.08049011230469 153.9094696044922 94.93520736694336 173.14523315429688
0 0.0572 336.34498596191406 143.35504150390628 393.76136779785156 163.71453857421875
0 0.0537 414.22325134277344 -25.75709724426268 475.73646545410156 -7.200244903564439
0 0.0517 25.1820969581604 113.86552429199222 84.8410964012146 133.1901321411133
0 0.0504 336.08177185058594 123.4771308898926 394.00489807128906 143.58966445922852
0 0.0488 326.4790725708008 163.29425430297852 383.6368179321289 183.77715682983398
0 0.0488 265.68443298339844 53.65419006347658 324.3734359741211 73.40800857543947
0 0.0483 94.12206649780273 134.28117370605472 155.83106994628906 152.76013946533206
0 0.0470 313.8368225097656 4.38800430297853 376.09771728515625 22.649589538574233
0 0.0463 264.07066345214844 -25.70106172561644 325.87955474853516 -7.258578777313218
0 0.0449 466.26346588134766 33.39387512207032 523.836555480957 53.674961090087905
0 0.0447 94.24882888793945 154.2345962524414 155.71218490600586 172.80866241455078
0 0.0446 275.32222747802734 103.80590057373048 334.7109603881836 123.25131988525392
0 0.0436 84.35357093811035 114.19225311279298 145.61490058898926 132.8519973754883
0 0.0431 265.47210693359375 83.73994445800783 324.57218170166016 103.31872558593751
0 0.0418 548.1916427612305 222.39175415039062 602.0644760131836 244.69384765625
0 0.0417 25.608644485473633 93.68388748168947 84.44461822509766 113.37688064575197
0 0.0415 55.02577781677246 173.93153762817383 114.98625755310059 193.1224021911621
0 0.0406 195.16321182250977 13.876148223876967 254.85795974731445 33.17973709106446
0 0.0404 324.46346282958984 24.15434455871583 385.5110549926758 42.892137527465835
0 0.0403 353.7706756591797 -15.59060716629027 416.1604309082031 2.626808643341079
0 0.0398 385.1658248901367 33.872371673584006 444.8562240600586 53.18309402465822
0 0.0392 275.7086944580078 123.64303207397461 334.3510437011719 143.41933822631836
0 0.0379 26.16020441055298 73.43927001953126 83.93272161483765 93.62805938720703
0 0.0377 205.77667236328125 33.61740684509279 264.28688049316406 53.44647026062013
0 0.0367 335.6916046142578 103.64999389648439 394.3669891357422 123.412109375
0 0.0365 527.05322265625 13.011442184448256 583.1074523925781 34.06550025939943
0 0.0362 536.4957427978516 -16.716951370239244 593.6222076416016 3.7880191802978658
0 0.0342 194.96400833129883 -6.044744491577134 255.04419326782227 13.09765434265138
0 0.0341 84.8475456237793 93.99835205078126 145.15377044677734 113.05242156982422
0 0.0339 527.6395797729492 192.70080184936523 582.5695419311523 214.38071823120117
0 0.0335 276.1795425415039 143.4330711364746 333.9141845703125 163.63490676879883
0 0.0333 598.2172966003418 -17.62446546554564 638.7500190734863 4.710029125213636
0 0.0330 327.1206283569336 192.98246002197268 383.0442428588867 214.09593200683594
0 0.0300 266.72972679138184 173.1729278564453 323.4055423736572 193.90096282958984
0 0.0297 325.3352737426758 43.804050445556655 384.69791412353516 63.253932952880874
0 0.0296 114.42588806152344 174.16650390625 175.54677963256836 192.87908172607422
0 0.0290 94.873046875 193.99251556396484 155.1288604736328 213.059326171875
0 0.0287 454.51038360595703 -45.86913967132566 515.468635559082 -27.08465480804442
0 0.0286 587.9916191101074 192.50844573974612 638.7500190734863 214.5761260986328
0 0.0282 568.7686157226562 252.0427093505859 621.5396881103516 275.04579162597656
0 0.0278 85.42167663574219 73.76220321655273 144.6188735961914 93.29597091674806
0 0.0270 325.6268310546875 83.67566680908205 384.42779541015625 103.38525390625001
0 0.0269 36.479034423828125 53.29106426239015 93.63761901855469 73.77985095977785
0 0.0264 277.8041172027588 212.6136169433594 332.4181270599365 234.4696197509766
0 0.0264 204.90190505981445 -26.020730972290025 265.10236740112305 -6.9273414611816255
0 0.0262 236.94978713989258 193.06768035888672 293.2017707824707 214.00891876220703
0 0.0260 608.5185241699219 11.775003433227553 638.75 35.2524814605713
0 0.0259 105.45133590698242 213.75403022766113 164.59016799926758 233.3052501678467
0 0.0254 0.0 208.38586425781253 638.75 547.25
0 0.0249 0.0 172.32272720336914 51.9444465637207 194.76470565795898
0 0.0243 608.390064239502 221.85434913635254 638.7499809265137 245.17235374450684
0 0.0241 264.6728229522705 -45.93381786346434 325.31718254089355 -27.018002510070783
0 0.0241 396.5864944458008 133.24348068237308 453.5374069213867 153.82915115356448
0 0.0238 386.9242477416992 163.07836151123047 443.22582244873047 183.99766540527344
0 0.0238 206.31614685058594 53.3702621459961 263.7876510620117 73.69929885864259
0 0.0236 354.1550064086914 -35.73401832580565 415.8009719848633 -17.22470664978026
0 0.0234 325.7627868652344 63.61869907379151 384.3009948730469 83.44424343109132
0 0.0231 144.75019454956055 114.03611755371094 205.2448844909668 133.01316833496094
0 0.0230 577.9622268676758 162.52519226074222 632.2735214233398 184.55918884277347
0 0.0229 0.0 -91.49999999999999 510.9122848510742 190.0149688720703
0 0.0228 35.775699615478516 193.61537551879883 94.28840637207031 213.4481010437012
0 0.0227 517.6684188842773 162.68657302856448 572.5427627563477 184.39540481567383
0 0.0225 278.165979385376 242.41017913818357 332.0870876312256 264.6758041381836
0 0.0225 385.6939697265625 53.646694183349624 444.3653869628906 73.41506576538087
0 0.0223 456.6559600830078 53.208843231201186 513.4735870361328 73.8643035888672
0 0.0220 96.24800682067871 233.4024200439453 153.85056495666504 253.6664733886719
0 0.0215 215.01043319702148 103.93441772460938 275.0014305114746 123.11875915527344
0 0.0215 536.1629104614258 -36.56414413452146 593.930778503418 -16.368822097778303
0 0.0214 608.5922431945801 41.72852134704591 638.7499809265137 65.29932594299318
0 0.0214 145.11107921600342 93.89058685302736 204.90829944610596 113.16346740722658
0 0.0211 598.7466621398926 72.05503082275392 638.7499809265137 95.033203125
0 0.0207 35.79867362976074 253.60185241699222 94.2679214477539 273.4613189697265
0 0.0206 598.7736701965332 102.03601455688477 638.7499809265137 125.05202865600587
0 0.0204 206.02519989013672 173.50392913818362 264.05704498291016 193.56240844726565
0 0.0201 337.4717712402344 222.798677444458 392.7217102050781 244.28265190124512
0 0.0196 35.550689697265625 233.70721435546872 94.49889183044434 253.35260009765625
0 0.0195 396.07154846191406 103.47974395751955 454.014892578125 123.58659362792969
0 0.0195 527.8031158447266 42.613769531250014 582.4191284179688 64.46940994262697
0 0.0194 0.0 138.62912750244143 35.51777362823486 168.61646270751956
0 0.0193 598.5009956359863 132.20555877685547 638.7499809265137 154.8814163208008
0 0.0193 95.92996597290039 53.54125595092775 154.14667129516602 73.52309799194337
0 0.0189 487.3099136352539 212.88198089599612 542.8708267211914 234.19766998291018
0 0.0189 155.83492755889893 193.58543014526367 214.23438549041748 213.47812271118164
0 0.0188 218.42323303222656 222.26132011413574 271.85203552246094 244.82657051086426
0 0.0187 145.6501579284668 73.66281127929689 204.40683364868164 93.39795684814453
0 0.0186 497.3373794555664 242.86859130859375 552.845344543457 264.21144104003906
0 0.0185 154.7013235092163 134.0560302734375 215.29032230377197 152.99272155761722
0 0.0184 385.6500244140625 83.66361236572266 444.40673828125 103.39727020263672
0 0.0184 146.32522583007812 33.36566543579103 203.77933502197266 53.70393371582032
0 0.0180 45.71719169616699 213.63809204101565 104.34344291687012 233.42420196533203
0 0.0176 205.28257369995117 83.8185272216797 264.7488594055176 103.237548828125
0 0.0174 598.0614471435547 -47.535437583923326 638.75 -25.380133628845197
0 0.0166 215.25653839111328 123.83313751220705 274.7721481323242 143.22320556640625
0 0.0166 36.43507242202759 273.3141098022461 93.67770910263062 293.7566909790039
0 0.0166 215.54458618164062 153.7116394042969 274.5041275024414 173.3483657836914
0 0.0164 387.3764419555664 192.8475341796875 442.80956268310547 214.2327651977539
0 0.0164 154.71904754638672 154.0502700805664 215.27347564697266 172.9989013671875
0 0.0164 457.0915222167969 152.99274063110352 513.0720520019531 174.08465957641602
0 0.0158 337.8736114501953 252.58126831054685 392.35313415527344 274.50341796875
0 0.0154 467.4402618408203 182.81381225585938 522.7510070800781 204.2670211791992
0 0.0151 97.32565879821777 262.87294006347656 152.85651206970215 284.20671081542974
0 0.0149 157.98070907592773 232.5123748779297 212.25717544555664 254.57177734374997
0 0.0146 8.131141662597656 22.43136978149416 62.11864471435547 44.65451812744142
0 0.0145 205.29373168945312 -46.182593345642076 264.73758697509766 -26.760615348815904
0 0.0143 136.5835428237915 13.24382400512697 193.5404348373413 33.82859802246095
0 0.0142 394.72171783447266 -55.951729059219346 455.2711868286133 -36.999204397201524
0 0.0139 538.2793426513672 132.33739471435547 591.9851684570312 154.74828338623047
0 0.0137 279.0676498413086 271.8400344848633 331.2712097167969 295.24800872802734
0 0.0134 497.5189971923828 72.7694664001465 552.6792907714844 94.31163406372072
0 0.0132 0.0 322.085433959961 51.597137451171875 345.0032196044922
0 0.0132 589.0820121765137 281.82981109619146 638.7500190734863 305.2581558227539
0 0.0126 66.63619041442871 33.216329574584975 123.4923267364502 53.85630226135255
0 0.0123 265.63358306884766 -66.33200550079344 324.42272186279297 -46.607765197753885
0 0.0123 219.47393417358398 251.5545425415039 270.9071922302246 275.5326614379883
0 0.0119 608.9551544189453 531.1664543151854 638.75 547.2500190734863
0 0.0118 518.3676147460938 272.2876892089844 571.9041442871094 294.7989044189453
0 0.0116 477.18311309814453 122.94591522216798 532.9877853393555 144.13232421875
0 0.0116 256.8632698059082 -86.90190219879148 313.28447341918945 -66.02429771423338
0 0.0114 67.2977089881897 292.8882751464844 122.88202047348022 314.19122314453125
0 0.0112 324.898681640625 -56.02425122261046 385.10658264160156 -36.92466998100279
0 0.0110 538.5696029663086 102.15934371948244 591.7218399047852 124.92732620239258
0 0.0104 608.8099479675293 311.5868911743164 638.7500190734863 335.44164276123047
0 0.0104 457.2385787963867 92.91705703735353 512.9368209838867 114.16164016723633
0 0.0103 608.5577392578125 -78.25201892852782 638.75 -54.720629692077615
0 0.0102 454.9714660644531 -66.05382227897643 515.0387573242188 -46.89417386054991
0 0.0101 515.7164764404297 -56.367458343505845 574.3455505371094 -36.57121086120604
