0 0.1889 507.33386993408203 54.366350173950195 562.8495407104492 75.71303367614746
0 0.1524 397.5728225708008 37.4494743347168 492.92713165283203 72.72066116333006
0 0.1418 497.2226333618164 84.42562103271483 552.9513931274414 105.65299987792969
0 0.1405 497.23575592041016 24.419384002685547 552.9392623901367 45.65942764282226
0 0.1066 427.5663757324219 14.248170852661131 482.6348876953125 35.833940505981445
0 0.1005 437.34275817871094 74.36746597290038 492.8399658203125 95.71287155151366
0 0.0909 235.94425201416016 65.03528118133544 294.13330078125 85.02930164337158
0 0.0840 226.45896911621094 44.79666709899902 283.65711212158203 65.27340888977051
0 0.0693 497.53101348876953 114.26603317260742 552.6675796508789 135.8156394958496
0 0.0673 236.00759506225586 85.01195907592772 294.07331466674805 105.0541877746582
0 0.0649 287.3398208618164 44.352531433105476 342.8465270996094 65.72526931762695
0 0.0598 206.69326782226562 24.687881469726562 263.43982696533203 45.38520812988281
0 0.0571 175.98453521728516 65.02012252807617 234.09523010253906 85.04539489746094
0 0.0564 293.06254386901855 64.914174079895 408.191499710083 114.56405162811278
0 0.0561 166.24757766723633 44.89837646484375 223.85198593139648 65.16983032226562
0 0.0480 369.0248107910156 13.371448516845703 421.3092041015625 36.7169189453125
0 0.0440 268.0828094482422 13.950252532958984 322.1647644042969 36.13401412963867
0 0.0438 507.18860626220703 -5.55811882019043 562.9829788208008 15.6362247467041
0 0.0425 176.25896453857422 84.89849090576172 233.84014129638672 105.17070770263672
0 0.0406 437.77557373046875 104.13530349731445 492.44293212890625 125.94861984252928
0 0.0397 146.38324737548828 24.835262298583984 203.72642517089844 45.234451293945305
0 0.0355 236.70965194702148 104.68685150146484 293.42302322387695 125.38749694824217
0 0.0345 176.93286895751953 4.571819305419923 233.2183837890625 25.503940582275387
0 0.0337 554.4661331176758 80.35499572753906 595.6576919555664 109.91230010986328
0 0.0322 498.01002502441406 144.00169372558594 552.22900390625 166.08352661132812
0 0.0316 408.05389404296875 -16.022415161132812 462.188720703125 6.108074188232422
0 0.0302 478.9118957519531 183.44751358032227 531.4107513427734 206.64094924926758
0 0.0272 116.71348571777344 4.67928886413574 173.42084884643555 25.39420127868652
0 0.0265 558.6012649536133 113.64492416381835 611.6919326782227 136.44262313842773
0 0.0257 373.0625534057617 124.91418838500975 488.19149017333984 174.56403732299805
0 0.0256 324.8360061645508 9.737491607666016 365.30773162841797 40.4713249206543
0 0.0255 213.06254386901855 124.91418838500975 328.191499710083 174.56403732299805
0 0.0254 0.0 219.8858642578125 638.75 558.75
0 0.0244 418.57704162597656 183.66041183471677 471.7138671875 206.42709732055664
0 0.0232 538.6149215698242 173.6334991455078 591.6801834106445 196.45366668701172
0 0.0221 156.90715789794922 104.58881378173828 213.24108123779297 125.48736572265624
0 0.0218 106.86491012573242 44.61125373840332 163.2796859741211 65.46473503112792
0 0.0207 558.8442993164062 143.48800659179688 611.4725494384766 166.59984588623047
0 0.0195 488.96888732910156 213.40478897094727 541.3604736328125 236.68298721313477
0 0.0192 554.4811248779297 20.329961776733395 595.6435394287109 49.934911727905266
0 0.0188 564.5158004760742 50.27618408203125 605.6103897094727 79.98350143432617
0 0.0184 67.97152519226074 24.02502059936523 122.26387977600098 46.06018066406249
0 0.0181 217.19354629516602 -15.560197830200194 272.97834396362305 5.638427734374999
0 0.0173 278.1923007965088 -16.106824874877926 332.0634365081787 6.1926937103271475
0 0.0169 77.91669845581055 -15.945913791656492 132.31441497802734 6.030466556549071
0 0.0166 116.98858261108398 74.54973220825195 173.1656837463379 95.52747726440428
0 0.0162 429.0627670288086 213.34320068359375 481.27567291259766 236.74480438232422
0 0.0160 348.70975494384766 -16.421127319335938 401.5932083129883 6.509313583374023
0 0.0159 137.22761154174805 -25.578212738037106 192.94713973999023 -4.343318939208984
0 0.0154 549.0547943115234 203.34672927856445 601.2831878662109 226.74100875854492
0 0.0153 328.63658905029297 193.6206817626953 381.6604232788086 216.4666748046875
0 0.0151 410.85670471191406 83.69640350341797 438.72535705566406 126.80152893066408
0 0.0149 213.06254386901855 184.91418838500977 328.191499710083 234.56403732299805
0 0.0139 33.06253433227539 -75.08583068847656 148.19150924682617 -25.43595314025879
0 0.0132 512.6921272277832 -80.0 638.7499809265137 -10.150761604309086
0 0.0130 334.5708465576172 160.18753051757812 375.55816650390625 190.06366729736325
0 0.0122 598.9186096191406 173.44354629516602 638.75 196.64499282836914
0 0.0121 18.22000503540039 3.8782215118408194 72.03792572021484 26.207990646362305
0 0.0118 384.7977066040039 209.80609893798825 425.34358978271484 240.4090881347656
0 0.0117 97.86535263061523 104.08418655395508 152.36106872558594 126.00019454956055
0 0.0113 328.2875442504883 223.83468627929688 381.9771957397461 246.2513732910156
0 0.0113 464.0179443359375 -18.967978954315186 506.08543395996094 9.302070140838621
0 0.0109 48.23056936264038 53.86990547180176 102.02877283096313 76.2160587310791
0 0.0108 598.659839630127 83.6088180541992 638.7499809265137 106.47899627685547
0 0.0106 518.3810043334961 243.7767791748047 571.8926620483398 266.3094329833984
0 0.0105 608.9896965026855 542.6393890380859 638.7500190734863 558.7499999999999
0 0.0105 258.62945556640625 263.6263656616211 311.66664123535156 286.46114349365234
0 0.0105 18.160362243652344 -26.08503818511963 72.09187507629395 -3.8288164138793954
0 0.0103 153.0625343322754 -75.08583068847656 268.1915092468262 -25.43595314025879
0 0.0103 107.62031078338623 144.21527862548828 162.58629322052002 165.86669921875
0 0.0102 608.8137817382812 203.08439254760742 638.75 226.9441795349121
