0 0.2148 346.64134979248047 -45.281020402908325 403.48628997802734 -24.645498991012573
0 0.1911 346.1166000366211 -65.03946781158447 403.97281646728516 -44.89346981048584
0 0.1421 347.9994201660156 -15.989465713500975 402.2380828857422 6.0750484466552725
0 0.1199 286.26251220703125 -65.10522842407227 343.8373565673828 -44.8258638381958
0 0.1020 287.3493480682373 -35.6342601776123 342.83360481262207 -14.285087585449217
0 0.0839 433.0625534057617 164.91418838500974 548.1914901733398 214.56403732299802
0 0.0578 406.97742462158203 -45.44641613960266 463.17638397216797 -24.47675585746765
0 0.0550 455.60779571533203 218.07891845703122 494.60323333740234 251.9838714599609
0 0.0523 288.9772701263428 -6.5979671478271475 341.3523197174072 16.6861629486084
0 0.0498 515.8477783203125 127.33194351196289 554.4019317626953 162.66988754272458
0 0.0491 349.33143615722656 13.158683776855469 401.03424072265625 36.929168701171875
0 0.0448 395.8223342895508 157.41283416748047 434.42325592041016 192.59548187255857
0 0.0436 495.37437438964844 218.65962028503415 534.8104858398438 251.45260810852048
0 0.0423 407.92083740234375 -15.9476637840271 462.31048583984375 6.0323119163513175
0 0.0419 435.89649200439453 127.07094192504881 474.37068939208984 162.91036605834958
0 0.0411 395.65521240234375 197.95076370239255 434.5618438720703 232.10134506225586
0 0.0409 406.6067886352539 -75.27345180511473 463.52039337158203 -54.65484619140624
0 0.0407 475.92384338378906 126.88568115234375 514.3565368652344 163.08128356933594
0 0.0321 227.40589141845703 -75.66901206970215 282.7827835083008 -54.250607490539544
0 0.0309 299.76954460144043 22.81560897827148 350.6476306915283 47.26768493652344
0 0.0295 395.73368072509766 117.7341079711914 434.4935989379883 152.30010986328125
0 0.0294 400.14278411865234 232.47939109802246 450.32527923583984 257.59575843811035
0 0.0286 355.3761291503906 198.66960525512695 394.80751037597656 231.44338607788083
0 0.0254 0.0 219.8858642578125 638.75 558.75
0 0.0253 550.6556701660156 161.63848876953122 578.9634704589844 208.3333969116211
0 0.0242 355.5046081542969 158.36664199829102 394.69207763671875 191.72033309936523
0 0.0237 227.9401397705078 -45.95531463623046 282.2921371459961 -23.95941734313965
0 0.0228 408.6298370361328 13.629932403564451 461.66542053222656 36.4581298828125
0 0.0226 349.8985290527344 42.713966369628906 400.5335235595703 67.36825942993163
0 0.0224 449.30931091308594 253.15532684326172 501.05804443359375 276.92996978759766
0 0.0216 349.8899459838867 232.7178192138672 400.5417251586914 257.36412048339844
0 0.0214 315.3704071044922 198.68953704833982 354.81201171875 231.4251708984375
0 0.0210 555.7404327392578 127.72409439086913 594.4869232177734 162.30928421020505
0 0.0200 535.2450561523438 218.9472198486328 574.9278259277344 251.19010925292966
0 0.0189 400.67543029785156 91.94261550903319 449.87281799316406 118.11647415161133
0 0.0185 275.4090690612793 218.5977077484131 314.77739334106445 251.50910377502444
0 0.0182 355.3478240966797 68.73533248901367 394.8329162597656 101.38338088989258
0 0.0181 355.48999786376953 118.40900421142577 394.70447540283203 151.68155670166013
0 0.0180 299.4688320159912 53.046751022338874 350.9140872955322 77.03886985778809
0 0.0180 315.3316879272461 158.77124786376953 354.8476028442383 191.3505935668945
0 0.0179 399.63592529296875 42.9289436340332 450.7640075683594 67.15671539306639
0 0.0171 244.67655181884766 -19.982292652130127 285.4574966430664 10.217335224151611
0 0.0160 511.90391540527344 9.841804504394531 638.75 109.6270751953125
0 0.0160 455.69507598876953 87.85680770874023 494.52571868896484 122.18748092651367
0 0.0155 315.2281093597412 78.99229049682617 354.9424076080322 111.14896774291991
0 0.0152 275.3822898864746 178.66378784179688 314.80112075805664 211.44866943359372
0 0.0152 238.82694244384766 13.500785827636717 291.4878845214844 36.58723831176757
0 0.0151 305.2530765533447 248.9333343505859 344.92011070251465 281.20277404785156
0 0.0150 315.40767669677734 118.6012077331543 354.7786331176758 151.5058708190918
0 0.0136 509.090576171875 253.3184051513672 561.2519073486328 276.7687225341797
0 0.0135 235.2707290649414 218.8967132568359 274.9039077758789 251.23615264892578
0 0.0135 0.0 322.91885375976557 50.75056552886963 347.1669006347656
0 0.0135 265.0530815124512 259.33536529541016 305.104923248291 290.8366012573242
0 0.0133 448.49536895751953 323.71143341064453 501.78783416748047 346.37584686279297
0 0.0133 405.0053405761719 259.4265747070312 445.14930725097656 290.7537078857422
0 0.0128 449.8581314086914 52.74691581726075 500.5690383911133 77.33578681945801
0 0.0126 512.6921272277832 -80.0 638.7499809265137 -10.150761604309086
0 0.0125 345.07678985595703 259.29084777832026 385.0827407836914 290.8770751953125
0 0.0124 238.7771224975586 43.53279113769531 291.5329360961914 66.55511856079102
0 0.0123 458.3827590942383 283.77754211425776 511.8906784057617 306.30897521972656
0 0.0116 595.548095703125 118.26890945434569 634.6524047851562 151.80974960327148
0 0.0115 0.0 -29.901981353759762 211.54129028320312 69.2983055114746
0 0.0115 275.1851272583008 139.07928466796875 314.9821090698242 171.06971740722653
0 0.0113 235.2970314025879 178.84572982788086 274.87932205200195 211.28263473510742
0 0.0111 588.6067390441895 157.01847076416016 638.7499809265137 223.19606781005857
0 0.0110 498.87218475341797 343.4701538085937 551.4473342895508 366.61773681640625
0 0.0110 0.0 293.1435394287109 51.01393699645996 316.94435119628906
0 0.0109 5.1995038986206055 349.05643463134766 44.96819019317627 381.0905075073242
0 0.0107 0.0 -76.85811042785645 41.0142707824707 -53.05420398712159
0 0.0103 398.9242172241211 343.4400177001953 451.39949798583984 366.64855957031244
0 0.0102 274.99378204345703 79.45266723632812 315.1596450805664 110.72994232177734
