0 0.0305 158.25525283813477 182.85734558105472 212.0058250427246 205.22905731201172
0 0.0284 313.06254386901855 -56.08583068847654 428.191499710083 -6.435953140258769
0 0.0254 0.0 218.88586425781253 638.75 557.75
0 0.0207 147.93397903442383 153.0432929992676 202.29887008666992 175.04120254516602
0 0.0198 335.8839797973633 -3.861814498901347 374.37870025634766 31.848386764526385
0 0.0189 178.10531616210938 212.9455795288086 232.14237213134766 235.14006042480472
0 0.0173 295.70220947265625 -3.1939301490783487 334.5224380493164 31.23411798477175
0 0.0171 98.46014022827148 172.73552322387695 151.8192481994629 195.35202407836914
0 0.0140 375.7952117919922 -3.476997375488261 414.44374084472656 31.494125366210955
0 0.0138 275.5520820617676 -42.7541170120239 314.6501350402832 -9.169140815734844
0 0.0135 0.0 -80.99999999999999 255.4166603088379 59.70427894592288
0 0.0131 512.6921272277832 -80.99999999999999 638.7499809265137 -11.150761604309062
0 0.0128 289.4673156738281 -77.94647789001462 340.914306640625 -53.9671239852905
0 0.0126 108.58707904815674 202.65615844726565 161.7042875289917 225.43169403076172
0 0.0122 207.98641204833984 163.01458740234375 262.2507095336914 185.0704040527344
0 0.0114 335.48828125 37.39075088500978 374.7081756591797 70.69832229614259
0 0.0109 88.31472396850586 142.82396697998047 141.95127487182617 165.26300811767578
0 0.0109 608.9943695068359 541.6358795166016 638.75 557.7500000000001
0 0.0104 295.2441692352295 37.938913345336935 334.9296283721924 70.19771003723147
0 0.0100 255.20990371704102 -1.9865975379943641 294.9608039855957 30.12978219985964
