0 0.1467 585.5497741699219 -4.800045490264893 638.75 14.858562946319578
0 0.1277 513.1744003295898 -3.878555297851562 576.7193984985352 13.906497955322266
0 0.1186 585.4883575439453 -24.773607254028317 638.75 -5.168609619140625
0 0.1134 585.5383491516113 15.204811096191404 638.7499809265137 34.853553771972656
0 0.0989 513.1919479370117 -23.88629913330078 576.7033767700195 -6.085796356201172
0 0.0865 523.5979461669922 15.97267150878906 586.322021484375 34.061279296875
0 0.0863 608.2876396179199 113.41619491577147 638.7500190734863 136.60982131958008
0 0.0759 587.5760078430176 144.23072814941406 638.7499809265137 165.84960937499997
0 0.0725 596.4205932617188 34.80772972106934 638.75 55.26082038879394
0 0.0672 453.9998245239258 -14.169752597808836 515.9445571899414 4.209997653961181
0 0.0661 596.3616752624512 -45.167288780212395 638.7500190734863 -24.76522922515869
0 0.0640 607.9145812988281 83.6321449279785 638.75 106.39062881469727
0 0.0616 505.3207778930664 125.30628204345703 564.7123336791992 144.75090026855466
0 0.0611 454.56050872802734 5.618896484374999 515.419807434082 24.429264068603516
0 0.0546 445.74005126953125 115.12996673583983 504.3217468261719 134.93289947509763
0 0.0544 525.4465484619141 145.25123596191403 584.5958709716797 164.80716705322266
0 0.0523 445.9333801269531 135.04377365112305 504.1425323486328 155.02126693725586
0 0.0499 586.1394500732422 54.944438934326165 638.75 75.12197494506835
0 0.0485 505.10292053222656 105.39899826049805 564.9146270751953 124.65578079223631
0 0.0451 534.2279052734375 35.74066162109374 595.7322692871094 54.30198669433594
0 0.0433 503.4324264526367 -43.97051811218261 566.4777755737305 -25.99821090698242
0 0.0421 465.9800338745117 155.0248146057129 524.0987777709961 175.0411033630371
0 0.0420 465.0526428222656 25.423202514648434 524.9605560302734 44.63153839111328
0 0.0416 445.16387939453125 95.37467956542969 504.8576354980469 114.68101501464842
0 0.0402 607.7435302734375 303.72611999511713 638.75 326.2947845458984
0 0.0390 545.8772659301758 165.06456375122067 604.1955947875977 184.9991416931152
0 0.0374 444.0843200683594 -34.20243263244628 505.86578369140625 -15.756387710571287
0 0.0347 397.216796875 -5.564756393432616 452.9552459716797 15.644330978393555
0 0.0344 585.9336853027344 -64.97008323669434 638.75 -44.96707439422607
0 0.0336 596.7344856262207 274.6602249145508 638.7499809265137 295.41210174560547
0 0.0319 504.5582580566406 85.6162643432617 565.4228210449219 104.43126678466795
0 0.0316 608.0509948730469 173.55216979980466 638.75 196.47151947021484
0 0.0303 563.7453079223633 111.40548706054686 606.3479232788086 138.96678924560547
0 0.0295 406.0994338989258 154.96843338012695 463.98868560791016 175.09843826293942
0 0.0282 385.9933853149414 115.01886367797852 444.08634185791016 135.0472068786621
0 0.0273 475.27313232421875 45.32902717590333 534.7560119628906 64.72800254821777
0 0.0266 444.87510681152344 75.48807621002197 505.12786865234375 94.56315517425536
0 0.0260 607.8094673156738 333.6889266967773 638.7499809265137 356.33251190185547
0 0.0259 406.97322845458984 24.555578231811523 463.1802749633789 45.52119255065918
0 0.0258 385.4932403564453 95.23818969726562 444.5507049560547 114.82192993164061
0 0.0254 0.0 219.8858642578125 638.75 558.75
0 0.0254 386.2062072753906 134.92084503173828 443.88946533203125 155.14743804931638
0 0.0251 436.1881637573242 174.92698669433594 493.90674591064453 195.14076232910153
0 0.0248 504.48081970214844 65.64467906951903 565.49560546875 84.40151691436766
0 0.0240 596.7267036437988 244.66304779052737 638.7499809265137 265.40904998779297
0 0.0229 0.0 -79.99999999999999 510.9122848510742 201.51496887207028
0 0.0226 586.4946174621582 204.7753143310547 638.7499809265137 225.2944564819336
0 0.0213 387.06695556640625 -35.48615932464599 443.0926513671875 -14.43533420562744
0 0.0212 485.13240814208984 235.38700103759763 544.8871231079102 254.66815948486325
0 0.0211 545.827751159668 185.08771896362302 604.2412185668945 204.9756050109863
0 0.0210 575.8792114257812 225.0623035430908 634.1941070556641 245.00117301940915
0 0.0207 415.80692291259766 55.09201049804688 474.2618179321289 74.97026443481445
0 0.0207 514.1378402709961 -64.23011541366577 575.817756652832 -45.72928667068481
0 0.0194 485.2193069458008 215.34801483154294 544.8069381713867 234.70775604248044
0 0.0189 444.1871643066406 -54.24324989318847 505.7701873779297 -35.714545249938965
0 0.0187 515.236930847168 265.34278869628906 574.7900009155273 284.7135925292969
0 0.0181 425.90503692626953 195.05310058593747 484.1696548461914 215.0110626220703
0 0.0178 385.3235626220703 75.30616760253906 444.70947265625 94.75120544433594
0 0.0174 515.5022811889648 285.2312469482422 574.5430374145508 304.82849121093744
0 0.0161 8.651800155639648 253.61660003662107 61.645450592041016 276.47159576416016
0 0.0161 485.83030700683594 195.08638381958008 544.2389678955078 214.9769401550293
0 0.0157 525.8269500732422 305.0910568237304 584.2412567138672 324.9727249145508
0 0.0154 376.8792724609375 174.60491180419922 433.26622009277344 195.4713439941406
0 0.0141 455.6966781616211 255.1494598388672 514.3619155883789 274.91294860839844
0 0.0140 425.55023193359375 215.20931243896484 484.4988250732422 234.85076904296875
0 0.0138 327.7113342285156 114.17161941528319 382.50152587890625 135.91196060180664
0 0.0135 18.39303970336914 283.7770080566406 71.88003540039062 306.3103485107422
0 0.0131 608.1382751464844 363.50521087646484 638.75 386.51973724365234
0 0.0129 0.0 223.3808422088623 51.31835460662842 246.7078876495361
0 0.0129 337.7687072753906 154.13986206054685 392.44903564453125 175.94409942626953
0 0.0125 425.5919647216797 235.19489288330078 484.4591522216797 254.86629486083982
0 0.0121 608.9771842956543 542.6493835449218 638.7500190734863 558.75
0 0.0119 455.0242233276367 -74.58118677139282 514.9911117553711 -55.36711215972901
0 0.0115 356.78077697753906 44.64718818664551 413.3586120605469 65.42710304260254
0 0.0112 327.50709533691406 84.28169250488281 382.68890380859375 105.80020904541016
0 0.0111 456.4421844482422 274.81483459472656 513.6701965332031 295.2566528320312
0 0.0105 396.3755416870117 -75.1622700691223 453.7338638305664 -54.768280982971184
0 0.0103 546.3719177246094 324.84592437744135 603.7355804443359 345.22449493408203
