0 0.1015 480.2022171020508 222.4470233917236 530.2695846557617 247.6297283172607
0 0.0623 479.8942184448242 192.7203369140625 530.5367660522461 217.3623275756836
0 0.0527 430.0587844848633 222.5682544708252 480.39539337158203 247.51032829284668
0 0.0513 485.3071975708008 248.8212966918945 524.8702621459961 281.30489349365234
0 0.0421 430.1498031616211 192.49223709106445 480.3153610229492 217.58527755737305
0 0.0367 529.9160003662109 222.69821166992185 580.5184173583984 247.38361358642578
0 0.0329 445.18680572509766 249.0648651123047 484.98165130615234 281.0829162597656
0 0.0326 459.26990509033203 163.20228576660156 511.0892868041992 186.8857192993164
0 0.0273 525.2569198608398 248.9298248291015 564.9161911010742 281.2059020996094
0 0.0254 0.0 219.8858642578125 638.75 558.75
0 0.0234 529.6546936035156 192.91019439697266 580.7482147216797 217.17472076416013
0 0.0233 379.8253631591797 202.7723503112793 430.59814453125 227.31054306030273
0 0.0229 0.0 -79.99999999999999 510.9122848510742 201.51496887207028
0 0.0205 399.8324966430664 162.7679443359375 450.59154510498047 187.3150634765625
0 0.0195 379.57775115966797 232.96485900878903 430.81737518310547 257.1200561523437
0 0.0161 514.9870681762695 159.46382522583005 555.1660537719727 190.71981430053708
0 0.0161 608.459644317627 -66.68932914733887 638.7499809265137 -43.28364372253418
0 0.0161 469.41455841064453 283.08746337890625 520.9623336791992 306.99851989746094
0 0.0137 448.6278533935547 133.63176345825192 501.66709899902344 156.45635604858398
0 0.0132 404.8115921020508 259.77817535400385 445.33092498779297 290.43445587158203
0 0.0132 28.915634155273438 33.443193435668945 81.40777587890625 56.645002365112305
0 0.0112 608.6241149902344 -36.79108142852783 638.75 -13.180832862854004
0 0.0107 608.9739990234375 542.6515960693359 638.75 558.75
0 0.0102 218.3771514892578 43.78347396850586 271.89517974853516 66.30334854125977
0 0.0101 389.6886444091797 132.8846549987793 440.71800231933594 157.20010757446286
