0 0.2627 386.35250329971313 110.58152318000793 448.5000729560852 142.50978827476501
0 0.2361 377.26861238479614 147.69843220710752 438.8567090034485 180.36895394325256
0 0.2316 393.4622526168823 87.076735496521 441.2943363189697 109.87776517868042
0 0.1907 384.70577001571655 180.269193649292 431.3846468925476 204.1722536087036
0 0.1694 320.3159809112549 120.45645117759705 383.26077461242676 151.41579508781433
0 0.1674 383.2128882408142 59.57518815994263 432.7006459236145 81.13263845443726
0 0.1556 321.088171005249 175.72022080421445 382.5451612472534 208.5902988910675
0 0.1488 384.09082889556885 208.94572734832764 431.91683292388916 231.75830841064453
0 0.1392 337.09977865219116 96.5383529663086 385.14400720596313 119.16704177856444
0 0.1211 335.84200143814087 41.13138020038605 386.27532720565796 62.074783444404595
0 0.1159 337.6959443092346 208.53045880794525 384.62380170822144 232.16535151004788
0 0.1095 327.0272970199585 68.90739351511002 376.39267444610596 90.55036157369614
0 0.1076 300.87783336639404 151.47469639778134 346.56522274017334 176.68717503547668
0 0.1011 316.7458176612854 13.205087184906008 367.84132719039917 33.74891281127929
0 0.0945 391.71162843704224 31.974023580551147 442.8726553916931 52.4797260761261
0 0.0790 441.1281108856201 142.59658455848694 487.4879837036133 166.8398559093475
0 0.0789 431.25808238983154 180.5696725845337 478.5374164581299 203.87924909591675
0 0.0775 374.8191475868225 236.99144124984738 422.45010137557983 259.9619507789612
0 0.0626 281.1178922653198 96.32660150527953 328.65729331970215 119.37618255615233
0 0.0615 280.04290759563446 40.85508584976196 329.6160489320755 62.35281229019164
0 0.0538 372.53379821777344 4.078209400177003 424.5152950286865 24.12183880805969
0 0.0536 272.212278842926 124.01808500289916 318.8780665397644 147.92386293411255
0 0.0533 445.4496502876282 83.58816504478455 482.8290581703186 113.43331933021544
0 0.0526 328.0981779098511 236.85472011566162 375.4418134689331 260.09545326232904
0 0.0521 450.33981800079346 114.64816331863402 496.9993829727173 138.54471445083618
0 0.0490 435.8523488044739 205.8754116296768 473.66219758987427 234.93355214595792
0 0.0481 261.16555631160736 12.809756398200989 310.9814554452896 34.14771258831024
0 0.0467 290.8754825592041 208.47848653793335 337.70198822021484 232.21592903137204
0 0.0459 307.35604763031006 -14.912161231040953 358.4799528121948 5.6159913539886475
0 0.0443 374.9530076980591 265.0062918663025 422.3325490951538 288.1954550743103
0 0.0434 277.21528708934784 176.11151933670044 313.61692249774933 208.30464363098142
0 0.0411 285.92541217803955 65.1276648044586 323.59256744384766 94.41996216773985
0 0.0356 374.9424934387207 321.26190662384033 422.3424196243286 344.4395542144775
0 0.0334 426.2630581855774 234.38140153884888 464.4881844520569 262.7129673957824
0 0.0325 375.06011724472046 293.0344820022583 422.24003076553345 316.4149045944214
0 0.0314 328.0785083770752 264.9979591369629 375.4586935043335 288.20271492004395
0 0.0301 439.3412947654724 59.65208262205123 489.0607237815857 81.05538636445998
0 0.0293 253.77514958381653 151.79556012153623 299.867981672287 176.3832986354828
0 0.0285 328.1732439994812 302.41591930389404 375.3761887550354 325.7831811904907
0 0.0260 421.175479888916 274.8883366584778 469.7845458984375 297.06927537918085
0 0.0254 0.0 206.14299774169922 598.828125 523.828125
0 0.0251 421.4381217956543 302.818751335144 469.5510149002075 325.3872871398925
0 0.0244 251.86196565628052 -15.360458940267561 301.5419125556946 6.068070977926254
0 0.0242 328.1818985939026 330.53455352783203 375.3683924674988 353.91454696655273
0 0.0237 239.06230330467224 36.97908818721771 276.7066419124603 66.31639301776885
0 0.0218 421.3851571083069 330.98219633102417 469.5983290672302 353.4739851951599
0 0.0200 374.8165011405945 349.49133396148676 422.4528908729553 372.4617719650268
0 0.0189 286.3131880760193 233.08271169662473 323.23540449142456 263.8942837715149
0 0.0184 239.20873403549194 92.94424653053284 276.570725440979 122.82555699348448
0 0.0172 233.8243067264557 68.52664500474928 282.1525990962982 90.92978686094284
0 0.0172 363.2053256034851 -24.070975184440613 415.09748697280884 -3.978529572486877
0 0.0165 239.5560085773468 176.53761506080627 276.2562096118927 207.91416764259336
0 0.0157 205.8901011943817 12.13468015193939 253.85779738426208 34.820696711540215
0 0.0149 281.4525604248047 264.78134393692017 328.36668491363525 288.41525316238403
0 0.0141 225.17091035842896 124.18565154075621 272.1439719200134 147.76166081428528
0 0.0137 300.6972670555115 292.8525924682617 327.05451250076294 335.4007959365845
0 0.0130 480.64886927604675 -75.0 598.8281071186066 -9.516339004039768
0 0.0129 570.8870708942413 508.7558984756469 598.8281428813934 523.828125
0 0.0127 201.7729640007019 36.56415045261383 239.01143074035645 66.69406592845917
0 0.0126 467.9896831512451 321.7999219894409 516.7152643203735 343.90704631805414
0 0.0119 328.0339479446411 358.78701210021967 375.4973888397217 381.9145202636718
0 0.0118 467.9776668548584 293.6847925186157 516.7257785797119 315.77239036560053
0 0.0115 504.68266010284424 69.6421444416046 598.828125 193.27213168144226
0 0.0111 0.0 -75.0 190.75273275375366 87.64479160308838
0 0.0105 243.8375473022461 208.6152076721191 290.970253944397 232.0810317993164
0 0.0101 421.28437757492065 359.17983055114746 469.6883797645569 381.5266370773315
