0 0.0782 72.48213958740237 150.70993423461914 101.17385101318362 199.13209915161133
0 0.0729 102.46394348144533 160.64708709716797 131.19609069824222 209.19361114501953
0 0.0650 42.535507202148466 150.93056201934814 71.10881042480472 198.92810344696045
0 0.0549 72.5168151855469 200.84774017333984 101.13154602050783 249.00314331054688
0 0.0508 102.53409576416018 110.92331886291504 131.11052703857425 158.93441200256348
0 0.0497 72.56364059448245 101.06849670410156 101.07461166381837 148.80659103393555
0 0.0462 132.52639007568362 160.89746475219727 161.1199493408203 208.95990371704102
0 0.0457 102.53211212158206 210.91642379760742 131.1129302978516 258.94113540649414
0 0.0444 12.57789802551272 141.1423683166504 41.05730247497561 188.7424659729004
0 0.0428 42.56669235229494 201.08800888061523 71.07094955444339 248.79045486450195
0 0.0427 42.600223541259794 101.27229690551758 71.03028488159181 148.63290786743164
0 0.0327 12.59700012207034 191.25377655029297 41.034194946289084 238.64856719970703
0 0.0314 132.61241149902347 111.35500907897949 161.0156173706055 158.5655117034912
0 0.0284 132.59495925903323 211.25211715698242 161.0367317199707 258.65190505981445
0 0.0271 12.627317428588894 91.43930435180664 40.99754524230959 138.49411010742188
0 0.0263 117.75590133666994 77.67337560653687 156.47416305541992 112.35588312149048
0 0.0262 162.65151214599612 151.60763263702393 190.9684295654297 198.3579969406128
0 0.0254 -107.99999999999997 299.8858642578125 530.7500000000001 638.75
0 0.0254 72.620231628418 251.39947891235352 101.00615692138675 298.527889251709
0 0.0252 -17.36785697937009 141.4847183227539 10.99182319641116 188.45928192138672
0 0.0229 -107.99999999999997 0.0 402.9122848510742 281.5149688720703
0 0.0227 47.69751739501956 67.85401105880737 86.52320098876956 102.19002962112427
0 0.0205 -68.71801185607906 613.1826782226562 -16.91921043395993 636.9037628173828
0 0.0200 42.654101371765165 251.63434982299805 70.96534442901614 298.3378028869629
0 0.0199 167.48770904541016 118.4185791015625 206.70611572265628 151.67278289794922
0 0.0198 160.6465835571289 3.6202502250671387 213.65008544921878 26.467971801757812
0 0.0194 21.200382232666044 613.2427978515625 73.15329742431642 636.8442535400391
0 0.0186 81.20627593994143 613.2394409179688 133.1478424072266 636.8476867675781
0 0.0184 -17.347877502441374 191.6257095336914 10.96778106689456 238.3456039428711
0 0.0183 102.65502166748048 261.63745880126953 130.96423339843753 308.3347702026367
0 0.0180 167.49621582031253 198.3885955810547 206.6994400024414 231.70024871826172
0 0.0174 157.4157066345215 78.58793258666992 196.77087020874026 111.51798248291016
0 0.0171 -17.339094161987276 91.68426513671875 10.957185745239286 138.2979393005371
0 0.0160 -89.621618270874 583.7868118286133 -36.10685157775876 606.3006210327148
0 0.0157 192.69838523864746 151.9679069519043 220.91221046447757 198.07313919067383
0 0.0143 7.665340423584011 57.953338623046875 46.5501518249512 92.0988941192627
0 0.0138 12.667533874511747 241.72962188720703 40.949203491210966 288.26122283935547
0 0.0135 137.3678894042969 38.697495460510254 176.8140335083008 71.4178991317749
0 0.0133 -17.21030044555661 602.8690338134766 10.803844451904325 638.75
0 0.0132 137.50180435180667 258.37257385253906 176.69469070434573 291.7148971557617
0 0.0129 57.53182601928714 298.29586029052734 96.66821670532228 331.7851257324219
0 0.0126 -19.529407501220675 573.7282943725586 33.809940338134794 596.3591384887695
0 0.0123 404.69212722778326 0.0 530.7499809265137 69.84923839569092
0 0.0119 141.01878356933594 613.3712005615234 193.31553649902347 636.7165374755859
0 0.0116 97.40493011474611 308.60499382019043 136.78137969970706 341.50242805480957
0 0.0113 97.55864334106448 38.24042797088623 136.6432685852051 71.83581829071045
0 0.0112 501.01115417480463 622.6233673095703 530.75 638.75
0 0.0112 -107.99999999999997 553.1095504760742 -67.0199518203735 576.977424621582
0 0.0111 -97.29329395294187 612.6358795166016 -69.09403610229488 638.75
0 0.0109 -47.24993515014645 142.47209548950195 -19.14916801452634 187.69250869750977
0 0.0108 162.0025177001953 232.62338638305664 212.44311523437503 257.4569511413574
0 0.0106 40.5252380371094 583.6942291259766 93.76044464111331 606.3933563232422
0 0.0106 -69.0523962974548 3.4149909019470215 -16.619539737701384 26.672229766845703
0 0.0106 67.22592544555665 338.9925765991211 106.94482040405276 371.14871978759766
0 0.0103 220.74588012695312 3.551819324493408 273.5614318847657 26.53588056564331
0 0.0100 177.0406646728516 39.367451667785645 217.1156234741211 70.80740451812744
