0 0.0698 380.4331588745117 14.058457374572766 409.2338180541992 62.786055564880385
0 0.0626 350.45345306396484 4.115587234497088 379.20894622802734 52.725950241088874
0 0.0541 574.3924140930176 -81.66318321228025 638.7499809265137 -31.75297164916991
0 0.0513 410.46836853027344 24.167109489440932 439.190673828125 72.67553424835205
0 0.0453 320.5006408691406 4.280372619628918 349.15122985839844 52.565265655517585
0 0.0428 58.66080284118652 227.10530853271484 111.63851737976074 249.98212432861328
0 0.0388 351.05396270751953 -25.248540878295884 399.60582733154297 2.2605571746826323
0 0.0351 574.3924140930176 -21.663183212280256 638.7499809265137 28.24701881408693
0 0.0348 119.40006256103516 226.59783935546872 170.97528457641602 250.48822021484375
0 0.0322 350.5308532714844 54.41247558593751 379.1144561767578 102.44508361816406
0 0.0320 290.54296493530273 4.465309143066422 319.0997505187988 52.397075653076186
0 0.0308 49.080810546875 196.81852912902832 101.26205444335938 220.2676830291748
0 0.0298 509.9295425415039 -103.81589078903197 560.5071640014648 -79.1028275489807
0 0.0298 380.54405212402344 64.47398757934572 409.0984344482422 112.39017105102539
0 0.0286 48.73852729797363 257.05594635009766 101.56818389892578 280.0316390991211
0 0.0282 105.23670196533203 192.46419525146484 144.93553161621094 224.67462158203128
0 0.0279 405.8304214477539 -19.12905120849608 444.4179916381836 16.13402938842775
0 0.0262 574.3924140930176 38.336826324462905 638.7499809265137 88.24702835083008
0 0.0258 530.5820846557617 -35.32055282592772 559.0523147583008 12.213607788085953
0 0.0257 14.934072494506836 223.06535339355472 55.215253829956055 254.12759399414062
0 0.0254 0.0 193.38586425781247 638.75 532.25
0 0.0244 320.57884216308594 54.65865707397462 349.0562438964844 102.23079299926759
0 0.0241 300.9960079193115 -25.072998046874982 349.6341800689697 2.100463867187515
0 0.0236 440.58849334716797 24.712387084960948 469.0445327758789 72.18497848510744
0 0.0236 145.38986206054688 192.13356590270996 184.79557037353516 224.97637367248535
0 0.0229 0.0 -106.49999999999999 510.9122848510742 175.01496887207034
0 0.0228 75.40904760360718 162.08997344970703 114.77819681167603 195.01615142822266
0 0.0217 525.6513977050781 -78.52262997627257 564.5636749267578 -44.423096418380716
0 0.0206 104.8879623413086 253.1461486816406 145.25876998901367 284.05419921875
0 0.0204 49.770612716674805 136.31160354614258 100.64733505249023 160.7712516784668
0 0.0203 260.6144905090332 4.867931365966813 289.0130805969238 52.054782867431655
0 0.0200 175.30818939208984 222.31206512451172 214.8700714111328 254.813362121582
0 0.0199 35.04838466644287 162.84495925903323 75.10921955108643 194.32788467407227
0 0.0197 120.69853782653809 145.47193145751953 148.91201972961426 191.57037353515625
0 0.0189 459.7528839111328 -103.66568946838376 510.66123962402344 -79.25011777877806
0 0.0189 150.69715976715088 145.46199417114258 178.91366481781006 191.57832717895508
0 0.0188 365.5109405517578 -58.14118766784666 404.6856689453125 -24.77252388000487
0 0.0188 574.3924140930176 98.3368263244629 638.7499809265137 148.24702835083008
0 0.0188 530.5856704711914 24.69591236114503 559.047966003418 72.19887828826904
0 0.0177 180.6753158569336 145.28684234619138 208.93985748291016 191.7155990600586
0 0.0176 39.33234930038452 106.6519889831543 91.03466272354126 130.4350242614746
0 0.0172 500.68721771240234 -34.60926437377928 528.925666809082 11.63531875610353
0 0.0170 5.158166885375977 262.6392135620117 45.00643730163574 294.51512908935547
0 0.0163 105.46204566955566 111.97732543945312 144.7293758392334 145.1190719604492
0 0.0163 0.0 182.53915405273438 34.965856075286865 214.6063003540039
0 0.0160 574.3924140930176 158.3368263244629 638.7499809265137 208.24702835083008
0 0.0158 609.1967010498047 -106.49999999999999 638.75 -89.04410505294798
0 0.0158 48.69874954223633 287.07799530029297 101.60489082336426 310.0090560913086
0 0.0158 210.64537048339844 125.06307220458984 238.97579193115234 171.89366912841797
0 0.0155 255.7178497314453 -28.716062545776357 294.50679779052734 5.7543811798095845
0 0.0154 485.5316162109375 11.803928375244153 524.6676635742188 45.27770614624024
0 0.0154 39.045915603637695 76.85306167602539 91.29112243652344 100.23471450805664
0 0.0152 145.55842876434326 111.73783874511719 184.64375019073486 145.33818817138672
0 0.0151 210.68422317504883 175.35428619384766 238.92915725708008 221.6621170043945
0 0.0151 325.50716400146484 -58.13578033447264 364.68944549560547 -24.777463912963853
0 0.0150 445.5337142944336 -8.196891784667953 484.6653366088867 25.278450012207042
0 0.0149 530.5830001831055 74.67341995239258 559.0511703491211 122.21652603149414
0 0.0149 5.346212387084961 132.24521255493167 44.83379364013672 164.87434005737305
0 0.0148 500.6569290161133 45.147992134094245 528.9619064331055 91.82580089569092
0 0.0145 410.5467987060547 74.48480224609375 439.09507751464844 122.38000488281251
0 0.0145 470.6437683105469 45.05200958251954 498.9777374267578 91.9026336669922
0 0.0142 410.3196716308594 -44.16607284545896 460.1690673828125 -18.760265350341783
0 0.0141 290.6467056274414 55.08584594726563 318.9742660522461 101.87745666503908
0 0.0141 409.7876739501953 -103.69380617141722 460.6305694580078 -79.2224040031433
0 0.0140 330.61317443847656 154.84872436523438 359.01466369628906 202.06876373291016
0 0.0139 240.66390991210938 125.19601440429688 268.9535140991211 171.78697204589844
0 0.0138 38.97038459777832 36.90428829193117 91.35899543762207 60.1835641860962
0 0.0137 230.65937042236328 5.166030883789076 258.95896911621094 51.81142425537111
0 0.0137 145.05937576293945 252.82800292968753 185.09855270385742 284.34327697753906
0 0.0136 485.419921875 -77.9251887798309 524.7673797607422 -44.97002148628233
0 0.0136 215.5169677734375 221.8401107788086 254.6807098388672 255.2445755004883
0 0.0135 300.63408851623535 144.9899253845215 328.98940086364746 191.95369338989258
0 0.0132 360.64918518066406 175.08954620361328 388.97117614746094 221.87223052978513
0 0.0127 270.66978454589844 145.2437744140625 298.9464569091797 191.74954986572266
0 0.0124 395.5295944213867 211.80856323242188 434.6695327758789 245.27345275878906
0 0.0123 440.55763244628906 74.53628158569336 469.0818786621094 122.33428573608398
0 0.0122 89.74454879760742 86.33739089965822 140.6692886352539 110.74641799926759
0 0.0121 608.9582633972168 516.1637268066406 638.7500190734863 532.25
0 0.0120 355.5487060546875 221.75935363769528 394.6526336669922 255.31854248046878
0 0.0118 349.5145034790039 -103.48097229003905 400.87215423583984 -79.43280601501463
0 0.0117 38.486528396606445 317.2131881713867 91.79664611816406 339.8735580444336
0 0.0117 435.54813385009766 211.76114654541013 474.6531295776367 245.3169021606445
0 0.0116 0.0 -103.37936305999753 50.98526954650879 -79.53281784057616
0 0.0115 240.70043563842773 175.48874473571777 268.9097785949707 221.55748939514163
0 0.0114 150.73413372039795 65.78969573974611 178.86955738067627 111.32676696777345
0 0.0112 495.5324172973633 191.8034896850586 534.6667861938477 225.27810668945312
0 0.0111 39.12335395812988 6.797891616821304 91.22203826904297 30.28950309753419
0 0.0110 315.6615924835205 211.45444488525388 354.55431938171387 245.59789276123047
0 0.0108 10.754776000976562 85.98229980468751 38.84500980377197 131.18070220947266
0 0.0108 89.53826904296875 56.49751281738282 140.85182189941406 80.58805084228516
0 0.0108 485.83091735839844 90.90291595458984 524.4144439697266 126.10456085205078
0 0.0106 185.63501358032227 91.53529739379883 224.5766258239746 125.52375411987305
0 0.0106 340.61023712158203 104.8314437866211 369.0182113647461 152.08322143554688
0 0.0105 200.66267013549805 5.190521240234389 228.95502090454102 51.791912078857436
0 0.0104 0.0 32.38576507568361 34.898319244384766 64.74610900878908
0 0.0103 608.987865447998 236.4654312133789 638.7500190734863 260.5631790161132
0 0.0102 405.3507995605469 -77.76721382141112 444.8298645019531 -45.114320755004876
0 0.0101 0.0 302.46331787109375 34.92935657501221 334.6753845214843
