0 0.0389 338.4458541870117 -16.68397235870358 524.0490341186523 60.749241828918485
0 0.0370 498.4458923339844 -96.68397712707517 638.75 -19.250753402709936
0 0.0254 0.0 191.88586425781253 638.75 530.75
0 0.0214 333.0625534057617 156.9141883850098 448.19149017333984 206.56403732299805
0 0.0161 375.69915771484375 59.830886840820334 414.52354431152344 94.21130371093751
0 0.0153 373.0625534057617 -83.08583068847653 488.19149017333984 -33.43595314025876
0 0.0153 0.0 -107.99999999999997 320.47889709472656 61.69043731689455
0 0.0141 511.90391540527344 61.84180450439457 638.75 161.62707519531253
0 0.0132 415.67501068115234 59.909965515136754 454.54334259033203 94.13871002197267
0 0.0132 353.0625534057617 96.91418838500978 468.19149017333984 146.56403732299805
0 0.0131 213.06254386901855 156.9141883850098 328.191499710083 206.56403732299805
0 0.0130 335.47603607177734 60.43160629272463 374.71805572509766 93.66093826293947
0 0.0126 399.0321350097656 205.36161613464355 451.3037109375 228.72604560852048
0 0.0123 574.3924140930176 -3.163183212280245 638.7499809265137 46.747018814086935
0 0.0119 299.7515869140625 134.83426284790042 350.66261291503906 159.24981307983398
0 0.0117 608.9391326904297 514.6785278320312 638.75 530.75
0 0.0110 609.182300567627 364.8290557861328 638.7499809265137 389.19947814941406
0 0.0106 350.28575897216797 214.3629379272461 400.19886016845703 239.71114349365234
0 0.0100 449.14058685302734 165.28683853149417 501.2063980102539 188.80063247680667
