0 0.0475 170.6954002380371 427.85518646240234 209.52547073364258 462.1889877319336
0 0.0421 160.76580047607422 387.6390838623047 199.46617126464844 422.38739013671875
0 0.0352 130.62946319580078 428.04405212402344 169.58206176757812 462.01576232910156
0 0.0352 170.46100616455078 468.4741973876953 209.73087310791016 501.62193298339844
0 0.0328 120.68843841552736 387.8793716430664 159.53105926513672 422.16678619384766
0 0.0311 200.80890655517575 387.4829864501953 239.43195343017575 422.53089904785156
0 0.0310 140.6608009338379 347.9644012451172 179.5542335510254 382.0887756347656
0 0.0294 210.7708644866943 427.61417388916016 249.46274757385254 462.41031646728516
0 0.0275 130.40660858154297 468.6014175415039 169.77981567382812 501.50569915771484
0 0.0256 180.68408966064453 347.89600372314453 219.5344161987305 382.15152740478516
0 0.0254 -105.0 299.8858642578125 533.75 638.75
0 0.0229 -105.0 0.0 405.9122848510742 281.5149688720703
0 0.0212 100.53003311157227 348.30772399902344 139.66909408569336 381.7742156982422
0 0.0209 210.59238433837888 468.14239501953125 249.61460113525388 501.9256591796875
0 0.0192 -65.73015213012695 622.7081489562988 -13.80847930908203 638.7499809265137
0 0.0192 140.52482604980466 308.3259868621826 179.6731948852539 341.75747871398926
0 0.0187 90.44641494750978 428.5060501098633 129.7442436218262 461.5928268432617
0 0.0180 483.5123443603515 13.697457313537598 533.75 36.389408111572266
0 0.0178 -65.17437219619751 592.769889831543 -14.401643276214601 617.3127365112305
0 0.0161 -105.0 508.2956314086914 -70.330228805542 541.7853164672852
0 0.0160 -9.61369514465332 598.6508941650391 29.797868728637695 631.4604949951172
0 0.0157 90.24120330810547 468.9611053466797 129.9307632446289 501.1774444580078
0 0.0157 80.48982620239258 388.40686798095703 119.70487594604492 421.6835403442383
0 0.0156 150.2414321899414 508.96297454833984 189.93030548095703 541.1757278442383
0 0.0155 143.10207366943362 3.943037986755371 197.14630126953125 26.14192008972168
0 0.0152 469.3924140930176 64.83681678771973 533.7499809265138 114.74701881408691
0 0.0150 100.41463851928711 308.5852527618408 139.77231979370117 341.520414352417
0 0.0149 -94.27178859710693 592.2336196899414 -66.12338066101074 637.8693008422852
0 0.0148 180.53539276123047 308.2991409301758 219.66384887695312 341.78211212158203
0 0.0145 -105.0 548.5640716552734 -70.23219585418701 581.5398406982422
0 0.0144 34.30961608886719 622.6760673522949 86.15650177001955 638.7500190734863
0 0.0138 470.4707145690918 604.7563171386719 533.7500190734862 638.75
0 0.0137 84.8090362548828 612.7652740478516 135.61660766601562 637.3150634765625
0 0.0135 134.7513771057129 612.8152465820312 185.66667556762695 637.2662353515625
0 0.0135 220.7819366455078 347.5808334350586 259.45335388183594 382.44091033935547
0 0.0135 469.3924140930176 124.83681201934814 533.7499809265138 174.74700450897217
0 0.0131 110.20383834838867 509.0401077270508 149.96496200561523 541.1053848266602
0 0.0127 -105.0 468.22715759277344 -70.353627204895 501.8479919433594
0 0.0125 20.29273509979248 568.8582992553711 59.882893562316895 601.2711715698242
0 0.0124 14.349322319030762 3.144869804382324 66.01845264434814 26.942784786224365
0 0.0124 140.38562774658203 268.65478515625 179.7982406616211 301.4569091796875
0 0.0123 -65.65751791000366 563.1388092041016 -13.973162174224857 586.9473266601562
0 0.0122 -76.36213302612305 3.620011806488037 -23.340759277343754 26.467366218566895
0 0.0120 83.44650268554686 3.7432289123535156 136.83177947998047 26.34415864944458
0 0.0117 406.90391540527344 209.84180450439453 533.75 309.6270751953125
0 0.0116 190.272798538208 508.8932418823242 229.90191459655765 541.2392807006836
0 0.0115 -104.30366754531862 421.96739196777344 -76.08525514602661 468.07579040527344
0 0.0113 240.85517883300778 387.2980499267578 279.39666748046875 422.70111083984375
0 0.0112 0.4459953308105479 528.5165023803711 39.74367141723633 561.5832901000977
0 0.0110 194.54760551452637 612.9831314086914 245.84507942199704 637.1014022827148
0 0.0109 124.56771850585938 542.9761123657227 175.82550048828125 567.1094131469727
0 0.0106 100.28017044067381 268.8828659057617 139.89461898803708 301.24874114990234
0 0.0104 74.58932876586914 572.9626846313477 125.80568313598631 597.1230697631836
0 0.0101 334.28115844726557 622.6988983154297 386.1815643310547 638.75
