0 0.0928 -44.04758453369141 217.2851276397705 94.8137092590332 323.75086784362793
0 0.0446 -65.0 187.41958618164062 -30.54975986480713 222.58941650390625
0 0.0367 -65.0 317.2911548614502 -30.56545734405518 352.7077007293701
0 0.0358 5.708026885986327 191.89680099487305 54.847469329833984 218.15977096557617
0 0.0316 90.7269334793091 257.7641487121582 129.4984006881714 292.27251052856445
0 0.0299 66.49065017700195 166.28982543945312 133.83192062377927 223.52397918701172
0 0.0288 25.577774047851562 321.1443328857422 54.0574836730957 368.7413024902344
0 0.0266 -65.0 247.7091407775879 -40.21342754364014 282.32500076293945
0 0.0258 -4.418354034423829 321.1688232421875 24.05280113220215 368.72100830078125
0 0.0229 -64.99999999999997 357.0248603820801 445.91262817382807 638.7499809265137
0 0.0229 15.16790390014648 162.47501373291016 65.29989242553711 187.60204315185547
0 0.0218 90.66696643829346 297.94432640075684 129.54917430877686 332.1071720123291
0 0.0208 140.54176330566406 188.28433990478516 179.65808868408203 221.79561614990234
0 0.0207 -65.0 147.78547286987305 -30.478334426879886 182.25305557250977
0 0.0205 95.8837890625 231.65143966674805 144.70989227294922 258.39223861694336
0 0.0203 -24.328303337097168 171.7551040649414 3.944163322448729 218.2400894165039
0 0.0201 55.595159530639656 321.2411880493164 84.03641700744629 368.6587905883789
0 0.0197 130.5598449707031 258.23081970214844 169.64282989501953 291.8446350097656
0 0.0196 74.653058052063 612.8976058959961 125.75252056121826 637.1854782104492
0 0.0188 134.69707489013672 612.8619766235352 185.7138442993164 637.2204971313477
0 0.0186 194.5889091491699 612.9494857788086 245.8088493347168 637.1344375610352
0 0.0186 14.224128723144535 622.7462577819824 66.23151779174805 638.7500190734863
0 0.0178 172.49656677246094 0.0 573.75 347.1208953857422
0 0.0171 254.67608451843265 612.8779983520508 305.7325458526612 637.2046279907227
0 0.0168 -65.0 357.6607894897461 -30.506525039672848 392.36759185791016
0 0.0164 24.29931640625 573.1779479980469 76.06369018554688 596.9094848632812
0 0.0150 14.49899911880493 133.03153038024902 65.88578939437866 157.05491065979004
0 0.0150 170.6473541259766 238.00148010253906 209.56588745117188 272.05474853515625
0 0.0146 180.40363311767578 188.61427307128906 219.78191375732422 221.49391174316406
0 0.0143 184.01054382324216 573.3771514892578 236.3228988647461 596.7106628417969
0 0.0140 220.38575172424316 188.65545272827148 259.79804039001465 221.45627975463867
0 0.0139 -65.0 612.8158187866211 -14.330091476440426 637.2654342651367
0 0.0134 74.30970668792723 583.170051574707 126.05452060699463 606.9173049926758
0 0.0132 314.66625213623047 612.8859329223633 365.7411575317383 637.1968460083008
0 0.0131 543.9882087707518 622.6409149169922 573.7499809265137 638.75
0 0.0127 374.2501068115234 622.7249908447266 426.20872497558594 638.75
0 0.0126 -14.22841548919678 602.6815795898438 13.825278282165527 638.75
0 0.0121 124.41272735595702 573.0949401855469 175.96267700195312 596.9918823242188
0 0.0118 24.462757110595703 543.0585479736328 75.91800689697266 567.0281219482422
0 0.0117 210.46913146972653 228.46014022827148 249.72305297851562 261.6348075866699
0 0.0116 204.85107421875 162.75413513183594 255.574951171875 187.3288345336914
0 0.0115 130.43869018554688 298.5312747955322 169.7504806518555 331.5697383880615
0 0.0112 184.40496444702148 543.0941009521484 235.97093582153317 566.9918823242188
0 0.0112 -64.2850399017334 522.1305465698242 -36.10748767852783 567.9501724243164
0 0.0112 -65.0 582.7170944213867 -24.452428817749023 607.3641586303711
0 0.0111 -65.00000000000001 0.0 96.92270278930664 83.84003639221191
0 0.0109 244.4779872894287 573.0437850952148 295.90516090393066 597.0422744750977
0 0.0107 85.50430297851562 332.1371078491211 135.01441955566406 357.92957305908203
0 0.0107 74.30091381072998 553.1691741943359 126.06384754180908 576.9171905517578
0 0.0106 170.4073143005371 278.6004447937012 209.77910995483396 311.5065574645996
0 0.0106 214.60617065429688 132.94930458068848 265.7908630371094 157.13624000549316
0 0.0104 145.32760620117188 162.3249053955078 195.16258239746094 187.74837493896484
0 0.0102 434.2706298828125 622.7088928222656 486.19056701660156 638.75
0 0.0101 240.21634101867676 529.0152740478516 279.95333671569824 561.1280059814453
0 0.0101 34.19817924499512 103.24642181396484 86.15483283996582 126.84089660644531
