0 0.0273 180.16673040390015 166.15894317626953 231.28461527824402 187.73632550239563
0 0.0255 180.15259516239166 137.48279240727425 231.29685366153717 159.03780457377434
0 0.0254 0.0 286.7658576965332 610.8046875 610.8046875
0 0.0229 0.0 0.0 488.5598723888397 269.19868898391724
0 0.0222 572.3111600875854 156.54781794548035 610.8046875 178.22299790382385
0 0.0217 467.40968441963196 185.05699503421783 517.8254764080048 207.08987867832184
0 0.0209 180.04928934574127 194.91905272006989 231.39093053340912 216.35096061229706
0 0.0186 550.293870806694 578.298228263855 610.8047057390213 610.8046875
0 0.0181 180.01461696624756 108.87708985805511 231.42250227928162 130.26775932312012
0 0.0176 563.5436625480652 184.70857501029968 610.8046875 207.43756914138794
0 0.0166 237.49416303634644 166.19087970256805 288.7021486759186 187.70464432239532
0 0.0160 418.8783481121063 166.36801707744598 470.66622519493103 187.52571952342987
0 0.0160 304.08858704566956 166.39232969284058 355.95211958885193 187.50137042999268
0 0.0159 246.7586739063263 99.43331676721573 298.5350239276886 120.58631354570389
0 0.0158 46.748143672943115 156.3101817369461 96.99600899219513 178.46158254146576
0 0.0152 237.7508407831192 127.78206342458725 288.4694370031357 149.6142813563347
0 0.0152 476.61320400238037 156.59505701065063 527.713032245636 178.17583179473877
0 0.0149 122.6530591249466 147.12167286872864 174.03471672534943 168.52363228797913
0 0.0148 65.38038915395737 127.93494290113449 116.5667433142662 149.4607635140419
0 0.0147 371.33173656463623 185.3393350839615 422.61096382141113 206.8061524629593
0 0.0145 562.8515281677246 127.79031658172607 610.8046875 149.6049520969391
0 0.0145 294.4751636981964 118.61040741205215 346.43580079078674 139.6582197546959
0 0.0144 47.21612276136875 184.66790199279785 96.57751236855984 207.4771842956543
0 0.0143 246.10901820659637 71.09925252199173 299.13061916828156 91.54005199670792
0 0.0142 75.38939179480076 452.7751679420471 125.72583948075771 474.8711585998535
0 0.0141 410.7708477973938 586.150820016861 459.7943458557129 609.242077589035
0 0.0138 122.96547532081604 175.61988830566406 173.75077164173126 197.4018030166626
0 0.0134 4.956613630056381 75.62831157445908 43.01512214541435 106.2024194598198
0 0.0133 361.5891444683075 156.75805914402008 413.21243262290955 178.01147997379303
0 0.0132 5.036746770143509 151.9610004723072 42.94156417250633 182.85490223765373
0 0.0130 189.48606777191162 80.24582076072693 241.06736969947815 101.5239372253418
0 0.0130 313.8412470817566 194.96921002864838 365.34131240844727 216.30054795742035
0 0.0129 458.18019247055054 213.51966261863708 507.9636740684509 236.00191926956177
0 0.0129 353.3385407924652 586.1956150531769 402.4699409008026 609.1978662014008
0 0.0128 490.2618466615677 0.0 610.8046692609787 66.79333421587944
0 0.0128 56.94701224565506 586.160450220108 105.99172228574753 609.2326662540436
0 0.0127 46.21445395052433 99.26936620473862 97.47955964505672 120.75075656175613
0 0.0125 582.122878074646 442.8605089187622 610.8046875 465.6041307449341
0 0.0124 237.4191094636917 194.92313826084137 288.77045381069183 216.34702098369598
0 0.0122 17.531880766153336 51.45789670944214 68.78670421242714 72.93782794475555
0 0.0121 236.5107697248459 42.42807188630104 289.6015330553055 62.83555778861046
0 0.0121 448.21730947494507 529.3495101928711 498.761577129364 551.2971081733704
0 0.0120 180.25580978393555 223.48369467258453 231.20279502868652 245.1625224351883
0 0.0120 361.4358637332916 128.15739512443542 413.3526542186737 149.2360314130783
0 0.0119 581.8867739439011 70.07531386613846 610.8047057390213 92.51348680257797
0 0.0119 303.97730165719986 89.95390462875366 356.0541395545006 110.93886530399323
0 0.0118 181.11058151721954 586.2739334106445 230.43615424633026 609.1204233169556
0 0.0118 428.3684391975403 137.72326478362083 480.2944951057434 158.7952164709568
0 0.0118 208.77219128608704 453.08749294281006 260.04580092430115 474.5580310821533
0 0.0117 122.67580318450928 118.41878825426102 174.01443493366241 139.85133451223373
0 0.0116 361.8825373649597 213.9565054178238 412.9458875656128 235.5642009973526
0 0.0115 496.56683921813965 595.4531403779984 546.1885042190552 610.8046692609787
0 0.0115 467.45582914352417 261.52255976200104 517.7848033905029 283.623730301857
0 0.0114 26.59582167863846 13.49051946401596 78.8051660656929 34.4014707505703
0 0.0114 85.00174587965012 548.3710584640503 135.24260741472244 570.5257787704468
0 0.0114 199.37380599975586 261.7373242378235 250.33432459831238 283.40878343582153
0 0.0113 84.7516159415245 481.592821598053 135.4689901471138 503.42835903167725
0 0.0112 582.2360329627991 385.4105830192566 610.8046875 408.3043484687805
0 0.0109 65.79361242055893 70.29789604246616 116.1931534409523 92.34852169454098
0 0.0109 391.2380232810974 529.0865035057068 441.030113697052 551.5602607727051
0 0.0108 286.3789715766907 586.2127962112427 335.55195665359497 609.1809039115906
0 0.0108 265.72922587394714 453.32853984832764 317.8022153377533 474.31435775756836
0 0.0108 114.32098630070686 586.162201166153 163.3674199283123 609.2310612201691
0 0.0107 582.1401686668396 471.5376126766205 610.8046875 494.3021728992462
0 0.0107 75.58765679597855 423.9565658569336 125.54709023237228 446.31490659713745
0 0.0106 5.080152221024036 113.61998319625854 42.9016697332263 144.68793082237244
0 0.0106 521.1772978305817 181.1100343465805 559.5341055393219 211.1221979856491
0 0.0106 582.2026920318604 414.12029814720154 610.8046875 436.96956038475037
0 0.0105 179.5915081501007 51.74778315424919 231.80800223350525 72.64490470290184
0 0.0103 362.12146854400635 242.49646997451782 412.7290620803833 264.40018486976624
0 0.0103 84.85210382938385 510.2188196182251 135.3775852918625 532.1779446601868
0 0.0101 323.50201892852783 453.09570050239563 374.8149518966675 474.5491669178009
0 0.0101 477.15712809562683 290.11946654319763 527.221928358078 312.4020788669586
0 0.0100 246.96752893924713 481.80917286872864 298.3451739549637 503.21127820014954
0 0.0100 0.0 595.4999417066574 48.98863872885704 610.8047057390213
0 0.0100 304.84729385375977 529.305371761322 355.263231754303 551.3412466049194
