0 0.2201 258.9839172363281 138.0916213989258 351.4901351928711 176.90532684326172
0 0.1916 189.9616241455078 142.7332305908203 260.4561996459961 172.37148284912107
0 0.1753 357.35389709472656 136.86033248901367 412.8300476074219 158.21989059448242
0 0.1520 126.88812255859375 137.09392547607422 183.25965881347656 157.98137664794922
0 0.1504 317.4369430541992 116.8181037902832 372.7534866333008 138.2630729675293
0 0.1438 257.947998046875 116.53696060180665 312.2856903076172 138.54787826538086
0 0.1269 197.88841247558594 116.56681060791016 252.34100341796875 138.51707458496094
0 0.1194 348.04847717285156 166.47871017456055 402.1941375732422 188.60662460327148
0 0.1095 96.72628402709961 117.17304229736325 153.40904235839844 137.90058135986328
0 0.1061 180.64146041870117 172.08019256591797 249.79856491088867 202.98355102539062
0 0.0960 66.47857427597046 137.29276657104492 123.63769769668579 157.77837753295898
0 0.0835 96.85946464538574 157.11059570312497 153.285493850708 177.9648208618164
0 0.0827 357.2028350830078 96.93347930908202 412.97019958496094 118.14460754394531
0 0.0735 137.29610443115234 96.88365936279295 192.8847885131836 118.19503784179685
0 0.0689 278.09898376464844 86.44582748413086 332.1488952636719 108.63924026489258
0 0.0678 259.8578643798828 176.83208465576172 350.62042236328125 218.05667877197266
0 0.0653 36.47539138793945 117.29413986206055 93.64066123962402 137.77692794799805
0 0.0594 66.74538612365723 97.16232299804688 123.39175224304199 117.91126251220702
0 0.0572 218.35052490234375 86.29642486572266 271.92005157470703 108.78982543945311
0 0.0527 36.551265716552734 157.25923538208008 93.57025146484375 177.81282424926758
0 0.0407 0.0 136.35963439941406 52.00291633605957 158.72730255126953
0 0.0340 408.3275604248047 116.30788803100586 461.9414520263672 138.7779426574707
0 0.0327 349.3787384033203 193.2522964477539 421.02386474609375 221.8854522705078
0 0.0316 97.46575355529785 66.79697036743164 152.72835731506348 88.2835578918457
0 0.0315 327.89485931396484 66.56375885009766 382.3349380493164 88.52024078369139
0 0.0287 27.13780403137207 76.96876525878906 83.0295467376709 98.10901641845703
0 0.0272 158.25297832489014 66.35320663452148 212.00912952423096 88.73235702514648
0 0.0262 408.1970977783203 76.38830184936523 462.05955505371094 98.69729995727539
0 0.0248 117.12921142578125 186.9754981994629 173.03691864013672 208.1025505065918
0 0.0229 0.0 249.52486038208008 510.9126281738281 531.2499809265137
0 0.0227 589.0070343017578 105.87974548339844 638.75 129.2081069946289
0 0.0217 268.51165771484375 56.20164871215821 321.7729949951172 78.88574600219727
0 0.0190 57.10203409194946 186.98896408081052 113.06201696395874 208.0887794494629
0 0.0185 57.43621826171875 46.8134880065918 112.75527954101562 68.26692581176758
0 0.0178 179.21009063720703 205.72478294372556 231.14696502685547 229.36066627502439
0 0.0176 324.9726104736328 -107.5 638.75 62.188568115234375
0 0.0174 588.794994354248 76.02043151855469 638.7500190734863 99.0673828125
0 0.0169 589.3234062194824 135.6586456298828 638.7500190734863 159.4284439086914
0 0.0169 0.0 102.40350723266602 35.39298057556152 132.82075881958008
0 0.0164 0.0 186.24771118164062 51.832027435302734 208.84021759033203
0 0.0155 79.74998712539673 514.7473907470703 130.78195333480835 531.25
0 0.0154 224.70592498779297 52.46522903442382 265.4300308227539 82.76487350463867
0 0.0152 574.3924140930176 337.33680725097656 638.7499809265137 387.2470092773437
0 0.0152 0.0 46.03892803192139 51.53453826904297 69.04961109161377
0 0.0151 414.85939025878906 142.19120025634766 455.2862548828125 173.01334381103516
0 0.0148 468.45645904541016 76.23748779296874 521.822624206543 98.84998321533203
0 0.0137 574.3924140930176 277.33680725097656 638.7499809265137 327.24700927734375
0 0.0135 0.0 -107.5 255.4166603088379 33.204278945922844
0 0.0135 518.5313034057617 96.18949890136719 571.7551803588867 118.8979721069336
0 0.0133 0.0 515.1167297363282 51.100497245788574 531.25
0 0.0132 117.89073467254639 36.565093994140625 172.33898639678955 58.518733978271484
0 0.0129 130.64502716064453 504.57214355468756 158.9793586730957 531.25
0 0.0111 574.3924140930176 217.33680725097656 638.7499809265137 267.2470092773437
0 0.0111 528.2495880126953 66.35953903198242 582.0112609863281 88.72663497924805
0 0.0104 608.8840484619141 515.2195739746094 638.75 531.2499999999999
0 0.0103 469.13475036621094 115.79723358154297 521.2102508544922 139.29115295410156
0 0.0102 608.545970916748 45.758056640625 638.7500190734863 69.26959991455078
0 0.0102 159.63493824005127 514.875316619873 210.87695598602295 531.2500190734863
0 0.0101 0.0 216.02577209472653 51.512746810913086 239.0631103515625
