0 0.2359 184.79616165161133 59.02148818969727 245.20105361938477 78.02901840209961
0 0.1873 194.93667602539062 78.96571731567384 255.06980895996094 98.08673477172852
0 0.1801 175.0823974609375 38.904968261718764 234.93438720703125 58.149143218994155
0 0.1687 125.78033447265625 58.611675262451186 184.28451538085938 78.4515724182129
0 0.1674 245.05741119384766 58.91542053222658 304.9576187133789 78.13840484619142
0 0.1343 135.63945293426514 78.67423629760744 194.4150972366333 98.38748550415039
0 0.1288 116.28425598144531 38.38435745239259 173.81732940673828 58.684726715087905
0 0.1219 234.9520492553711 38.95627593994141 295.0563049316406 58.09585189819337
0 0.1154 255.69011688232422 78.65073776245117 314.36840057373047 98.41136550903322
0 0.0897 165.83856582641602 18.580776214599624 224.23173904418945 38.48231887817384
0 0.0700 195.22769927978516 98.84597396850586 254.79881286621094 118.21014022827147
0 0.0546 225.50996780395508 18.721071243286143 284.5376396179199 38.33761787414552
0 0.0529 135.96675395965576 98.53141403198244 194.11091327667236 118.53442764282228
0 0.0437 67.95438766479492 57.5355682373047 122.27935791015625 79.54965209960939
0 0.0418 107.4850082397461 7.785707473754898 162.7109146118164 29.294839859008803
0 0.0400 256.2767791748047 98.38777160644531 313.8242721557617 118.68123626708983
0 0.0351 166.8880271911621 -1.9113388061523284 223.26101303100586 18.985820770263686
0 0.0284 197.0809555053711 218.00210571289062 253.08082580566406 239.0757904052734
0 0.0278 78.0130672454834 87.50453567504883 132.2252368927002 109.58140945434572
0 0.0254 0.0 193.38586425781247 638.75 532.25
0 0.0251 295.9021759033203 38.55189895629884 354.1728973388672 58.51184463500977
0 0.0242 306.2088871002197 58.41584777832032 363.88792991638184 78.65186309814453
0 0.0229 0.0 -106.49999999999999 510.9122848510742 175.01496887207034
0 0.0216 58.27585220336914 27.344518661499038 111.98722839355469 49.7418842315674
0 0.0191 175.72504043579102 118.63820648193361 234.33526992797852 138.4247741699219
0 0.0184 226.6809844970703 -1.813081741332994 283.45279693603516 18.884950637817393
0 0.0168 137.43998050689697 217.81491851806643 192.75102138519287 239.26602935791016
0 0.0166 117.04706192016602 118.0219612121582 173.11141967773438 139.05604934692386
0 0.0160 286.2581157684326 18.38712310791017 343.8438129425049 38.680187225341804
0 0.0157 127.9856538772583 -22.486566543579087 182.2517728805542 -0.428670883178697
0 0.0155 258.0965805053711 227.4509582519531 312.1502685546875 249.6346435546875
0 0.0135 608.6965751647949 216.6624603271484 638.7500190734863 240.3659210205078
0 0.0132 512.6921272277832 -106.49999999999997 638.7499809265137 -36.65076160430907
0 0.0123 608.9303398132324 516.1852607727051 638.7500190734863 532.2499809265137
0 0.0122 236.3099479675293 118.3703956604004 293.79404067993164 138.69865036010742
0 0.0105 609.4507598876953 476.12691497802734 638.75 500.90016937255854
0 0.0100 608.5566902160645 186.75071334838867 638.7499809265137 210.27690505981445
