0 0.2594 536.3780212402344 38.83869075775148 593.7310028076172 59.231118202209494
0 0.2132 536.2160491943359 18.91100311279299 593.8816833496094 39.156555175781264
0 0.1657 537.3500442504883 68.3570899963379 592.8348159790039 89.72229385375978
0 0.1030 526.0369491577148 -1.0070953369140416 584.0475082397461 19.07265090942385
0 0.0803 527.9371643066406 98.03594970703125 582.2972106933594 120.04774475097656
0 0.0740 476.1792755126953 18.93372917175295 533.9142608642578 39.13434410095217
0 0.0629 476.48014068603516 38.795608520507834 533.635368347168 59.27610778808595
0 0.0563 397.5513458251953 -1.742483139038065 452.6483917236328 19.824670791625998
0 0.0528 356.95796966552734 -21.43518066406248 413.19393157958984 -0.48795318603513554
0 0.0512 525.9553146362305 -20.969396591186502 584.1229629516602 -0.9658489227294703
0 0.0510 466.2724304199219 -1.1089668273925566 523.8279724121094 19.17812728881838
0 0.0464 317.18674659729004 -1.5564022064208776 372.9845333099365 19.63462257385256
0 0.0456 594.4893264770508 34.310726165771506 635.6364059448242 63.9523162841797
0 0.0407 588.0384063720703 -2.025724411010721 638.75 20.109495162963885
0 0.0363 286.345739364624 -21.143918991088842 343.76038551330566 -0.7862529754638453
0 0.0359 196.38336181640625 98.83604431152347 253.7261199951172 119.23380279541017
0 0.0356 206.50989532470703 118.7789764404297 263.6084747314453 139.29266357421875
0 0.0354 417.8520965576172 28.09376144409182 472.37274169921875 49.99084854125979
0 0.0345 436.43516540527344 -21.182752609252905 493.6768341064453 -0.7459506988525177
0 0.0339 256.65836334228516 -1.2909660339355256 313.47103118896484 19.364360809326193
0 0.0329 187.12961196899414 58.4740676879883 243.03682327270508 79.60379028320315
0 0.0316 587.6715087890625 -31.81816673278806 638.75 -10.100294113159157
0 0.0300 477.05101013183594 68.51622009277347 533.1086730957031 89.56125640869142
0 0.0290 376.1798095703125 -41.06614685058591 433.9137268066406 -20.86572265624998
0 0.0269 197.91385650634766 148.05735015869143 252.3166275024414 170.02741241455078
0 0.0268 226.99979782104492 78.53512191772464 283.15744400024414 99.54079055786134
0 0.0268 187.22867965698242 28.425315856933615 242.94519424438477 49.65378189086916
0 0.0265 594.8021697998047 63.79293823242188 635.3399658203125 94.4210662841797
0 0.0264 257.0255470275879 28.528360366821307 313.132266998291 49.54877281188967
0 0.0262 316.1985397338867 -41.076141357421854 373.8966751098633 -20.85573768615721
0 0.0254 0.0 193.88586425781253 638.75 532.75
0 0.0250 525.9508895874023 -40.968557357788065 584.1273880004883 -20.966917037963846
0 0.0247 518.1708145141602 127.90453338623048 572.0833206176758 150.18103027343753
0 0.0229 0.0 -105.99999999999996 510.9122848510742 175.5149688720703
0 0.0227 598.1288909912109 -62.07522964477537 638.75 -39.840055465698214
0 0.0220 199.46577072143555 177.05597305297854 250.9153938293457 201.03062057495117
0 0.0205 317.92041778564453 28.047679901123065 372.31197357177734 50.03624343872073
0 0.0205 489.47715759277344 227.04119110107422 540.9066009521484 251.04448699951172
0 0.0200 205.36081314086914 202.70518684387207 244.8213005065918 235.41093254089355
0 0.0200 439.45674896240234 167.06367874145508 490.9231948852539 191.02310562133792
0 0.0194 467.81227111816406 98.11567687988283 522.4092102050781 119.96858978271487
0 0.0191 197.200927734375 -1.5618095397949014 252.97103881835938 19.640449523925803
0 0.0190 147.79817581176758 78.11994934082033 202.4228858947754 99.96370697021486
0 0.0188 147.61369705200195 118.22554016113283 202.59084701538086 139.8573913574219
0 0.0180 418.19679260253906 57.896503448486335 472.0580291748047 80.19028091430665
0 0.0179 267.7231979370117 118.15811538696292 322.4922561645508 139.92451095581058
0 0.0176 589.4201469421387 97.08736801147464 638.7500190734863 120.99914932250978
0 0.0171 267.7669143676758 58.136619567871115 322.45166778564453 79.94669342041017
0 0.0161 598.400707244873 -92.23491287231442 638.7500190734863 -69.67875576019284
0 0.0160 436.09283447265625 -41.02807378768919 493.9946746826172 -20.905035495758035
0 0.0155 165.17095565795898 213.10973548889163 204.9949836730957 245.04193687438968
0 0.0155 149.26537036895752 187.20056915283203 201.09439373016357 210.8867874145508
0 0.0152 449.53590393066406 196.99999237060547 500.8538055419922 221.08568572998047
0 0.0150 545.3803634643555 232.66355895996094 584.803352355957 265.4488983154297
0 0.0147 258.91441345214844 147.43914031982422 311.409912109375 170.64836883544922
0 0.0145 256.3917922973633 -41.164411067962625 313.7174987792969 -20.765093326568582
0 0.0142 608.9809989929199 516.6465606689453 638.7500190734863 532.7500000000001
0 0.0139 138.7579870223999 157.547420501709 191.54974460601807 180.5407752990723
0 0.0136 498.68831634521484 157.59262466430664 551.6125869750977 180.49553298950195
0 0.0131 128.60873699188232 37.644466400146506 181.684308052063 60.44371032714845
0 0.0129 589.6143341064453 236.94288635253903 638.75 261.14256286621094
0 0.0126 609.6219635009766 486.4839401245117 638.75 511.5407791137696
0 0.0119 245.4840087890625 202.42585563659668 284.70958709716797 235.6661548614502
0 0.0119 408.86775970458984 87.47917556762697 461.4500045776367 110.60959243774417
0 0.0116 499.9327087402344 196.68463134765628 550.5036926269531 221.3970413208008
0 0.0115 419.5246124267578 117.0145835876465 470.8625793457031 141.0720100402832
0 0.0115 609.3148612976074 346.7289199829102 638.7500190734863 371.29877471923834
0 0.0112 536.4847946166992 -61.21499156951902 593.6330795288086 -40.71457004547117
0 0.0108 374.6180725097656 24.114932060241717 415.5128479003906 54.12932300567629
0 0.0105 138.27292919158936 7.848285675048849 191.98944568634033 30.23840332031252
0 0.0103 288.2464599609375 87.85608673095705 342.01526641845703 110.22932434082034
0 0.0100 339.86854553222656 126.73572921752933 390.5604553222656 151.34647750854492
0 0.0100 197.39500045776367 -31.661773681640604 252.79241561889648 -10.257717132568338
0 0.0100 210.5535125732422 236.08187103271484 259.97364044189453 261.98267364501953
