0 0.2170 201.83265209197998 88.90473842620848 243.6911165714264 106.47499561309813
0 0.1737 218.11071038246155 111.9215190410614 258.72597098350525 130.33440709114075
0 0.1338 201.82517170906067 65.47151505947112 243.69797110557556 83.03315937519073
0 0.1102 249.33355301618576 88.50468695163727 289.99996930360794 106.87653720378876
0 0.0943 449.7515857219696 240.5504286289215 480.1062047481537 267.29974150657654
0 0.0940 155.20226955413818 88.7591540813446 196.5930461883545 106.62221908569336
0 0.0884 171.271413564682 111.89959943294525 211.81833744049072 130.35665452480313
0 0.0768 195.8015114068985 243.75087022781372 234.30736362934113 264.10967111587524
0 0.0745 257.4145197868347 119.56071853637695 297.5728511810303 138.31934332847595
0 0.0724 155.33460676670074 65.23443758487701 196.47394120693207 83.27184617519379
0 0.0724 218.40392798185349 135.1424604654312 258.46511870622635 153.98667752742767
0 0.0635 445.6801116466522 220.45156359672546 484.4076335430145 240.5394613742828
0 0.0569 418.5374975204468 240.43008685112 448.82696866989136 267.41018891334534
0 0.0562 480.54444789886475 241.26270413398743 499.0234375 266.6492760181427
0 0.0560 249.14642423391342 65.19579887390137 290.16778618097305 83.3108127117157
0 0.0534 195.596382021904 220.537006855011 234.47854816913605 240.4567003250122
0 0.0491 448.74407351017 175.65375566482544 499.0234225988388 214.6461009979248
0 0.0478 156.66374564170837 243.83243918418884 195.3078806400299 264.03096318244934
0 0.0464 199.58989322185516 264.40733671188354 230.2485853433609 290.35305976867676
0 0.0458 185.99316477775574 42.161278426647186 228.26030850410461 59.4680979847908
0 0.0391 203.2916396856308 197.20840454101562 242.39219725131989 216.9128656387329
0 0.0385 461.3272547721863 267.3012316226959 499.0234375 287.4387800693512
0 0.0371 257.82570242881775 142.6645964384079 297.2114384174347 162.08545863628387
0 0.0370 448.74407351017 128.77877056598663 499.0234225988388 167.771115899086
0 0.0363 218.63821148872375 158.3956182003021 258.2581639289856 177.60634422302246
0 0.0361 140.29979705810547 41.38215631246567 180.32047152519226 60.24759262800217
0 0.0355 234.4038411974907 236.40331625938416 273.7598493695259 255.84676861763
0 0.0343 387.41961121559143 239.89751935005188 417.47674345970154 267.9002583026886
0 0.0338 171.2680160999298 135.32625138759613 211.8241786956787 153.80318462848663
0 0.0332 156.35089576244354 220.70702910423276 195.57379186153412 240.2907311916351
0 0.0327 168.37717592716217 264.31846618652344 198.96511733531952 290.4343605041504
0 0.0326 295.6608235836029 165.0906726717949 440.66330790519714 225.58534890413284
0 0.0312 121.40021100640297 61.4364929497242 152.1815024316311 87.08719536662102
0 0.0284 230.79803586006165 264.5099759101867 261.53579354286194 290.2592420578003
0 0.0269 242.5033152103424 181.44229799509046 281.32644295692444 201.42545551061627
0 0.0263 233.15846174955368 41.98834300041199 274.87123757600784 59.64237451553345
0 0.0258 105.83474114537239 30.051037669181824 136.50257512927055 55.96096813678741
0 0.0255 242.22883582115173 205.13468980789185 281.56301379203796 224.6142029762268
0 0.0249 163.59689831733704 197.73420691490173 203.88337969779968 216.3960039615631
0 0.0247 467.9785370826721 -52.04610526561737 499.0234375 -33.82221236824989
0 0.0237 437.9863739013672 266.7272984981537 460.1588249206543 303.5295307636261
0 0.0237 178.84880304336548 174.5508387684822 219.8440134525299 192.70437210798264
0 0.0235 22.813426330685616 25.970503687858578 63.40046040713787 44.40997540950775
0 0.0235 140.14588296413422 18.060423433780667 180.45713007450104 36.69538348913193
0 0.0234 359.84447598457336 227.56394743919373 382.05429911613464 264.5514905452728
0 0.0229 0.0 216.4256721735001 399.1504907608032 436.5234225988388
0 0.0229 0.0 -62.499999999999986 399.15022253990173 157.43356943130493
0 0.0226 448.74407351017 81.90377056598662 499.0234225988388 120.89611589908598
0 0.0219 121.25824391841888 92.99232065677643 152.31122076511383 118.05815994739531
0 0.0217 101.5215516090393 9.901739656925201 141.00803434848785 29.224611818790436
0 0.0213 301.2997508049011 139.0234529972076 331.6815495491028 165.7046675682068
0 0.0209 66.7661726474762 30.06080538034439 97.44597971439362 55.95204979181289
0 0.0197 296.8851327896118 119.22918260097504 336.27671003341675 138.64584267139432
0 0.0197 22.965354844927788 49.298256635665894 63.26490826904774 67.95655190944672
0 0.0190 371.719628572464 138.68296146392822 401.90455317497253 166.0173535346985
0 0.0187 185.52817404270172 18.982328474521637 228.68557274341583 35.768844187259674
0 0.0177 62.35479563474655 9.986765682697294 102.03724354505539 29.14077788591385
0 0.0176 15.102170407772064 80.5879682302475 55.497005581855774 99.16745126247405
0 0.0173 15.293318778276443 111.6967499256134 55.32680079340935 130.55765628814697
0 0.0173 7.778137922286987 142.70786941051483 47.25243151187897 162.04328835010529
0 0.0165 475.77689588069916 -28.93594652414322 499.0234524011612 -10.104067623615263
0 0.0164 90.33375233411789 60.98397076129914 120.76809257268906 87.50124275684357
0 0.0162 414.5521819591522 266.754686832428 436.71736121177673 303.5080432891845
0 0.0162 340.45660495758057 138.72946798801422 370.66495418548584 165.97457230091095
0 0.0158 140.04796743392944 -5.306951701641083 180.5446445941925 13.188101351261139
0 0.0158 400.69328248500824 382.520854473114 499.0234524011612 436.52343749999994
0 0.0157 324.6810734272003 232.9261004924774 355.167955160141 259.31474566459656
0 0.0154 133.38030874729156 236.10827326774594 155.373677611351 271.78165316581726
0 0.0153 11.958342045545578 163.14774751663208 42.86724328994751 188.5138750076294
0 0.0146 448.74407351017 316.27875566482544 499.0234225988388 355.2711009979248
0 0.0143 402.795284986496 139.20947909355164 433.3018958568573 165.53416848182678
0 0.0140 448.74407351017 35.02875939011574 499.0234225988388 74.0210972726345
0 0.0140 43.326398357748985 162.87624835968018 74.01076890528202 188.7618601322174
0 0.0137 124.41718578338623 119.69348788261412 164.92557525634766 138.18717002868652
0 0.0135 101.36048495769501 -13.404510915279388 141.14966988563538 5.657747387886047
0 0.0131 22.650135681033134 2.64604389667511 63.54685313999653 20.859792828559875
0 0.0130 476.22185945510864 291.0367548465729 499.0234375 310.5451166629791
0 0.0129 262.1047794818878 256.56023621559143 292.73512959480286 282.5722396373748
0 0.0128 0.60228630900383 41.139885783195496 22.5202776491642 76.21107995510101
0 0.0128 58.96542966365814 76.90379023551941 89.6233320236206 102.8563380241394
0 0.0128 90.2840793132782 92.36493706703186 120.81165611743927 118.6312437057495
0 0.0125 293.26608777046204 233.33260416984558 324.064701795578 258.9428722858429
0 0.0124 51.16744339466095 131.56042993068695 81.79743587970734 157.57204592227936
0 0.0122 324.6203362941742 264.33560252189636 355.2211821079254 290.41871428489685
0 0.0118 475.7286459207535 -5.466369912028313 499.0234225988388 13.301191851496696
0 0.0116 296.04819416999817 96.42849862575531 337.01857924461365 114.57820236682892
0 0.0115 413.1901264190674 -59.79384109377861 454.2476534843445 -41.6998416185379
0 0.0115 356.0373783111572 263.8522982597351 386.3285183906555 290.8617854118347
0 0.0109 131.53259456157684 174.84056949615479 173.3660250902176 192.4150586128235
0 0.0106 116.86791479587555 213.25328946113586 156.87789022922516 232.12650418281552
0 0.0101 66.47451221942902 -16.19313843548298 97.71300852298737 8.51057656109333
