0 0.0616 595.783863067627 325.09281158447266 638.7499809265137 344.96768951416016
0 0.0550 596.0343170166016 304.9819564819336 638.75 325.08159637451166
0 0.0527 595.8496284484863 345.06603240966797 638.7499809265137 364.9956130981445
0 0.0376 418.2669448852539 143.85133743286133 471.9949722290039 166.23525619506836
0 0.0354 596.4218330383301 364.81075286865234 638.7499809265137 385.2583694458008
0 0.0343 596.5144348144531 284.7615432739258 638.75 305.30773162841797
0 0.0340 317.79282569885254 34.12423133850098 372.42751121520996 55.9595775604248
0 0.0326 138.41516017913818 143.76174926757812 191.86033725738525 166.3254165649414
0 0.0297 428.06026458740234 113.9729118347168 482.18318939208984 136.11265182495117
0 0.0296 128.31512451171875 113.82123947143553 181.95146560668945 136.26539230346677
0 0.0286 534.2245101928711 335.74302673339844 595.7351303100586 354.2997741699219
0 0.0264 494.6704864501953 315.57121276855463 555.3183746337891 334.4776153564453
0 0.0254 0.0 219.8858642578125 638.75 558.75
0 0.0253 397.0713806152344 34.50315475463867 453.09051513671875 55.574092864990234
0 0.0229 0.0 -79.99999999999999 510.9122848510742 201.51496887207028
0 0.0228 357.02144622802734 14.529094696044922 413.1363296508789 35.54779052734375
0 0.0226 117.85041809082031 84.09294128417967 172.37462997436523 105.99140167236328
0 0.0216 417.4708938598633 64.29802417755127 472.72274017333984 85.78311443328857
0 0.0205 475.3781509399414 335.2876281738281 534.6576309204102 354.7711944580078
0 0.0203 418.6246109008789 173.63351821899414 471.6701126098633 196.45456314086914
0 0.0195 535.0143432617188 355.43785095214844 594.9964904785156 374.6162414550781
0 0.0192 298.04821014404297 3.97603988647461 352.1950149536133 26.1088752746582
0 0.0189 607.9015350341797 253.63544464111325 638.75 276.38660430908203
0 0.0186 188.09328079223633 123.95307540893552 242.15322494506836 146.13256454467773
0 0.0185 357.18433380126953 54.447011947631836 412.9862594604492 75.63151359558105
0 0.0180 97.75907516479492 54.14505958557129 152.45790481567383 75.93882560729979
0 0.0177 485.42598724365234 295.26153564453125 544.6146011352539 314.7969055175781
0 0.0177 257.416934967041 34.32350158691407 312.7730369567871 55.756721496582024
0 0.0176 608.2184600830078 393.4587478637695 638.75 416.5669631958008
0 0.0157 297.8227996826172 64.10527706146239 352.4005889892578 85.97841739654541
0 0.0156 609.587574005127 502.51373291015625 638.7499809265137 527.5115966796874
0 0.0155 177.64141082763672 94.20911788940428 232.56576538085938 115.87381362915038
0 0.0152 367.57080078125 124.24423217773436 422.6311492919922 145.8376693725586
0 0.0151 574.3924140930176 64.83682632446288 638.7499809265137 114.74702835083006
0 0.0149 608.9628791809082 542.6604461669922 638.7499809265137 558.7499999999999
0 0.0148 608.6284065246582 33.205852508544915 638.7499809265137 56.82220458984375
0 0.0147 457.9193115234375 34.04767990112305 512.3131561279297 56.03614807128906
0 0.0145 358.37432861328125 153.78894805908203 411.8968963623047 176.29840850830075
0 0.0141 447.7273941040039 224.16328430175778 502.4867630004883 245.9204864501953
0 0.0137 398.89976501464844 243.45218658447263 451.42242431640625 266.6357803344726
0 0.0132 377.45994567871094 84.30162429809569 432.7333068847656 105.77909469604491
0 0.0128 149.15184020996094 173.28571319580075 201.19487762451172 196.80267333984375
0 0.0127 417.41729736328125 4.3224143981933585 472.7729034423828 25.757675170898438
0 0.0126 157.08576202392578 64.49802398681639 213.07682037353516 85.57970046997069
0 0.0123 447.4385070800781 264.3120574951172 502.7532196044922 285.7683563232422
0 0.0122 436.6911315917969 314.69409942626953 493.4405517578125 335.37975311279297
0 0.0121 87.78258323669434 24.129905700683594 142.43687629699707 45.95382690429687
0 0.0121 0.0 -67.23573684692381 40.587801933288574 -42.68132209777832
0 0.0121 68.34458351135254 103.80321502685545 121.92475318908691 126.28349304199219
0 0.0119 478.0152893066406 133.99269104003906 532.2255706787109 156.09169006347656
0 0.0116 398.3502197265625 283.80027770996094 451.9195556640625 306.2865447998047
0 0.0114 608.336009979248 223.38459014892578 638.7500190734863 246.64142608642575
0 0.0113 574.3924140930176 124.83682632446288 638.7499809265137 174.74702835083008
0 0.0112 608.5569953918457 3.2504177093505855 638.7499809265137 26.77720069885254
0 0.0112 197.97988891601562 154.01926040649414 252.2564697265625 176.06584548950195
0 0.0111 399.14268493652344 203.2903480529785 451.2034606933594 226.79780960083008
0 0.0110 347.39967346191406 -15.664176940917967 402.7881622314453 5.744733810424805
0 0.0108 348.9400863647461 263.4247589111328 401.38622283935547 286.6631317138672
0 0.0107 486.80240631103516 244.64015960693362 543.3377456665039 265.4349136352539
0 0.0107 378.15799713134766 323.91448974609375 432.0944595336914 346.17134094238276
0 0.0107 467.98770904541016 84.00888442993163 522.2506332397461 106.075382232666
0 0.0104 512.6921272277832 -80.0 638.7499809265137 -10.150761604309086
0 0.0102 78.29881429672241 133.83077621459958 131.96634531021118 156.25574111938477
0 0.0101 476.23783111572266 354.9124526977539 533.8586807250977 375.1572036743164
0 0.0100 609.0174674987793 422.94830322265625 638.7500190734863 447.0807647705078
