0 0.2091 378.9435577392578 -43.57270431518554 431.38206481933594 -20.33871841430663
0 0.1813 93.06253433227539 -22.08582115173339 208.19150924682617 27.564046859741214
0 0.1722 318.9184284210205 -43.56092643737792 371.4057445526123 -20.35120201110839
0 0.1686 390.41786193847656 -14.769308090209952 440.086669921875 10.839365005493171
0 0.1567 107.7662467956543 -42.86023330688476 162.45162963867188 -21.05603408813476
0 0.1528 167.14948654174805 -42.53048133850097 223.01721572875977 -21.3906021118164
0 0.1482 339.83409881591797 -14.240066528320305 390.59154510498047 10.32215881347657
0 0.1465 358.13262939453125 -73.06586933135986 412.11647033691406 -50.84769916534423
0 0.1374 268.4313488006592 -23.25006675720214 321.8461322784424 -0.6629772186279227
0 0.1220 256.82106018066406 -52.37312984466552 313.321533203125 -31.552264213562008
0 0.1184 209.2879867553711 -13.813573837280266 261.07372283935547 9.901121139526373
0 0.1159 40.143396854400635 -4.507295608520501 90.32199621200562 20.5842571258545
0 0.1157 380.16483306884766 15.450323104858406 430.3080368041992 40.62316703796387
0 0.1126 289.2184829711914 6.235397338867195 341.13597869873047 29.852321624755866
0 0.1099 297.7881336212158 -72.8792209625244 352.43319511413574 -51.03791427612303
0 0.1083 527.5929641723633 -22.768642425537102 582.6110458374023 -1.1493988037109308
0 0.1075 145.93608856201172 -61.95478630065917 204.13936614990234 -41.97970581054686
0 0.1059 318.85387420654297 116.4796714782715 371.46434783935547 139.6078758239746
0 0.1049 66.85734748840332 -62.384798049926744 123.28660011291504 -41.539260864257805
0 0.0990 38.72555732727051 -33.43281698226928 91.57927513122559 -10.479197025299063
0 0.0981 438.4491729736328 -23.25579833984374 491.8287658691406 -0.6564254760742118
0 0.0945 318.25382232666016 86.85578155517578 372.0077133178711 109.23023986816406
0 0.0928 60.71682929992676 24.88646316528321 109.84023094177246 51.16970825195313
0 0.0906 320.57403564453125 142.65036392211914 389.8626708984375 173.41791915893555
0 0.0891 528.5880279541016 6.6569499969482475 581.7031097412109 29.431093215942386
0 0.0871 10.090827941894531 25.545871734619144 60.366339683532715 50.532901763916016
0 0.0846 205.59202194213867 11.152866363525394 244.61397171020508 44.91600799560547
0 0.0823 439.9531936645508 5.670145034790047 490.48526763916016 30.41158485412598
0 0.0798 587.9664421081543 -32.976097583770745 638.7500190734863 -10.939330577850333
0 0.0792 86.15609169006348 -82.05598545074463 143.9358425140381 -61.8762559890747
0 0.0786 309.09369468688965 36.32489013671876 361.2472629547119 59.76345825195313
0 0.0751 425.98522186279297 -61.975638389587395 484.09351348876953 -41.95810031890868
0 0.0731 526.3648223876953 -52.15522003173827 583.7432861328125 -31.775123596191403
0 0.0703 108.11857223510742 30.098269462585456 192.60263442993164 96.12622547149658
0 0.0701 8.310565948486328 -63.17214202880859 61.95474624633789 -40.74069213867186
0 0.0685 245.19777297973633 12.0597152709961 284.9698066711426 44.0875129699707
0 0.0682 236.00814819335938 -71.9937343597412 294.07413482666016 -51.94098663330077
0 0.0674 369.1122817993164 46.29536437988281 421.23416900634766 69.79061889648438
0 0.0655 0.0 -93.41418457031249 51.60162925720215 -70.4975242614746
0 0.0634 588.3512115478516 -3.202554702758781 638.75 19.289033889770515
0 0.0627 145.5980348587036 -81.81080055236815 204.45430278778076 -62.12845039367676
0 0.0624 437.7426528930664 32.26664352416992 583.9835739135742 93.66011428833008
0 0.0618 0.0 -8.02163314819335 34.94077682495117 24.16168975830079
0 0.0559 347.95352935791016 -102.96686363220213 402.28076934814453 -80.94836902618407
0 0.0535 259.9887466430664 45.63857364654541 310.4544448852539 70.44245052337646
0 0.0523 378.74305725097656 76.54772567749023 431.56524658203125 99.53913497924805
0 0.0521 587.3194885253906 -62.62736511230468 638.75 -41.29356575012206
0 0.0521 375.01121520996094 112.42045211791991 415.1433563232422 143.75922012329102
0 0.0514 56.86805725097656 -102.40061950683594 113.27920913696289 -81.52496528625487
0 0.0492 256.84730529785156 -92.3918409347534 313.2986831665039 -71.53418254852294
0 0.0484 275.0665855407715 102.31802749633789 315.09145736694336 133.85237503051758
0 0.0472 415.92533111572266 -81.95117187499999 474.1495895385742 -61.98363971710205
0 0.0465 269.7584533691406 135.82934188842773 320.6563949584961 160.25473403930664
0 0.0464 15.38553237915039 51.64880084991455 54.798946380615234 84.4623975753784
0 0.0463 578.4521102905273 26.738994598388675 631.8268203735352 49.348304748535156
0 0.0461 259.7365188598633 75.84444808959961 310.67623138427734 100.2395133972168
0 0.0418 55.65876007080078 50.95501708984376 94.55743789672852 85.09739685058594
0 0.0417 525.8969879150391 -71.94357466697691 584.1771697998047 -51.99238610267638
0 0.0411 116.3443374633789 -102.15143871307372 173.76361846923828 -81.78004932403563
0 0.0403 210.82853317260742 44.73256397247315 259.7524833679199 71.31561565399171
0 0.0393 498.4458923339844 124.31603240966797 638.75 201.74923706054688
0 0.0378 597.5692939758301 -92.76456308364867 638.7499809265137 -71.1549801826477
0 0.0356 186.26808166503906 -102.11802196502684 243.83468627929688 -81.8146343231201
0 0.0355 300.5475616455078 172.68008041381833 369.8872375488281 203.39030075073242
0 0.0313 500.8318328857422 -13.646022796630852 528.7542724609375 30.043399810791023
0 0.0285 536.1567687988281 -92.0624394416809 593.9366912841797 -71.87077951431274
0 0.0279 406.5920639038086 -102.26493072509764 463.5336685180664 -81.66329574584961
0 0.0263 415.1242446899414 102.1985511779785 455.0386428833008 133.9610939025879
0 0.0254 0.0 192.88586425781247 638.75 531.75
0 0.0249 589.0539360046387 56.35233688354493 638.7500190734863 79.73608779907225
0 0.0249 390.0391387939453 145.5814437866211 440.4132843017578 170.4969482421875
0 0.0239 255.43853759765625 161.53410720825195 294.7503662109375 194.56717300415042
0 0.0235 230.6561279296875 74.64131164550781 258.96289825439453 121.33106994628906
0 0.0218 200.57790756225586 74.14282608032227 229.05729293823242 121.74216079711915
0 0.0215 9.62712287902832 85.93140411376953 60.772666931152344 110.15373992919922
0 0.0205 460.0569152832031 95.57520675659181 510.39588928222656 120.50410079956055
0 0.0203 509.7916793823242 95.8034782409668 560.6269454956055 120.28033065795898
0 0.0196 0.0 -34.30172157287596 31.14473819732666 -9.67451286315917
0 0.0189 475.3921890258789 -91.72642362117766 534.6465682983398 -72.21595060825346
0 0.0186 483.3969497680664 -55.13208580017089 526.6830062866211 -28.447057723999016
0 0.0185 60.57375907897949 85.04998016357422 109.95862007141113 111.01250457763672
0 0.0183 375.18192291259766 172.07920837402344 414.9856948852539 204.06979370117188
0 0.0173 589.3098640441895 86.17300796508789 638.7499809265137 109.91476821899415
0 0.0172 225.7856559753418 120.55607604980467 264.45146560668945 155.4637222290039
0 0.0152 170.51851272583008 93.85365295410158 199.12946701049805 141.99738311767578
0 0.0148 80.56235313415527 124.06643676757812 109.07620429992676 171.80935668945312
0 0.0142 250.43678283691406 195.2085094451904 300.07118225097656 220.8606128692627
0 0.0135 140.54473876953125 93.97274780273436 169.09757614135742 141.89022827148438
0 0.0129 440.7307434082031 134.86603546142578 489.8295593261719 161.1889724731445
0 0.0125 110.57733535766602 94.14444732666014 139.0580177307129 141.7417221069336
0 0.0114 215.8880615234375 160.10050582885742 254.37755584716797 195.88312911987302
0 0.0112 180.47569274902344 143.68626403808594 209.18170928955078 192.15481567382812
0 0.0108 150.49163341522217 143.74430465698242 179.16225910186768 192.0989875793457
0 0.0105 575.4707145690918 497.7563171386718 638.7500190734863 531.75
