0 0.1905 186.2208366394043 -15.086126327514647 243.87598037719727 5.154542922973632
0 0.1757 196.35334014892578 -35.149002075195305 253.753662109375 -14.78133201599121
0 0.1657 186.3990020751953 4.833383560180664 243.71051788330078 25.237379074096676
0 0.1563 196.78253173828125 -65.35271883010863 253.35674285888672 -44.57282781600952
0 0.1270 137.58361339569092 -65.76002359390259 192.6188325881958 -44.15755987167359
0 0.1232 367.3464584350586 -65.64023971557617 422.8379440307617 -44.28027153015136
0 0.1138 245.4522705078125 -14.748945236206055 304.58995819091797 4.807806015014648
0 0.1135 137.75968551635742 -35.858402252197266 192.45805740356445 -14.05817985534668
0 0.1086 206.84253692626953 24.62339401245117 263.30005645751953 45.45253753662109
0 0.0935 245.71687698364258 5.139589309692382 304.3433952331543 24.92291450500488
0 0.0902 127.34136581420898 -5.634372234344482 182.8418731689453 15.714309215545653
0 0.0835 255.77726364135742 -34.89164352416992 314.28850173950195 -15.045900344848631
0 0.0833 147.46719360351562 24.30470466613769 202.72506713867188 45.777120590209954
0 0.0780 256.2020492553711 -65.07949113845824 313.8938903808594 -44.85262155532837
0 0.0745 368.09120178222656 -36.048316955566406 422.1556854248047 -13.866443634033203
0 0.0682 153.0625343322754 44.91417407989501 268.1915092468262 94.5640516281128
0 0.0675 78.64437103271484 -66.37759685516357 131.65193557739258 -43.53407859802247
0 0.0563 188.52283477783203 103.6873435974121 241.7644500732422 126.39902114868164
0 0.0491 428.0841064453125 -66.04034423828125 482.1613311767578 -43.873891830444336
0 0.0471 266.5785217285156 24.74614143371582 323.5450744628906 45.32620429992675
0 0.0470 277.7426528930664 119.26664352416992 423.9835739135742 180.66011428833005
0 0.0423 79.10343170166016 -36.68204307556152 131.23857498168945 -13.229646682739258
0 0.0388 189.22784805297852 133.22277069091797 241.12886428833008 156.8640899658203
0 0.0368 350.9129333496094 91.59793853759764 399.6894073486328 118.44207763671875
0 0.0356 306.6101551055908 -15.273733139038084 363.5169506072998 5.345678329467773
0 0.0353 249.05906677246094 93.34651947021484 301.27880096435547 116.7416000366211
0 0.0349 368.5887908935547 -6.34669542312622 421.70310974121094 16.43428087234497
0 0.0342 267.68528938293457 54.183149337768555 322.52596855163574 75.89982032775879
0 0.0322 589.5600891113281 -67.01841831207275 638.75 -42.896084785461426
0 0.0313 127.47480392456055 104.29788589477538 182.71873474121094 125.78359603881835
0 0.0308 323.6725616455078 -68.49538803100586 366.4177703857422 -41.12204551696777
0 0.0308 299.6234893798828 82.9281997680664 350.7771301269531 107.15614318847656
0 0.0297 424.8288345336914 -40.24634361267089 465.3140640258789 -9.543352127075197
0 0.0296 210.1483154296875 182.48479843139648 260.3184127807617 207.59160995483396
0 0.0278 574.3924140930176 -35.16318321228027 638.7499809265137 14.747028350830078
0 0.0267 18.624463081359863 -66.3671588897705 71.67042255401611 -43.5448694229126
0 0.0259 365.56156158447266 178.22818756103513 404.64115142822266 211.84703826904294
0 0.0254 0.0 219.8858642578125 638.75 558.75
0 0.0252 265.65879821777344 177.96981811523435 304.55596923828125 212.08377838134766
0 0.0252 210.0277328491211 212.59044647216794 260.4233932495117 237.48802185058594
0 0.0250 350.2265930175781 62.41453170776366 400.25054931640625 87.6603889465332
0 0.0245 558.8357734680176 18.73977661132812 638.7499809265137 81.18635177612305
0 0.0240 159.78893280029297 182.80651092529294 210.62923431396484 207.27745056152344
0 0.0233 88.52888107299805 23.694238662719727 141.75664901733398 46.39369010925293
0 0.0223 240.74832916259766 122.42359161376952 268.8526916503906 167.7253723144531
0 0.0217 310.6551742553711 181.6366195678711 338.9640426635742 228.3351135253906
0 0.0215 128.7230682373047 133.57185363769528 181.58086776733398 156.51657104492185
0 0.0209 369.03656005859375 23.364849090576172 421.2983703613281 46.72370910644531
0 0.0206 518.3740997314453 -66.21747970581055 571.8985748291016 -43.69611263275147
0 0.0204 69.22537088394165 -6.767528057098389 121.12939596176147 16.8554949760437
0 0.0203 219.75906372070312 242.81455993652344 270.65879821777344 267.2676086425781
0 0.0203 574.3924140930176 164.83682632446286 638.7499809265137 214.74702835083005
0 0.0197 260.5358123779297 212.10243225097656 309.98817443847656 237.96295166015622
0 0.0196 405.5026626586914 178.37753295898438 444.6932601928711 211.71035766601562
0 0.0187 160.11812210083008 212.52372741699216 210.34223556518555 237.554817199707
0 0.0176 589.9933624267578 222.63252258300778 638.75 247.44815826416016
0 0.0175 169.7403907775879 242.84023284912112 220.67304611206055 267.24353790283203
0 0.0174 34.925222396850586 -40.41994094848633 75.22369384765625 -9.385786056518555
0 0.0173 370.16883850097656 212.47165679931638 420.2996063232422 237.60505676269528
0 0.0171 405.48770904541016 88.41709136962889 444.70630645751953 121.67415618896484
0 0.0171 98.46145629882812 53.72987747192382 151.8191146850586 76.35696411132811
0 0.0162 420.18898010253906 142.45897293090817 470.28106689453125 167.61804580688477
0 0.0161 0.0 -41.201010942459106 34.86071586608887 -8.67472529411316
0 0.0159 324.395751953125 30.460023880004883 365.7252502441406 59.81745719909667
0 0.0155 574.3924140930176 104.83682632446288 638.7499809265137 154.74702835083005
0 0.0152 389.7216033935547 242.85472869873047 440.689697265625 267.2291946411132
0 0.0150 270.1166534423828 242.5221252441406 320.3440856933594 267.5560760498047
0 0.0149 429.1614532470703 -6.729295253753662 481.18804931640625 16.81649923324585
0 0.0148 399.36912536621094 53.13076019287109 451.00067138671875 76.95684432983398
0 0.0145 38.96842956542969 43.40085983276367 91.36176109313965 66.68632507324219
0 0.0140 189.3537712097168 273.13724517822266 241.01537704467773 296.94980621337885
0 0.0137 340.7185363769531 212.1549892425537 368.88816833496094 257.9304599761963
0 0.0136 609.2474555969238 252.77896881103513 638.7499809265137 277.24903106689453
0 0.0134 18.845229148864746 153.48814010620117 71.47155284881592 176.59978866577146
0 0.0134 419.9772262573242 212.6440620422363 470.4653549194336 237.4365425109863
0 0.0133 245.32625198364258 268.7762069702148 284.85326766967773 301.34609222412104
0 0.0131 78.16776275634766 83.90893936157227 132.08551406860352 106.17700576782225
0 0.0131 468.81736755371094 -36.48963451385497 521.4958190917969 -13.421874046325682
0 0.0129 429.0579605102539 23.342447280883786 481.2807846069336 46.74498558044433
0 0.0128 515.3338241577148 218.7607955932617 554.8462295532227 251.36013031005857
0 0.0124 379.6277618408203 272.93079376220703 430.7720947265625 297.1543502807617
0 0.0122 475.18863677978516 229.06954765319824 514.979133605957 261.07861518859863
0 0.0119 319.49634552001953 263.02982330322266 370.8889389038086 287.0560836791992
0 0.0116 38.95734786987305 183.4099006652832 91.37139320373535 206.67753219604492
0 0.0116 109.88759994506836 162.72453308105466 160.54279327392578 187.35805511474607
0 0.0116 575.4707145690918 524.7563171386718 638.7500190734863 558.75
0 0.0115 68.57584238052368 113.66342544555664 121.71443700790405 136.4244270324707
0 0.0114 525.035285949707 -40.6307315826416 565.1214981079102 -9.194211959838867
0 0.0113 0.0 122.90390014648436 50.736541748046875 147.18139648437497
0 0.0113 179.49420928955078 303.03249359130854 230.8905792236328 327.05364227294916
0 0.0111 0.0 28.916378021240238 34.911534786224365 61.21820449829101
0 0.0108 18.918495178222656 73.44164371490477 71.40511512756348 96.64659023284912
0 0.0104 379.45240020751953 333.0610656738281 430.92830657958984 357.024917602539
0 0.0103 560.7025909423828 212.0069122314453 588.9071655273438 258.0433654785156
0 0.0103 525.569953918457 178.20072174072263 564.6342849731445 211.87221527099607
0 0.0101 439.300537109375 263.17440032958984 491.0631561279297 286.9126510620117
