0 0.6057 211.27694702148435 266.18335723876953 277.644287109375 286.19224548339844
0 0.5137 261.7687759399414 195.22409439086914 309.78650665283203 217.51283645629883
0 0.5069 82.64804458618164 149.19628143310547 136.19594192504883 174.43771362304688
0 0.4722 147.96938514709473 148.641619682312 231.78505516052246 175.99106311798096
0 0.4666 264.4957504272461 232.15391159057617 313.51781463623047 253.2213020324707
0 0.3576 123.94170379638672 186.81161880493164 245.39659118652344 217.83239364624023
0 0.3432 61.5289649963379 296.47647857666016 110.81767654418944 320.5915069580078
0 0.3164 247.56810760498047 153.93598556518555 287.5783309936523 178.48909378051758
0 0.2986 304.10302734375 303.9367961883545 346.97251892089844 325.14737129211426
0 0.2894 125.67416763305665 263.975830078125 199.5640525817871 285.9598922729492
0 0.2852 77.89243316650392 186.3679313659668 132.90277099609378 210.46281814575195
0 0.2840 311.5855178833008 264.19795989990234 346.5888748168945 291.6136932373047
0 0.2829 62.556320190429695 261.939697265625 134.31459045410156 285.1887512207031
0 0.2360 62.08009338378907 0.0 112.83971405029297 75.51175117492676
0 0.2292 74.26324462890626 219.0164566040039 178.1924591064453 249.62810516357422
0 0.2164 115.8440933227539 298.7882995605469 205.98714447021484 324.3082046508789
0 0.1780 166.05217552185056 226.90860748291016 241.27993202209473 247.89779663085938
0 0.1342 18.686238288879405 142.75487422943115 54.75403881072999 174.95245456695557
0 0.1296 49.902473449707045 332.9764175415039 90.46846008300783 357.60318756103516
