0 0.3567 -35.77474975585936 330.09803771972656 185.0412902832031 429.2982482910156
0 0.1765 -96.12284803390502 360.4603958129883 -67.19724321365355 409.4125747680664
0 0.1592 181.61858177185056 337.0982360839844 266.1026248931884 403.126220703125
0 0.1567 -66.17028617858885 360.4567337036133 -37.13842773437498 409.46720123291016
0 0.1466 148.73056030273438 296.5095043182373 188.6741790771484 333.4343433380127
0 0.1400 -96.09178209304807 310.5098628997803 -67.23550462722775 359.34563636779785
0 0.1398 108.61884689331056 296.68349266052246 148.78474807739258 333.2741641998291
0 0.1381 -56.13310241699216 410.4773712158203 -27.184423446655256 459.4126892089844
0 0.1341 -66.13395118713376 310.45833587646484 -37.18347930908202 359.42615509033203
0 0.1335 -96.0636200904846 410.5739974975586 -67.2700991630554 459.2722702026367
0 0.1299 13.7937412261963 430.67352294921875 42.90743446350099 479.36363220214844
0 0.1259 43.79279232025147 430.6692886352539 72.90859317779541 479.3674850463867
0 0.1254 -16.199840545654283 430.57498931884766 12.898899078369153 479.4215774536133
0 0.1212 68.63113021850586 296.6675853729248 108.77231216430665 333.28877449035645
0 0.1200 73.79184341430665 430.7079315185547 102.90996170043945 479.34303283691406
0 0.1175 18.593822479248058 296.74973487854004 58.807025909423835 333.21303367614746
0 0.1160 -16.20594406127928 280.60622215270996 12.906642913818372 329.4076633453369
0 0.1155 188.9007339477539 296.31099700927734 228.49958038330078 333.6168670654297
0 0.1151 173.79191970825195 410.7605743408203 202.9101905822754 459.3083190917969
0 0.1134 108.65871047973634 426.63673400878906 148.7439308166504 463.3171081542969
0 0.0871 203.7962112426758 410.55904388427734 232.90372467041018 459.4363784790039
0 0.0687 -46.06341743469237 260.5998992919922 -17.270196914672837 309.25498962402344
0 0.0667 -105.9385743141174 261.11841201782227 -77.42232942581175 308.7764549255371
0 0.0580 103.90374755859375 470.50506591796875 132.77001953125 519.3537902832031
0 0.0579 233.89382934570312 290.4940414428711 262.7822265625 339.3719482421875
0 0.0575 143.91337966918945 460.52982330322266 172.7582130432129 509.32682037353516
0 0.0570 169.1968116760254 256.1574172973633 208.17824935913086 293.7569808959961
0 0.0537 89.09909820556642 256.18764877319336 128.28618621826172 293.72968673706055
0 0.0529 -75.95926666259764 260.96031188964844 -47.39752197265624 308.90281677246094
0 0.0525 399.36341857910156 326.2808609008789 437.9788360595703 363.64139556884766
0 0.0517 233.84252166748047 410.43968200683594 262.84558868408203 459.46434020996094
0 0.0494 173.92200088500977 460.54927825927734 202.74760818481445 509.3044662475586
0 0.0492 363.903823852539 320.491943359375 392.7698669433594 369.3623352050781
0 0.0492 280.81517791748047 537.7695083618164 376.69934844970703 572.4325180053711
0 0.0491 73.93632507324219 480.57605743408203 102.72996520996095 529.2709732055664
0 0.0483 129.1341361999512 256.1732864379883 168.2477912902832 293.7427520751953
0 0.0478 43.94806003570557 480.6081771850586 72.71559810638428 529.2367935180664
0 0.0470 273.8194046020508 340.4498291015625 302.87427520751953 389.4830322265625
0 0.0458 53.882785797119155 240.47195434570312 82.79582595825197 289.39876556396484
0 0.0450 -45.97503089904784 460.9187698364258 -17.378162384033185 508.9475631713867
0 0.0432 13.964687347412122 480.6595993041992 42.69523239135743 529.1845321655273
0 0.0425 13.881946563720714 240.4698371887207 42.796855926513686 289.40107345581055
0 0.0420 -105.90597295761106 461.2855529785156 -77.4619092941284 508.63121032714844
0 0.0409 409.40419769287115 286.38903617858887 447.9231033325196 323.54092597961426
0 0.0400 333.9213714599609 320.5309295654297 362.74827575683594 369.31724548339844
0 0.0388 263.97679901123047 290.6977367401123 292.68041229248047 339.146089553833
0 0.0382 213.89352416992185 240.47903060913086 242.78253173828122 289.38222885131836
0 0.0375 263.8639221191406 390.4412841796875 292.81907653808594 439.4397735595703
0 0.0366 18.857623100280776 608.6776542663574 58.327618598937995 638.7500190734863
0 0.0364 58.895202636718764 608.5878753662109 98.29404449462892 638.75
0 0.0361 -16.019586563110334 480.7132339477539 12.676015853881848 529.1318893432617
0 0.0353 303.8756713867188 330.45787811279297 332.80458068847656 379.41585540771484
0 0.0348 -21.19678878784178 608.8043212890625 18.376461029052745 638.75
0 0.0347 203.94540405273438 460.6056213378906 232.71890258789062 509.2414855957031
0 0.0336 -16.07748413085936 230.5434799194336 12.746940612792983 279.3077087402344
0 0.0334 363.9487609863281 270.60638427734375 392.71470642089844 319.23717498779297
0 0.0329 399.2891845703125 366.19239807128906 438.0706939697266 403.7239074707031
0 0.0325 98.89194107055663 608.5958099365234 138.29696273803708 638.75
0 0.0308 321.0700378417968 574.2330551147461 376.13450622558594 595.8471298217773
0 0.0295 -76.86325216293332 612.9073333740234 -25.73242807388304 637.1754455566406
0 0.0295 294.0267333984375 280.8879852294922 322.61949157714844 328.9657211303711
0 0.0295 -5.812705993652328 561.8893051147461 22.425533294677745 608.1361770629883
0 0.0293 439.4103012084961 326.4121627807617 477.9141769409179 363.51940155029297
0 0.0292 -75.88763618469235 461.36051177978516 -47.48429679870603 508.56197357177734
0 0.0287 24.116531372070327 531.3775253295898 52.51062011718751 578.546257019043
0 0.0285 -105.86777591705321 211.50714874267578 -77.50814819335935 258.4446334838867
0 0.0285 104.05349349975586 521.0211944580078 132.58697128295898 568.8488006591797
0 0.0282 74.09593200683594 531.2554168701172 102.53553009033205 578.648681640625
0 0.0278 134.0557632446289 511.0308074951172 162.5842056274414 558.8399505615234
0 0.0261 333.9927444458008 270.7522964477539 362.66088104248047 319.0924835205078
0 0.0260 293.8888702392578 390.4678726196289 322.7882537841797 439.3947219848633
0 0.0255 -35.768283843994126 562.2816848754883 -7.627452850341781 607.834587097168
0 0.0254 -106.49999999999997 0.0 532.25 339.48570251464844
0 0.0253 144.24447631835938 602.4200439453125 172.3574981689453 638.75
0 0.0252 243.97122955322266 240.67527770996094 272.6872024536133 289.16698455810547
0 0.0247 399.4291076660156 246.8212127685547 437.85638427734375 283.14083099365234
0 0.0242 363.88562774658203 370.46104431152344 392.7922592163086 419.40277099609375
0 0.0237 164.10510635375977 511.30775451660156 192.52441024780273 558.6043548583984
0 0.0224 322.6382598876953 613.2831954956055 374.7095642089844 636.8035507202148
0 0.0223 399.3015823364258 406.20338439941406 438.05562591552734 443.71360778808594
0 0.0222 -86.94328212738034 582.9875564575195 -35.66538715362547 607.0984268188477
0 0.0221 233.98202514648438 460.7188034057617 262.6740417480468 509.1263961791992
0 0.0219 -105.82501792907713 511.80843353271484 -77.55960607528685 558.202018737793
0 0.0212 24.078250885009776 582.0557403564453 73.45279312133789 608.0079650878906
0 0.0208 333.89119720458984 370.4698181152344 362.7853927612304 419.390869140625
0 0.0207 389.34800720214844 207.31990814208984 427.9027709960937 242.68096923828125
0 0.0205 467.8924140930175 384.83680725097656 532.2499809265137 434.74700927734375
0 0.0205 173.2183132171631 612.8441619873047 224.1953525543213 637.2380065917969
0 0.0202 -105.82861804962157 161.77431106567383 -77.55532646179196 208.22805404663086
0 0.0200 109.18040847778322 567.8997421264648 148.03821182250977 602.1480941772461
0 0.0193 263.95970916748047 440.6410598754883 292.7013168334961 489.20223236083984
0 0.0192 194.13626289367676 511.51695251464844 222.4868450164795 558.4337615966797
0 0.0191 -45.8942356109619 211.33155822753906 -17.476247787475568 258.5881805419922
0 0.0188 -40.807858943939195 527.8243255615234 -1.9678940773010114 562.2174072265625
0 0.0175 323.9169464111328 420.5201721191406 352.7536926269531 469.3291473388672
0 0.0167 244.21048736572266 512.1073150634766 272.3979721069336 557.9700469970703
0 0.0165 283.1339416503906 512.8895568847656 334.2741546630859 537.1905517578125
0 0.0164 399.38329315185547 446.33853912353516 437.9512557983399 483.58776092529297
0 0.0164 293.9839324951172 440.72654724121094 322.6716766357422 489.1191864013672
0 0.0163 467.8924140930175 444.83680725097656 532.2499809265137 494.74700927734375
0 0.0163 -15.929016113281234 181.10855102539062 12.565723419189467 228.7722396850586
0 0.0160 148.9315948486328 568.5440826416016 188.25723266601562 601.5580749511719
0 0.0155 449.4352111816406 286.61609649658203 487.8678283691406 323.3304977416992
0 0.0152 482.1067390441894 317.01847076416016 532.2499809265137 383.1960678100586
0 0.0152 14.051099777221692 191.0063934326172 42.5898609161377 238.86112213134766
0 0.0151 353.91988372802734 420.5266571044922 382.7501449584961 469.32167053222656
0 0.0151 231.46619415283203 564.019660949707 285.77062225341797 586.0642623901367
0 0.0147 406.38740158081055 569.6266937255859 532.2500190734863 638.75
0 0.0147 -75.82332992553708 211.79828643798828 -47.56177330017088 258.20667266845703
0 0.0143 349.2862854003906 227.55496978759766 387.9508361816406 262.46471405029297
0 0.0140 44.0449151992798 190.97576141357422 72.59738063812257 238.88805389404297
0 0.0139 83.97765731811525 200.69908142089844 112.67936325073244 249.1442108154297
0 0.0130 334.0731201171875 471.1376190185547 362.5632629394531 518.7509155273438
0 0.0130 188.66758918762204 559.1099548339844 228.49873161315915 591.0417938232422
0 0.0130 169.2169532775879 216.16165161132812 208.15509414672854 253.75293731689453
0 0.0125 213.97859191894528 190.7056999206543 242.67823791503903 239.13881301879883
0 0.0124 274.05446624755854 231.0255241394043 302.58580780029297 278.84485244750977
0 0.0115 -75.76312446594237 512.3253631591797 -47.633623123168924 557.8009033203125
0 0.0111 -105.79803133010861 112.01177597045898 -77.59201431274411 158.04094314575195
0 0.0111 -61.06187248229979 178.51463317871094 -21.747240066528306 211.58504486083984
0 0.0107 364.0412292480469 470.9615707397461 392.60186767578125 518.9014053344727
0 0.0106 119.29326629638672 216.19726181030273 158.06562042236328 253.7193489074707
0 0.0101 -105.79898738861081 612.5844573974609 -77.58725547790526 638.75
0 0.0101 439.42918395996094 246.83717727661133 477.8548583984375 283.1260871887207
