0 0.1308 596.9764709472656 -25.458106994628903 638.75 -4.46695327758789
0 0.1011 608.2130241394043 3.4616661071777353 638.7500190734863 26.563949584960938
0 0.0979 525.8556365966797 -24.921436309814453 584.2145538330078 -5.0144004821777335
0 0.0967 575.6534576416016 -44.83859062194825 634.4037628173828 -25.1006031036377
0 0.0827 515.4745101928711 -44.75671529769898 574.5688247680664 -25.18387079238892
0 0.0617 596.9042778015137 -65.42647361755371 638.7500190734863 -44.499979019165046
0 0.0613 516.2116622924805 -5.083150863647461 573.8847732543945 15.151262283325195
0 0.0548 608.9310455322266 33.00769805908204 638.75 57.02136993408203
0 0.0459 466.7411422729492 -25.329875946044922 523.3942794799805 -4.595680236816406
0 0.0448 515.505256652832 -64.77200508117676 574.5408248901367 -45.16856193542481
0 0.0331 456.7163848876953 4.6796798706054705 513.4177398681641 25.39411544799805
0 0.0278 196.84343338012695 44.61851119995117 253.30026626586914 65.45675277709961
0 0.0264 456.67633056640625 -55.298881530761726 513.4542846679688 -34.62742805480957
0 0.0254 0.0 179.8858642578125 638.75 518.75
0 0.0245 426.8597412109375 24.610576629638675 483.28521728515625 45.46485900878906
0 0.0229 0.0 -120.00000000000001 510.9122848510742 161.51496887207034
0 0.0225 257.03264236450195 44.523029327392585 313.126163482666 65.55391311645509
0 0.0218 406.93336486816406 -15.427522659301756 463.2176971435547 5.503435134887695
0 0.0215 166.8167495727539 24.631538391113285 223.3249282836914 45.44342041015626
0 0.0212 597.5676155090332 -95.76695442199707 638.7499809265137 -74.15309429168701
0 0.0206 486.6019058227539 24.73624706268311 543.5231399536133 45.336575508117676
0 0.0202 127.11973190307617 44.47906494140625 183.0459213256836 65.59871673583984
0 0.0199 207.20561981201172 74.43517684936525 262.96688079833984 95.64340591430664
0 0.0183 226.87326431274414 14.60049629211426 283.2735252380371 35.474538803100586
0 0.0181 317.57198333740234 44.24385070800781 372.63004302978516 65.83812713623047
0 0.0176 367.2698974609375 24.404683113098148 422.9071044921875 45.6748914718628
0 0.0174 525.9429931640625 -84.96535301208496 584.1347503662109 -64.97026443481447
0 0.0165 417.25738525390625 54.4102668762207 472.9188537597656 75.6690788269043
0 0.0163 267.43300437927246 74.3170738220215 322.7578067779541 95.76360702514648
0 0.0159 297.33715057373047 14.365940093994142 352.84618377685547 35.71367263793945
0 0.0155 107.47091293334961 14.295663833618166 162.72329330444336 35.78513145446778
0 0.0150 548.3888244628906 23.775563240051273 601.884765625 46.31118297576904
0 0.0147 397.0412826538086 -45.47982454299927 453.1178665161133 -24.44292783737183
0 0.0133 147.31159210205078 74.37978744506837 202.86956787109375 95.69967269897461
0 0.0131 437.74940490722656 84.1482925415039 492.4671936035156 105.93521118164062
0 0.0128 468.13060760498047 133.9286804199219 522.1197891235352 156.15676879882812
0 0.0127 217.3691749572754 104.3479537963867 272.8170585632324 125.73173522949219
0 0.0124 347.52063751220703 -5.730056762695313 402.67749786376953 15.81138610839844
0 0.0122 328.00270080566406 74.00487899780273 382.23594665527344 96.08015060424805
0 0.0122 609.1287040710449 62.86727905273437 638.7500190734863 87.16133117675781
0 0.0120 608.9267158508301 502.68798828125006 638.7499809265137 518.7500000000001
0 0.0119 608.8369560241699 223.06903839111328 638.7500190734863 246.95957183837893
0 0.0115 87.3548412322998 64.36019897460938 142.82912254333496 85.72010040283203
0 0.0113 187.0894432067871 -5.50827980041504 243.07443618774414 15.585355758666994
0 0.0107 426.94652557373047 -75.43400287628175 483.20552825927734 -54.489941596984856
0 0.0105 287.5047969818115 -15.722837448120119 342.692346572876 5.803842544555664
0 0.0103 477.1227264404297 54.478111267089844 533.0430603027344 75.59978485107422
