0 0.2290 179.5607566833496 330.69705963134766 230.5848503112793 379.03018951416016
0 0.2111 181.03282928466794 300.7410144805908 229.72003936767578 329.2078685760498
0 0.1713 181.0431671142578 380.7424545288086 229.7089385986328 409.20772552490234
0 0.1673 235.87216377258298 347.1931838989258 274.38708305358887 382.79773712158203
0 0.1624 171.09434127807617 271.1733627319336 219.5777702331543 298.8333511352539
0 0.1555 129.4954681396484 321.1091995239258 180.62206268310544 368.6287307739258
0 0.1332 230.87589263916016 311.6464614868164 279.71912384033203 338.3958053588867
0 0.1236 131.05392456054685 371.2358093261719 179.60872650146484 398.7743377685547
0 0.1112 235.85392951965332 387.29103088378906 274.3987560272217 422.7075958251953
0 0.1019 121.00215911865234 291.4166259765625 169.62970733642578 318.61019134521484
0 0.0873 170.7962989807129 241.78342819213867 219.7766304016113 268.2678413391113
0 0.0864 220.56500434875483 272.0642852783203 269.965009689331 297.99915313720703
0 0.0794 155.80821990966797 407.44415283203125 194.43634033203122 442.5666809082031
0 0.0626 120.78742980957033 261.7867660522461 169.78527069091797 288.2640075683594
0 0.0622 195.80951690673825 417.44625091552734 234.434700012207 452.56473541259766
0 0.0582 275.6094741821289 348.10874938964844 314.59850311279297 381.95640563964844
0 0.0502 100.62347412109374 321.4264678955078 129.00226593017578 368.50677490234375
0 0.0416 165.51441192626953 208.35357666015625 204.6822738647461 241.7322540283203
0 0.0410 115.6135368347168 398.0787658691406 154.59676742553708 431.98394775390625
0 0.0389 125.57266235351561 228.19948196411133 164.63134765624997 261.87334060668945
0 0.0387 219.82967376708982 242.7737808227539 270.5932998657226 267.3097610473633
0 0.0364 275.6114959716797 388.1007766723633 314.59693908691406 421.9637680053711
0 0.0286 280.1702880859375 322.4773406982422 330.29693603515625 347.6002502441406
0 0.0281 359.3753051757812 333.1245803833008 410.9955596923828 356.96277618408203
0 0.0277 240.64796447753906 421.9631576538086 289.8976135253906 448.09574127197266
0 0.0254 -79.99999999999999 0.0 558.75 339.48570251464844
0 0.0252 75.46295166015625 288.4644317626953 114.7296142578125 321.63089752197266
0 0.0236 80.37832260131836 372.2578430175781 130.12269973754883 397.8118133544922
0 0.0231 269.3169021606445 283.1699752807617 321.0470199584961 306.9180679321289
0 0.0229 -79.99999999999999 357.0248603820801 430.91262817382807 638.7499809265137
0 0.0217 205.25025367736816 208.95185470581055 244.92140769958493 241.18581771850586
0 0.0211 358.9962387084961 303.39131355285645 411.3348007202148 326.69711112976074
0 0.0205 119.25649642944336 613.2016372680664 171.10342025756836 636.8850326538086
0 0.0197 59.27011489868163 613.1924438476562 111.09113693237305 636.8942260742188
0 0.0194 259.49256896972656 613.0247497558594 310.89393615722656 637.0601654052734
0 0.0187 315.36376953125 348.7056350708008 354.817886352539 381.41048431396484
0 0.0180 179.32899475097653 613.1487274169922 231.038818359375 636.9374847412109
0 0.0180 349.5443344116211 612.9834747314453 400.84842681884766 637.1007537841797
0 0.0175 359.54795837402344 362.99381256103516 410.8424377441406 387.09217071533203
0 0.0174 70.70727825164795 322.0582580566406 98.90163898468016 368.00514221191406
0 0.0167 90.73495864868164 242.30331420898438 118.86861801147461 287.81715393066406
0 0.0163 -20.31109809875488 612.8686141967773 30.72104454040527 637.2140121459961
0 0.0157 110.05123138427733 202.57946014404297 160.4010009765625 227.49984741210938
0 0.0153 328.0171203613281 273.99824142456055 382.2224426269531 296.08713150024414
0 0.0143 140.14827728271484 442.47020721435547 190.3213882446289 467.60425567626953
0 0.0143 159.93148803710935 182.6880645751953 210.5043029785156 207.39395141601562
0 0.0142 -80.0 612.8749084472656 -29.26896572113037 637.2074890136719
0 0.0137 278.5573959350586 253.6742401123047 331.7313003540039 276.41345977783203
0 0.0133 310.78117370605463 602.7802848815918 338.8139343261718 638.7500190734863
0 0.0129 98.55844497680663 583.6738204956055 151.7302894592285 606.4139175415039
0 0.0127 230.78780174255368 602.8523254394531 258.8060855865478 638.75
0 0.0124 409.6546554565429 612.8958511352539 460.75122833251953 637.1871566772461
0 0.0124 528.98775100708 622.6413726806641 558.7499809265137 638.75
0 0.0113 259.1031646728515 583.3169555664062 311.2390899658203 606.7711639404297
0 0.0113 158.74820709228513 583.5540008544922 211.5584945678711 606.5341949462891
0 0.0112 248.53179931640625 213.69226455688477 301.75407409667963 236.3956642150879
0 0.0111 30.707178115844723 612.6408576965332 58.9054012298584 638.7499809265137
0 0.0111 235.30551910400388 448.8167953491211 274.8726272583008 481.30908966064453
0 0.0110 38.773651123046875 583.5382080078125 91.53539657592773 606.5501403808594
0 0.0108 -80.0 12.251617908477783 -39.884419441223145 37.81799554824829
0 0.0108 349.2723083496094 583.1968688964844 401.0878753662109 606.8906402587891
0 0.0104 315.3720474243164 388.6864471435547 354.8104476928711 421.42799377441406
0 0.0103 -79.29922580718993 132.00128555297852 -51.09058856964111 178.04901123046875
0 0.0102 -80.0 582.7694320678711 -39.401216506958015 607.313117980957
