0 0.0340 387.3322296142578 144.37267303466797 442.8497314453125 165.70751190185547
0 0.0290 469.4521713256836 213.0643081665039 520.927848815918 237.02213287353513
0 0.0254 0.0 219.8858642578125 638.75 558.75
0 0.0252 397.9666519165039 174.02542114257812 452.2688674926758 196.0593795776367
0 0.0248 408.95442962646484 223.41484069824216 461.37340545654297 246.67301177978513
0 0.0237 459.4483184814453 243.06064605712888 510.9326171875 267.0248794555664
0 0.0236 386.91455841064453 114.58200454711911 443.23497772216797 135.49375534057614
0 0.0229 0.0 -79.99999999999999 510.9122848510742 201.51496887207028
0 0.0228 458.66214752197266 183.60572814941406 511.63700103759766 206.48185729980466
0 0.0190 447.7659225463867 154.13543701171875 502.45296478271484 175.94760894775388
0 0.0172 398.8899230957031 253.45661163330075 451.4317321777344 276.6310501098632
0 0.0167 328.0440902709961 143.9830780029297 382.19776153564453 166.10248565673828
0 0.0146 448.9474105834961 273.41857910156244 501.37989044189453 296.6691589355469
0 0.0144 515.3466033935547 238.7372207641601 554.8341369628906 271.38164520263666
0 0.0140 356.7585754394531 94.66054916381835 413.3784484863281 115.41391372680664
0 0.0134 608.9764404296875 542.6498413085936 638.75 558.75
0 0.0133 358.2572937011719 203.85494232177732 412.0042419433594 226.23126983642578
0 0.0123 238.99738311767578 303.3915328979492 291.3335418701172 326.6970443725586
0 0.0123 512.6921272277832 -80.0 638.7499809265137 -10.150761604309086
0 0.0122 608.2460784912109 73.44038009643553 638.75 96.58525466918944
0 0.0122 427.3923110961914 94.33563232421875 482.7958297729492 115.74424743652344
0 0.0121 447.53814697265625 124.25590515136717 502.6625061035156 145.8248519897461
0 0.0120 338.84700775146484 173.49065780639646 391.46915435791016 196.59780502319336
0 0.0118 519.9789428710938 212.64345169067383 570.4637145996094 237.43726730346677
0 0.0118 179.79387283325195 302.79777526855463 230.62585830688477 327.28546142578125
0 0.0116 169.16698455810547 243.27228546142575 221.18194580078125 266.8156814575195
0 0.0114 348.0398941040039 233.98205757141108 402.2023391723633 256.10301017761225
0 0.0114 608.3567047119141 103.37400436401366 638.75 126.6524314880371
0 0.0112 48.35579872131348 343.790054321289 101.91596984863281 366.29577636718744
0 0.0111 169.54214096069336 272.9959869384765 220.84810256958008 297.0897674560547
0 0.0111 317.25024223327637 114.41238403320312 372.92576789855957 135.66665649414062
0 0.0110 608.5638427734375 133.24758529663086 638.75 156.7802619934082
0 0.0105 129.6330976486206 322.9271697998047 180.7672929763794 347.15797424316406
0 0.0104 38.389930725097656 313.77086639404297 91.8846321105957 336.31534576416016
0 0.0104 386.95648193359375 74.55749034881592 443.1971740722656 95.51811695098877
0 0.0102 239.34551239013672 333.1454467773437 291.0222625732422 356.94190979003906
0 0.0102 609.5521545410156 512.5420379638672 638.75 537.4835968017578
