0 0.0294 466.1584496498108 -4.151210188865662 499.0234375 12.019932270050049
0 0.0254 0.0 171.78583145141602 499.0234375 436.5234375
0 0.0229 0.0 -62.499999999999986 399.15022253990173 157.43356943130493
0 0.0225 457.841694355011 -19.538715481758118 499.0234375 -3.847852349281311
0 0.0210 466.3602113723755 73.87660443782806 499.0234375 90.24445712566376
0 0.0179 466.1886692047119 -35.41858494281769 499.0234375 -19.21280473470688
0 0.0164 459.3827873468399 96.8743860721588 499.0234225988388 114.12942409515381
0 0.0157 466.7871594429016 -59.15951728820801 499.0234375 -42.34104976058006
0 0.0144 466.7208194732666 19.006282091140744 499.0234375 35.74344515800476
0 0.0129 449.8894214630127 58.64909291267394 495.4793453216553 74.21275973320007
0 0.0126 419.16295886039734 81.85288310050963 463.74282240867615 97.89094328880309
0 0.0121 419.7258949279785 -4.363410174846649 463.2236957550049 12.237869203090668
0 0.0117 467.39304065704346 174.88323897123337 499.0234375 192.37155467271805
0 0.0113 372.72167205810547 89.45402503013611 416.4673089981079 105.91942071914673
0 0.0111 405.1385223865509 -59.63783711194992 446.6506540775299 -41.855908930301666
0 0.0110 467.56279468536377 151.3420045375824 499.0234375 169.038325548172
0 0.0104 459.98895168304443 127.75379419326782 499.0234375 145.75213193893433
0 0.0104 380.1228404045105 66.21713936328888 424.6596693992615 82.27689564228056
