0 0.1645 430.15552520751953 194.05850791931152 500.2663040161133 224.0355625152588
0 0.1328 427.9882049560547 168.01609420776367 482.24853515625 190.06927871704102
0 0.0895 380.18123626708984 186.46341705322268 430.2882766723633 211.61341094970703
0 0.0786 369.4414520263672 157.0784034729004 420.9361267089844 181.0089149475098
0 0.0605 427.9100036621094 138.05776977539065 482.320556640625 160.02672576904297
0 0.0583 450.0212860107422 226.60704040527347 500.4267883300781 251.47299194335938
0 0.0572 487.3290252685547 168.3711090087891 542.8534698486328 189.70858001708984
0 0.0479 249.3718719482422 117.12570571899417 300.9988784790039 140.96146011352542
0 0.0451 319.48047637939453 147.04712295532227 370.9019088745117 171.03966140747073
0 0.0414 298.9397430419922 -32.57399177551267 351.38633728027344 -9.337984085082985
0 0.0397 368.6003112792969 127.64910125732423 421.6920471191406 150.4389419555664
0 0.0380 362.76023864746094 211.0463180541992 427.8094482421875 246.86006927490234
0 0.0362 238.67303848266602 87.59773635864259 291.6274070739746 110.4897346496582
0 0.0341 487.6032257080078 138.22307968139648 542.6023101806641 159.8585548400879
0 0.0335 308.6213684082031 117.63580703735353 361.6729736328125 140.45231246948242
0 0.0331 255.48629760742188 142.41449737548828 294.70813751220703 175.6765594482422
0 0.0329 330.4362106323242 186.21302032470706 380.07091522216797 211.85659790039065
0 0.0301 199.39498901367188 127.11059951782228 250.97793579101562 150.9767189025879
0 0.0277 507.7499771118164 198.14544105529785 562.4673080444336 219.93764305114746
0 0.0270 288.9157485961914 -2.560707092285136 341.4085006713867 20.64834976196291
0 0.0266 178.71074676513672 97.57957839965822 231.59202575683594 120.50880813598634
0 0.0254 0.0 -105.99999999999997 638.75 233.48570251464844
0 0.0241 215.17498016357422 153.09660339355472 254.9917984008789 185.05392456054688
0 0.0240 187.94979095458984 68.0341377258301 242.2844696044922 90.05043411254884
0 0.0229 0.0 251.02486038208016 510.9126281738281 532.7499809265137
0 0.0224 428.13438415527344 107.92593383789064 482.11647033691406 130.1594390869141
0 0.0215 298.11354637145996 -62.058130264282205 352.1346378326416 -39.85603904724118
0 0.0204 298.6891269683838 87.5886573791504 351.61261558532715 110.49900436401369
0 0.0183 248.9105987548828 57.44299316406252 301.41307830810547 80.64470672607425
0 0.0170 238.21514129638672 -32.120922565460184 292.04280853271484 -9.793189525604227
0 0.0167 488.0403137207031 107.97932052612306 542.2025299072266 130.10536575317383
0 0.0161 609.5918273925781 486.50972747802734 638.75 511.5154495239258
0 0.0161 358.42926025390625 97.75038146972659 411.84814453125 120.33644104003909
0 0.0159 349.5600128173828 516.4509429931641 400.94017028808594 532.7500000000001
0 0.0155 279.0150737762451 27.375272750854517 331.31855964660645 50.71271324157717
0 0.0148 219.5669937133789 186.9759788513184 270.8262634277344 211.10943222045898
0 0.0147 548.5614013671875 137.66651535034183 601.7288208007812 160.42042160034183
0 0.0144 608.9675903320312 516.6567268371582 638.75 532.7499809265137
0 0.0141 177.65953063964844 38.19475078582766 232.55016326904297 59.887646675109885
0 0.0140 409.4466781616211 516.5567817687989 461.0374069213867 532.7499809265137
0 0.0137 175.17086029052734 153.11134719848633 214.99492645263672 185.04047775268558
0 0.0134 574.3924140930176 378.8368072509766 638.7499809265137 428.74700927734375
0 0.0132 289.6210193634033 516.389965057373 340.88854789733887 532.7500190734863
0 0.0131 358.26759338378906 -42.14567756652829 411.99363708496094 -19.767242431640604
0 0.0129 227.93926239013672 -1.9618949890136501 282.29454040527344 20.046104431152365
0 0.0123 598.6626434326172 157.60670089721683 638.75 180.48107528686523
0 0.0123 348.7849426269531 -12.469926834106424 401.5253448486328 10.558179855346701
0 0.0118 308.8645553588867 57.475608825683615 361.4541244506836 80.61235809326175
0 0.0118 237.91439056396484 -61.944466590881326 292.3164749145508 -39.97099018096922
0 0.0115 280.6399440765381 175.98530197143558 329.901819229126 202.07561874389648
0 0.0113 474.65137481689453 498.8036193847656 586.5605545043945 532.7500000000001
0 0.0113 548.8770294189453 107.46424102783205 601.4435577392578 130.6233062744141
0 0.0108 219.99570846557617 216.63130187988278 270.4486274719238 241.4494171142578
0 0.0108 504.7435760498047 223.9050521850586 545.3940582275391 254.31940460205078
0 0.0107 385.692138671875 481.8746032714844 424.52735900878906 516.1710968017578
0 0.0106 608.6077117919922 187.21846008300784 638.75 210.8094253540039
0 0.0105 257.7066421508789 -101.83232402801511 312.50732421875 -80.08511400222775
0 0.0102 608.6979675292969 127.16026687622073 638.75 150.86796188354492
0 0.0101 338.9255142211914 17.4371089935303 391.3987350463867 40.65116310119631
