0 0.3997 378.4458541870117 62.81603240966797 564.0490341186523 140.24923706054688
0 0.2260 430.7252502441406 141.59803771972656 638.75 240.79828643798825
0 0.1993 378.4458541870117 -17.183972358703592 564.0490341186523 60.24924182891847
0 0.1237 574.3924140930176 76.3368263244629 638.7499809265137 126.24702835083008
0 0.0851 574.3924140930176 16.336812019348162 638.7499809265137 66.24700450897217
0 0.0561 350.48099517822266 102.22114944458008 379.17530059814453 150.62599563598633
0 0.0463 313.06254386901855 156.41418838500977 428.191499710083 206.06403732299805
0 0.0444 345.7515335083008 49.16529560089113 384.47986602783203 83.86335277557373
0 0.0425 589.5079040527344 -15.473552703857399 638.75 8.560146331787129
0 0.0415 539.5846557617188 -35.532546997070284 590.8095550537109 -11.381507873535133
0 0.0360 608.8882637023926 -45.46434974670407 638.7499809265137 -21.506792068481424
0 0.0324 330.2050018310547 23.937477111816424 380.2685546875 49.13832092285158
0 0.0311 489.70306396484375 -45.623563289642306 540.7046508789062 -21.29138803482053
0 0.0296 609.2386627197266 234.28591156005854 638.75 258.7421646118164
0 0.0250 440.05016326904297 -45.91867065429685 490.40172576904297 -21.00186920166013
0 0.0248 335.35438537597656 -9.779430389404274 374.82704162597656 22.896846771240252
0 0.0230 389.9760437011719 -45.85386133193967 440.4662322998047 -21.065362453460672
0 0.0229 0.0 248.5248603820801 510.9126281738281 530.2499809265137
0 0.0217 511.90391540527344 261.3418426513672 638.75 361.12707519531244
0 0.0211 320.6175994873047 82.88845443725587 349.0093231201172 130.03796005249023
0 0.0204 305.4369258880615 50.02810382843018 344.75281715393066 83.07268047332765
0 0.0182 598.8570404052734 -75.01786923408505 638.75 -51.89392542839048
0 0.0180 339.80052947998047 -35.706544876098604 390.6197738647461 -11.210123062133766
0 0.0161 373.0625534057617 -103.58583068847652 488.19149017333984 -53.93595314025875
0 0.0156 598.9182281494141 -105.05706405639644 638.75 -81.85453510284421
0 0.0153 0.0 -108.49999999999997 320.47889709472656 61.19043731689454
0 0.0147 538.7918090820312 -64.97445678710935 591.5191650390625 -41.937290191650355
0 0.0129 608.9672088623047 514.1570892333984 638.75 530.25
0 0.0118 290.7126808166504 83.60649490356447 318.895206451416 129.46812057495117
0 0.0117 228.11857223510742 148.598274230957 312.60263442993164 214.626220703125
0 0.0108 609.5794868469238 484.01983642578125 638.7499809265137 509.00549316406244
0 0.0103 538.6766815185547 -104.90288114547727 591.6237640380859 -82.00940704345699
0 0.0101 574.3924140930176 376.33680725097656 638.7499809265137 426.24700927734375
