0 0.2563 180.17886579036713 -60.03673002123832 249.90622699260712 -26.06182172894478
0 0.1801 250.78049302101135 -61.43252179026604 288.7830436229706 -40.114084258675575
0 0.1537 140.83628356456757 -52.83067375421523 179.85324561595917 -33.04874897003174
0 0.1438 416.45513474941254 144.46420967578888 499.0234524011612 183.25315415859222
0 0.1250 103.95510494709015 -27.41080522537231 193.89961659908295 11.378161609172821
0 0.1065 250.8356273174286 -38.09386119246482 288.74340653419495 -16.584094613790512
0 0.1014 172.10474610328674 9.642153978347778 211.08928322792053 29.476717114448547
0 0.1006 102.02100872993469 -53.09304594993591 140.58329164981842 -32.795507460832596
0 0.0939 196.02510333061218 -22.1773199737072 234.13079977035522 -1.2275092303752895
0 0.0868 289.0048921108246 -60.39865501224994 328.52301001548767 -41.10001027584075
0 0.0858 405.5279493331909 182.28637427091596 446.30128145217896 200.59401541948316
0 0.0725 397.84955978393555 127.51071155071259 438.36742639541626 145.9951251745224
0 0.0715 447.0272660255432 185.81292778253555 498.6887574195862 212.59089559316635
0 0.0675 234.66426134109497 -13.86144757270813 273.5400199890137 6.102658808231355
0 0.0638 100.09263455867767 13.358011841773985 166.0958081483841 64.9423599243164
0 0.0620 211.24058961868286 9.578913450241089 250.08749961853027 29.53904867172241
0 0.0555 37.59263455867767 -33.516986295580864 103.5958081483841 18.067358061671257
0 0.0547 374.2355406284332 158.87607634067535 415.0896966457367 177.12910473346707
0 0.0542 62.947794795036316 -53.08425612747669 101.53031349182129 -32.804256305098534
0 0.0521 461.1719846725464 119.02481317520142 499.0234375 138.8455331325531
0 0.0497 176.15574598312378 30.02841770648956 206.8076729774475 55.981650948524475
0 0.0400 207.38551020622253 30.075304210186005 238.07594180107117 55.93878775835037
0 0.0391 249.98950958251953 9.875290095806122 289.4190549850464 29.250524938106537
0 0.0386 405.7663381099701 103.99571061134338 446.0873305797577 122.63435125350951
0 0.0384 289.0962064266205 -37.04457636922598 328.44433188438416 -17.581217922270298
0 0.0370 22.94386737048626 -52.24905163049698 63.28416056931019 -33.621110022068024
0 0.0369 389.4108533859253 243.2156801223755 499.0234375 303.71034145355225
0 0.0361 273.47248792648315 -13.615032657980919 312.81960010528564 5.86329959332943
0 0.0345 78.59732210636139 16.637489199638367 100.80079734325409 53.6036193370819
0 0.0338 460.8075022697449 213.0976617336273 499.0234375 232.2794497013092
0 0.0333 358.1444025039673 182.62133002281186 399.88410472869873 200.2592384815216
0 0.0315 238.65614086389542 30.028261244297024 269.3072780966759 55.98179250955582
0 0.0304 344.1636562347412 132.57423043251038 398.36370944976807 156.5438210964203
0 0.0294 103.95510494709015 66.33920967578888 193.89961659908295 105.12815415859222
0 0.0277 358.804315328598 111.8701249361038 399.2902338504791 130.3851753473282
0 0.0272 405.7130515575409 205.59552311897278 446.13513350486755 224.1596281528473
0 0.0269 468.169629573822 96.2604284286499 499.0234375 114.74609375
0 0.0239 187.18111515045166 103.87134552001953 227.19109058380127 122.75755405426024
0 0.0236 327.0709216594696 159.07207131385803 368.4745728969574 176.93376541137695
0 0.0229 0.0 216.4256721735001 399.1504907608032 436.5234225988388
0 0.0226 55.14839291572571 16.570381820201874 77.37712562084198 53.6600723862648
0 0.0220 475.64512491226196 64.90321457386017 499.0234375 83.55657756328581
0 0.0213 475.5299687385559 25.91726928949356 499.0234375 44.4173440337181
0 0.0213 202.24425196647644 127.70821154117583 243.31843852996826 145.79759538173676
0 0.0212 405.67025542259216 80.63119649887085 446.1723268032074 99.12478923797607
0 0.0211 303.94962430000305 135.42848825454712 344.75162625312805 153.70279550552368
0 0.0205 148.1885462999344 111.62987351417542 188.06664645671844 130.623459815979
0 0.0201 475.3376841545105 -52.08791606128216 499.0234375 -33.8286105543375
0 0.0196 249.42446500062943 127.50184535980223 289.91883248090744 146.00393176078796
0 0.0191 397.7465331554413 57.272747159004204 438.459187746048 75.60868561267853
0 0.0187 311.54167652130127 -5.049437284469604 352.76252031326294 12.930780649185179
0 0.0187 199.50413703918457 77.10634171962738 230.3258776664734 102.67122089862823
0 0.0186 366.87344312667847 88.24563026428223 406.8737030029297 107.13362693786621
0 0.0184 269.67212557792664 30.541911721229553 300.7703721523285 55.51297962665558
0 0.0182 475.4335284233093 2.540111541748046 499.0234375 20.918920636177063
0 0.0180 312.01034784317017 111.81293427944183 352.3426055908203 130.44221699237823
0 0.0180 230.57731986045837 100.91333091259003 261.7383301258087 125.77183544635771
0 0.0169 0.5863755941390991 -60.58564782142639 22.53911830484867 -25.22984892129898
0 0.0163 155.59513866901398 135.36912202835083 196.24008238315582 153.76171469688416
0 0.0160 359.1029644012451 64.77612257003784 399.0238904953003 83.7278664112091
0 0.0160 475.44044256210327 -20.90122550725937 499.0234375 -2.5146380066871643
0 0.0159 334.83782410621643 -59.64677594602107 376.32784247398376 -41.84716194868087
0 0.0158 448.74407351017 316.27875566482544 499.0234225988388 355.2711009979248
0 0.0158 225.6845459342003 151.14495158195496 266.7532339692116 169.23603415489197
0 0.0156 405.3983986377716 33.941589295864105 446.41658663749695 52.064619958400726
0 0.0154 265.10339975357056 104.02476787567139 305.49585819244385 122.60568141937256
0 0.0152 113.492950797081 108.51383209228516 144.45586502552032 133.77752900123596
0 0.0151 319.980263710022 80.44810593128204 360.0146174430847 99.30644929409027
0 0.0140 280.5479168891907 158.84092450141907 321.2820887565613 177.16524004936218
0 0.0140 37.59263455867767 60.23302301764488 103.5958081483841 111.81736364960669
0 0.0138 311.46785616874695 182.49889463186264 352.8290092945099 200.38244873285294
0 0.0138 319.7954297065735 57.14716017246246 360.17918586730957 75.73334872722626
0 0.0137 31.767506152391434 16.953662037849426 53.871411830186844 53.348153829574585
0 0.0136 400.69328248500824 382.520854473114 499.0234524011612 436.52343749999994
0 0.0132 108.88633131980896 135.2493315935135 149.21680092811584 153.8807600736618
0 0.0131 327.17540860176086 -28.495434671640393 368.38027834892273 -10.498616844415665
0 0.0129 4.302944988012314 -24.709738790988922 34.912534058094025 1.340486109256744
0 0.0129 397.57585525512695 10.51168143749237 438.6129379272461 28.619661927223206
0 0.0129 335.0839912891388 18.31650733947754 376.1061131954193 36.43950819969177
0 0.0128 195.50161063671112 56.56831339001655 234.55919325351715 76.30319520831108
0 0.0127 371.0618317127228 202.75044441223142 402.49350666999817 227.08457708358765
0 0.0127 404.8316180706024 -59.45437029004096 446.93002104759216 -42.041003704071045
0 0.0122 254.06229496002197 77.3838758468628 285.131573677063 102.41806507110594
0 0.0121 358.99385809898376 41.4234921336174 399.12036061286926 60.20651012659073
0 0.0120 441.33880734443665 54.37539517879486 472.83950448036194 78.59034836292265
0 0.0119 285.20601987838745 77.59366929531097 316.4801001548767 102.22707688808441
0 0.0115 178.7424087524414 159.0041071176529 219.93815898895264 177.0022064447403
0 0.0113 445.93673944473267 80.4377794265747 467.8068161010742 115.09984731674193
0 0.0112 249.97001141309738 56.76516517996787 289.4364073872566 76.11072435975075
0 0.0111 351.49693489074707 244.2961037158966 391.02983474731445 263.5804116725921
0 0.0107 132.0297122001648 158.8944047689438 172.9174256324768 177.1116405725479
0 0.0106 327.424556016922 205.71637153625488 368.15527081489563 224.04003143310547
0 0.0106 358.6810529232025 -5.226753652095794 399.3997275829315 13.107962906360624
0 0.0101 8.356228470802307 9.334340691566467 30.402399599552155 45.381784439086914
