0 0.0614 337.50389099121094 77.78234100341798 392.69203186035156 99.29936981201172
0 0.0549 316.6122817993164 48.23162174224854 373.5135269165039 68.84135341644289
0 0.0471 277.13695526123047 77.97175979614259 333.02974700927734 99.10640335083008
0 0.0450 315.95829010009766 28.53276824951173 374.11937713623047 48.53259658813477
0 0.0427 376.6288375854492 58.22381591796876 433.4981918334961 78.84934997558595
0 0.0371 256.87522888183594 48.10456848144533 313.2705307006836 68.97126770019533
0 0.0352 377.42992401123047 97.8229866027832 432.7595901489258 119.25830459594727
0 0.0339 315.6520080566406 8.663574218750014 374.40467834472656 28.39746093750001
0 0.0305 297.77018547058105 107.634521484375 352.4487018585205 129.44879150390625
0 0.0300 216.96222305297852 78.06027984619142 273.1905937194824 99.01624298095703
0 0.0268 416.56566619873047 78.25126266479492 473.55724334716797 98.82079696655273
0 0.0257 256.05194091796875 18.49287605285646 314.031982421875 38.573938369750984
0 0.0254 0.0 193.38586425781247 638.75 532.25
0 0.0243 315.8919429779053 -11.44369506835936 374.1824436187744 8.507286071777358
0 0.0236 497.2972106933594 57.88728332519532 552.8827667236328 79.19206237792969
0 0.0231 396.6112518310547 38.22675323486329 453.5157012939453 58.845363616943374
0 0.0229 0.0 -106.49999999999999 510.9122848510742 175.01496887207034
0 0.0222 237.5647735595703 107.74877166748047 292.63641357421875 129.33328247070312
0 0.0209 196.76136016845703 48.160739898681655 253.37554931640625 68.91399002075197
0 0.0194 516.8259811401367 88.12635040283203 573.316535949707 108.94860839843751
0 0.0183 457.5012969970703 37.77873611450197 512.6955413818359 59.302192687988295
0 0.0179 255.95460891723633 -1.4658203124999851 314.12282943725586 18.531108856201186
0 0.0174 138.28119277954102 57.34450912475587 191.9816780090332 79.74238967895509
0 0.0169 288.2035541534424 137.38769149780276 342.05294609069824 159.69840621948242
0 0.0169 326.424560546875 -31.68526315689085 383.6885070800781 -11.244756221771226
0 0.0164 348.4393310546875 127.24834060668944 401.83807373046875 149.83913040161133
0 0.0163 587.3564910888672 97.85068130493165 638.75 119.22832107543945
0 0.0153 376.8648147583008 8.102832794189467 433.28174591064453 28.97183990478517
0 0.0151 609.5516777038574 486.0436782836914 638.7500190734863 510.98210906982416
0 0.0151 608.9661979675293 516.1579475402832 638.7500190734863 532.2499809265137
0 0.0142 436.53282165527344 98.26619720458986 493.5877227783203 118.80540466308595
0 0.0136 598.0133247375488 67.49009704589844 638.7499809265137 89.59371185302736
0 0.0136 517.5807571411133 27.73604965209962 572.6227188110352 49.34552764892579
0 0.0135 517.1830368041992 117.9483184814453 572.9873275756836 139.13030242919922
0 0.0134 166.97477340698242 28.056732177734386 223.17838668823242 49.02034378051759
0 0.0130 158.43238830566406 87.25242233276369 211.84444427490234 109.83501052856447
0 0.0128 256.15001678466797 -21.55381584167479 313.94161224365234 -1.3785877227783057
0 0.0128 608.4991455078125 -23.21451568603514 638.75 0.24167633056641966
0 0.0127 318.88033866882324 216.96515655517578 371.4398670196533 240.12281036376953
0 0.0127 512.6921272277832 -106.49999999999997 638.7499809265137 -36.65076160430907
0 0.0121 268.3535861968994 167.29730224609375 321.91664695739746 189.78936767578125
0 0.0120 228.08282852172852 137.45692825317383 282.16325759887695 159.6283302307129
0 0.0120 608.4060859680176 6.843963623046889 638.7499809265137 30.182796478271495
0 0.0117 609.0748405456543 366.4066848754883 638.7500190734863 390.62215423583984
0 0.0117 608.2432556152344 126.94236373901367 638.75 150.08327102661133
0 0.0116 387.37369537353516 -22.153696060180646 442.8126907348633 -0.7664432525634621
0 0.0109 258.8743209838867 216.97351074218747 311.4443588256836 240.1150665283203
0 0.0109 316.3450241088867 -51.64636516571043 373.76171112060547 -31.284264564514142
0 0.0106 338.66546630859375 157.10694885253906 391.63330078125 179.98113250732422
0 0.0106 428.52222442626953 217.19644165039065 481.7631149291992 239.89122009277344
0 0.0103 407.2526168823242 127.9157409667969 462.9225540161133 149.1639862060547
0 0.0103 88.2215404510498 77.37453079223634 142.03715324401855 99.71129989624025
0 0.0103 437.8289031982422 7.599016189575209 492.3956298828125 29.484277725219734
0 0.0102 107.92617797851562 27.550407409667983 162.3053741455078 49.534450531005874
0 0.0100 319.00506019592285 186.88253021240234 371.327428817749 210.20555114746094
0 0.0100 608.411865234375 156.841064453125 638.75 180.18582916259766
