0 0.0254 0.0 193.38586425781247 638.75 532.25
0 0.0229 0.0 -106.49999999999999 510.9122848510742 175.01496887207034
0 0.0168 507.6284408569336 77.70917510986328 562.579231262207 99.37261199951173
0 0.0139 278.71570587158203 77.07486724853517 331.58790588378906 100.01329040527344
0 0.0128 457.4568176269531 57.803703308105476 512.7361297607422 79.27705383300783
0 0.0123 218.37482452392578 77.28200531005861 271.8979263305664 99.80439758300781
0 0.0121 517.9434585571289 47.53468608856202 572.2909164428711 69.54938983917236
0 0.0118 337.89405822753906 77.56671524047853 392.3351287841797 99.51766586303712
0 0.0112 278.4635543823242 47.23337268829347 331.8161392211914 69.85417461395265
0 0.0112 512.6921272277832 -106.49999999999997 638.7499809265137 -36.65076160430907
0 0.0109 397.5211715698242 57.771755218505874 452.67650604248047 79.30987930297853
0 0.0104 608.9262199401855 516.1882934570312 638.7500190734863 532.25
0 0.0104 507.4135971069336 107.82613372802736 562.7759170532227 129.25420379638672
