0 0.0427 433.64259600639343 99.60470950603487 480.43176531791687 114.62499058246613
0 0.0366 426.0011315345764 115.159614443779 472.4597930908203 130.32235062122345
0 0.0357 433.6411952972412 83.97906875610352 480.4334044456482 99.00039291381836
0 0.0268 457.7741473913193 68.05084502696992 499.0234524011612 83.68627583980563
0 0.0267 426.33363604545593 130.6434557437897 472.1504747867584 146.09274125099182
0 0.0254 0.0 157.785831451416 499.0234375 422.52343749999994
0 0.0229 0.0 -76.49999999999997 399.15022253990173 143.43356943130493
0 0.0215 410.5195701122284 68.22106099128725 456.7021429538727 83.51221537590028
0 0.0207 474.5119959115982 114.06409597396852 499.0234225988388 131.38639783859256
0 0.0183 387.16551661491394 99.44058811664583 433.18572640419006 114.79456579685213
0 0.0183 387.1374726295471 83.82569110393526 433.2122802734375 99.15880715847018
0 0.0182 458.2945704460144 52.185027360916145 499.0234375 68.30799436569215
0 0.0159 434.56658720970154 146.08031368255615 479.57292199134827 161.9108603000641
0 0.0128 475.09361803531647 27.80640727281572 499.0234225988388 45.77506190538408
0 0.0127 475.3466695547104 4.2175040245056294 499.0234524011612 22.490812897682204
0 0.0123 411.13120317459106 52.32454693317415 456.1346173286438 68.16591179370882
0 0.0122 379.75960969924927 114.88659536838531 424.9957203865051 130.60350573062897
0 0.0118 400.5407243967056 -76.49999999999999 499.0234225988388 -21.93028250336646
0 0.0116 475.68024694919586 -19.43421693146227 499.0234225988388 -0.7311101406812516
0 0.0116 479.7627329826355 87.93523764610293 499.0234375 110.84687566757204
0 0.0106 475.7810980081558 409.9311218261719 499.0234225988388 422.5234375
0 0.0103 364.62998390197754 67.77570998668672 408.913254737854 83.96927869319917
