0 0.2352 293.06254386901855 191.91417884826663 408.191499710083 241.5640468597412
0 0.1465 442.8401184082031 143.91259384155276 507.7416229248047 179.98467636108398
0 0.1142 340.04627227783203 159.58520126342773 390.4050064086914 184.49437332153323
0 0.1058 278.84056091308594 170.48846435546875 331.4763641357422 193.59908294677737
0 0.1043 312.86937713623047 243.86115264892575 377.71732330322266 280.0324935913086
0 0.0992 470.4119873046875 119.24042892456056 520.0908660888672 144.83029556274414
0 0.0982 238.79573822021484 210.52274894714355 291.5156936645508 233.56552314758298
0 0.0941 390.0637435913086 169.54699707031253 440.3944778442383 194.52925872802737
0 0.0843 420.53394317626953 119.10681915283206 469.9892807006836 144.95894622802734
0 0.0842 259.31161880493164 240.16406249999997 311.0537528991699 263.922607421875
0 0.0827 465.9027099609375 184.02152252197266 504.3681335449219 219.95597076416016
0 0.0589 449.87743377685547 89.73345947265626 500.55164337158203 114.34931945800783
0 0.0584 278.3328628540039 140.80966186523438 331.93553924560547 163.27689361572268
0 0.0498 369.8822021484375 129.7228546142578 420.5487823486328 154.35897064208984
0 0.0483 234.9104881286621 176.60723876953125 275.2374458312988 207.5895233154297
0 0.0425 275.5738830566406 265.18450927734375 314.6314239501953 298.8870544433594
0 0.0416 380.3590393066406 239.29190826416018 430.1361846923828 264.78018951416016
0 0.0412 415.6363296508789 194.9589080810547 454.58248138427734 229.0940017700195
0 0.0400 499.5750427246094 89.97374725341798 550.8183288574219 114.11212158203128
0 0.0389 505.3712463378906 165.68417739868164 544.8115539550781 198.43007278442386
0 0.0342 400.2652359008789 89.38338470458986 450.2162551879883 114.69130706787111
0 0.0334 219.58240509033203 149.96852111816406 270.81172943115234 174.11734771728516
0 0.0330 278.64148139953613 110.61600875854494 331.65629386901855 133.47111892700195
0 0.0308 270.5786323547363 319.0482635498047 319.9538230895996 345.0145263671875
0 0.0302 525.3011703491211 115.83762359619142 564.8754501342773 148.2900161743164
0 0.0271 315.81366539001465 284.4616241455078 354.42856788635254 319.55058288574213
0 0.0250 235.13141632080078 116.18832778930665 275.03162384033203 147.97040176391604
0 0.0229 0.0 264.02486038208 510.9126281738281 545.7499809265137
0 0.0223 439.39212799072266 60.11359405517581 490.98026275634766 83.97383880615236
0 0.0222 349.78031158447266 99.79745101928712 400.6400680541992 124.28445053100587
0 0.0202 269.48486328125 80.03659439086915 320.8995056152344 104.04916000366212
0 0.0191 565.3987503051758 105.62680435180667 604.7861862182617 138.4824485778809
0 0.0190 589.2211151123047 270.2355499267578 638.75 293.8524169921875
0 0.0189 235.17871856689453 266.088020324707 274.98844146728516 298.0617446899414
0 0.0184 465.7134246826172 224.7858734130859 504.5116424560547 259.2526550292968
0 0.0182 375.73001861572266 264.75634765625 414.4956588745117 299.2796630859375
0 0.0169 325.8654022216797 324.2436904907226 364.3901062011719 359.7511215209961
0 0.0168 588.9495849609375 240.4209060668945 638.75 263.66736602783203
0 0.0167 499.25010681152344 60.21254730224612 551.1077880859375 83.87500000000001
0 0.0167 220.15216827392578 89.48956680297853 270.3134536743164 114.58783340454103
0 0.0162 589.6437835693359 299.9214477539063 638.75 324.16392517089844
0 0.0161 240.72843551635742 299.2469711303711 268.8763999938965 344.8604507446289
0 0.0157 389.1139221191406 -92.99999999999997 638.75 47.702791213989286
0 0.0154 505.2396774291992 205.96674156188965 544.9319076538086 238.1722660064697
0 0.0153 0.0 -92.99999999999996 320.47889709472656 76.69043731689455
0 0.0151 275.83486557006836 344.3469161987305 314.41518783569336 379.65613555908203
0 0.0147 574.3924140930176 371.8368072509765 638.7499809265137 421.74700927734375
0 0.0147 390.1551055908203 59.4904775619507 440.3102111816406 84.58734226226808
0 0.0144 550.167350769043 79.47800827026369 600.2998733520508 104.59939193725587
0 0.0142 195.4432487487793 115.52020263671879 234.74641799926758 148.57989501953128
0 0.0142 319.41866874694824 70.08507919311526 370.95852851867676 94.0009803771973
0 0.0136 19.003067016601562 310.3849716186524 71.32901191711426 333.7032241821289
0 0.0136 5.271092653274536 345.9088439941406 44.90226626396179 378.2250518798828
0 0.0132 195.2114486694336 176.0245819091797 234.95792388916016 208.11953735351562
0 0.0129 589.6414375305176 329.9207229614258 638.7499809265137 354.16434478759766
0 0.0128 539.4678115844727 310.0522155761719 590.9140396118164 334.03407287597656
0 0.0128 28.568735122680664 90.66149902343751 81.72225952148438 113.42539978027347
0 0.0119 529.3183135986328 280.16505432128906 581.0466003417969 303.9224548339844
0 0.0119 512.8874015808105 476.62669372558594 638.7500190734863 545.7499999999999
0 0.0118 175.4886245727539 75.41096878051759 214.70584869384766 108.67978286743167
0 0.0117 588.9122772216797 210.44493865966797 638.75 233.64318084716794
0 0.0115 495.4953384399414 315.3992004394531 534.6993637084961 348.6905212402344
0 0.0112 555.2988052368164 145.84147644042972 594.8777389526367 178.28650665283203
0 0.0111 170.01937866210938 149.60509490966797 220.4291534423828 174.47447967529297
0 0.0109 430.7011413574219 229.00531005859375 458.90899658203125 275.04603576660156
0 0.0109 609.0003776550293 89.95658111572267 638.7500190734863 114.07202911376956
0 0.0109 135.3494119644165 85.73302459716798 174.83136653900146 118.38545989990237
0 0.0107 539.6695709228516 339.9010009765625 590.7345581054688 364.1841430664062
0 0.0105 8.815813064575195 280.511962890625 61.49709701538086 303.57661437988276
0 0.0105 365.8298873901367 324.4055862426757 404.41539764404297 359.6021194458008
0 0.0102 460.67676544189453 268.79275512695307 488.93802642822266 315.21006774902344
0 0.0102 5.501526594161987 385.3872985839843 44.69356656074524 418.70143127441406
