0 0.0338 539.4895553588867 183.03211212158203 590.8955001831055 207.0534896850586
0 0.0288 589.6526336669922 192.91387557983396 638.75 217.17134475708005
0 0.0284 539.337043762207 153.14563751220703 591.0310745239258 176.94095611572263
0 0.0271 545.2445983886719 208.95421028137207 584.9275970458984 241.1836528778076
0 0.0257 589.4090461730957 163.09864044189453 638.7499809265137 186.98837280273438
0 0.0254 0.0 219.8858642578125 638.75 558.75
0 0.0229 0.0 -79.99999999999999 510.9122848510742 201.51496887207028
0 0.0220 535.3963470458984 248.62365722656247 574.7891998291016 281.48536682128906
0 0.0214 589.7585868835449 222.83030509948728 638.7500190734863 247.2539234161377
0 0.0175 504.99755859375 219.4458770751953 545.1560974121094 250.73612213134763
0 0.0153 478.9984893798828 183.3850860595703 531.3337707519531 206.70272827148435
0 0.0146 608.6306762695312 -66.79595947265625 638.75 -43.17603111267089
0 0.0136 478.9313507080078 153.43294143676758 531.3935852050781 176.65529251098633
0 0.0135 519.9660110473633 282.64957427978516 570.475959777832 307.4306869506836
0 0.0133 589.1802787780762 133.26271057128906 638.7500190734863 156.82518005371094
0 0.0131 278.4001922607422 183.76890182495114 331.8743896484375 206.31792068481445
0 0.0130 208.16801071166992 143.90815734863278 262.0854377746582 166.17767333984372
0 0.0124 609.1720390319824 252.83515930175778 638.7500190734863 277.1932220458984
0 0.0115 449.40147399902344 233.10694694519043 500.97190856933594 256.9804859161377
0 0.0112 279.8691463470459 302.73738861083984 330.5594730377197 327.3450851440429
0 0.0111 278.7644958496094 213.54207992553708 331.5441131591797 236.5459632873535
0 0.0111 339.2701721191406 183.19705963134766 391.090087890625 206.8902587890625
0 0.0111 528.9842224121094 123.39117050170898 581.3473510742188 146.69614791870117
0 0.0110 608.980712890625 542.6464080810546 638.75 558.75
0 0.0107 217.83470153808594 174.09976959228516 272.3894500732422 195.98415374755857
0 0.0106 268.2630443572998 153.85040283203125 321.99925422668457 176.23569488525388
0 0.0102 208.64364624023438 113.61724853515625 261.65382385253906 136.4702606201172
0 0.0101 475.2601623535156 258.92910003662104 514.9125671386719 291.20655059814453
0 0.0101 608.8641166687012 -36.94777488708496 638.7500190734863 -13.023366928100586
0 0.0100 279.37198638916016 243.12648773193357 330.9986114501953 266.96079254150385
