0 0.2076 284.6745300292969 145.5695533752441 345.3145980834961 164.4793128967285
0 0.1820 284.69035148620605 125.55915832519533 345.300874710083 144.48925018310547
0 0.1398 275.4036045074463 165.27605056762695 334.6340847015381 184.7829246520996
0 0.1169 274.92486000061035 105.4677963256836 335.0814723968506 124.58404541015625
0 0.1072 225.68410873413086 135.15682220458984 284.3731117248535 154.90577697753906
0 0.0748 215.75653076171875 115.12372970581053 274.3062210083008 134.93947982788083
0 0.0669 254.94949340820312 85.46030044555664 315.05794525146484 104.59230422973633
0 0.0664 216.56343460083008 154.75852966308594 273.5577964782715 175.31448364257812
0 0.0522 276.1664581298828 184.94203567504883 333.92555236816406 205.12628555297852
0 0.0421 195.7666015625 95.11865615844725 254.29702758789062 114.9445915222168
0 0.0342 235.26226043701172 65.3316831588745 294.7665786743164 84.7248888015747
0 0.0307 269.04296875 273.3570098876953 321.2933349609375 296.73103332519526
0 0.0273 315.2388668060303 85.34164428710938 374.788293838501 104.71466064453125
0 0.0266 217.66904830932617 184.1934776306152 272.5405693054199 205.88956832885742
0 0.0254 0.0 219.8858642578125 638.75 558.75
0 0.0249 247.40142822265625 244.33441162109372 302.78663635253906 265.74607849121094
0 0.0243 176.18261337280273 74.93320465087889 233.91096115112305 95.13507843017578
0 0.0229 0.0 -79.99999999999999 510.9122848510742 201.51496887207028
0 0.0222 286.49986267089844 204.78622436523438 343.61717224121094 225.28568267822266
0 0.0214 335.60672760009766 105.18516540527344 394.44629669189453 124.87564086914062
0 0.0211 335.7046890258789 165.14440536499023 394.35482025146484 184.91788864135742
0 0.0205 269.7550106048584 302.8274917602539 320.66040992736816 327.2559738159179
0 0.0193 207.56668090820312 264.24678802490234 262.6348876953125 285.8351516723633
0 0.0185 345.50281524658203 145.22851943969724 404.5431900024414 164.8307991027832
0 0.0178 176.30455017089844 54.876251220703125 233.7982177734375 75.19327163696288
0 0.0176 294.9361324310303 65.46398162841797 355.07081031799316 84.5881462097168
0 0.0169 307.8342819213867 244.10217285156253 362.3893356323242 265.9820556640625
0 0.0167 345.5855178833008 125.19149780273438 404.46666717529297 144.86858367919922
0 0.0164 235.47771453857422 45.24096488952637 294.5661163330078 64.81833457946777
0 0.0164 319.5217800140381 283.0167007446289 370.8650302886963 307.0698928833008
0 0.0156 269.69776153564453 332.87242889404297 320.7109832763672 357.2115707397461
0 0.0149 157.46546268463135 114.30509567260742 212.72679805755615 135.77665328979492
0 0.0131 227.48191833496094 214.28558349609372 282.7141571044922 235.794677734375
0 0.0130 208.54692459106445 293.67801666259766 261.7413902282715 316.40926361083984
0 0.0120 176.46743774414062 34.79977607727051 233.64757537841797 55.27150154113769
0 0.0116 219.12128448486328 323.3025360107422 271.2232208251953 346.78527832031244
0 0.0115 320.7425308227539 312.3696136474609 348.8595962524414 357.76626586914057
0 0.0113 608.3864593505859 -66.64539337158202 638.75 -43.32817077636719
0 0.0111 157.74579524993896 144.15128707885742 212.4703073501587 165.93233108520508
