0 0.0742 570.0634574890137 24.02341842651367 638.7500190734863 65.83986282348633
0 0.0701 458.08223724365234 16.804418563842773 552.4078750610352 53.303766250610344
0 0.0646 487.7836227416992 54.118576049804695 542.4383926391602 75.96355438232422
0 0.0605 393.0625534057617 -35.085830688476555 508.19149017333984 14.564046859741213
0 0.0530 336.37664794921875 -15.158758163452148 393.7318420410156 5.228862762451172
0 0.0509 396.9048309326172 14.582672119140623 453.24493408203125 35.49234390258789
0 0.0501 589.8628044128418 72.73803234100342 638.7500190734863 97.34394550323486
0 0.0495 276.29222869873047 4.879484176635741 333.8102340698242 25.189504623413086
0 0.0491 487.3502731323242 84.35222625732422 542.8357315063477 105.72647094726562
0 0.0487 246.1837387084961 24.92987632751465 303.9105987548828 45.13794898986816
0 0.0473 336.31519317626953 -35.13131618499756 393.78902435302734 -14.799456596374512
0 0.0469 98.44585418701172 -68.6839771270752 284.04903411865234 8.749246597290037
0 0.0433 386.68792724609375 -55.30583262443542 443.44383239746094 -34.62056279182434
0 0.0423 246.09228134155273 44.968404769897454 303.9961051940918 65.09787559509277
0 0.0419 426.29364013671875 54.872703552246094 483.8104248046875 75.19533157348631
0 0.0416 508.5962677001953 -6.349980831146241 561.6960906982422 16.437795162200924
0 0.0407 599.1035270690918 -6.680452823638916 638.7500190734863 16.768991947174072
0 0.0391 416.8852233886719 -75.40818691253662 473.26316833496094 -54.51708316802978
0 0.0389 307.1079349517822 24.485378265380856 363.05670738220215 45.592327117919915
0 0.0347 425.8687973022461 75.07015228271484 484.20299530029297 94.99374389648438
0 0.0344 366.40087127685547 34.82773780822753 423.7099838256836 55.242280960083
0 0.0343 446.5108871459961 104.77996826171874 503.60721588134766 125.29190063476561
0 0.0340 265.7544803619385 65.11802196502686 324.30975914001465 84.94411945343018
0 0.0340 544.9740219116211 69.48077678680421 585.1790237426758 100.70442676544188
0 0.0323 326.18980407714844 -55.07251739501953 383.9048767089844 -34.85951900482178
0 0.0319 393.0625534057617 124.91418838500975 508.19149017333984 174.56403732299805
0 0.0314 356.56307220458984 -75.25338649749754 413.5609817504883 -54.675512313842766
0 0.0304 533.062572479248 144.91418838500977 638.7500190734863 194.56403732299805
0 0.0301 186.51666641235352 34.77776527404785 243.60174179077148 55.29425621032714
0 0.0301 326.4527130126953 54.80385780334472 383.66188049316406 75.26680946350098
0 0.0299 285.8718013763428 85.06826400756835 344.20037269592285 104.9955940246582
0 0.0284 387.04296112060547 104.5235824584961 443.11527252197266 125.55431365966795
0 0.0283 507.7253723144531 114.15302276611325 562.4911499023438 135.92903137207028
0 0.0282 507.80506134033203 -35.882854461669915 562.4163436889648 -14.033298492431642
0 0.0281 589.4293022155762 103.07928085327147 638.7500190734863 127.00700759887694
0 0.0275 457.0473098754883 -55.48199534416198 513.1120681762695 -34.44057583808899
0 0.0273 346.2810516357422 74.88749980926512 403.81988525390625 95.18181324005127
0 0.0272 286.22413635253906 104.91193771362305 343.8730239868164 125.1564598083496
0 0.0254 0.0 219.8858642578125 638.75 558.75
0 0.0249 206.46678924560547 64.80152130126952 263.6478042602539 85.26998519897461
0 0.0238 568.7678146362305 193.5394477844238 621.5412521362305 216.54851913452148
0 0.0236 293.63086700439453 -28.43925952911377 336.45782470703125 -1.172318458557129
0 0.0231 599.0418815612793 -36.642818450927734 638.7500190734863 -13.269195556640625
0 0.0226 53.06253433227539 24.914178848266605 168.19150924682617 74.5640468597412
0 0.0225 338.1901550292969 123.8966941833496 392.0648956298828 146.18947982788086
0 0.0220 408.4606170654297 173.7287139892578 461.8202209472656 196.35787963867188
0 0.0205 497.4638366699219 -75.70685386657713 552.7312469482422 -54.2133617401123
0 0.0204 296.9546890258789 -75.44189929962158 353.19889068603516 -54.4825553894043
0 0.0196 176.77234649658203 84.65250015258788 233.3660888671875 105.4218864440918
0 0.0196 508.6619567871094 193.60336303710938 561.6377258300781 216.48387908935547
0 0.0192 277.57843017578125 134.24362182617185 332.62340545654297 155.8388900756836
0 0.0192 338.82999420166016 153.49519729614258 391.4859390258789 176.59231185913083
0 0.0190 589.3805122375488 -66.89187049865723 638.7499809265137 -43.02255153656006
0 0.0182 408.1327819824219 203.92663955688477 462.1179962158203 226.15869522094727
0 0.0179 348.19488525390625 183.8848114013672 402.06260681152344 206.20006561279294
0 0.0160 464.64027404785156 180.07280349731442 505.4924011230469 210.16748428344727
0 0.0153 278.31165313720703 163.82146835327148 331.9550323486328 186.2648582458496
0 0.0152 226.73219680786133 104.67649459838867 283.4020805358887 125.3981590270996
0 0.0149 247.63877868652344 194.20373916625974 302.5697326660156 215.87816238403317
0 0.0146 38.54702949523926 3.677921295166016 91.74130439758301 26.409339904785153
0 0.0146 118.28329086303711 73.84522914886473 171.97931289672852 96.24197483062743
0 0.0142 93.06253433227539 104.91418838500975 208.19150924682617 154.56403732299802
0 0.0142 308.3299922943115 283.8131713867187 361.93772315979004 306.2736511230469
0 0.0139 457.6573181152344 224.19054985046384 512.5534057617188 245.89100837707517
0 0.0138 347.59525299072266 214.2249488830566 402.6101303100586 235.85622787475583
0 0.0135 397.3746871948242 234.34332847595215 452.81238555908203 255.73616981506348
0 0.0132 379.15775299072266 313.2830429077148 431.1893081665039 336.80553436279297
0 0.0129 188.26427459716797 183.8493537902832 241.9982147216797 206.2367057800293
0 0.0128 287.3628520965576 214.3522834777832 342.82261848449707 235.72751998901364
0 0.0127 327.25948333740234 254.40975189208982 382.91675567626953 275.6696701049804
0 0.0126 436.5534210205078 254.7542953491211 493.5691833496094 275.31719207763666
0 0.0126 608.5106658935547 223.27815055847168 638.75 246.74908638000485
0 0.0125 48.58915328979492 -26.350936889648438 101.70369148254395 -3.5620403289794917
0 0.0125 257.098388671875 264.48947906494135 313.06568145751953 285.58803558349604
0 0.0125 299.10340309143066 313.3118057250976 351.2399196624756 336.7756271362304
0 0.0124 426.65523529052734 294.71374511718744 483.4731674194336 315.360107421875
0 0.0124 368.36414337158203 283.797378540039 421.90563201904297 306.29028320312494
0 0.0122 247.16468811035156 234.45461273193354 303.0049133300781 255.62335968017572
0 0.0120 517.8882598876953 224.059476852417 572.3428344726562 246.02330207824704
0 0.0120 197.63668060302734 214.2060089111328 252.57137298583984 235.87604522705078
0 0.0119 436.20384216308594 274.9212646484375 493.89183044433594 295.14686584472656
0 0.0118 247.70610809326172 294.17236328124994 302.50682830810547 315.9108734130859
0 0.0115 188.59888076782227 153.64612579345703 241.6942024230957 176.4413833618164
0 0.0114 560.8300018310547 -26.661736965179443 588.7564849853516 17.0553183555603
0 0.0110 0.0 -67.28038787841797 40.540785789489746 -42.637410163879395
0 0.0110 437.1505355834961 324.4679260253906 493.01647186279297 345.6108093261718
0 0.0109 0.0 8.869266510009767 34.88898277282715 41.26115798950195
0 0.0105 166.8235206604004 244.6243286132812 223.31960678100586 265.45013427734375
0 0.0105 128.93035411834717 163.43336105346677 181.3945436477661 186.65483474731445
0 0.0103 486.1753845214844 304.93568420410156 543.9178466796875 325.13236999511713
0 0.0102 48.54881286621094 -56.32675170898437 101.74046516418457 -33.58649253845215
0 0.0100 496.5669631958008 324.7526550292969 553.5554885864258 345.3197479248047
