0 0.0665 75.46763455867766 75.85801184177399 141.4708081483841 127.4423599243164
0 0.0464 53.97846138477325 94.80239450931549 76.16840636730194 131.69583678245544
0 0.0425 77.38770878314972 125.88809430599213 99.64008963108063 163.08434307575226
0 0.0377 42.321718841791146 68.64982843399048 72.66247233748436 95.44822573661804
0 0.0359 100.80889201164244 125.80035626888275 123.09736347198486 163.1598025560379
0 0.0349 77.51340007781981 56.142695248126984 115.86210465431212 76.7129436135292
0 0.0312 143.95858681201938 91.84866398572922 174.16327035427096 119.10491436719894
0 0.0301 54.0006343126297 134.01569426059723 76.14167368412018 170.63568532466888
0 0.0288 30.568267762660973 94.98338401317596 52.697967350482934 131.54789805412292
0 0.0275 124.26434791088104 125.89484453201294 146.51309287548065 163.07809948921204
0 0.0259 116.34585595130923 56.41299486160278 155.11325335502625 76.45395398139954
0 0.0254 -71.5 234.28583145141602 427.52343750000006 499.0234375
0 0.0237 151.7692539691925 123.10043349862099 181.97769260406497 150.3533087670803
0 0.0217 178.44195252656937 95.85447609424591 217.96035355329516 115.14723300933838
0 0.0208 11.014829933643332 68.81143152713776 41.46141892671585 95.30003368854523
0 0.0205 155.29367661476135 72.15455174446106 194.27284932136536 91.96607768535614
0 0.0203 45.49410900473595 478.7615239620209 85.27005425095558 497.86463379859924
0 0.0199 38.17054963111876 48.65047335624695 77.03110909461975 68.59291344881058
0 0.0194 182.75067543983462 116.03803932666779 213.4595844745636 141.8532282114029
0 0.0192 88.91252017021179 350.6093919277191 119.78972291946411 376.04889273643494
0 0.0190 -9.321663916111001 478.866308927536 30.695046842098233 497.76163697242737
0 0.0182 84.56795251369476 478.75264286994934 124.32252204418184 497.873455286026
0 0.0175 193.48541235923767 72.85743206739426 234.1016266345978 91.2732407450676
0 0.0171 -48.438741281628616 471.1061418056488 -8.321280047297483 489.8986518383026
0 0.0171 30.59362208843231 134.23815369606018 52.6675317287445 170.4578399658203
0 0.0171 77.43235266208649 165.22470116615295 99.5861474275589 201.91872119903564
0 0.0167 7.158133745193475 95.19102796912193 29.227617740631096 131.38318434357643
0 0.0166 120.15229797363283 350.62918066978455 151.04931926727295 376.030832529068
0 0.0165 104.55070769786836 30.271470546722412 135.4023698568344 55.75957894325256
0 0.0162 96.70378601551054 381.9068670272827 127.62149012088776 407.2555899620056
0 0.0161 10.596062600612633 444.75001096725464 41.841324031353 469.4429636001587
0 0.0157 232.4952516555786 0.0 427.52343750000006 109.92405563592911
0 0.0154 45.20606955885887 447.74776697158813 85.52209249138832 466.38280153274536
0 0.0152 108.68758296966554 165.25676846504211 130.8298144340515 201.89210772514343
0 0.0152 -41.34237618744375 448.15793633461 0.1344285756349482 465.9726917743683
0 0.0151 89.01663458347322 319.12097334861755 119.69568169116975 345.0166881084442
0 0.0149 49.763712644577026 366.4175570011139 80.80628848075867 391.5068209171295
0 0.0147 404.2475703954697 486.45704984664917 427.52345240116125 499.0234375
0 0.0146 217.2396216392517 103.87927293777466 257.25615358352667 122.75031208992004
0 0.0146 18.528889477252953 366.38760566711426 49.54218453168868 391.53414964675903
0 0.0145 34.100405484437935 421.1829602718353 65.21664521098137 446.1233913898468
0 0.0144 271.83160519599915 111.76308616995811 312.02862000465393 130.49206510186195
0 0.0144 131.30514657497406 478.8656532764435 171.3182810544968 497.7623522281647
0 0.0138 147.7794382572174 149.84987676143646 169.85705828666687 186.0932856798172
0 0.0137 130.8901343345642 2.6149824261665344 171.6862056255341 20.891446620225906
0 0.0136 135.70474421977997 30.474428087472916 166.74037611484528 55.57446554303169
0 0.0135 151.35642474889755 350.7270812988281 182.3413181900978 375.94151496887207
0 0.0132 127.89355552196503 382.032573223114 158.9268330335617 407.14091062545776
0 0.0131 65.30316507816315 421.27323150634766 96.51072657108308 446.04116678237915
0 0.0131 120.34009730815889 318.94126534461975 150.8801463842392 345.18107771873474
0 0.0129 96.90893030166626 287.6746356487274 127.4370882511139 313.94633650779724
0 0.0129 170.89060282707214 150.3034085035324 209.9224660396576 170.06753385066986
0 0.0129 2.878810822963707 413.3106768131256 33.940638959407806 438.36531043052673
0 0.0127 178.1178150177002 478.91339659690857 218.24848985672 497.71514534950256
0 0.0126 57.64797663688659 335.0149691104889 88.55310416221619 360.39599776268005
0 0.0126 213.8534519672394 124.17487427592278 244.84363532066348 149.36964586377144
0 0.0124 159.36383938789368 319.04104351997375 189.9767849445343 345.08976340293884
0 0.0124 315.5082497596741 116.16300046443939 346.3218245506287 141.73905551433563
0 0.0121 170.40613627433777 10.095184668898582 210.344824552536 29.033778235316277
0 0.0121 -71.50000000000001 0.0 29.6466085910797 54.593276232481
0 0.0119 167.11555010080338 45.74928991496563 197.84369653463364 71.5190190821886
0 0.0117 -71.50000000000001 444.6015954017639 -44.1670477539301 469.5780277252197
0 0.0117 88.68614172935484 444.819837808609 119.9985179901123 469.37939524650574
0 0.0116 73.27060735225676 22.523697465658188 104.17990720272064 47.88801446557045
0 0.0115 57.69563055038452 303.6617040634155 88.50956296920776 329.24026250839233
0 0.0114 96.6160181760788 413.33913803100586 127.70219480991365 438.3394122123718
0 0.0112 37.71378433704376 400.62445402145386 77.42639219760895 419.7532534599304
0 0.0112 42.16504430770874 170.62203586101532 72.80022239685059 196.6353803873062
0 0.0111 -71.50000000000003 413.2254123687744 -44.222683101892486 438.44306468963623
0 0.0111 225.09867286682126 478.8288474082947 265.0303874015808 497.7983832359314
0 0.0111 10.723981618881217 335.1209759712219 41.72279274463653 360.299289226532
0 0.0110 284.2211458683014 131.86684250831604 315.1058886051178 157.29209780693054
0 0.0110 295.09044027328497 486.5131229162216 335.70415115356445 499.0234524011612
0 0.0109 162.9423234462738 298.8690137863159 202.2264931201935 318.38035583496094
0 0.0108 -12.861235454678546 366.6611313819885 18.42244489490985 391.2850618362427
0 0.0107 -71.50000000000003 486.4788055419922 -46.82808780670167 499.0234375
0 0.0106 206.04846215248108 46.02816514670849 237.02481722831723 71.2644625455141
0 0.0103 84.22670102119446 2.4674031883478165 124.62157344818117 21.038593724370003
0 0.0102 7.176640987396233 134.4078630208969 29.205489516258236 170.32568156719208
0 0.0102 404.62442076206213 462.9956781864166 427.5234225988388 482.33792185783386
0 0.0101 -71.50000000000001 381.870299577713 -44.267759114503875 407.28893876075745
0 0.0101 -41.3530212044716 424.72347617149353 0.14485007524489713 442.53161549568176
0 0.0100 182.56274199485782 350.81368684768677 213.6318418979645 375.86259841918945
0 0.0100 -1.3525676131248563 392.8129971027374 38.367699444293976 411.93947196006775
