0 0.1289 585.3762626647949 305.27812957763666 638.7500190734863 324.77893829345703
0 0.1178 595.8532905578613 285.0630569458008 638.7499809265137 304.9984359741211
0 0.0995 595.9460258483887 265.0215530395508 638.7500190734863 285.04100799560547
0 0.0980 586.1460876464844 324.9433517456054 638.75 345.1234817504883
0 0.0850 596.1177825927734 244.94472503662107 638.75 265.11989593505854
0 0.0720 596.3952827453613 224.81685638427732 638.7499809265137 245.25096893310544
0 0.0622 565.3176116943359 205.3030014038086 624.7164916992188 224.75337982177734
0 0.0591 534.1816329956055 225.75607299804685 595.7760238647461 244.28558349609375
0 0.0547 534.8861312866211 185.47988891601562 595.118522644043 204.57088470458982
0 0.0506 597.1493721008301 184.45175170898438 638.7499809265137 205.62442779541013
0 0.0493 534.1000366210938 245.788459777832 595.8518981933594 264.2523574829101
0 0.0492 504.39735412597656 205.67697525024414 565.5735778808594 224.36811447143552
0 0.0460 597.5687408447266 154.2344093322754 638.75 175.84585189819333
0 0.0445 535.2927780151367 165.3125 594.7397994995117 184.7433853149414
0 0.0443 534.5188140869141 285.6327438354492 595.4594421386719 304.41448211669916
0 0.0411 525.6683731079102 305.1668930053711 584.3869400024414 324.8960494995117
0 0.0411 534.2062377929688 265.74977874755854 595.7522583007812 284.29271697998047
0 0.0350 566.8760681152344 344.60632324218744 623.2692718505859 365.4698944091797
0 0.0320 526.5865707397461 324.74925994873047 583.5359573364258 345.3242874145508
0 0.0269 475.1197814941406 225.3936767578125 534.8985290527344 244.66159820556638
0 0.0255 535.705451965332 145.13607025146484 594.3561172485352 164.92492675781247
0 0.0254 0.0 219.8858642578125 638.75 558.75
0 0.0246 475.26161193847656 185.33308029174805 534.7669219970703 204.72368240356445
0 0.0229 0.0 -79.99999999999999 510.9122848510742 201.51496887207028
0 0.0224 475.3919982910156 165.2786064147949 534.6455383300781 184.77983474731445
0 0.0221 475.5180358886719 245.22865295410153 534.5273590087891 264.83192443847656
0 0.0197 608.3677673339844 123.3652877807617 638.75 146.66091918945312
0 0.0189 574.3924140930176 -55.16318321228027 638.7499809265137 -5.252971649169921
0 0.0178 476.0018539428711 265.01762390136713 534.0778732299805 285.0489807128906
0 0.0169 476.6665267944336 284.7093963623047 533.4624862670898 305.364761352539
0 0.0162 608.5254669189453 373.2719802856445 638.75 396.75571441650385
0 0.0153 475.53150177001953 145.2187919616699 534.5158767700195 164.84128952026364
0 0.0151 609.3434143066406 492.71030426025385 638.75 517.3176193237305
0 0.0139 445.8738327026367 205.07169723510742 504.19742584228516 224.9928855895996
0 0.0137 588.9056587219238 403.4438705444336 638.7499809265137 426.6434860229492
0 0.0133 608.9123344421387 542.6988410949707 638.7500190734863 558.7499809265137
0 0.0129 574.3924140930176 4.836816787719727 638.7499809265137 54.747018814086914
0 0.0115 406.55818939208984 184.75536346435547 463.56395721435547 205.31669616699216
0 0.0115 608.5357475280762 93.26374053955078 638.7500190734863 116.76376342773436
0 0.0114 608.5756683349609 63.237800598144524 638.75 86.78979873657225
0 0.0113 467.60223388671875 314.2269515991211 522.6024627685547 335.85514068603516
0 0.0111 601.0791015625 428.8545608520507 638.75 461.1481857299804
0 0.0109 98.42037200927734 233.76029014587402 151.85523986816406 256.3271427154541
0 0.0108 416.6168212890625 154.7295379638672 473.50929260253906 175.34347534179688
0 0.0107 546.6213226318359 124.71549987792967 603.5079193115234 145.3557205200195
0 0.0106 416.8699645996094 244.60628509521482 473.2756042480469 265.46939849853516
0 0.0101 386.67762756347656 204.6994972229004 443.4532928466797 225.37405014038086
0 0.0101 488.10935974121094 343.9449691772461 542.1382904052734 366.1409378051757
