0 0.1044 409.2319107055664 35.22470188140871 461.12422943115234 58.86280727386477
0 0.0887 374.9092483520508 157.4735374450684 435.0962448120117 176.57803726196292
0 0.0746 359.4194793701172 15.090076446533226 410.95664978027344 38.99674606323245
0 0.0727 57.39986181259155 -13.663890838623018 112.78785943984985 7.74451446533206
0 0.0684 364.82616424560547 177.50836563110352 425.17337799072266 196.5423698425293
0 0.0674 375.0807571411133 137.40269851684573 434.93663787841797 156.65089797973636
0 0.0595 408.6221694946289 65.61831665039064 461.67598724365234 88.46736145019533
0 0.0592 418.55430603027344 5.679323196411159 471.7333984375 28.408815383911158
0 0.0553 96.88451766967773 -33.40098190307614 153.2621955871582 -12.523239135742159
0 0.0552 310.4453372955322 -5.793464660644503 360.0626277923584 19.86315917968753
0 0.0543 36.66404724121094 -43.29454946517941 93.46597671508789 -22.632132053375212
0 0.0532 349.0884780883789 45.32023620605471 401.25370025634766 68.76696777343753
0 0.0449 315.9507369995117 147.03875732421878 374.1257095336914 167.0269317626953
0 0.0449 359.10289764404297 -14.678705215454071 411.23844146728516 8.767435073852566
0 0.0435 396.03275299072266 116.9908256530762 454.0523910522461 137.07402420043945
0 0.0429 58.44245910644531 15.747110366821314 111.83511734008789 38.34047508239748
0 0.0428 364.9915313720703 197.44273376464844 425.0189208984375 216.6103286743164
0 0.0406 436.9038391113281 156.58417892456058 493.24562072753906 177.49097061157227
0 0.0386 386.75559997558594 96.65124130249025 443.3837890625 117.42150497436523
0 0.0383 0.0 -14.77443504333493 51.120357513427734 8.8624019622803
0 0.0366 117.22381591796875 -3.573120117187472 172.94988632202148 17.652027130126978
0 0.0343 305.49241065979004 20.39384078979495 344.7032070159912 53.69546127319339
0 0.0318 316.2139129638672 126.91678237915039 373.8824462890625 147.1515007019043
0 0.0308 309.26188468933105 -34.793785095214815 361.0968494415283 -11.118419647216767
0 0.0295 347.7600860595703 76.1304969787598 402.4601745605469 97.95129013061525
0 0.0284 0.0 -48.7169151306152 35.07396221160889 -17.115858078002898
0 0.0278 0.0 15.052272796630886 50.90503692626953 39.03483581542971
0 0.0274 260.05868911743164 -5.4352741241454785 310.3961753845215 19.513380050659208
0 0.0263 355.37532806396484 217.28606414794922 414.6609115600586 236.77222442626956
0 0.0263 426.7218017578125 186.6727561950684 483.4137725830078 207.40040969848633
0 0.0259 464.73968505859375 31.90905284881595 505.3980255126953 62.31578540802004
0 0.0254 0.0 191.88586425781253 638.75 530.75
0 0.0252 66.77056312561035 -63.34803867340084 123.36806297302246 -42.5778131484985
0 0.0252 306.5115737915039 166.78227615356445 363.60591888427734 187.29001235961917
0 0.0245 0.0 -74.70378684997556 51.2170934677124 -51.20858001708981
0 0.0241 417.3250198364258 -23.62175750732419 472.85594940185547 -2.2978286743163765
0 0.0229 0.0 -107.99999999999997 510.9122848510742 173.51496887207034
0 0.0225 0.0 -104.75038576126096 51.15042209625244 -81.16151142120358
0 0.0224 447.48531341552734 96.28318023681643 502.71114349365234 117.79700469970706
0 0.0222 326.5473175048828 106.75749969482425 383.5747528076172 127.31394958496095
0 0.0209 457.24781036376953 126.40984725952148 512.9288864135742 147.6685829162598
0 0.0203 126.73910617828369 -53.33212184906003 183.39696407318115 -32.59396839141842
0 0.0201 28.71968984603882 55.563385009765646 81.58622980117798 78.52351379394533
0 0.0198 574.3924140930176 156.83682632446292 638.7499809265137 206.74702835083008
0 0.0186 248.78833770751953 -34.477384567260714 301.5234375 -11.435106277465792
0 0.0175 118.27646255493164 25.847675323486353 171.98589324951172 48.239242553710966
0 0.0170 157.54440307617188 -23.74300765991208 212.6557159423828 -2.175510406494111
0 0.0161 28.40576171875 85.76420974731448 81.86960220336914 108.32246017456058
0 0.0161 464.6092224121094 62.12111663818361 505.52215576171875 92.12374877929689
0 0.0160 367.33203887939453 -43.62397956848141 422.84915924072266 -22.295330047607393
0 0.0159 356.09596252441406 236.97364044189453 413.9910125732422 257.0938034057618
0 0.0159 265.3401565551758 20.744034767150904 304.84073638916016 53.37544155120852
0 0.0157 608.6253547668457 -24.792755126953097 638.7499809265137 -1.179283142089815
0 0.0151 574.3924140930176 96.8368263244629 638.7499809265137 146.74702835083008
0 0.0150 306.4827346801758 196.79473114013672 363.63292694091797 217.27706146240237
0 0.0149 88.92887115478516 55.432674407959 141.3962173461914 78.65529251098636
0 0.0148 478.4130859375 5.762559890747099 531.8623352050781 28.3245487213135
0 0.0143 598.5732269287109 -54.33812427520749 638.75 -31.574490547180144
0 0.0142 608.9785575866699 514.6484489440918 638.7500190734863 530.7500190734863
0 0.0141 608.6605072021484 5.18529129028323 638.75 28.842899322509794
0 0.0137 289.41393852233887 55.08174133300783 340.9641742706299 79.00340270996097
0 0.0133 57.41304159164429 -103.67847728729244 112.77752161026001 -82.24194574356076
0 0.0131 598.7155151367188 -94.42916202545163 638.75 -71.48326206207271
0 0.0130 574.3924140930176 36.83682632446291 638.7499809265137 86.7470283508301
0 0.0126 416.76055908203125 216.65396881103518 473.37799072265625 237.41965484619143
0 0.0125 609.6251678466797 484.48100280761713 638.75 509.54364013671875
0 0.0123 208.68820190429688 5.587169647216825 261.61388397216797 28.50018692016604
0 0.0118 89.10231590270996 85.31663131713869 141.24001502990723 108.77137374877931
0 0.0111 477.8761672973633 -23.92465400695798 532.3517990112305 -1.9913082122802441
0 0.0105 0.7833766937255859 44.79057025909427 28.811235427856445 89.45280742645265
0 0.0104 609.5483589172363 214.53952026367188 638.7499809265137 239.48542785644534
0 0.0100 609.4278717041016 354.6399612426758 638.75 379.3866653442383
