0 0.1489 166.21029615402222 297.50335216522217 206.08172059059146 335.09403467178345
0 0.1265 210.2591419219971 309.8011612892151 240.2954125404358 338.59050273895264
0 0.1196 163.38280081748965 263.1112337112427 193.40536236763003 291.5443181991577
0 0.1073 194.58621978759768 271.26315236091614 224.67732667922976 299.0436851978302
0 0.1054 132.13366508483887 286.36032342910767 162.17124700546267 315.15610218048096
0 0.0962 132.13749468326571 255.21329045295715 162.15770184993747 283.8108241558075
0 0.0903 186.78888916969302 341.45471453666687 216.8587172031403 369.46770548820496
0 0.0852 163.27381372451782 232.46189951896667 193.47378849983215 259.7407400608063
0 0.0850 132.13388860225677 317.750483751297 162.15847671031955 346.2764322757721
0 0.0816 241.47927999496463 318.0411159992218 271.5407037734986 346.0080921649933
0 0.0681 194.40803170204165 240.63798785209656 224.82046723365784 267.2194540500641
0 0.0626 225.80227494239807 279.226690530777 255.95179438591003 306.7171275615692
0 0.0615 272.62586593627935 318.4743821620941 302.8677725791931 345.6093370914459
0 0.0592 132.02835857868195 224.6285006403923 162.22058475017548 251.94747000932693
0 0.0574 217.997761964798 349.4861125946045 248.1351816654206 377.07847356796265
0 0.0566 155.43128788471225 349.7191071510315 185.68878114223483 376.8642544746399
0 0.0542 269.1899561882019 267.1685814857483 337.82106876373297 302.9135465621948
0 0.0502 104.49767351150514 274.24681186676025 126.7833137512207 311.5900158882141
0 0.0457 264.730396270752 240.60985445976257 295.12447357177734 267.24520325660706
0 0.0428 303.87437582015997 318.4743821620941 334.1194415092468 345.6093370914459
0 0.0413 225.57810187339786 248.66106361150742 256.14056229591375 274.83902126550674
0 0.0385 104.53641653060913 235.4026511311531 126.73640489578248 272.3419591784477
0 0.0374 104.52698409557345 313.4758472442627 126.74783408641817 350.51119327545166
0 0.0361 253.08269500732425 345.19100189208984 291.4202237129212 365.7885193824768
0 0.0361 166.99401527643204 212.57056295871735 205.60404151678085 232.79310762882233
0 0.0355 124.08539891242981 350.0140309333801 154.51932191848755 376.59353017807007
0 0.0301 295.80587387084967 241.055428981781 326.5286111831665 266.83729887008667
0 0.0272 205.71139693260196 220.72423994541168 244.9605190753937 240.27438461780548
0 0.0258 186.45590782165527 373.79688024520874 217.13233232498172 399.7148275375366
0 0.0254 -60.000000000000014 0.0 439.02343750000006 265.2232050895691
0 0.0253 127.91860342025758 204.76940274238586 166.5529036521912 224.96941685676575
0 0.0253 291.88072919845587 345.4952836036682 330.7007575035096 365.4964566230774
0 0.0223 330.697866678238 251.98954343795776 369.97160553932196 271.5097665786743
0 0.0222 81.1188393831253 274.5946943759918 103.27486932277681 311.29810214042664
0 0.0213 245.33459782600406 220.10573744773865 283.5564339160919 240.8696413040161
0 0.0212 2.1536970138549822 478.88657450675964 42.21658647060395 497.7417290210724
0 0.0206 342.82928943634033 271.9331085681915 373.27200412750244 298.42808842658997
0 0.0204 283.8346683979035 220.72753310203552 323.0866515636444 240.27135968208313
0 0.0200 335.13713121414185 302.8164803981781 365.35811662673956 330.01455664634705
0 0.0200 1.810605227947235 447.89472222328186 42.520711719989784 466.2364423274994
0 0.0197 330.3654515743256 228.829488158226 370.2627146244049 247.79947102069855
0 0.0195 92.74542570114136 209.64808762073517 123.34606289863586 235.73119938373566
0 0.0195 143.1124979257584 377.05305218696594 182.54809319972992 396.44625782966614
0 0.0182 45.19635677337647 472.50282764434814 132.62543320655823 499.0234375
0 0.0177 249.02862548828128 365.811824798584 279.56694602966314 392.06016063690186
0 0.0171 81.153484582901 235.78199744224548 103.23322057723999 272.0353305339813
0 0.0171 -36.81804746389389 471.01280093193054 3.0719214677810696 489.9909794330597
0 0.0168 243.9945960044861 389.51025903224945 439.02343750000006 499.0234524011612
0 0.0163 81.13998413085939 313.8101100921631 103.2494330406189 350.23796558380127
0 0.0158 92.68585085868837 350.4043221473694 123.40057134628297 376.2362003326416
0 0.0157 135.02916932106018 478.83620858192444 174.9736988544464 497.7913200855255
0 0.0154 170.82303255796432 186.32885813713074 201.51312142610553 212.18553185462952
0 0.0153 -59.435760080814354 361.08294129371643 -37.434538304805756 396.8018591403961
0 0.0151 336.69716358184814 175.10658502578735 379.4109845161438 192.14636087417603
0 0.0150 329.7742927074433 205.81817626953125 370.7903349399567 223.93834590911865
0 0.0150 334.94767785072327 334.6042037010193 365.5211651325226 360.77141761779785
0 0.0149 -45.05654186010361 447.88849353790283 -4.361157715320582 466.24255180358887
0 0.0149 280.1653468608856 366.0890758037567 310.91788649559027 391.80657267570496
0 0.0143 1.8921965360641515 424.4006276130676 42.4475246667862 442.8553581237793
0 0.0143 139.55673813819885 178.55222523212433 170.27795553207397 204.34026420116425
0 0.0140 217.74253487586975 381.5261423587799 248.34904313087466 407.6034128665924
0 0.0138 -60.0 397.30480313301086 -32.84204140305519 423.0879247188568
0 0.0133 -60.0 423.9695072174072 -28.350857496261597 443.2809352874756
0 0.0132 108.20514202117923 178.77787351608276 139.12034273147586 204.13419604301453
0 0.0132 48.71458426117898 447.8749930858612 89.36965331435205 466.25617146492004
0 0.0131 252.4213516712189 197.42543995380402 291.98011994361883 216.70038998126984
0 0.0130 205.53726196289065 197.44043052196503 245.11158704757693 216.68650209903717
0 0.0127 181.85776710510257 478.8731038570404 221.88955783843997 497.7549612522125
0 0.0125 111.64799571037294 150.6778448820114 151.4841938018799 169.70063745975494
0 0.0124 119.21873927116394 447.7357864379883 159.51135993003848 466.3943648338318
0 0.0123 -60.0 337.8208577632904 -28.555353581905365 357.5499355792999
0 0.0122 -13.718028962612152 369.70055103302 26.80976182222367 388.180136680603
0 0.0119 150.82603186368942 150.58550238609314 190.44483691453934 169.7918176651001
0 0.0118 103.83667290210724 377.23398208618164 143.67176830768588 396.2687849998474
0 0.0117 366.3430237770081 302.96018719673157 396.6444754600526 329.88253235816956
0 0.0112 -60.0 314.4128620624542 -28.52969378232956 334.08382534980774
0 0.0111 61.33682146668435 210.01248061656952 92.23934873938562 235.39824783802032
0 0.0110 336.49960398674017 151.77598595619202 379.5920932292939 168.60035061836243
0 0.0108 -5.930793881416321 400.9701907634735 34.644486904144294 419.4107949733734
0 0.0107 127.16238439083101 424.2008328437805 167.20713913440704 443.05354356765747
0 0.0107 173.84222388267517 127.47406959533691 214.25506711006165 146.0319459438324
0 0.0105 72.4111670255661 143.00046861171722 112.57590591907501 161.7545634508133
0 0.0105 -60.00000000000001 134.6215158700943 -28.617767095565796 154.4969230890274
0 0.0104 111.40407860279083 127.4271011352539 151.70030534267428 146.07834815979004
0 0.0103 -60.00000000000001 486.4960312843323 -35.30858963727951 499.0234375
0 0.0102 189.58837032318115 158.63604843616486 229.77197408676147 177.36946046352386
0 0.0100 57.74934828281403 267.3167288303375 79.75585997104646 303.06491255760193
0 0.0100 76.82903349399568 163.413405418396 107.98637807369234 188.27176094055176
