0 0.0350 515.6724166870117 -41.34363555908202 574.3853378295898 -21.59481430053709
0 0.0254 0.0 193.38586425781247 638.75 532.25
0 0.0248 515.62255859375 -61.323222160339334 574.4319915771484 -41.616028785705545
0 0.0240 515.8576965332031 -21.425098419189435 574.2133331298828 -1.511157989501939
0 0.0237 107.20032215118408 57.93593978881837 162.97221660614014 79.14229965209961
0 0.0237 587.4205780029297 -42.18267822265623 638.75 -20.737718582153306
0 0.0229 0.0 -106.49999999999999 510.9122848510742 175.01496887207034
0 0.0198 456.4965057373047 -41.71131515502928 513.6200714111328 -21.216663360595685
0 0.0176 96.83883666992188 88.11809158325197 153.30514907836914 108.95667648315431
0 0.0156 456.2582015991211 -61.601776123046854 513.8409805297852 -41.32913017272948
0 0.0151 97.47964859008789 27.789779663085948 152.71554946899414 49.290901184082045
0 0.0140 515.841064453125 -81.41941928863524 574.2292022705078 -61.51730442047117
0 0.0139 436.42189025878906 78.32202529907228 493.6894989013672 98.7488899230957
0 0.0139 167.4622344970703 57.799411773681655 222.73143768310547 79.28119277954103
0 0.0137 608.2599639892578 -13.068088531494125 638.75 10.093799591064466
0 0.0134 597.9006195068359 -72.44631671905515 638.75 -50.47065639495848
0 0.0130 96.82073593139648 118.12827682495119 153.32155227661133 138.94652938842773
0 0.0129 505.9861755371094 -1.4798202514648284 564.0935516357422 18.545490264892592
0 0.0115 516.5117263793945 -101.73115396499631 573.6090469360352 -81.19864845275876
0 0.0114 397.8011703491211 -42.37903022766112 452.41954803466797 -20.536893844604474
0 0.0108 436.34132385253906 58.353515625000014 493.76556396484375 78.71553039550783
0 0.0107 96.73091888427734 218.16846466064453 153.40532302856445 238.90485382080078
0 0.0107 0.0 -103.5153498649597 40.82808017730713 -79.39839982986449
0 0.0107 157.45655059814453 87.80210113525392 212.7367401123047 109.2783889770508
0 0.0105 447.2166061401367 -12.066387176513658 502.95581817626953 9.145694732666028
0 0.0102 47.38776206970215 57.8423080444336 102.79902458190918 79.23818206787111
0 0.0101 598.3239555358887 -102.68903160095212 638.7500190734863 -80.22503757476804
