0 0.2682 311.2858235836029 -11.659353405237185 456.28830790519714 48.835345178842545
0 0.2314 139.4108235836029 -11.659353405237185 284.41330790519714 48.835345178842545
0 0.1318 336.50410175323486 49.889077067375176 499.0234375 127.38930118083952
0 0.1283 117.37063899636269 -26.42772476375102 156.4396284520626 -6.700841143727292
0 0.1228 186.2858235836029 50.84065032005311 331.28830790519714 111.33534145355225
0 0.1057 156.44153952598572 -34.24856382608412 195.49500942230225 -14.50525540113448
0 0.1049 101.47259011864662 -2.7520613670349023 141.05239138007164 16.50311481952668
0 0.1007 289.47779536247253 -26.670937791466702 328.1194269657135 -6.465942963957778
0 0.0921 397.73690700531006 -33.53325593471526 438.4678602218628 -15.21032619476317
0 0.0887 327.78847217559814 -33.801521539688096 367.8315281867981 -14.94430321455001
0 0.0837 195.64808905124664 -34.39718055725097 234.4360500574112 -14.361593306064597
0 0.0752 289.50977325439453 -4.005457639694203 311.76865100860596 33.22470617294312
0 0.0728 77.9375433921814 -26.110123276710496 117.70066618919373 -7.0126609802246
0 0.0709 437.54082918167114 -26.302653729915605 476.87602043151855 -6.823513090610493
0 0.0697 459.849014878273 -7.20431599020957 499.0234225988388 44.496924251317985
0 0.0635 234.89686846733093 -34.60879939794539 273.3445465564728 -14.158319115638724
0 0.0603 101.13056004047394 20.95844280719758 141.35360717773438 39.6714700460434
0 0.0434 117.13119968771935 -49.64726361632346 156.64634481072426 -30.351086884737
0 0.0428 88.33010494709015 45.83920967578888 178.27461659908295 84.62815415859222
0 0.0419 180.25410175323486 112.38909196853638 352.76663303375244 189.88928627967834
0 0.0406 476.3353019952774 -26.43498349189757 499.0234225988388 -6.734888434410085
0 0.0406 61.834750697016716 5.50210905075074 102.49924845993519 23.878861784935005
0 0.0335 389.4108533859253 128.96565032005307 499.0234375 189.46034145355225
0 0.0319 78.02313566207886 -49.61532670259474 117.62499809265137 -30.38321006298064
0 0.0315 197.70511239767075 -79.1608052253723 287.64960914850235 -40.371838390827165
0 0.0296 61.90069019794464 28.893624067306522 102.44014859199524 47.362212657928474
0 0.0295 288.6662781238556 -49.375008225440965 328.820675611496 -30.619520127773274
0 0.0262 29.889583587646484 -25.305311560630788 71.87819480895996 -7.815386533737174
0 0.0249 117.54259467124939 83.73761606216429 187.53358721733093 117.30540227890013
0 0.0236 446.3045001029968 -52.586506485939005 499.0234375 -27.457404315471635
0 0.0229 0.0 195.92567217350006 399.1504907608032 416.0234225988388
0 0.0216 29.88271601498127 -48.73989465832709 71.88470475375652 -31.255997151136384
0 0.0202 21.994752809405327 -72.1311004757881 64.14051540195942 -54.73991799354552
0 0.0197 353.95511984825134 -79.1608052253723 443.89960169792175 -40.371838390827165
0 0.0196 155.6599885225296 -57.04737398028372 196.18116319179535 -38.57137951254843
0 0.0193 14.37598466873169 -1.9295098185539143 56.150756776332855 15.68507832288743
0 0.0173 89.3348753452301 -82.99999999999999 177.24162340164185 -55.85608202219007
0 0.0171 46.02798819541931 52.50037145614624 87.03762292861938 70.63073348999025
0 0.0164 0.0 -52.4514414295554 27.33771875500679 -27.493071176111687
0 0.0163 449.4261145591736 -82.99999999999999 499.0234375 -55.75399416685103
0 0.0142 352.14102268218994 129.3892903327942 390.4849886894226 149.96618461608887
0 0.0142 14.634095132350922 21.346081614494327 55.91706186532974 39.28514254093171
0 0.0137 475.76795518398285 403.4413738250733 499.0234524011612 416.0234375
0 0.0115 288.4649336338043 -80.48023971915244 329.0005624294281 -62.01359200477599
0 0.0114 77.72081345319748 83.43773019313811 117.89143830537796 102.1920038461685
0 0.0113 448.74407351017 280.15375566482544 499.0234225988388 319.14610099792486
0 0.0112 448.74407351017 202.0287556648254 499.0234225988388 241.0211009979248
0 0.0112 0.598907470703125 -82.99999999999999 22.52424880862236 -53.63504904508589
0 0.0110 476.2425571680069 379.89861202239985 499.0234225988388 399.4334979057312
0 0.0109 351.0228097438812 152.91372370719907 391.2403881549835 188.74851298332212
0 0.0100 152.86530554294586 118.52020454406738 183.2408756017685 145.20761799812314
