0 0.2522 104.26490783691406 45.72731018066406 165.69746017456055 64.31594848632811
0 0.2414 104.72117900848389 65.55296421051025 165.27058124542236 84.49685573577881
0 0.2186 94.13814544677734 25.775241851806637 155.81600189208984 44.26630020141601
0 0.2038 457.4258804321289 104.3216323852539 512.7641677856445 125.75908660888673
0 0.1985 115.2662706375122 85.3316879272461 174.7624158859253 104.72522735595702
0 0.1892 166.35114669799805 44.844036102294915 223.75764846801758 65.2243423461914
0 0.1831 45.24904251098633 45.338811874389656 104.77849006652832 64.71787452697754
0 0.1789 155.3908109664917 25.272169113159176 214.64836597442627 44.78510856628417
0 0.1721 45.67451477050781 65.15941619873047 104.38241004943848 84.90280151367186
0 0.1696 95.04501342773438 145.421142578125 154.96898651123047 164.63264465332028
0 0.1658 105.51565170288086 105.2244758605957 164.5309066772461 124.83522415161131
0 0.1641 95.21316528320312 125.34963607788085 154.81292724609375 144.7059059143066
0 0.1553 56.36857986450195 84.84832763671874 113.73849868774414 105.22220611572266
0 0.1552 457.3020935058594 134.383544921875 512.8785705566406 155.69564819335938
0 0.1551 84.57189559936523 5.608034133911133 145.41088104248047 24.439172744750977
0 0.1488 35.38494348526001 25.28034210205078 94.65238332748413 44.77781295776367
0 0.1480 95.40348052978516 165.27442932128906 154.6346664428711 184.78427886962888
0 0.1472 457.5218963623047 74.2695379257202 512.6762390136719 95.81182956695557
0 0.1114 25.929336547851562 5.043821334838868 84.14669036865234 25.02089500427246
0 0.1112 106.07833862304688 184.98126983642578 164.0074348449707 205.08590698242188
0 0.1063 144.91403579711914 5.4686546325683585 205.09252548217773 24.582481384277344
0 0.1061 177.01419830322266 74.52428340911865 233.14502716064453 95.55120944976805
0 0.0975 397.9656219482422 114.02835845947264 452.269287109375 136.0567855834961
0 0.0934 36.78388595581055 104.64754104614258 93.35526466369629 125.42707443237305
0 0.0893 75.39837837219238 -14.727478027343748 134.64041709899902 4.785442352294922
0 0.0858 467.14576721191406 164.46655273437497 523.0217742919922 185.61157226562497
0 0.0833 7.223296165466309 -15.570852756500244 62.94990539550781 5.650064945220946
0 0.0815 156.25503540039062 124.89391326904295 213.84532928466797 145.17421722412107
0 0.0802 397.8838348388672 84.0694808959961 452.3451232910156 106.01436614990234
0 0.0792 0.0 53.73579978942872 41.81213855743408 76.35239601135254
0 0.0791 36.6979193687439 134.68965530395505 93.43456506729126 155.38412094116208
0 0.0770 166.5357208251953 104.76001739501953 223.58619689941406 125.31085968017578
0 0.0696 398.5367202758789 143.69110107421875 451.74915313720703 166.3970947265625
0 0.0695 36.9898796081543 164.5458984375 93.16522598266602 185.53081512451172
0 0.0670 517.1829223632812 104.44498062133789 572.9882049560547 125.63310623168944
0 0.0631 0.0 83.63590240478516 41.66856288909912 106.45259857177733
0 0.0625 156.65800094604492 154.70529556274414 213.47230911254883 175.36748886108398
0 0.0601 517.2879028320312 134.39081192016602 572.8916168212891 155.6882286071777
0 0.0585 0.0 -46.06404781341552 52.121992111206055 -23.84976863861084
0 0.0565 587.3510551452637 214.35657501220703 638.7500190734863 235.72284698486328
0 0.0548 127.06914901733398 204.50803756713864 183.09173583984375 225.56978225708008
0 0.0546 496.6135025024414 184.7295379638672 553.5127639770508 205.34320831298828
0 0.0524 47.780301570892334 194.13103103637695 102.43898630142212 215.95266342163086
0 0.0492 486.859130859375 214.61330413818357 543.2852172851562 235.46249389648435
0 0.0485 587.2537231445312 184.4077491760254 638.75 205.67087173461914
0 0.0478 56.10936164855957 -35.03591537475586 113.97944450378418 -14.89706039428711
0 0.0468 517.2713088989258 74.39722537994385 572.9073715209961 95.68135738372801
0 0.0454 408.18634033203125 53.89684677124023 462.06886291503906 76.18902206420897
0 0.0453 408.34938049316406 173.80475997924802 461.9194030761719 196.28259658813477
0 0.0444 135.2813720703125 -14.681777954101562 194.75017547607422 4.73769187927246
0 0.0407 0.0 -76.24275922775267 51.850571632385254 -53.66976022720336
0 0.0393 526.8962478637695 164.58702087402344 583.2528305053711 185.4879379272461
0 0.0391 608.2609748840332 243.43257904052737 638.7499809265137 266.5932846069336
0 0.0379 597.3469352722168 154.35428619384766 638.7500190734863 175.7244110107422
0 0.0372 7.46607780456543 224.30073738098142 62.72714614868164 245.7803630828857
0 0.0363 87.94193267822266 224.03895378112793 142.29156494140625 246.04565620422363
0 0.0362 78.06586265563965 263.96846771240234 132.17833518981934 286.11690521240234
0 0.0350 0.0 23.258981704711914 31.83670997619629 46.76844596862792
0 0.0344 7.644548416137695 254.20883178710935 62.562546730041504 275.87432861328125
0 0.0343 0.0 109.91783142089845 35.400352478027344 140.30780792236328
0 0.0342 0.0 183.61000061035156 41.63331985473633 206.47846221923828
0 0.0338 608.2000541687012 73.46596240997314 638.7500190734863 96.55906200408934
0 0.0312 0.0 139.87478256225586 35.377371311187744 170.34681320190427
0 0.0299 597.5852966308594 124.22891616821288 638.75 145.85199356079102
0 0.0293 477.6164245605469 244.2207336425781 532.589111328125 265.86174011230463
0 0.0293 467.7821350097656 44.12611961364746 522.4382019042969 65.95700263977051
0 0.0283 167.16028213500977 184.4562530517578 223.00909042358398 205.62156677246094
0 0.0272 427.59220123291016 204.23557281494138 482.6108932495117 225.84693908691403
0 0.0258 56.28990173339844 -55.11992335319519 113.81250381469727 -34.81118321418762
0 0.0255 354.94434356689453 109.54954147338866 395.2053451538086 140.64191818237305
0 0.0254 0.0 219.8858642578125 638.75 558.75
0 0.0250 8.352742195129395 283.8028717041015 61.91632270812988 306.2845611572265
0 0.0249 608.4336853027344 43.32535743713379 638.75 66.70132637023924
0 0.0246 439.08042907714844 323.3335876464844 491.2592315673828 346.75476074218744
0 0.0245 537.5614929199219 234.25102233886713 592.6393127441406 255.831069946289
0 0.0229 0.0 -79.99999999999999 510.9122848510742 201.51496887207028
0 0.0222 338.72692108154297 83.56813430786131 391.57764434814453 106.52013778686523
0 0.0213 368.9046096801758 203.44158172607422 421.41963958740234 226.64535522460938
0 0.0213 89.35940742492676 293.13446044921875 141.01008415222168 316.9527435302734
0 0.0210 115.84438800811768 -34.92083549499511 174.22610759735107 -15.015840530395506
0 0.0208 389.88304138183594 302.730598449707 440.5463409423828 327.3523330688476
0 0.0198 365.27599334716797 168.88914108276367 404.89871978759766 201.2430381774902
0 0.0197 398.6482238769531 263.61858367919916 451.6487121582031 286.4695358276367
0 0.0190 395.4230499267578 328.57093811035156 434.7642517089844 361.5335083007812
0 0.0189 207.39517211914062 4.3352222442626935 262.79293060302734 25.74484825134277
0 0.0188 418.21495056152344 233.88427734374997 472.04185485839844 256.202392578125
0 0.0188 348.64463806152344 53.61893653869629 401.65245056152344 76.46891593933105
0 0.0187 448.36524963378906 293.794937133789 501.9050598144531 316.29249572753906
0 0.0187 608.6589241027832 273.1867980957031 638.7499809265137 296.84143066406244
0 0.0181 8.753623962402344 313.5523223876953 61.55323028564453 336.5361785888672
0 0.0179 340.05516052246094 142.5786018371582 390.39710998535156 167.50097274780273
0 0.0179 608.7190437316895 13.144788742065428 638.7499809265137 36.883249282836914
0 0.0172 138.40410232543945 243.77006530761716 191.87002182006836 266.3172912597656
0 0.0169 76.8601131439209 -75.3974723815918 133.28673362731934 -54.52831745147706
0 0.0168 358.3860397338867 233.77758026123047 411.88724517822266 256.30924224853516
0 0.0167 340.00965118408203 302.6160430908203 390.43712615966797 327.4640655517578
0 0.0167 498.38451385498047 313.78265380859375 551.8877029418945 336.30470275878906
0 0.0164 388.2001495361328 23.88875007629394 442.0562744140625 46.19719505310058
0 0.0163 489.3046569824219 343.17535400390625 541.0586547851562 366.9122314453125
0 0.0162 355.5332946777344 328.3018112182617 394.6659851074219 361.77967071533203
0 0.0162 18.977046012878418 343.4034347534179 71.352219581604 366.6849136352539
0 0.0148 608.9578056335449 -17.013978958129883 638.7500190734863 7.04258918762207
0 0.0146 325.1233673095703 179.19422149658203 365.0401306152344 210.96508026123047
0 0.0145 338.9384460449219 273.4270858764648 391.3874053955078 296.6609573364258
0 0.0145 609.1677093505859 342.83931732177734 638.75 367.18921661376953
0 0.0143 139.37965869903564 273.11973571777344 190.9920072555542 296.96739196777344
0 0.0137 608.875732421875 313.04389953613276 638.75 336.98493957519526
0 0.0134 439.5322036743164 353.00743103027344 490.8561325073242 377.0789337158203
0 0.0127 308.56493949890137 213.66218566894528 361.7260456085205 236.42448425292966
0 0.0126 69.41399574279785 323.0907440185547 120.96220970153809 346.99562072753906
0 0.0125 609.0153312683105 542.6196289062499 638.7500190734863 558.75
0 0.0123 608.9593505859375 -67.01374053955078 638.75 -42.957472801208496
0 0.0121 497.9092788696289 274.0528106689453 552.3224258422852 296.03088378906244
0 0.0114 329.10709381103516 23.3126163482666 381.23584747314453 46.77529335021973
0 0.0109 315.11409759521484 109.2258834838867 355.0473403930664 140.9362030029297
0 0.0109 380.2497863769531 362.3995590209961 430.22926330566406 387.67574310302734
0 0.0108 310.68653106689453 311.8704986572265 338.92635345458984 358.14910888671875
0 0.0105 527.8192901611328 44.10317420959472 582.4047088623047 65.97987174987793
0 0.0104 609.3052673339844 372.7355575561523 638.75 397.2921371459961
0 0.0102 228.0792236328125 33.95910263061523 282.16651916503906 56.12613677978515
0 0.0102 580.87646484375 73.96903991699219 608.7024688720703 116.610107421875
0 0.0100 145.3310203552246 298.7739944458007 184.84807968139648 331.3480758666992
