0 0.2995 57.08010494709015 175.71420967578888 147.02461659908295 214.50315415859222
0 0.2531 41.45510494709015 128.83920967578888 131.39961659908295 167.62815415859222
0 0.2392 57.08010494709015 222.58920222520828 147.02461659908295 261.3781616091728
0 0.1617 69.95874643325806 266.1169171333313 109.8622977733612 304.0004372596741
0 0.1266 57.165831327438354 98.5172837972641 107.43701457977294 127.91545689105988
0 0.1177 15.27874916791916 164.59564864635468 55.15248328447341 202.38350331783295
0 0.1051 47.23644629120826 258.33043456077576 69.68575343489647 296.237975358963
0 0.1034 12.430623173713686 130.03234565258026 42.508259415626526 158.9783877134323
0 0.1017 109.6978336572647 266.0325765609741 132.23306834697723 304.16589975357056
0 0.0934 31.60743415355682 203.6323845386505 54.06568944454193 241.5618598461151
0 0.0925 51.44687369465828 302.50656604766846 81.56917616724968 330.29985427856445
0 0.0906 82.74886012077332 309.83081459999084 112.80441284179686 338.56311440467834
0 0.0892 20.253457129001617 99.09901022911072 50.280772149562836 127.43538618087769
0 0.0704 14.657631516456602 432.45550990104675 55.89589476585388 450.4257142543793
0 0.0682 132.55924731492996 128.59493494033813 203.7498876452446 160.39827466011047
0 0.0659 114.00221288204193 309.99574065208435 144.03586089611053 338.4105861186981
0 0.0643 7.179506123065945 408.79175066947937 47.78292030096054 427.214115858078
0 0.0635 19.895344972610474 303.48333716392517 50.56773126125336 329.40325140953064
0 0.0612 54.0548674762249 447.85475730895996 94.65743973851204 466.27622842788696
0 0.0611 39.4427515566349 329.79854941368103 78.14988121390343 349.94015097618103
0 0.0598 7.169984281063082 455.6766450405121 47.7907583117485 474.0796983242035
0 0.0568 -0.48389844596385956 385.24699211120605 39.83731381595135 403.8832187652588
0 0.0561 23.89388531446457 243.12172085046768 46.13267630338668 280.2348956465721
0 0.0556 54.101590067148216 416.5683388710022 94.61634978652 435.0619912147522
0 0.0524 0.09708851575851354 330.0873041152954 39.32671993970871 349.66081380844116
0 0.0523 109.88050699234007 103.09558361768723 148.35840463638306 123.51279705762863
0 0.0521 59.16522443294525 68.5497373342514 89.44936096668243 95.5401062965393
0 0.0501 19.779741764068604 350.6225645542145 50.67220330238342 376.0368525981903
0 0.0476 46.52194306254387 392.96096563339233 86.59617975354195 411.7933511734009
0 0.0473 -11.09565608203411 99.60800781846046 19.09638755023479 126.96632370352745
0 0.0473 148.1805518269539 159.85053777694702 219.37888115644455 191.6431486606598
0 0.0471 8.073173463344574 283.0331325531006 47.00358957052231 302.95777320861816
0 0.0471 46.83205485343933 470.8377718925476 86.32290363311768 490.1632070541382
0 0.0468 133.23625922203064 258.57850909233093 155.54726123809814 296.00605368614197
0 0.0462 82.53927528858185 342.16296672821045 112.94199526309967 368.8163757324219
0 0.0456 8.28273594379425 204.14797961711884 30.490964651107785 241.09913408756256
0 0.0449 -7.349729537963868 157.23316371440887 14.875009655952454 194.25837695598602
0 0.0444 51.063477993011475 350.54677724838257 81.89165592193604 376.1060833930969
0 0.0417 7.499612867832184 478.8600206375122 47.49966412782669 497.7679252624512
0 0.0415 27.913644909858707 68.55794042348862 58.200374245643616 95.53257375955582
0 0.0404 -11.665523052215576 351.0146737098694 19.602879881858822 375.679612159729
0 0.0398 113.82454633712769 342.05931425094604 144.16193962097168 368.9115047454834
0 0.0392 94.21108663082121 79.7206163406372 132.76787102222443 100.01623630523682
0 0.0382 -19.684866070747375 429.5239746570587 11.983469128608702 453.45553755760193
0 0.0362 145.20397782325742 200.94043016433716 175.31144618988037 228.7406623363495
0 0.0342 -40.03865271806717 455.898642539978 1.2163296341896048 473.8575220108032
0 0.0340 90.13597667217255 467.71883964538574 120.94439566135406 493.3076500892639
0 0.0329 93.1306779384613 432.2200417518616 133.70808959007263 450.6608247756958
0 0.0327 -11.691883206367491 304.1938841342926 19.62703466415405 328.75528931617737
0 0.0321 147.9850485920906 103.97758334875107 188.2460042834282 122.65298515558243
0 0.0318 202.43683457374573 127.58007645606995 243.1448996067047 145.9258794784546
0 0.0303 -26.851534843444824 131.25881552696228 3.5816952586173993 157.8483283519745
0 0.0289 -40.29396176338196 409.18099880218506 1.4481544494628888 426.82409286499023
0 0.0288 86.08119189739227 369.10560727119446 125.2242773771286 388.7663185596466
0 0.0288 163.6168658733368 416.469931602478 203.86552810668945 435.16021966934204
0 0.0282 -39.5192950963974 478.97160053253174 0.7518231868743896 497.6577162742615
0 0.0282 -3.3803805708885184 68.68897378444672 26.98778361082077 95.41231393814087
0 0.0268 93.32318603992461 408.6420238018036 133.53656232357025 427.3628294467926
0 0.0267 152.9863327741623 232.36218094825745 183.14222991466522 259.8324716091156
0 0.0260 202.68115401268005 424.28040504455566 242.92656779289246 442.97468662261963
0 0.0258 171.19291424751282 447.888046503067 211.88947558403015 466.24287962913513
0 0.0256 280.6786000728607 432.18615651130676 321.1652338504791 450.69459080696106
0 0.0255 124.58309531211853 385.19904017448425 164.77736830711365 403.93105149269104
0 0.0255 187.20662593841553 478.8437783718109 227.17010974884033 497.7838099002838
0 0.0253 145.01357078552246 318.8139498233795 175.46260356903073 345.2977240085602
0 0.0252 179.7504425048828 190.62447547912598 250.3170371055603 223.3297824859619
0 0.0247 202.4868130683899 400.98676085472107 243.09927225112915 419.3946421146393
0 0.0246 248.95653128623962 401.2559950351715 290.33932089805603 419.1252887248993
0 0.0246 -62.5 432.1112632751465 -22.67981693148613 450.76924562454224
0 0.0235 285.40462255477905 467.81498193740845 316.29687547683716 493.21985244750977
0 0.0235 121.36928737163542 467.7562117576599 152.209535241127 493.2734966278076
0 0.0235 132.16425478458405 80.68273961544037 172.79545962810516 99.07388687133789
0 0.0232 218.10594201087952 447.86274433135986 258.7301433086395 466.26824140548706
0 0.0223 187.72351741790771 101.5089750289917 242.29747056961057 125.1206248998642
0 0.0223 234.12230610847473 478.8109362125397 274.00937676429743 497.81617522239685
0 0.0222 -62.5 381.86579942703247 -35.26969254016876 407.29302167892456
0 0.0217 228.95511984825134 144.46420967578888 318.89960169792175 183.25315415859222
0 0.0217 90.12193977832794 53.69018763303757 120.95688283443451 79.21422272920609
0 0.0216 136.73216104507446 437.03922629356384 168.0763065814972 461.5379273891449
0 0.0204 0.5603805184364319 243.88321489095688 22.570200264453888 279.6265259385109
0 0.0201 -61.96063756942749 103.06530818343163 -39.904773235321045 139.14892449975014
0 0.0201 152.51174569129944 467.9867625236511 183.55783820152283 493.06321144104004
0 0.0200 144.8231190443039 350.52528977394104 175.63287913799286 376.12566351890564
0 0.0194 246.06665968894956 421.4896261692047 277.48915553092957 445.8443820476532
0 0.0194 -35.514216870069504 382.99572467803955 -3.4486688673496255 406.2665104866028
0 0.0186 148.79336953163147 298.5870838165283 187.5428855419159 318.6541199684143
0 0.0184 -62.499999999999986 350.60352087020874 -35.27468629181384 376.05422735214233
0 0.0182 123.04411828517912 229.99204695224762 436.52345240116114 499.0234225988388
0 0.0180 123.86617064476012 57.566115632653236 165.42038321495056 75.31543634831905
0 0.0180 47.02153429388999 48.79645258188248 86.1581303179264 68.4511661529541
0 0.0177 167.88813471794126 390.33880829811096 199.4141340255737 414.5043194293976
0 0.0177 316.6781961917877 467.76434779167175 347.5252687931061 493.2660758495331
0 0.0176 241.90524220466614 119.47329342365265 281.8450629711151 138.40599358081818
0 0.0174 156.7678600549698 259.13575291633606 178.8709312677383 295.5387532711029
0 0.0161 240.83194136619568 378.00705432891846 282.81065821647644 395.4976797103882
0 0.0158 -62.5 76.76833122968674 -35.42208857834339 102.98030823469162
0 0.0158 178.99367213249207 338.52362632751465 219.71198916435242 356.85765743255615
0 0.0157 241.4952516555786 0.0 436.5234375 109.92405563592911
0 0.0155 184.02080982923505 225.21325945854187 214.57321196794507 251.41096115112305
0 0.0150 292.8978204727173 405.9443473815918 324.4052529335022 430.1469922065735
0 0.0149 -35.380035638809204 328.08366417884827 -3.5754889249801627 351.78229212760925
0 0.0146 -15.050776302814482 197.1428543329239 6.928764283657074 232.64987766742706
0 0.0143 186.60978227853775 369.90395188331604 227.7015671133995 387.97715306282043
0 0.0141 170.32280564308167 65.62388688325882 212.67691254615784 82.88007229566574
0 0.0139 -62.5 139.23178613185883 -35.43313592672348 165.5137687921524
0 0.0136 -62.499999999999986 0.0 38.646608591079705 54.593276232481
0 0.0132 -34.94156897068024 69.44452971220016 -3.984309732913971 94.721220433712
0 0.0132 413.2727384567261 486.43773794174194 436.52343749999994 499.0234375
0 0.0131 -61.892718076705926 455.25452494621277 -39.98563438653946 490.2348816394806
0 0.0125 319.8886215686798 447.70514965057373 360.09588837623596 466.4250612258911
0 0.0123 180.04348874092102 259.523868560791 218.7928855419159 279.59227561950684
0 0.0118 -62.499999999999986 319.3729817867279 -35.266879945993416 344.78649497032166
0 0.0116 215.2246832847595 225.32477974891663 245.86451053619385 251.30891799926758
0 0.0114 209.76245403289792 81.0263454914093 251.39588117599484 98.72967004776001
0 0.0113 225.50329566001892 354.3907403945923 266.91606640815735 372.24048376083374
0 0.0113 262.04177737236023 186.3984763622284 292.79157519340515 212.1219038963318
0 0.0112 -30.671790242195126 158.10173749923706 -8.701078593730927 193.56924295425415
0 0.0109 287.86078095436096 385.72949171066284 329.5452296733856 403.40131521224976
0 0.0108 413.7918949127197 462.856650352478 436.5234375 482.47474431991577
0 0.0101 226.72230005264282 251.90919637680054 265.8342123031616 271.58814668655396
0 0.0100 187.18010932207108 306.9964349269867 227.19215601682663 325.88234543800354
