0 0.0446 576.8339157104492 134.620246887207 633.3097457885742 155.45444488525388
0 0.0364 27.453079223632812 334.3088150024414 82.73880004882812 355.77236175537104
0 0.0354 587.1613311767578 104.45398330688475 638.75 125.62360763549803
0 0.0313 17.56359577178955 304.2499542236328 72.63737201690674 325.83221435546875
0 0.0309 397.3191833496094 204.3745994567871 452.86285400390625 225.70474624633786
0 0.0301 577.0936584472656 164.49298858642578 633.0697631835938 185.5846405029297
0 0.0287 607.9767036437988 73.59519958496094 638.7499809265137 96.42791748046874
0 0.0270 397.44873046875 174.30927276611328 452.74322509765625 195.77159881591797
0 0.0266 197.4127960205078 324.3296813964844 252.77587890625 345.7511138916015
0 0.0259 397.30751037597656 234.38336372375488 452.8730010986328 255.69628715515137
0 0.0254 0.0 219.8858642578125 638.75 558.75
0 0.0229 0.0 -79.99999999999999 510.9122848510742 201.51496887207028
0 0.0228 18.073301315307617 233.96430015563965 72.1715259552002 256.12114906311035
0 0.0216 27.879457473754883 364.0753555297851 82.34837532043457 386.00894927978516
0 0.0212 587.5503540039062 194.25287246704102 638.75 215.82853317260742
0 0.0205 87.61128425598145 334.22454833984375 142.59356498718262 355.8580017089844
0 0.0204 608.5246086120605 263.2706069946289 638.7500190734863 286.7568588256836
0 0.0202 0.0 273.5924530029297 51.612606048583984 296.49566650390625
0 0.0197 248.20682525634766 343.88622283935547 302.04986572265625 366.19998931884766
0 0.0197 456.85218811035156 204.6119689941406 513.2926940917969 225.46302795410156
0 0.0195 357.4392318725586 154.31198120117188 412.7524948120117 175.76847076416016
0 0.0191 588.1860160827637 223.89804840087888 638.7500190734863 246.1879730224609
0 0.0190 436.9255065917969 154.5785903930664 493.2244110107422 175.49758911132812
0 0.0184 608.4408760070801 293.32122802734375 638.7499809265137 316.7055511474609
0 0.0181 337.3395538330078 184.36536788940427 392.84385681152344 205.71435928344727
0 0.0179 608.0671501159668 43.54349136352539 638.7500190734863 66.4804458618164
0 0.0178 516.1786270141602 134.93131637573242 573.9155197143555 155.1363182067871
0 0.0175 526.3925552368164 114.82908248901367 583.7182998657227 135.24045944213867
0 0.0170 336.7344284057617 224.66796875 393.4017562866211 245.40554046630862
0 0.0169 547.2207260131836 84.4243049621582 602.9536819458008 105.65393447875977
0 0.0167 8.46257209777832 203.73184204101562 61.81751728057861 226.3554000854492
0 0.0160 147.83820629119873 344.0985107421875 202.38609790802002 365.9855651855469
0 0.0157 257.79260635375977 314.12319183349604 312.4279594421387 335.9604263305664
0 0.0156 516.5969848632812 154.73857879638672 573.5277557373047 175.33416748046875
0 0.0155 457.0562744140625 234.5127773284912 513.1040191650391 255.564661026001
0 0.0155 574.3924140930176 -55.16318321228027 638.7499809265137 -5.252971649169921
0 0.0152 608.3122062683105 323.4005355834961 638.7500190734863 346.6255569458007
0 0.0150 397.54199981689453 134.25920486450195 452.6577377319336 155.82239151000977
0 0.0146 156.88157558441162 304.6023559570312 213.2644510269165 325.4737091064453
0 0.0145 77.07160949707031 304.5052719116211 133.0898094177246 325.5723190307617
0 0.0140 357.3203659057617 254.37679290771487 412.8611373901367 275.70301055908203
0 0.0131 476.9858169555664 174.547061920166 533.1692123413086 195.52949905395508
0 0.0131 608.4248352050781 13.329038619995115 638.75 36.69734001159668
0 0.0128 0.7868432998657227 342.8224563598633 28.807106018066406 387.42870330810547
0 0.0127 296.84925079345703 204.6129035949707 353.2955551147461 225.46197891235352
0 0.0127 216.94068908691406 294.5681381225586 273.21109771728516 315.5077743530273
0 0.0126 417.5837707519531 264.2369842529297 472.61932373046875 285.84503173828125
0 0.0125 297.5245666503906 164.2634391784668 352.67486572265625 185.81724166870117
0 0.0118 8.660573959350586 173.61028671264648 61.637678146362305 196.4777946472168
0 0.0115 527.7994155883789 204.11869049072266 582.4219131469727 225.9648895263672
0 0.0114 608.9832305908203 542.6446533203125 638.75 558.7499999999999
0 0.0113 456.7184066772461 124.67912673950194 513.4157943725586 145.3947639465332
0 0.0113 266.6279602050781 224.7219467163086 323.49952697753906 245.3508377075195
0 0.0111 256.6655731201172 184.70056533813477 313.465576171875 205.3721046447754
0 0.0109 236.50964736938477 204.77943420410156 293.6086082458496 225.2922439575195
0 0.0109 67.26332664489746 214.40523147583008 122.91384696960449 235.67384719848633
0 0.0108 528.2021713256836 233.88724327087402 582.0544815063477 256.19866371154785
0 0.0106 57.07623481750488 264.5025253295898 113.08566093444824 285.57506561279297
0 0.0105 547.4145126342773 54.32521820068359 602.7751541137695 75.75504302978516
0 0.0103 486.47491455078125 94.79537963867188 543.6408996582031 115.27584075927734
0 0.0101 204.5639419555664 350.203857421875 245.56411743164062 380.0489044189453
