0 0.1650 437.7405548095703 97.65151596069337 492.4757385253906 119.43168258666992
0 0.1212 438.45947265625 127.23624801635744 491.81976318359375 149.85133743286133
0 0.0981 437.56160736083984 67.74583435058595 492.64041900634766 89.33549499511719
0 0.0869 378.78063201904297 97.03374481201173 431.52904510498047 120.05464172363283
0 0.0670 394.84912872314453 123.21853256225589 435.29491424560547 153.98852920532227
0 0.0624 494.6706771850586 93.52004623413086 535.4638290405273 123.7152442932129
0 0.0519 378.68831634521484 67.0921096801758 431.6127395629883 89.9959716796875
0 0.0464 499.0487289428711 66.8449172973633 551.2899398803711 90.24198150634767
0 0.0422 494.72564697265625 123.43120193481445 535.4114532470703 153.79569625854495
0 0.0383 418.92425537109375 156.93643188476562 471.4002227783203 180.151611328125
0 0.0349 438.0848693847656 37.45065784454347 492.1625518798828 59.633837699890144
0 0.0328 354.92591857910156 123.07832336425781 395.22308349609375 154.11580657958984
0 0.0273 335.0819778442383 82.78827285766602 375.0771713256836 114.37942123413086
0 0.0269 189.55215454101562 156.4886817932129 240.8391571044922 180.5970344543457
0 0.0260 358.7110137939453 157.0739326477051 411.593017578125 180.01365280151367
0 0.0254 0.0 193.38586425781247 638.75 532.25
0 0.0237 474.8348617553711 153.24220275878906 515.3084945678711 183.9670333862305
0 0.0232 205.34334182739258 32.247467994689956 244.8368263244629 64.87227535247803
0 0.0229 535.0983810424805 92.74102783203126 575.0635147094727 124.42247009277344
0 0.0229 0.0 -106.49999999999999 510.9122848510742 175.01496887207034
0 0.0226 259.74605560302734 36.33545970916749 310.66810607910156 60.74823474884033
0 0.0221 319.60628509521484 56.45028686523438 370.79051971435547 80.63539123535156
0 0.0218 378.82591247558594 37.00188732147218 431.4887237548828 60.08619403839113
0 0.0196 165.37860870361328 32.170134544372566 204.80464935302734 64.94289493560792
0 0.0193 219.70422744750977 66.37126541137697 270.7044792175293 90.71319198608398
0 0.0193 499.32178497314453 36.653328895568855 551.0454177856445 60.432845115661635
0 0.0183 255.37994384765625 -7.8384437561035005 294.8040008544922 24.95074844360353
0 0.0181 275.07904052734375 62.78749084472656 315.08056640625 94.38016510009766
0 0.0179 378.57261657714844 187.1642837524414 431.7176055908203 209.92337799072266
0 0.0176 200.10019302368164 6.038223266601575 250.3580665588379 31.040473937988292
0 0.0172 574.3924140930176 58.33682632446291 638.7499809265137 108.24702835083008
0 0.0171 574.3924140930176 -81.66318321228025 638.7499809265137 -31.75297164916991
0 0.0170 179.95380401611328 186.1681137084961 230.48500061035156 210.91340637207034
0 0.0161 309.8557662963867 26.246620178222663 360.5715560913086 50.83579635620118
0 0.0159 139.86461639404297 156.24435043334964 190.56278228759766 180.83861923217773
0 0.0159 240.73253631591797 145.7752571105957 268.87149810791016 191.33781051635742
0 0.0157 574.3924140930176 -21.663183212280256 638.7499809265137 28.24701881408693
0 0.0154 295.45660972595215 -8.012699127197251 334.734582901001 25.109973907470717
0 0.0153 105.55915832519531 211.73946952819824 144.64277267456055 245.33667182922363
0 0.0152 189.44141387939453 126.56852340698241 240.93822479248047 150.51745986938477
0 0.0152 209.72183227539062 96.35751342773438 260.6888961791992 120.72679138183592
0 0.0151 315.22430419921875 122.50316238403322 354.9456024169922 154.6390495300293
0 0.0150 125.53844928741455 31.79230785369874 164.66105937957764 65.2883348464966
0 0.0149 170.00415802001953 66.12290954589844 220.44147491455078 90.9575424194336
0 0.0147 388.97937774658203 216.90312957763672 441.3498306274414 240.18544769287107
0 0.0144 574.3924140930176 118.3368263244629 638.7499809265137 168.24702835083008
0 0.0143 75.52184820175171 31.830140113830584 114.67615365982056 65.25370693206787
0 0.0141 279.70364570617676 96.37204742431642 330.7049083709717 120.71244812011719
0 0.0137 408.71028900146484 7.0728836059570455 461.5939712524414 30.014492034912124
0 0.0134 145.3908348083496 212.14457130432126 184.79337692260742 244.96620750427246
0 0.0129 130.04709243774414 186.08504867553708 180.40422439575195 210.99460220336914
0 0.0128 155.4533576965332 -8.000339508056625 194.73699569702148 25.098644256591808
0 0.0128 185.3172492980957 212.3035488128662 224.8607063293457 244.8211154937744
0 0.0127 575.4707145690918 498.2563171386719 638.7500190734863 532.25
0 0.0127 609.0885162353516 346.39657592773443 638.75 370.63218688964844
0 0.0126 215.2584457397461 -27.567438125610334 254.91416931152344 4.703413009643568
0 0.0122 65.4782772064209 221.93181610107422 104.71549034118652 255.16072845458984
0 0.0116 95.45093536376953 152.00244522094727 134.73947525024414 185.09612655639648
0 0.0116 35.16801834106445 52.60804271697999 74.99848365783691 84.54351520538331
0 0.0114 260.2535820007324 -34.10989189147947 310.22714614868164 -8.815702438354476
0 0.0113 165.30122756958008 92.3388442993164 204.87524032592773 124.78890991210938
0 0.0111 235.39791107177734 192.12239837646484 274.78755950927734 224.98651123046875
0 0.0111 270.72498321533203 145.7002410888672 298.8804244995117 191.394287109375
0 0.0110 0.0 96.30345916748047 50.626220703125 120.78042602539061
0 0.0109 329.96177673339844 216.1629638671875 380.47767639160156 240.91867065429682
0 0.0109 299.95582580566406 156.1674461364746 350.48301696777344 180.91418838500977
0 0.0109 438.9358901977539 186.92689514160156 491.3901138305664 210.16091918945312
0 0.0108 339.7459411621094 -3.658946990966782 390.6671142578125 20.74336624145509
0 0.0107 535.0296401977539 132.8770980834961 575.127067565918 164.2986831665039
0 0.0106 80.72113990783691 65.67309951782228 108.88506889343262 111.41597366333008
0 0.0106 130.71194648742676 65.58656311035156 158.89599800109863 111.4817581176758
0 0.0104 9.65022087097168 16.414848327636733 60.751943588256836 40.67027664184571
0 0.0102 399.429931640625 246.58506011962888 450.9467315673828 270.50206756591797
0 0.0102 469.2493438720703 6.703840255737318 521.1103820800781 30.38242912292482
0 0.0102 115.46588897705078 -8.032783508300767 154.7260284423828 25.12832260131837
0 0.0100 80.17194747924805 185.97251510620117 130.2961540222168 211.10461807250977
