0 0.0847 149.16526794433594 553.2741928100586 201.18331909179685 576.813850402832
0 0.0662 89.06120300292969 553.345832824707 141.27670288085935 576.7423629760742
0 0.0641 148.35487365722656 523.8003540039062 201.9146728515625 546.2868499755859
0 0.0507 149.60264205932617 582.9526138305664 200.79385757446286 607.1330642700195
0 0.0475 199.46724891662595 563.0546188354492 250.9141445159912 587.0318984985352
0 0.0473 88.68072509765625 523.5955429077148 141.619873046875 546.4923477172852
0 0.0446 208.83341789245605 533.4983062744141 261.48167610168457 556.5899658203125
0 0.0439 157.77107238769528 494.13585662841797 212.44750976562497 515.9477615356445
0 0.0430 28.893070220947266 553.4591674804688 81.4278793334961 576.6291809082031
0 0.0410 288.15155029296875 13.918120861053467 342.1003723144531 36.167685985565186
0 0.0402 89.59064483642578 582.9623031616211 140.80440521240232 607.1235275268555
0 0.0347 149.6965789794922 612.8607559204102 200.7146453857422 637.221565246582
0 0.0337 147.9644775390625 464.0282440185547 202.2705078125 486.05682373046875
0 0.0337 98.72915267944336 493.5639190673828 151.57625198364258 516.5239715576172
0 0.0337 288.0502700805664 43.978257179260254 342.1924209594726 66.10717296600342
0 0.0312 199.82872009277344 592.7730560302734 250.594482421875 617.3102569580078
0 0.0306 99.71656799316408 612.8443145751953 150.6970977783203 637.2377014160156
0 0.0290 28.52802753448486 523.6918258666992 81.758074760437 546.3956832885742
0 0.0290 218.01161766052246 503.99951934814453 272.2278690338135 526.0855484008789
0 0.0290 29.308547973632812 583.1719970703125 81.0552978515625 606.9155120849609
0 0.0287 88.94903182983398 463.4189987182617 141.37811660766602 486.6688919067383
0 0.0284 207.49289512634277 474.2844772338867 262.70302772521967 495.79654693603516
0 0.0276 199.16913032531735 13.269798755645752 251.18021965026855 36.818015575408936
0 0.0267 268.9817428588867 533.4002685546875 321.3479995727539 556.6880798339844
0 0.0264 256.58721923828125 434.74185943603516 313.5370635986328 455.3305435180664
0 0.0262 187.05543518066406 444.51416015625 243.10455322265625 465.5633544921875
0 0.0259 85.43729782104492 208.5305404663086 124.752140045166 241.5704345703125
0 0.0254 -79.99999999999999 299.8858642578125 558.75 638.75
0 0.0251 39.56594467163086 612.9655838012695 90.82952499389648 637.1182632446289
0 0.0250 118.82242202758789 433.5060119628906 171.4914894104004 456.58233642578125
0 0.0241 278.2056427001953 73.88665199279785 332.05101013183594 96.19948387145996
0 0.0240 38.564815521240234 493.66649627685547 91.72525405883789 516.420783996582
0 0.0236 80.22060394287108 182.42504119873047 130.25470733642578 207.6506805419922
0 0.0235 209.21938896179196 622.750072479248 261.23570442199707 638.7500190734863
0 0.0229 255.16342163085932 559.1248321533203 295.0019836425781 591.0282135009766
0 0.0229 -79.99999999999999 0.0 430.91228485107416 281.5149688720703
0 0.0221 59.31193828582763 433.16287994384766 111.0537004470825 456.92371368408203
0 0.0220 228.77781867980954 43.52869987487793 281.5330791473388 66.55869483947754
0 0.0215 216.76423072814939 414.6535873413086 273.3742427825927 435.4202651977539
0 0.0214 69.95613098144531 242.65859603881836 120.48450469970702 267.4218940734863
0 0.0211 278.1800460815429 503.8990020751953 332.0749282836914 526.1865997314453
0 0.0210 267.8165054321289 474.10987854003906 322.40612030029297 495.97389221191406
0 0.0202 45.178203582763665 209.08843994140625 84.98899459838867 241.0614013671875
0 0.0200 268.577651977539 103.66418838500977 321.71241760253906 126.42393112182617
0 0.0199 89.45873260498045 403.0622863769531 140.92144012451172 427.0244598388672
0 0.0193 28.713917732238773 463.57173919677734 81.59041881561278 486.5158462524414
0 0.0193 269.67498779296875 612.8776550292969 320.7337188720703 637.2048187255859
0 0.0193 125.53340911865236 208.30133438110352 164.6658706665039 241.78007125854492
0 0.0190 218.45817565917966 73.73551368713379 271.8212890625 96.35184288024902
0 0.0190 -20.503273010253903 613.0215835571289 30.890216827392575 637.0632553100586
0 0.0181 95.41208267211914 148.59036922454834 134.77472305297852 181.51575565338135
0 0.0178 348.0805587768554 3.957815170288086 402.16541290283203 26.127357482910156
0 0.0173 247.10685729980466 314.4880676269531 303.05717468261713 335.58998107910156
0 0.0173 139.01460647583008 3.3792567253112793 191.31818771362305 26.709249019622803
0 0.0172 157.62741088867188 404.2138671875 212.57923126220703 425.8685302734375
0 0.0170 -31.09649419784546 573.4484481811523 21.419293880462643 596.6393661499023
0 0.0167 -80.0 292.5136184692383 -39.657201766967766 317.5637435913086
0 0.0166 75.21575927734375 269.0151023864746 114.95403289794922 301.12817764282227
0 0.0165 39.68650817871094 392.8831481933594 90.72055816650389 417.20123291015625
0 0.0162 120.1040267944336 242.53116607666016 170.3554916381836 267.54695892333984
0 0.0159 -80.0 318.61414909362793 -45.21388053894042 351.4940357208252
0 0.0157 187.60958671569824 314.224157333374 242.59541511535642 335.85816383361816
0 0.0157 29.594693183898922 182.9531478881836 80.80203533172606 207.13180541992188
0 0.0155 307.1820831298828 304.44371223449707 362.9893493652343 325.6341075897217
0 0.0154 348.0207061767578 33.992042541503906 402.22007751464844 56.09273910522461
0 0.0153 69.76906299591064 302.8200054168701 120.64723491668701 327.2638416290283
0 0.0153 135.60632705688477 168.11492919921875 174.60145950317383 201.9507598876953
0 0.0153 5.098705291748046 209.2529296875 45.061912536621094 240.9115982055664
0 0.0153 -80.0 262.5541305541992 -39.61979389190673 287.5242614746094
0 0.0151 277.1342086791992 404.46483612060547 333.0341720581054 425.6119918823242
0 0.0148 89.55718994140626 372.98744201660156 140.83412170410156 397.0985412597656
0 0.0147 295.1144409179687 559.2246627807617 335.0470733642578 590.9373092651367
0 0.0145 348.1364440917969 423.9229965209961 402.1150207519531 446.16214752197266
0 0.0144 128.863525390625 303.4789276123047 181.4544677734375 326.6094207763672
0 0.0144 -80.0 622.7452278137207 -28.76964569091797 638.7499809265137
0 0.0143 337.9002380371094 64.0615463256836 392.3298645019531 86.02261543273926
0 0.0142 55.28226852416992 328.87950897216797 94.892578125 361.25179290771484
0 0.0142 19.573497772216793 242.97462463378906 70.81975936889648 267.1112060546875
0 0.0142 207.63005256652832 384.20501708984375 262.5784587860107 405.8763122558594
0 0.0141 9.328527450561522 423.15311431884766 61.038408279418945 446.93370819091797
0 0.0141 358.1382751464844 453.92242431640625 412.1131896972656 476.1627960205078
0 0.0141 279.2474365234375 133.21881294250488 331.10923767089844 156.86936378479004
0 0.0140 -31.183795928955075 543.5051727294922 21.49815559387207 566.5824890136719
0 0.0140 267.1095275878906 284.4816207885742 323.05595397949213 305.59566497802734
0 0.0138 115.17374038696288 269.1014099121094 154.99269485473633 301.0495376586914
0 0.0137 55.2264404296875 148.99206161499023 94.94428634643553 181.14919662475586
0 0.0136 184.93183135986325 39.5681095123291 225.21747589111328 70.62506675720215
0 0.0136 177.97687530517575 284.0163993835449 232.26024627685547 306.06801986694336
0 0.0136 237.70808219909662 344.1722106933594 292.50477790832514 365.9111785888672
0 0.0136 -80.0 232.59424209594727 -39.581913948059075 257.4851417541504
0 0.0135 35.130615234375 269.1909408569336 75.03225326538085 300.968017578125
0 0.0134 39.773993492126465 362.8125762939453 90.6436014175415 387.27073669433594
0 0.0133 -80.0 352.43934631347656 -39.72433090209961 377.6359558105469
0 0.0133 432.69212722778315 0.0 558.7499809265137 69.84923839569092
0 0.0133 165.333251953125 208.76731872558594 204.84622955322263 241.35417938232422
0 0.0133 219.37583923339844 223.11899185180664 270.9961700439453 246.9676399230957
0 0.0132 328.2093429565429 93.88614654541016 382.04723358154297 116.20025634765625
0 0.0132 178.02291870117188 343.99417877197266 232.2172927856445 366.0911178588867
0 0.0132 89.89093780517578 122.71745681762695 140.54073333740232 147.364501953125
0 0.0132 329.6086883544922 612.9312133789062 380.79193115234375 637.152099609375
0 0.0132 95.20097732543944 329.05200958251953 134.96698379516602 361.0945510864258
0 0.0128 297.3734664916992 334.3482971191406 352.81253814697266 355.7318115234375
0 0.0128 250.81916809082028 0.0 278.76914978027344 37.15474605560303
0 0.0127 328.9039230346679 533.4518814086914 381.41811370849604 556.6364669799805
0 0.0126 205.2794361114502 178.88761520385742 244.89497184753415 211.24441146850586
0 0.0126 358.636360168457 323.61839294433594 411.66118621826166 346.4685821533203
0 0.0124 -80.0 572.7690887451172 -39.40358638763427 597.3136138916016
0 0.0124 -14.748172760009766 278.94351959228516 24.9205207824707 311.1934280395508
0 0.0123 358.3741760253906 393.7809371948242 411.8988037109375 416.3052749633789
0 0.0123 -80.0 202.60303497314453 -39.572954177856445 227.47650146484375
0 0.0123 148.43982696533203 373.7461471557617 201.83807373046875 396.34105682373047
0 0.0121 -20.54536819458008 173.0637550354004 30.925407409667965 197.0228385925293
0 0.0120 278.99166107177734 223.3891487121582 331.3400650024414 246.69858932495117
0 0.0120 358.32012176513666 483.8179397583008 411.94698333740234 506.2686538696289
0 0.0119 15.322628021240233 318.7942886352539 54.85553741455078 351.3295364379883
0 0.0119 224.935073852539 99.56568717956543 265.2140808105468 130.62726020812988
0 0.0118 -40.79931020736694 243.24026107788086 11.153523921966551 266.8464469909668
0 0.0117 495.47071456909174 604.7563171386719 558.7500190734862 638.75
0 0.0117 -80.0 378.5542297363281 -45.23678302764892 411.54884338378906
0 0.0117 168.9856719970703 253.38890075683594 221.34632110595703 276.69822692871094
0 0.0115 185.4500389099121 138.50749492645264 224.73997116088867 171.59149646759033
0 0.0114 -40.43241500854492 312.96878814697266 10.827140808105469 337.1156692504883
0 0.0114 -4.882326126098635 389.21451568603516 35.044450759887695 420.94654083251953
0 0.0113 145.50195693969727 128.38298320770264 184.69350814819336 161.70536518096924
0 0.0113 379.2565536499023 553.2071304321289 431.102180480957 576.8803024291992
0 0.0113 134.84804153442383 329.7218704223633 175.29577255249023 360.4854965209961
0 0.0112 245.0880813598633 179.27274703979492 285.0718307495117 210.89357376098633
0 0.0111 228.61980438232422 253.62804412841797 281.6762924194336 276.4588165283203
0 0.0110 -80.0 172.59431838989258 -39.58153247833253 197.48502731323242
0 0.0110 235.2391815185547 138.9693260192871 274.9321746826172 171.1699104309082
0 0.0108 389.229621887207 622.7411651611328 441.22684478759766 638.75
0 0.0107 -35.113487243652344 209.64210510253906 5.260820388793945 240.55789947509766
0 0.0107 -0.9602737426757812 143.3614158630371 51.29579544067383 166.7269515991211
0 0.0106 338.73035430908203 123.56701850891113 391.5742874145507 146.52140617370605
0 0.0106 378.8400650024414 513.4913635253906 431.4762496948242 536.5965270996094
0 0.0104 288.0946731567383 253.94359588623047 342.15389251708984 276.14078521728516
0 0.0104 -1.4102649688720714 3.653078079223633 51.70220375061035 26.434571743011475
0 0.0102 -31.145277023315426 453.4782028198242 21.463785171508793 476.6092300415039
0 0.0102 -24.827241897583008 339.09854888916016 14.99410629272461 371.05220794677734
0 0.0102 -21.226186752319336 483.5341262817383 31.53611183166504 506.5536880493164
0 0.0100 348.3583068847656 353.7911605834961 401.91314697265625 376.29505157470703
