0 0.1837 454.9193572998047 75.47077655792235 515.0864410400391 94.5811414718628
0 0.1628 455.4502868652344 95.25129318237305 514.5919799804688 114.80745315551756
0 0.1240 454.72511291503906 55.546560287475586 515.2681732177734 74.50247764587401
0 0.1048 456.0973358154297 114.96797561645506 513.9910125732422 135.09866714477536
0 0.0747 395.28594970703125 85.3255271911621 454.7435760498047 104.73196029663085
0 0.0657 395.0318908691406 65.4275894165039 454.9809265136719 84.6261978149414
0 0.0609 396.0597610473633 104.99250411987303 454.02393341064453 125.07490158081053
0 0.0478 446.61632537841797 134.7292137145996 503.5098648071289 155.34372329711914
0 0.0453 445.05760192871094 35.41196823120117 504.95826721191406 54.641284942626946
0 0.0448 517.2236251831055 94.42411422729491 572.9507064819336 115.65435409545898
0 0.0374 508.76537322998047 133.5335922241211 561.5450668334961 156.55334472656247
0 0.0372 109.2257308959961 183.22978973388672 161.12958908081055 206.8578338623047
0 0.0336 516.195182800293 64.92105484008788 573.9008712768555 85.14633178710938
0 0.0335 385.52791595458984 45.218086242675774 444.51976776123047 64.84159469604492
0 0.0311 478.2960510253906 163.82791519165036 531.9698333740234 186.25791549682617
0 0.0296 109.3103551864624 213.16673278808594 161.05452060699463 236.92020416259766
0 0.0294 479.1149139404297 193.30326080322266 531.2297058105469 216.78409576416016
0 0.0254 0.0 219.8858642578125 638.75 558.75
0 0.0250 159.43157196044922 193.08198928833005 210.9457015991211 217.0048713684082
0 0.0244 108.67406845092773 153.60214233398438 161.62538528442383 176.48605346679685
0 0.0230 408.6737823486328 193.59931945800778 461.62628173828125 216.48841857910153
0 0.0229 337.3265838623047 64.37887191772461 392.8541564941406 85.70177078247069
0 0.0229 0.0 -79.99999999999999 510.9122848510742 201.51496887207028
0 0.0212 385.6224822998047 278.07380676269526 424.58709716796875 311.9884490966797
0 0.0205 387.6997756958008 134.17758941650388 442.51224517822266 155.9058380126953
0 0.0202 337.81070709228516 94.1179084777832 392.41031646728516 115.96654891967773
0 0.0201 159.6072816848755 222.94754028320312 210.790057182312 247.1378707885742
0 0.0193 417.90340423583984 164.06314849853513 472.3262405395508 186.02153778076172
0 0.0193 320.0069046020508 282.6107406616211 370.4410934448242 307.46837615966797
0 0.0186 386.16432189941406 24.936752319335934 443.92906188964844 45.13053894042968
0 0.0186 309.50740814208984 253.02265167236325 360.87886810302734 277.06340789794916
0 0.0181 218.80191802978516 223.51922035217285 271.510009765625 246.5690517425537
0 0.0178 479.5117950439453 223.0173110961914 530.8753967285156 247.06840515136716
0 0.0176 574.3924140930176 144.8368263244629 638.7499809265137 194.74702835083008
0 0.0175 516.2336730957031 44.90021705627442 573.865966796875 65.16711235046387
0 0.0175 288.73682975769043 223.5621166229248 341.5686511993408 246.52623176574704
0 0.0174 445.5576705932617 15.204553604125975 504.49230194091797 34.855375289916985
0 0.0172 168.95751953125 163.41455459594724 221.37020111083984 186.673526763916
0 0.0171 375.5232238769531 318.32176208496094 414.6754455566406 351.7613983154297
0 0.0171 535.2408218383789 158.95782470703122 574.931526184082 191.180419921875
0 0.0169 109.22590732574463 243.22834014892575 161.12969875335693 266.85909271240234
0 0.0166 335.39493560791016 308.62144470214844 374.7910690307617 341.4874267578125
0 0.0166 48.62776041030884 183.62648010253903 101.6683554649353 206.46087646484372
0 0.0163 218.74008178710938 193.55911254882812 271.5658950805664 216.5290832519531
0 0.0158 327.6335906982422 34.212684631347656 382.5730895996094 55.8700942993164
0 0.0157 279.37161445617676 63.129391670227044 330.99841117858887 86.95827007293701
0 0.0152 380.2330780029297 252.41691589355466 430.24330139160156 277.65899658203125
0 0.0152 358.71238708496094 213.57521057128906 411.5912628173828 236.51268005371094
0 0.0151 425.3378677368164 298.7606048583984 464.8416519165039 331.3603210449219
0 0.0150 209.07976150512695 43.32892417907714 261.260929107666 66.75868034362793
0 0.0147 297.9036617279053 194.0631103515625 352.32598304748535 216.02157592773438
0 0.0144 279.6214962005615 92.93981552124023 330.77683448791504 117.145938873291
0 0.0139 248.9674186706543 253.40644836425778 301.3616371154785 276.68144226074213
0 0.0137 357.17079162597656 174.45171356201172 412.999267578125 195.62633514404294
0 0.0136 479.22855377197266 263.2248306274414 531.1276626586914 286.8623733520508
0 0.0136 419.53113555908203 223.00731658935547 470.8572769165039 247.07889556884768
0 0.0133 108.08328151702881 123.95952224731444 162.16219425201416 146.12615585327148
0 0.0133 235.1527214050293 79.13924694061281 275.01256942749023 111.01509571075438
0 0.0133 328.57154846191406 123.66731643676758 381.7180633544922 146.4206886291504
0 0.0131 574.3924140930176 84.83682632446289 638.7499809265137 134.74702835083008
0 0.0130 529.7598266601562 202.82649993896484 580.6555938720703 227.2573089599609
0 0.0125 64.81049537658691 209.78230476379395 105.33171653747559 240.4306316375732
0 0.0125 229.22975540161133 113.22040557861328 281.1273765563965 136.86630249023438
0 0.0124 294.9548816680908 309.5189666748047 335.1966381072998 340.66970825195307
0 0.0123 228.69171142578125 163.58774185180664 281.610107421875 186.50003433227536
0 0.0121 198.28332901000977 13.838529586791992 251.98076248168945 36.24768257141113
0 0.0120 269.08045768737793 33.33446502685547 321.2590503692627 56.75397872924804
0 0.0117 285.07606506347656 119.29491043090819 325.0831604003906 150.87339401245117
0 0.0116 309.40330505371094 343.09482574462885 360.97251892089844 366.99108123779297
0 0.0115 274.9334907531738 279.5631790161132 315.216121673584 310.62953948974604
0 0.0112 608.6401176452637 43.1972312927246 638.7500190734863 66.8307113647461
0 0.0112 48.49698066711426 153.70773315429685 101.78694725036621 176.37920379638672
0 0.0110 429.8708724975586 272.7389907836914 480.55736541748047 297.34386444091797
0 0.0109 178.79636764526367 133.51848602294922 231.5159797668457 156.56917572021484
0 0.0108 148.09464931488037 33.95202636718751 202.1520471572876 56.13357543945312
0 0.0107 288.28887939453125 163.83312225341794 341.9761657714844 186.25282287597656
0 0.0107 489.26708221435547 293.2025527954101 541.0921859741211 316.88526153564453
0 0.0106 506.38317108154297 24.831209182739254 563.7274551391602 45.237855911254876
0 0.0106 608.673267364502 13.17708969116211 638.7499809265137 36.851158142089844
0 0.0106 327.8666305541992 4.082450866699219 382.36011505126953 26.00177764892578
0 0.0100 420.0404357910156 332.5898742675781 470.4102325439453 357.4897766113281
0 0.0100 189.44110870361328 253.07624816894526 240.93692779541016 277.01072692871094
