0 0.0810 34.94684028625488 167.11499619483948 89.4817146062851 186.7661919593811
0 0.0747 44.371745109558105 186.30886673927307 99.17052894830704 205.82144594192505
0 0.0650 26.292023420333862 137.9738734960556 79.08228975534439 158.54158008098602
0 0.0564 45.53550410270691 214.41279101371765 98.09803801774979 235.10401225090027
0 0.0553 15.317029774188995 81.29199278354645 70.82265776395798 100.4594714641571
0 0.0545 16.438364803791046 109.44325643777847 69.78626185655594 129.69535499811172
0 0.0522 46.05271714925766 281.0566792488098 97.62589359283447 302.3382246494293
0 0.0517 36.951910614967346 309.46158385276794 87.64451622962952 331.3098886013031
0 0.0506 15.132687985897064 62.2469047755003 70.99422311782837 81.25202424824238
0 0.0488 45.90113264322281 252.45348000526428 97.7649022936821 273.56503772735596
0 0.0465 92.12878024578094 167.2056806087494 147.03534758090973 186.67335534095764
0 0.0452 93.85155612230301 300.18952202796936 145.4508782029152 321.45527243614197
0 0.0431 82.47686344385147 148.12337815761566 137.55531531572342 167.5048552751541
0 0.0429 37.08673346042633 338.0634698867798 87.52249717712402 360.0833673477173
0 0.0427 102.43827760219574 195.53243100643158 155.90759181976318 215.72977602481842
0 0.0408 93.0662659406662 233.68191576004028 146.17043495178223 254.0816774368286
0 0.0393 102.77624666690826 271.85686218738556 155.59687185287476 292.40840899944305
0 0.0391 71.13218307495117 81.9334956407547 129.65160870552063 99.7971578836441
0 0.0390 100.85040208697319 129.33349281549454 157.3771508038044 148.03620475530624
0 0.0380 90.79031878709793 110.41387331485748 148.2782000899315 128.69933116436005
0 0.0373 94.04021143913269 328.76342940330505 145.27954995632172 350.2570216655731
0 0.0352 15.343184530735016 43.02637106180191 70.79934829473495 62.22478312253952
0 0.0351 71.1522437185049 62.79863744974136 129.63342668116093 80.68191576004028
0 0.0346 5.1161355301737785 190.02984595298767 42.87001819163561 221.27022528648376
0 0.0328 4.911312460899353 276.5316601395607 43.05699893832207 306.93215078115463
0 0.0313 265.84839963912964 99.44972276687622 317.6930730342865 120.56912326812744
0 0.0294 10.281190395355225 308.34375071525574 37.14917930960655 351.6172149181366
0 0.0273 37.0180726647377 366.7931020259857 87.58497494459152 388.7282974720001
0 0.0270 5.191573262214661 228.11195576190948 42.801397293806076 259.67359721660614
0 0.0267 275.9580429196358 127.80977761745453 326.7580034136772 149.5865671634674
0 0.0267 139.1489771604538 148.4331268966198 195.5831354856491 167.18638828396797
0 0.0261 15.72749438881874 23.723824448883533 70.44355514645576 43.281606785953045
0 0.0261 265.3638617992401 71.02727450430393 318.1371567249298 91.61263190209866
0 0.0259 0.7179881930351257 145.77797225117683 27.587531983852386 189.05759212374687
0 0.0254 0.0 286.7658576965332 610.8046875 610.8046875
0 0.0254 129.1812790632248 91.22494554519653 186.3984750509262 109.63898849487305
0 0.0251 140.53047358989716 214.73728144168854 194.3028656244278 234.77346646785736
0 0.0249 149.04430282115936 176.97694444656372 204.83615577220917 196.02180218696594
0 0.0235 140.78461611270905 252.85645294189453 194.06933319568634 273.1564106941223
0 0.0229 0.0 0.0 488.5598723888397 269.19868898391724
0 0.0219 71.56521391868591 43.50975984334946 129.24832570552826 61.7259823679924
0 0.0215 168.85569190979004 195.78670120239258 223.3253252506256 215.46992468833923
0 0.0215 129.28895768523216 72.05511403083801 186.29831090569496 90.56013321876526
0 0.0213 285.4923271536827 156.51356506347656 336.3463845849037 178.25750613212585
0 0.0213 458.52075147628784 184.5809018611908 507.66083335876465 207.5634913444519
0 0.0203 148.69741487503052 110.1870893239975 205.15922355651855 128.93193340301514
0 0.0203 227.33845710754395 185.652845621109 279.6819312572479 206.48844695091248
0 0.0203 323.5894203186035 99.23343533277512 374.7349190711975 120.78721636533737
0 0.0196 151.3425243794918 309.6840269565582 202.720178514719 331.08642411231995
0 0.0196 0.0 352.5224905014038 33.27882023155689 383.8965253829956
0 0.0194 285.50634384155273 185.19533801078796 336.33302450180054 206.9512073993683
0 0.0193 217.42682576179504 118.90515911579132 270.4391248226166 139.3586164712906
0 0.0190 158.57074427604675 129.17732119560242 214.43289041519165 148.19551348686218
0 0.0186 34.911830484867096 4.562436461448669 89.51568478345871 24.192329049110413
0 0.0184 489.5081191062927 47.66122555732727 610.8046875 143.08089065551758
0 0.0183 36.89691996574402 395.55695056915283 87.69468265771866 417.339084148407
0 0.0182 458.08837723731995 213.5789029598236 508.0468804836273 235.94227766990662
0 0.0182 333.5497133731842 127.67110633850098 383.93719840049744 149.7256214618683
0 0.0179 227.3333319425583 156.9668047428131 279.68691051006317 177.79923248291016
0 0.0179 458.8418312072754 155.6421411037445 507.3770341873169 179.1242973804474
0 0.0177 160.39406275749207 281.28703808784485 212.74950170516968 302.1049840450287
0 0.0177 400.0112113952637 13.21761354804039 451.30612421035767 34.677623212337494
0 0.0175 94.21614503860474 357.3420789241791 145.12014091014862 379.05388283729553
0 0.0174 66.70300318300724 586.0008587837219 115.38487981259823 609.3893394470215
0 0.0173 207.25842547416687 90.52431178092957 261.4345564842224 110.35871851444244
0 0.0172 217.90523529052734 214.27028954029083 270.00073170661926 235.24717032909393
0 0.0172 323.5198566913605 70.58572375774384 374.79857325553894 92.05930781364441
0 0.0170 237.41684782505035 252.2972810268402 288.773007273674 273.7225499153137
0 0.0165 439.67035818099976 126.99442952871323 488.2925248146057 150.39782971143723
0 0.0164 458.0665633678436 242.2849338054657 508.06570315361023 264.61175751686096
0 0.0157 342.95335149765015 185.144122838974 393.6441149711609 207.0017659664154
0 0.0157 410.4861001968384 175.18025493621826 460.04648208618164 197.8401231765747
0 0.0152 439.15426683425903 98.69859427213669 488.7503242492676 121.32249516248703
0 0.0152 400.0099711418152 41.90662282705307 451.30707263946533 63.363718807697296
0 0.0151 227.79516220092773 281.0191068649292 279.26451301574707 302.3752863407135
0 0.0150 363.21467900276184 585.9364385604858 411.7579801082611 609.4523735046387
0 0.0149 343.2487871646881 156.26379990577698 393.37756991386414 178.50734424591064
0 0.0148 400.4379680156708 204.19908499717712 450.9200041294098 226.1970226764679
0 0.0143 457.8734121322632 12.910614341497421 508.2402505874634 34.98567572236061
0 0.0142 550.293870806694 578.298228263855 610.8047057390213 610.8046875
0 0.0142 323.6207549571991 41.83564567565918 374.7072322368622 63.43458652496338
0 0.0142 129.51580095291138 52.834176778793335 186.08737206459045 71.53380632400513
0 0.0141 381.4914186000824 108.46059268712997 431.63326048851013 130.6861533522606
0 0.0141 276.2306706905365 213.69729244709015 326.5116398334503 235.82454478740692
0 0.0139 151.7945101261139 338.0908284187317 202.31061673164368 360.0559358596802
0 0.0139 438.62409496307373 70.3667825460434 489.2273111343384 92.27945280075073
0 0.0137 265.4868657588959 42.27170419692993 318.024804353714 62.993922650814056
0 0.0137 448.9077293872833 270.686518907547 498.1421434879303 293.5839321613312
0 0.0135 549.2627459764481 157.62521517276764 610.8046692609787 205.35184586048126
0 0.0134 381.20787477493286 79.9580819606781 431.88908100128174 101.81342697143555
0 0.0134 391.52142119407654 136.81826734542847 440.7775032520294 159.702019572258
0 0.0133 218.0468430519104 309.81640577316284 269.87105226516724 330.9522213935852
0 0.0133 295.0724551677704 252.12836945056915 345.89271569252014 273.8928841352463
0 0.0132 400.54251408576965 232.82324087619781 450.82465052604675 254.94866931438446
0 0.0130 72.25652754306793 24.09762293100357 128.60467064380646 42.89686033129692
0 0.0130 114.49638184905052 586.0193166732788 163.21361938118935 609.3715381622314
0 0.0129 511.78817796707153 180.77120804786682 549.8106279373169 211.43056511878967
0 0.0127 352.8598029613495 251.85972690582275 402.89571261405945 274.1618914604187
0 0.0127 333.27853560447693 213.9047613143921 384.1826956272125 235.61620044708252
0 0.0124 314.4688153266907 280.64172327518463 364.77247381210327 302.75496804714203
0 0.0123 10.29139968752861 384.95161628723145 37.13710963726044 428.0370726585388
0 0.0119 343.1507706642151 12.894060149788857 393.46529960632324 35.002444222569466
0 0.0118 315.2048327922821 586.1031432151794 364.1175835132599 609.2889518737793
0 0.0118 187.7101525068283 71.59917725622654 242.70116651058197 91.02909265458584
0 0.0117 454.4244132041931 544.1250872612 492.42512226104736 574.8247890472412
0 0.0117 18.8865247964859 586.0060386657715 67.5754827260971 609.384524345398
0 0.0117 487.0393581390381 595.4238667488098 536.595362663269 610.8046875
0 0.0114 410.5453770160675 595.4190516471863 460.0900733470917 610.8046875
0 0.0113 406.57762384414673 266.8854339122772 444.64392042160034 297.4459354877472
0 0.0113 550.0975642204285 0.0 610.8046875 33.34911113977432
0 0.0112 511.96108388900757 142.1513252556324 549.6523861885071 173.51801893115044
0 0.0111 276.1957976818085 309.3416440486908 326.54384994506836 331.42968249320984
0 0.0108 430.0076529979706 299.20118594169617 478.81797337532043 322.4423682689667
0 0.0108 46.450225219130516 424.25076127052307 97.26538337767124 446.02034640312195
0 0.0107 492.721688747406 524.8995537757874 530.6318593025208 555.791494846344
0 0.0104 94.24192589521408 386.0109386444092 145.09735125303268 407.7597312927246
0 0.0104 368.274183511734 276.54964381456375 406.4438588619232 306.9158450961113
0 0.0104 333.9530875682831 309.0815920829773 383.57540917396545 331.6892967224121
0 0.0104 453.9545030593872 38.18472710251808 492.86424493789673 67.21980813145638
0 0.0102 195.3530319929123 239.6642782688141 235.06970465183258 267.4293580055237
0 0.0100 502.23341131210327 266.82092249393463 540.240686416626 297.5047198534012
