0 0.2404 367.50816345214844 -40.221416473388665 422.6884460449219 -18.69706344604491
0 0.2203 407.2594451904297 -60.09108495712279 462.9170227050781 -38.829607486724846
0 0.2022 428.4375762939453 -30.752727508544915 481.8402099609375 -8.160125732421868
0 0.2019 309.07798767089844 -41.1616916656494 361.26075744628906 -17.74955940246581
0 0.2013 339.74273681640625 -14.064371109008782 410.66795349121094 15.18211174011231
0 0.1873 347.0695114135742 -69.99447059631346 403.09192657470703 -48.92808151245116
0 0.1490 288.4248638153076 -70.74083518981932 341.85086250305176 -48.171464920043924
0 0.1255 410.2402114868164 -4.525138854980461 480.1852798461914 25.613735198974613
0 0.1148 290.48309326171875 -12.333909988403313 340.0309753417969 13.402173995971687
0 0.1114 265.3975486755371 -45.873262405395494 304.787540435791 -13.017465591430655
0 0.1047 340.7559585571289 14.974849700927741 409.6854019165039 46.08298110961914
0 0.0874 387.4461364746094 -90.1970453262329 442.7473449707031 -68.723256111145
0 0.0870 468.2376480102539 -60.63574028015135 522.0226669311523 -38.27846717834472
0 0.0794 479.0689468383789 -11.16001319885253 531.2698745727539 12.248132705688482
0 0.0756 413.0625534057617 30.414188385009773 528.1914901733398 80.06403732299805
0 0.0654 229.7066879272461 -71.62566614151 280.7012939453125 -47.28920888900756
0 0.0570 328.1085205078125 -100.56249332427977 382.14080810546875 -78.3527727127075
0 0.0517 225.62860488891602 -46.44853782653807 264.58234786987305 -12.491056442260733
0 0.0495 448.1062698364258 -90.56755733489989 502.14427947998047 -68.3486623764038
0 0.0446 293.06254386901855 50.41418838500978 408.191499710083 100.06403732299805
0 0.0419 295.71789741516113 13.296897888183603 334.50549125671387 47.74243164062501
0 0.0394 268.9563274383545 -101.08641338348387 321.37166023254395 -77.82574367523192
0 0.0382 413.0625534057617 90.41418838500978 528.1914901733398 140.06403732299805
0 0.0376 240.92233657836914 -12.902738571166985 289.6796989440918 13.943651199340827
0 0.0269 185.51118850708008 -56.1423988342285 224.6855354309082 -22.771408081054677
0 0.0254 0.0 165.38586425781244 638.75 504.2499999999999
0 0.0220 335.4227828979492 134.06243133544922 374.7653579711914 167.04129028320312
0 0.0201 320.5308151245117 167.6055507659912 369.99279022216797 193.4597568511963
0 0.0196 380.32588958740234 157.82656478881836 430.16407012939453 183.24675369262695
0 0.0192 375.6972122192383 103.35263061523438 414.5236587524414 137.69131469726562
0 0.0191 370.65696716308594 187.46598052978513 419.8876953125 213.59421539306638
0 0.0181 255.78008651733398 23.088596343994148 294.4547462463379 57.93379592895508
0 0.0180 512.6921272277832 -134.49999999999997 638.7499809265137 -64.65076160430907
0 0.0177 524.832878112793 15.245845794677741 565.3103256225586 45.96373367309571
0 0.0171 179.95367050170898 -81.83270168304442 230.48532485961914 -57.085892677307115
0 0.0169 320.5340576171875 107.59741592407227 369.9909973144531 133.4671287536621
0 0.0167 325.82286834716797 192.9319839477539 364.42089080810547 228.07778167724607
0 0.0167 145.29666900634766 -55.65420579910277 184.87972259521484 -23.21742963790893
0 0.0166 519.0814208984375 -41.17452812194823 571.2599182128906 -17.73819160461425
0 0.0166 295.6052875518799 133.60726165771484 334.6033000946045 167.45781707763672
0 0.0165 190.65744400024414 -22.84638595581054 218.9613151550293 23.82160949707032
0 0.0161 260.5926704406738 66.72547149658203 289.03940200805664 114.1717987060547
0 0.0147 435.4652404785156 143.95525741577148 474.7279357910156 177.13930892944336
0 0.0135 290.61206817626953 166.84795188903806 319.01599884033203 214.07048988342285
0 0.0133 220.65580368041992 17.142394065856934 248.96329879760742 63.83071231842042
0 0.0132 294.34864044189453 -134.49999999999997 406.8692398071289 -99.75578498840329
0 0.0132 260.5577278137207 116.5372543334961 289.08178329467773 164.33358001708984
0 0.0131 160.72072982788086 -22.326375961303704 188.88559341430664 23.416097640991218
0 0.0129 608.925609588623 488.18888473510737 638.7500190734863 504.2500190734863
0 0.0129 230.61676025390625 66.87897491455078 259.0103530883789 114.04507446289062
0 0.0129 219.70346450805664 -111.62684154510495 270.7048988342285 -87.28851509094237
0 0.0126 0.0 -134.49999999999997 161.92270278930664 -50.65996360778808
0 0.0126 419.8213577270508 188.28007507324222 470.60070037841797 212.803466796875
0 0.0125 109.59197998046875 -21.54293251037597 160.80408096313477 2.6281719207763743
0 0.0125 89.33429718017578 -51.34968948364257 141.0329818725586 -27.563335418701165
0 0.0118 562.0578002929688 -5.5331726074218714 638.75 177.90772247314453
0 0.0111 365.76480865478516 213.14377593994138 404.4668197631836 247.88307952880857
0 0.0111 609.4071960449219 448.16139984130854 638.75 472.8661422729491
0 0.0106 0.0 35.59801864624024 211.54129028320312 134.79830551147464
0 0.0104 79.61039543151855 8.440464019775398 130.7882785797119 32.644298553466804
