0 0.0679 108.02978515625 303.9910888671875 162.2108268737793 326.09436035156244
0 0.0435 98.67406845092773 333.6022186279297 151.6253662109375 356.4859771728515
0 0.0409 97.64584541320801 274.20475006103516 152.56213188171387 295.87795257568354
0 0.0320 168.0409812927246 303.9855575561523 222.20041275024414 326.10012054443354
0 0.0306 97.52284049987793 244.271125793457 152.67491340637207 265.81058502197266
0 0.0268 48.61093282699585 303.6417007446289 101.68258905410767 326.44626617431635
0 0.0254 0.0 219.8858642578125 638.75 558.75
0 0.0253 157.31789112091064 274.37744140625 212.86353588104248 295.70220947265625
0 0.0229 0.0 -79.99999999999999 510.9122848510742 201.51496887207028
0 0.0213 154.88592147827148 329.6517944335937 195.2604866027832 360.54908752441406
0 0.0198 346.38912200927734 264.8351669311523 403.7203598022461 285.23502349853516
0 0.0192 396.9771194458008 244.54818725585935 453.1779098510742 265.5278015136719
0 0.0191 38.030221462249756 243.9887619018555 92.2109055519104 266.0963821411133
0 0.0189 157.24706649780273 244.4136047363281 212.92879104614258 265.6653594970703
0 0.0181 38.21208953857422 273.88313293457026 92.04507827758789 296.2030792236328
0 0.0180 608.6591339111328 -66.81450843811035 638.75 -43.157405853271484
0 0.0177 336.37481689453125 244.8407363891601 393.73390197753906 265.2291488647461
0 0.0176 87.6240348815918 214.21464920043942 142.58256912231445 235.86755752563474
0 0.0174 366.65077209472656 224.70929145812988 423.4788513183594 245.3634929656982
0 0.0169 54.80599403381348 329.79236602783203 95.33572196960449 360.4215621948242
0 0.0169 326.7050552368164 284.687385559082 383.42769622802734 305.3866195678711
0 0.0163 407.4539566040039 274.3067169189453 462.7383804321289 295.77423095703125
0 0.0160 99.33282852172852 363.15765380859375 151.03296279907227 386.9301605224609
0 0.0160 286.52671813964844 264.77195739746094 343.5926818847656 285.29998779296875
0 0.0158 608.9971923828125 122.9606246948242 638.75 147.0682144165039
0 0.0156 398.82957458496094 33.49836349487304 451.4856719970703 56.5895652770996
0 0.0151 336.7776870727539 204.64727401733396 393.36177825927734 225.42676925659177
0 0.0146 608.7956237792969 -36.9025993347168 638.75 -13.068742752075195
0 0.0144 574.3924140930176 184.8368263244629 638.7499809265137 234.74702835083008
0 0.0143 306.56989097595215 224.7482395172119 363.5535526275635 245.32370567321777
0 0.0142 407.57652282714844 204.2328834533691 462.62779235839844 225.84783554077148
0 0.0140 609.0001678466797 152.95793533325195 638.75 177.07082748413083
0 0.0137 609.0051078796387 322.95425415039057 638.7500190734863 347.07450866699213
0 0.0134 608.8430595397949 -6.935729980468749 638.7500190734863 16.964263916015625
0 0.0134 608.6631011962891 23.181715011596676 638.75 46.84620857238769
0 0.0133 256.8323516845703 284.62432861328125 313.31043243408203 305.4508972167969
0 0.0130 338.79661560058594 33.52124214172363 391.51512145996094 56.56683921813965
0 0.0129 347.2754669189453 174.39804077148438 402.9029083251953 195.68099975585938
0 0.0129 28.083486557006836 213.9564323425293 82.16267585754395 236.12878799438477
0 0.0128 147.22240447998047 214.42617416381836 202.95154571533203 235.65252304077146
0 0.0128 347.6218795776367 324.2164611816406 402.5844192504883 345.8658599853515
0 0.0128 266.67840003967285 244.69745635986322 323.4529781341553 265.37586212158203
0 0.0127 418.5310363769531 63.688931465148926 471.75559997558594 86.39842510223387
0 0.0125 609.0174102783203 352.9457092285156 638.75 377.08305358886713
0 0.0125 217.29347229003906 264.39281463623047 272.8853988647461 285.6870651245117
0 0.0124 608.827953338623 93.07653427124023 638.7500190734863 116.95226669311522
0 0.0124 575.4707145690918 524.7563171386718 638.7500190734863 558.75
0 0.0124 608.5768127441406 53.237905502319336 638.75 76.78980827331543
0 0.0123 269.315185546875 33.163604736328125 321.0501480102539 56.923370361328125
0 0.0119 0.0 323.23371887207026 51.12736225128174 346.8545532226562
0 0.0119 227.41806030273438 224.3234634399414 282.7718734741211 245.7568359375
0 0.0113 398.95347595214844 3.4155654907226554 451.37420654296875 26.672286987304684
0 0.0112 608.9371490478516 293.0011367797851 638.75 317.02762603759766
0 0.0112 398.1642150878906 303.9123916625976 452.08839416503906 326.17374420166016
0 0.0110 347.4353790283203 144.31562423706055 402.7556610107422 165.76501846313477
0 0.0110 458.94237518310547 33.42090606689453 511.3846206665039 56.66666030883789
0 0.0108 0.0 293.2712173461914 41.17837905883789 316.8169021606445
0 0.0106 609.0687370300293 382.91007995605463 638.7500190734863 407.11868286132807
0 0.0105 288.222074508667 153.8776969909668 342.03587532043457 176.20862960815427
0 0.0104 279.5219039916992 3.0112457275390616 330.86605072021484 27.074623107910156
0 0.0103 0.0 239.61524963378906 35.240516662597656 270.582275390625
0 0.0102 248.32660675048828 183.81198883056638 301.9415283203125 206.27433776855466
0 0.0102 28.69863748550415 363.58036041259766 81.60447835922241 386.50699615478516
0 0.0101 348.1996536254883 353.89141082763666 402.05615997314453 376.1948776245117
0 0.0101 339.00028228759766 3.384675979614256 391.3319778442383 26.703233718872067
0 0.0101 287.7095413208008 314.17057037353516 342.503662109375 335.9126663208008
0 0.0101 198.70723724365234 333.58177185058594 251.5951919555664 356.50657653808594
