0 0.2292 537.7228927612305 66.66505813598633 592.4910354614258 88.41856002807616
0 0.1939 247.49523162841797 46.78720474243164 302.6999282836914 68.29446792602539
0 0.1474 187.38164901733398 46.84795379638672 242.8040885925293 68.23284149169922
0 0.1403 558.8225936889648 96.01020812988281 611.4904403686523 119.07875061035155
0 0.1065 208.8453483581543 75.98770141601562 261.4715385437012 99.10018920898438
0 0.1057 216.61344528198242 17.22771644592285 273.5132026672363 37.844743728637695
0 0.1019 516.9845199584961 37.049145698547356 573.170051574707 58.02760601043701
0 0.0878 261.155481338501 71.55584335327148 329.3027400970459 103.47593307495117
0 0.0639 286.95362091064453 27.061834335327152 343.19915771484375 48.01419258117675
0 0.0594 577.1149063110352 46.978402137756355 633.0511093139648 68.09884548187257
0 0.0572 494.6936798095703 62.491397857666016 535.4409790039062 92.74114608764648
0 0.0480 157.875714302063 16.576499938964847 212.35202312469482 38.50767135620117
0 0.0453 608.0935668945312 76.02970123291016 638.75 98.99467468261719
0 0.0402 247.03754425048828 -2.9835605621337877 303.12259674072266 18.059892654418945
0 0.0368 515.0896835327148 91.77509307861328 555.0698471069336 123.39141845703125
0 0.0350 164.674072265625 72.52222061157227 205.45978546142578 102.71326065063477
0 0.0348 187.799072265625 -13.38228225708008 242.4224853515625 8.46567153930664
0 0.0325 608.6572456359863 115.6886100769043 638.7499809265137 139.3397331237793
0 0.0272 541.8045425415039 120.83003997802736 608.6847305297852 154.15740966796875
0 0.0270 458.04454803466797 36.48351192474365 512.197151184082 58.602166175842285
0 0.0259 205.16054153442383 101.63057327270508 245.00463485717773 133.52296829223633
0 0.0257 557.6509475708008 16.691989898681644 612.559700012207 38.389225006103516
0 0.0254 0.0 192.3858642578125 638.75 531.25
0 0.0208 144.5104169845581 42.7900505065918 185.614972114563 72.47095108032227
0 0.0173 497.50553131103516 6.7751312255859375 552.6919937133789 28.305625915527344
0 0.0157 608.9575386047363 345.4890823364258 638.7499809265137 369.53990936279297
0 0.0152 454.9237823486328 62.086105346679695 495.2246856689453 93.10871124267578
0 0.0142 608.5842704772949 315.73394775390625 638.7500190734863 339.2938995361328
0 0.0134 250.3755760192871 104.76974487304686 300.123233795166 130.30113220214844
0 0.0131 209.9765968322754 205.14568328857422 260.4657173156738 229.93511199951172
0 0.0128 165.2466583251953 111.45711898803711 204.9250030517578 143.68101119995117
0 0.0122 17.929582595825195 56.54726028442383 72.30254173278809 78.53742599487305
0 0.0122 439.15428161621094 215.78022003173828 491.19354248046875 239.30767059326172
0 0.0119 128.92822742462158 -14.0645694732666 181.39628887176514 9.152841567993164
0 0.0118 609.1206550598145 145.3732681274414 638.7499809265137 169.6554183959961
0 0.0116 512.6921272277832 -107.5 638.7499809265137 -37.65076160430909
0 0.0115 609.0160369873047 515.1190376281738 638.75 531.2499809265136
0 0.0115 608.7426948547363 -4.371814727783202 638.7499809265137 19.399776458740234
0 0.0111 328.7800598144531 56.031513214111335 381.5301513671875 79.05649185180664
0 0.0106 265.7107734680176 210.30872344970703 304.5124626159668 244.73163604736328
0 0.0104 608.6609077453613 245.68435668945315 638.7499809265137 269.3437194824219
0 0.0104 210.14549255371094 134.99725341796875 260.31890869140625 160.0804901123047
0 0.0103 17.976760864257812 26.518487930297848 72.2598934173584 48.56621742248535
0 0.0103 548.9425277709961 235.92544555664062 601.3834762573242 259.1627502441406
0 0.0100 609.5591926574707 375.0342559814453 638.7499809265137 399.99099731445307
