0 0.0254 0.0 219.8858642578125 638.75 558.75
0 0.0229 0.0 -79.99999999999999 510.9122848510742 201.51496887207028
0 0.0192 588.5546684265137 223.67137908935547 638.7500190734863 246.4156341552734
0 0.0180 569.1141510009766 313.3081436157226 621.2294769287109 336.77982330322266
0 0.0178 574.3924140930176 44.836812019348145 638.7499809265137 94.74700450897215
0 0.0161 512.6921272277832 -80.0 638.7499809265137 -10.150761604309086
0 0.0158 608.548755645752 253.25519561767575 638.7499809265137 276.77234649658203
0 0.0148 578.9022445678711 283.45409393310547 631.4194107055664 306.63440704345703
0 0.0148 588.9779853820801 343.40038299560547 638.7499809265137 366.68766021728516
0 0.0142 528.9228820800781 223.43348503112793 581.4022827148438 246.6540241241455
0 0.0139 574.3924140930176 104.83682632446288 638.7499809265137 154.74702835083005
0 0.0137 589.0064811706543 193.37448120117185 638.7500190734863 216.7125701904297
0 0.0129 535.5606842041016 48.23131084442139 574.6417999267578 81.84418201446533
0 0.0120 549.0151596069336 253.3754730224609 601.3183975219727 276.7125701904297
0 0.0117 609.0138244628906 542.6209259033203 638.75 558.75
0 0.0112 368.85711669921875 203.4776496887207 421.46141052246094 226.60993576049805
0 0.0112 508.42769622802734 323.75007629394526 561.8498611450195 346.33659362792963
0 0.0112 608.9596557617188 162.9866600036621 638.75 187.04221725463867
0 0.0111 198.43053817749023 223.74313354492188 251.84843063354492 246.3427734375
0 0.0108 535.3865814208984 88.63613128662108 574.7990417480469 121.4739990234375
0 0.0107 479.16988372802734 203.26629638671875 531.1801528930664 226.82109832763672
0 0.0106 248.8314437866211 203.49424362182617 301.48460388183594 226.59326553344727
0 0.0105 418.9823913574219 183.39860916137695 471.34765625 206.68958663940427
0 0.0104 518.6824798583984 293.5921859741211 571.6188049316406 316.4953994750976
0 0.0103 609.1617012023926 12.843542098999022 638.7499809265137 37.18501091003418
0 0.0102 269.2995834350586 163.17731857299802 321.06353759765625 186.9100761413574
0 0.0101 127.70265579223633 224.16798591613767 182.51140594482422 245.91425895690915
0 0.0100 545.0053405761719 189.42684173583984 585.1493072509766 220.7534408569336
0 0.0100 188.81013870239258 193.50629806518555 241.50423049926758 216.5809440612793
