0 0.4945 139.2813205718994 118.81523132324219 357.52455711364746 191.77383422851562
0 0.4178 134.3935775756836 451.7544937133789 374.2870712280273 520.731086730957
0 0.2123 200.05489349365232 192.93834686279297 285.7880783081054 233.68408203125
0 0.2022 355.86914062499994 377.65777587890625 395.4417419433594 410.6401062011719
0 0.1541 57.71507263183594 171.81835174560547 389.2555236816406 348.48934173583984
0 0.1488 105.2794075012207 418.6881637573242 143.53689193725586 454.75582122802734
0 0.1479 253.5470581054687 582.0359802246094 365.9397888183594 638.75
0 0.1447 106.01875305175781 390.17723083496094 318.05816650390625 467.1996307373047
0 0.1310 315.9017181396484 183.57616424560547 352.5656127929687 214.24640655517578
0 0.1306 128.8010025024414 221.31357192993164 166.07097625732422 253.59346389770508
