0 0.0695 370.89595794677734 -8.361375331878662 419.69959259033203 18.404710292816162
0 0.0623 420.8211135864258 1.7527866363525402 469.75643157958984 28.29716682434082
0 0.0553 370.84423065185547 21.70710563659668 419.7408676147461 48.33949089050292
0 0.0509 320.4150390625 -7.78010606765747 370.0917053222656 17.8484845161438
0 0.0482 425.6843566894531 27.89024353027344 464.53468322753906 62.15679168701171
0 0.0429 360.25001525878906 -37.6069450378418 410.2302551269531 -12.31861114501953
0 0.0413 465.6087112426758 28.11016082763672 504.5991897583008 61.955127716064446
0 0.0411 320.2706527709961 22.36373901367187 370.2145004272461 47.708930969238274
0 0.0393 420.35755157470703 -27.706999778747555 470.1375198364258 -2.2208929061889644
0 0.0336 309.6690368652344 -37.10551261901855 360.73646545410156 -12.810297012329103
0 0.0306 385.56201934814453 48.22017669677735 424.6413803100586 81.85440063476562
0 0.0301 470.1858139038086 2.4629974365234375 520.2835464477539 27.61425018310547
0 0.0263 345.3523635864258 48.708038330078125 384.8305130004883 81.4083480834961
0 0.0254 0.0 219.8858642578125 638.75 558.75
0 0.0240 505.29911041259766 28.84716033935547 544.876823425293 61.281299591064446
0 0.0239 318.3323001861572 -76.18854999542236 371.9357204437256 -53.724679946899414
0 0.0230 430.4716491699219 62.16759204864503 480.0426483154297 87.8996992111206
0 0.0229 0.0 -79.99999999999999 510.9122848510742 201.51496887207028
0 0.0216 269.22112464904785 3.2264328002929688 321.1350917816162 26.860294342041012
0 0.0200 269.0875244140625 33.32151412963867 321.2544250488281 56.76578521728515
0 0.0195 338.9823532104492 83.38367462158203 391.3508987426758 106.70242309570311
0 0.0184 574.3924140930176 64.83682632446288 638.7499809265137 114.74702835083006
0 0.0180 545.2852249145508 28.873767852783203 584.8897933959961 61.25703811645507
0 0.0176 480.25489807128906 62.39271163940429 530.2252197265625 87.68217086791992
0 0.0167 574.3924140930176 124.83682632446288 638.7499809265137 174.74702835083008
0 0.0165 259.0379524230957 -26.641540527343746 311.2982749938965 -3.2706737518310542
0 0.0163 358.78013610839844 113.52830886840819 411.53076171875 136.5592384338379
0 0.0161 294.9258804321289 59.56975936889648 335.22403717041016 90.62360763549803
0 0.0158 378.32393646240234 -76.18175506591795 431.9429397583008 -53.731255531311035
0 0.0153 258.07668685913086 -76.03859901428223 312.1686363220215 -53.87605190277099
0 0.0146 298.78929138183594 113.52874755859372 351.5211486816406 136.55971527099607
0 0.0145 415.24017333984375 88.9567756652832 454.9323272705078 121.18139266967772
0 0.0141 529.2709732055664 3.196983337402344 581.0892868041992 26.890392303466793
0 0.0134 512.6921272277832 -80.0 638.7499809265137 -10.150761604309086
0 0.0133 368.50818634033203 143.70512008666992 421.7758560180664 166.3824653625488
0 0.0129 589.6094512939453 32.94931411743164 638.75 57.13655471801757
0 0.0128 408.97216796875 223.4062576293945 461.3567352294922 246.68205261230466
0 0.0125 598.9420318603516 3.429851531982422 638.75 26.658935546874996
0 0.0122 299.1219234466553 233.30265045166013 351.22254371643066 256.78524017333984
0 0.0120 574.3924140930176 184.8368263244629 638.7499809265137 234.74702835083008
0 0.0118 429.19795989990234 253.24962615966797 481.1543655395508 276.83811187744135
0 0.0117 309.22205924987793 143.2350158691406 361.13232612609863 166.85298919677732
0 0.0114 535.1901626586914 69.06623840332031 574.9777603149414 101.0816192626953
0 0.0112 428.9143371582031 -56.551542282104485 481.4080047607422 -33.359642028808594
0 0.0110 254.87689971923828 59.66678619384766 295.26905059814453 90.53548812866211
0 0.0110 408.6640930175781 193.60561370849607 461.6350555419922 216.48212432861325
0 0.0108 359.8598861694336 232.7482986450195 410.56690216064453 257.3347854614258
0 0.0106 279.4649887084961 263.05397033691406 330.91663360595703 287.032241821289
0 0.0105 439.3288803100586 283.15788269042963 491.03702545166016 306.92962646484375
0 0.0104 455.32020568847656 88.78929138183594 494.85877990722656 121.33415222167969
0 0.0101 269.4160556793213 303.0905151367187 320.96007347106934 326.9960784912109
