0 0.2155 236.58334732055664 180.49895858764648 290.02389907836914 198.90483474731445
0 0.1657 484.7930145263672 105.1170120239258 505.3912353515625 156.70537567138672
0 0.1604 137.18669414520264 388.80166625976557 190.27809619903564 407.63597106933594
0 0.1536 30.805320739746094 100.91981506347656 61.033029556274414 133.35816955566406
0 0.1455 296.0746765136719 175.02643203735352 338.74889373779297 196.08123397827148
0 0.1126 286.09081268310547 197.5774917602539 327.89073944091797 222.28299713134766
0 0.1102 70.23614883422852 408.3598861694336 121.06918334960938 426.3842544555664
0 0.1046 31.890485286712646 389.8286590576172 81.34382486343384 409.939208984375
0 0.1041 156.9704008102417 179.6589050292969 206.3816499710083 201.33855438232422
0 0.1013 0.0 393.7787780761719 31.520085334777832 421.5596923828125
