0 0.2612 396.2506866455078 -75.10525465011597 453.8496398925781 -54.82684612274169
0 0.2364 335.9885787963867 -64.97933864593506 394.0909194946289 -44.95471000671387
0 0.1449 307.6101779937744 -45.77155113220214 362.5938320159912 -24.145393371582028
0 0.1421 416.84383392333984 -55.37888407707214 473.2992172241211 -34.545432329177856
0 0.1362 277.0503902435303 -75.48422336578369 333.1094455718994 -54.438419342041016
0 0.0900 456.71531677246094 -75.32556056976318 513.4201049804688 -54.60155487060546
0 0.0831 367.89764404296875 -35.93157768249511 422.3310089111328 -13.983478546142576
0 0.0690 247.5075340270996 -45.726442337036126 302.69025802612305 -24.192848205566403
0 0.0687 187.4957275390625 -65.71638107299805 242.70023345947266 -44.20244216918945
0 0.0605 88.1129264831543 -76.05758905410767 142.1351432800293 -53.85655641555787
0 0.0598 207.15383529663086 -25.538930892944332 263.01469802856445 -4.383068084716796
0 0.0529 267.46028900146484 -15.713605880737303 322.7364730834961 5.792055130004882
0 0.0447 216.61205291748047 4.734249114990234 273.5131072998047 25.339107513427734
0 0.0442 27.812223434448242 -75.890793800354 82.41071701049805 -54.025893211364746
0 0.0340 144.38833236694336 -69.51530933380127 185.73087692260742 -40.20486831665039
0 0.0279 28.361225128173828 -46.20503425598144 81.90922737121582 -23.707933425903317
0 0.0274 236.28911972045898 24.8869514465332 293.8116264343262 45.182971954345696
0 0.0272 148.5861587524414 -36.33984088897705 201.70440673828125 -13.571820259094238
0 0.0254 0.0 219.8858642578125 638.75 558.75
0 0.0248 88.82118225097656 -46.49308323860168 141.4925765991211 -23.418558835983276
0 0.0239 324.56886291503906 -19.811086654663086 365.5602264404297 10.062417984008789
0 0.0229 0.0 -79.99999999999999 510.9122848510742 201.51496887207028
0 0.0228 457.8722381591797 -35.91906547546387 512.3546600341797 -13.99641990661621
0 0.0220 297.0344066619873 14.51685905456543 353.12573432922363 35.55926322937012
0 0.0214 158.58386516571045 -6.337893009185791 211.7063570022583 16.42629861831665
0 0.0188 348.87386322021484 33.464508056640625 401.4468002319336 56.622772216796875
0 0.0187 0.7824563980102539 -77.2265100479126 28.812274932861328 -32.535338401794434
0 0.0186 169.09671783447266 23.325634002685543 221.24393463134766 46.76311492919921
0 0.0184 518.1186676025391 -76.06868267059326 572.1316528320312 -53.84657382965087
0 0.0171 378.2986068725586 -6.168100833892822 431.9662857055664 16.254751682281494
0 0.0124 599.2003059387207 -66.7487335205078 638.7499809265137 -43.163065910339355
0 0.0123 404.94373321533203 29.548740386962887 445.2061080932617 60.642642974853516
0 0.0118 287.3259735107422 44.37299728393555 342.8561782836914 65.70669174194336
0 0.0117 19.156970977783203 23.27939987182617 71.19087219238281 46.80860519409179
0 0.0115 0.0 -21.034936904907223 34.932188987731934 11.17380142211914
0 0.0106 518.4627532958984 -46.27379894256591 571.8185424804688 -23.63976955413818
0 0.0105 38.87273550033569 -16.529788970947266 91.44672632217407 6.617774963378906
