0 0.2030 467.59653091430664 61.44915294647218 499.0234375 79.1817284822464
0 0.1496 467.3263877630234 38.172853708267226 499.0234524011612 55.58161211013795
0 0.1361 396.69471979141235 69.60966956615448 439.41277265548706 86.64352965354921
0 0.1279 460.40254831314087 84.47380137443544 499.0234375 103.03197574615479
0 0.0868 396.0780203342438 46.49297666549683 439.98000025749207 62.87939620018006
0 0.0825 405.8757722377777 92.16846299171448 445.9891617298126 110.96150946617126
0 0.0567 460.7968479394913 107.61071515083314 499.0234225988388 126.76714134216309
0 0.0483 367.2880828380585 91.77514684200287 406.51050209999084 111.34835851192474
0 0.0459 363.20361495018005 66.08558964729309 394.7236239910126 90.25722515583038
0 0.0448 448.74407351017 132.65377056598663 499.0234225988388 171.646115899086
0 0.0417 398.46688508987427 115.2724153995514 437.82299757003784 134.72695422172546
0 0.0370 410.6651246547699 158.55252516269684 441.06462597846985 185.17797958850858
0 0.0369 350.61949491500854 45.69314938783646 391.81065559387207 63.688566505908966
0 0.0357 467.1628624200821 14.827897369861617 499.0234225988388 32.05033165216447
0 0.0320 398.5127806663513 138.67103826999664 437.78276443481445 158.20270550251007
0 0.0310 476.00287199020386 404.4650919437408 499.0234375 423.61952137947077
0 0.0304 170.6608235836029 -34.15935713052747 315.66330790519714 26.335348904132857
0 0.0296 388.28685879707336 23.045895218849196 432.1475923061371 39.45186507701875
0 0.0284 448.74407351017 179.528763115406 499.0234225988388 218.5210935473442
0 0.0277 379.32413816452026 158.79422199726102 409.89428758621216 184.9565781354904
0 0.0263 445.99607586860657 46.02283757925035 467.7376449108124 79.36253172159196
0 0.0250 250.41815638542175 28.038201451301585 272.7414667606354 65.53864252567293
0 0.0245 359.35288667678833 115.30874443054198 398.80698919296265 134.69038677215573
0 0.0229 0.0 235.9256721735001 399.1504907608032 456.02342259883875
0 0.0228 273.88015389442444 28.160800755023963 296.14922404289246 65.43121260404588
0 0.0228 226.99929773807526 28.12896442413331 249.28133189678192 65.4585338830948
0 0.0201 301.32558941841125 33.449729502201095 331.6592872142792 60.272281587123885
0 0.0201 332.22708106040955 65.55411365628244 363.2197082042694 90.74076411128044
0 0.0200 406.5662622451782 185.30431163311002 445.39105892181396 205.31177294254303
0 0.0200 203.56594026088715 28.148209273815173 225.8387953042984 65.4413453936577
0 0.0190 22.868677973747253 146.99111652374268 63.35160881280899 165.51382613182068
0 0.0190 359.1310381889343 138.93882703781128 398.9996910095215 157.9395062923431
0 0.0182 448.74407351017 226.40375566482544 499.0234225988388 265.3961009979248
0 0.0181 319.7946846485138 -40.535154223442056 360.1788580417633 -21.958673775196054
0 0.0175 373.5608160495758 -39.94261886179445 415.6990945339203 -22.552933946251848
0 0.0175 301.23820900917053 64.94597864151002 331.7345678806305 91.29652154445648
0 0.0170 258.27503204345703 67.32948270440102 280.5001139640808 104.40228280425072
0 0.0166 180.12943863868713 28.15343213081361 202.4000883102417 65.43683779239655
0 0.0166 269.66390013694763 385.995668888092 300.77800154685974 410.93568277359003
0 0.0165 475.7571369409561 381.2022335529327 499.0234225988388 400.0076777935028
0 0.0163 273.8519012928009 145.20658326148984 296.1835563182831 182.74284672737122
0 0.0163 22.523194551467896 170.66679668426514 63.66140395402908 188.7138612270355
0 0.0162 328.09409499168396 91.89153981208801 367.56208539009094 111.23443913459778
0 0.0160 342.8650200366974 22.216049551963817 383.94615054130554 40.290487527847304
0 0.0159 467.5265699625015 -40.07260727882383 499.0234225988388 -22.422084987163522
0 0.0159 475.6818413734436 443.5060895681381 499.0234375 456.0234524011612
0 0.0157 23.13440851867199 123.3586348295212 63.11473436653614 142.2700561285019
0 0.0155 66.7211189866066 143.40942871570587 97.4871888756752 169.11193501949307
0 0.0154 250.42584538459778 114.01012313365936 272.73210883140564 151.44502890110016
0 0.0153 448.74407351017 273.27875566482544 499.0234225988388 312.2711009979248
0 0.0152 30.199259519577026 194.1917963027954 71.59724831581116 212.06359338760373
0 0.0151 308.71838331222534 386.0086925029754 339.84822034835815 410.9237916469574
0 0.0151 234.8388433456421 67.33767461776733 257.06106424331665 104.395521402359
0 0.0149 394.66312527656555 385.9925694465637 425.77919363975525 410.9384841918945
0 0.0147 297.3320186138153 161.0489912033081 319.56931948661804 198.17830395698547
0 0.0144 238.46623301506042 385.8884997367859 269.47978138923645 411.0333151817321
0 0.0141 273.89729022979736 106.37710762023926 296.12845182418823 143.47754192352292
0 0.0138 250.41863322257996 153.0397511720657 272.7409303188324 190.53712260723114
0 0.0135 348.0267524719238 166.72700417041776 378.6861300468445 192.65901815891266
0 0.0133 15.28533548116684 99.95163750648499 55.33412843942642 118.80267930030823
0 0.0130 448.74407351017 335.7787556648254 499.0234225988388 374.77110099792475
0 0.0129 30.042745172977448 217.7286870479584 71.73867523670197 235.40146422386167
0 0.0127 340.018093585968 385.9118349552154 371.05196714401245 411.0120661258697
0 0.0125 227.00543701648712 106.28404986858368 249.273881316185 143.55703961849213
0 0.0125 211.3921344280243 67.28431355953217 233.63471031188965 104.440567612648
0 0.0124 0.5997885018587112 123.11751914024352 22.52325601875782 158.2280821800232
0 0.0120 27.54081878811121 73.35478213429451 58.53202845901251 98.56408235430717
0 0.0120 432.83000588417053 20.299067318439498 465.6886160373688 42.39872616529466
0 0.0119 420.3798472881317 -39.91300094127653 462.62577176094055 -22.583300650119757
0 0.0118 316.7605698108673 -12.922374933958034 347.4506437778473 12.936660617589967
0 0.0117 297.40816354751587 91.24932956695555 319.4775581359863 127.44833302497862
0 0.0116 156.71370923519135 28.27554714679719 178.93622815608978 65.33293199539185
0 0.0115 63.0544051527977 107.05818009376527 85.0771889090538 142.93132495880127
0 0.0115 320.2827572822571 115.32738578319548 359.7487211227417 134.67347395420074
0 0.0115 207.2448879480362 385.8272559642792 238.20360004901886 411.0891349315643
0 0.0114 22.418059408664703 -40.200559824705095 63.755884766578674 -22.293618351221063
0 0.0113 418.26823353767395 205.94815683364868 449.0632116794586 231.57654476165771
0 0.0112 475.2059131860733 -9.070793569087964 499.0234225988388 9.028357982635514
0 0.0112 70.2030211687088 170.0753695964813 109.81981456279755 189.30078816413877
0 0.0111 320.82295417785645 161.3912410736084 342.9422974586487 197.8963441848755
0 0.0111 0.0 73.30477383732796 27.26091258227825 98.60970970988275
0 0.0111 383.380651473999 185.30212861299512 405.3732752799988 220.96464556455612
0 0.0108 0.0 404.42017984390253 39.46372866630554 423.70657396316517
0 0.0108 0.0 443.51951551437367 40.02496227622032 456.0234375
0 0.0107 301.313191652298 135.04597318172455 331.6701352596283 161.80383932590482
0 0.0105 97.81332686543465 385.94580960273737 128.88048216700554 410.98107171058655
0 0.0104 429.44031953811646 396.75406885147095 469.3149924278259 415.74935388565063
0 0.0102 102.09446400403976 130.3071804046631 124.16652590036392 166.51518416404724
0 0.0101 380.90842962265015 -0.6178714632987796 423.93624782562256 16.244386851787585
0 0.0100 390.3838098049164 412.37731051444996 430.2465617656708 431.3764102458953
