0 0.0281 137.63351917266846 117.70953750610353 192.57384777069092 139.37274551391602
0 0.0271 188.13997268676758 137.42488479614258 242.11088180541992 159.6608695983887
0 0.0268 177.42502212524414 97.82096481323244 232.76517868041992 119.25960159301759
0 0.0257 137.3945665359497 77.83753967285158 192.79304027557373 99.24283599853516
0 0.0254 0.0 193.38586425781247 638.75 532.25
0 0.0232 198.1582260131836 57.40806198120118 252.09564208984375 79.67689132690431
0 0.0229 0.0 -106.49999999999999 510.9122848510742 175.01496887207034
0 0.0223 127.61719226837158 147.71672821044922 182.5892210006714 169.36517333984375
0 0.0214 248.64688873291016 37.118183135986335 301.6502380371094 59.96976470947267
0 0.0199 87.61406898498535 97.72086715698242 142.59150505065918 119.36137771606445
0 0.0196 137.4193239212036 47.82430267333986 192.77034282684326 69.25626373291017
0 0.0190 188.61120223999023 167.1366081237793 241.68340682983398 189.9506721496582
0 0.0186 248.6361312866211 77.11812591552736 301.6614532470703 99.96881103515625
0 0.0182 237.7183723449707 117.6618537902832 292.49643325805664 139.42088699340817
0 0.0157 187.93167114257812 27.54183387756349 242.30159759521484 49.54224205017091
0 0.0154 298.84501457214355 56.990104675292976 351.4713764190674 80.09809112548828
0 0.0152 248.19646835327148 147.39503479003906 302.0586967468262 169.6914825439453
0 0.0138 78.0363655090332 67.48433685302734 132.20550537109375 89.6007308959961
0 0.0136 77.79070854187012 127.62534713745117 132.42945671081543 149.45842361450195
0 0.0135 127.91183948516846 177.55529022216797 182.3191785812378 199.5289764404297
0 0.0129 298.1827449798584 17.401224136352553 352.0716190338135 39.68494987487794
0 0.0127 358.07411193847656 177.46499633789062 412.1705627441406 199.62064361572266
0 0.0120 298.29124450683594 97.33291244506836 351.9737243652344 119.75322341918945
0 0.0119 127.53730773925781 17.761741638183604 182.6620101928711 39.31983566284181
0 0.0119 358.389892578125 207.277322769165 411.88323974609375 229.8098049163818
0 0.0117 238.24886322021484 7.3620662689209135 292.0114517211914 29.724431991577163
0 0.0114 347.79869079589844 147.62012100219727 402.4223327636719 169.4636116027832
0 0.0114 298.6418151855469 167.12308502197266 351.65443420410156 189.9651107788086
0 0.0113 78.16999197006226 37.40908718109132 132.08315134048462 59.677086830139174
0 0.0106 512.6921272277832 -106.49999999999997 638.7499809265137 -36.65076160430907
0 0.0105 608.8980293273926 516.2094841003418 638.7499809265137 532.2500190734863
0 0.0104 348.32515716552734 77.31280899047853 401.94286346435547 99.77351760864259
0 0.0100 297.96337127685547 127.52700424194336 352.2719192504883 149.5577583312988
