0 0.0281 207.51109719276428 193.8237100839615 237.9644811153412 220.28876841068268
0 0.0260 74.58187639713287 194.11469995975494 105.25570809841155 220.02242505550385
0 0.0256 180.21053075790402 188.86013329029083 202.30221748352048 225.19664466381073
0 0.0254 -62.499999999999986 234.28583145141602 436.5234375 499.0234375
0 0.0240 191.847026348114 162.67818212509155 222.3735451698303 188.9430582523346
0 0.0229 -62.499999999999986 0.0 336.6502225399017 219.93356943130493
0 0.0226 207.42404460906982 225.29538720846176 238.0414605140686 251.33583694696426
0 0.0223 156.7828804254532 188.93741071224213 178.8529008626938 225.13578832149506
0 0.0223 105.92198371887207 193.8936561346054 136.42531633377075 220.22469341754913
0 0.0220 238.557368516922 202.13036239147186 269.39645409584045 227.6492863893509
0 0.0215 70.44708728790283 220.67555785179138 109.60733890533447 240.32142758369446
0 0.0214 70.49264013767242 173.7612932920456 109.56747829914093 193.48503649234772
0 0.0203 176.1783957481384 225.28206557035446 206.7878246307373 251.34802609682083
0 0.0201 43.23198273777962 194.34477388858795 74.09582659602165 219.81222927570343
0 0.0201 222.9194641113281 163.09839487075806 253.7829875946045 188.5589063167572
0 0.0193 160.5798825621605 162.72041201591492 191.13890081644058 188.90440464019775
0 0.0188 -15.96011221408844 478.8779020309448 24.081692099571228 497.75034189224243
0 0.0186 270.0738310813904 412.3924970626831 300.4108071327209 439.2049312591553
0 0.0184 277.7343690395355 467.4856960773468 308.3561360836029 493.5207664966583
0 0.0182 113.64847421646117 162.85938024520874 144.31408047676086 188.77726793289185
0 0.0181 109.92541909217834 220.33081203699112 131.95690512657166 256.27388805150986
0 0.0175 74.43127036094666 241.325281560421 105.39254546165465 266.59099012613297
0 0.0174 238.51647973060608 233.46933722496033 269.43376660346985 258.8180899620056
0 0.0173 171.0935533046722 112.0208166539669 211.97822690010068 130.23555651307106
0 0.0172 -62.5 470.88301181793213 -23.007884621620178 490.11898040771484
0 0.0171 144.90382373332977 225.3430262207985 175.55965483188626 251.29225105047226
0 0.0169 202.8934359550476 135.0599229335785 242.7375316619873 154.06909584999084
0 0.0163 31.20091557502747 220.842182636261 70.70344686508179 240.15876650810242
0 0.0159 31.201109290122986 173.96891117095947 70.70289552211761 193.28227639198303
0 0.0155 30.802693217992783 478.9649248123169 71.05580344796181 497.6643919944763
0 0.0154 163.94075006246567 134.96707379817963 203.57928425073624 154.16009724140167
0 0.0152 170.6540882587433 88.86446058750153 212.37555146217346 106.51601850986481
0 0.0150 82.36631751060484 147.30745553970337 113.0932569503784 173.08548092842102
0 0.0150 273.8262712955475 439.17229771614075 312.5161826610565 459.3171179294586
0 0.0147 195.48562169075012 251.89387798309326 234.5733344554901 271.6027498245239
0 0.0145 262.0987296104431 381.5738260746002 292.7406430244446 407.5597822666168
0 0.0145 11.932887136936188 194.44957375526428 42.890794575214386 219.7166085243225
0 0.0142 210.33465862274167 486.5170568227768 250.95939636230466 499.0234524011612
0 0.0138 43.10948774218559 241.47755652666092 74.20821860432625 266.4521858096123
0 0.0138 124.40769374370574 119.70430985093117 164.9332195520401 138.17694410681725
0 0.0137 217.9407775402069 112.04031482338905 258.87802243232727 130.21617755293846
0 0.0137 250.5837380886078 470.660924911499 272.5423872470855 499.0234375
0 0.0135 156.31967782974243 251.98739767074585 195.60036063194275 271.5113162994385
0 0.0135 77.66720652580261 478.9733588695526 117.94000864028929 497.6561367511749
0 0.0135 238.59375715255737 412.9789173603058 269.3641781806946 438.66804242134094
0 0.0132 124.9411106109619 142.72846281528473 164.4614040851593 162.02302277088165
0 0.0132 -62.5 447.55440950393677 -30.698396265506744 466.5738344192505
0 0.0131 124.53281879425049 478.98003458976746 164.82341289520264 497.6494610309601
0 0.0127 269.6671783924103 202.4240791797638 300.7752001285553 227.38146781921387
0 0.0126 178.29459905624387 65.52988290786743 220.34448385238645 82.97476172447205
0 0.0126 50.99639296531677 147.5723534822464 81.95239305496216 172.84364998340607
0 0.0126 -24.014227092266083 455.62881231307983 16.482189297676086 474.1271138191223
0 0.0124 123.88852238655089 96.61203622817993 165.40071368217468 114.39420282840729
0 0.0122 254.0556490421295 171.1500734090805 285.13744473457336 196.15329802036285
0 0.0122 234.29012298583984 259.9373459815979 273.8592624664306 279.18946743011475
0 0.0119 105.73554039001463 256.83337450027466 136.59295439720154 282.32264518737793
0 0.0118 238.55498433113095 444.31737065315247 269.3991959095001 469.8372781276703
0 0.0118 413.2986217737198 486.4173084497452 436.5234225988388 499.0234225988388
0 0.0115 -62.5 413.08629512786865 -35.28015315532684 438.56996297836304
0 0.0114 241.57282710075376 143.15731823444366 282.1407616138458 161.59896552562714
0 0.0113 217.75567531585693 80.9113159775734 259.0450644493103 98.8449677824974
0 0.0112 257.6411068439483 361.56976222991943 297.3729074001312 380.6830048561096
0 0.0111 199.53429698944092 272.3533809185028 230.29828071594238 298.04351925849915
0 0.0111 308.66745114326477 483.40703547000885 339.9347960948944 499.0234225988388
0 0.0106 269.6342170238495 233.74146968126297 300.8055388927459 258.5700675845146
0 0.0105 230.5905222892761 382.13852047920227 261.7259621620178 407.0444405078888
0 0.0104 131.34855031967163 73.38609546422958 173.53376746177673 90.74347466230392
0 0.0103 168.18436235189435 272.5695073604584 199.13963228464124 297.8462278842926
0 0.0102 230.68174719810486 280.3916931152344 261.64159178733826 305.64987659454346
0 0.0100 175.8246123790741 476.03750228881836 207.1116864681244 499.0234375
