0 0.1403 250.40027499198914 17.284147441387173 289.06920552253723 37.454716861248016
0 0.1231 210.0619375705719 10.516881942749022 251.12634897232056 28.613880276679993
0 0.1065 257.6079070568085 -5.589159205555916 297.4017560482025 13.467537239193916
0 0.0833 210.54425090551376 33.614180982112885 250.6948485970497 52.39009112119675
0 0.0765 459.2660814523697 -28.060548007488247 499.0234225988388 -10.936565697193146
0 0.0757 209.56646651029587 -12.608801946043968 251.57476216554642 4.863446578383446
0 0.0731 254.4114589691162 37.49365732073784 284.8184108734131 64.11217525601387
0 0.0649 289.02468085289 17.710216343402863 328.5055458545685 37.04091161489487
0 0.0624 467.63597428798676 -4.949606955051422 499.0234524011612 12.83072680234909
0 0.0608 458.9231163263321 -51.31501145660877 499.0234225988388 -34.56028737127781
0 0.0447 162.9507839679718 10.673761367797852 204.4636309146881 28.457343578338623
0 0.0423 285.6678366661072 37.48548030853271 316.0620331764221 64.11965191364287
0 0.0421 411.7995798587799 -35.558875650167465 455.51684498786926 -19.06830444931984
0 0.0419 475.7431894540787 17.963536083698273 499.0234225988388 36.746613681316376
0 0.0365 162.67621517181396 -12.59692758321762 204.71301674842834 4.851914942264557
0 0.0352 420.1297461986542 -12.395784258842468 462.8541171550751 4.64794784784317
0 0.0321 448.74407351017 50.653770565986626 499.0234225988388 89.646115899086
0 0.0304 303.4801781177521 -4.891194403171539 345.1751172542572 12.772105634212492
0 0.0303 412.6719832420349 10.842785239219666 454.71692085266113 28.287142515182495
0 0.0287 175.7068932056427 30.951350927352905 207.2208821773529 55.14062941074371
0 0.0284 411.7564558982849 -58.97673964500427 455.55704832077026 -42.52619296312332
0 0.0262 185.72719395160675 -35.81373393535613 228.50333154201508 -18.80865544080734
0 0.0261 373.2488751411438 -20.198199898004532 415.9829020500183 -3.173653036355973
0 0.0254 0.0 171.78583145141602 499.0234375 436.5234375
0 0.0247 222.85744547843933 53.848665207624435 253.84047627449036 79.06966283917427
0 0.0246 248.8574981689453 -28.369061648845673 290.42893648147583 -10.624863207340239
0 0.0240 366.48374795913696 18.219418823719025 407.22060203552246 36.53707355260849
0 0.0232 258.1750452518463 64.19995427131653 296.9132959842682 84.29038524627686
0 0.0229 0.0 -62.499999999999986 399.15022253990173 157.43356943130493
0 0.0228 448.74407351017 97.52877056598663 499.0234225988388 136.521115899086
0 0.0225 30.4788276553154 18.260672688484192 71.34467363357544 36.49523854255676
0 0.0219 421.235054731369 33.799394965171814 461.85103058815 52.20685899257659
0 0.0180 364.9701178073883 -43.389808386564255 408.59881043434143 -26.861213147640232
0 0.0179 116.22199416160583 10.578900575637817 157.45678544044495 28.55224907398224
0 0.0163 327.8089463710785 25.747559964656833 367.8129017353058 44.63177174329758
0 0.0155 177.966371178627 -59.282738715410225 220.64422070980072 -42.21471399068832
0 0.0150 77.01549679040909 26.296727359294888 118.52426081895828 44.08428817987442
0 0.0149 30.56544065475464 41.63701832294464 71.26729935407639 59.993505477905266
0 0.0147 139.01282846927643 -35.903878509998314 181.48155510425568 -18.71746033430099
0 0.0144 30.3167924284935 -5.066961050033569 71.49012386798859 12.948155403137207
0 0.0143 448.74407351017 144.40377056598663 499.0234225988388 183.396115899086
0 0.0141 0.0 -52.510324865579605 31.72769397497177 -33.362068235874176
0 0.0141 301.13252997398376 69.14547085762024 331.8285644054413 94.99427676200867
0 0.0140 262.1188759803772 84.65394377708435 292.722225189209 110.72584986686707
0 0.0137 0.0 7.1346089243888855 27.348320931196213 32.04797953367233
0 0.0136 116.12652614712715 -12.794664129614828 157.54247829318047 5.051037296652794
0 0.0134 295.3035235404968 -28.11415120959282 337.69428730010986 -10.881874710321425
0 0.0128 131.28605484962463 -59.39232930541038 173.5912263393402 -42.10377112030982
0 0.0127 191.57716631889343 61.72916293144226 222.61780500411987 86.82015538215637
0 0.0124 131.99186325073242 33.920541405677795 172.95131087303162 52.08560824394226
0 0.0119 230.80340027809143 108.23972523212433 261.5317404270172 134.02776420116425
0 0.0119 366.9450581073761 41.316427290439606 406.81007504463196 60.312412679195404
0 0.0115 418.42004656791687 84.52439308166504 448.9269554615021 110.84443330764769
0 0.0115 199.26869869232178 93.21616590023041 230.54265975952148 117.85437166690826
0 0.0115 37.91790455579758 -59.623219072818756 79.49451357126236 -41.871495544910424
0 0.0113 320.3953504562378 48.85425791144371 359.65073108673096 68.39469447731972
0 0.0109 0.0 33.475443720817566 31.78095445036888 52.52778530120849
0 0.0109 22.18102663755417 -28.300687670707703 63.970185816287994 -10.693877935409546
0 0.0109 222.83971309661865 139.82632756233215 253.85645031929016 164.9705171585083
0 0.0109 475.7634550333023 423.9446073770523 499.0234225988388 436.5234225988388
0 0.0108 76.90898329019547 49.79868233203888 118.62116307020187 67.45676696300507
0 0.0106 418.22895407676697 53.729444742202766 449.0983188152313 79.17839288711548
0 0.0106 332.3915898799896 69.12282109260559 363.0705773830414 95.0149893760681
