0 0.1358 456.21158599853516 154.91647720336914 513.8849258422852 175.1515769958496
0 0.1060 446.48277282714844 174.79003906249997 503.6339569091797 195.28102874755857
0 0.0952 455.57628631591797 135.1979637145996 514.4746780395508 154.8624229431152
0 0.0622 395.50132751464844 155.23103713989258 454.5441436767578 174.82858657836914
0 0.0566 517.5000381469727 154.2816162109375 572.6961898803711 175.7996368408203
0 0.0561 426.62986755371094 194.72248077392578 483.4973907470703 215.35057067871094
0 0.0511 385.7771682739258 175.11308670043945 444.2874526977539 194.95012283325192
0 0.0490 395.4366683959961 135.25808334350586 454.60437774658203 154.80066299438477
0 0.0455 488.19541931152344 193.8840675354004 542.0622253417969 216.2007713317871
0 0.0453 455.44036865234375 115.25375366210938 514.6015930175781 134.80457305908203
0 0.0352 395.68267822265625 115.15174865722656 454.37583923339844 134.90989685058594
0 0.0338 578.2317733764648 143.8691139221191 632.027702331543 166.2168312072754
0 0.0332 517.0417785644531 124.5133590698242 573.118896484375 145.56285858154297
0 0.0322 415.9028625488281 95.05489349365233 474.17144775390625 115.00938415527342
0 0.0288 406.45809173583984 74.80104446411133 463.6569595336914 95.26964187622069
0 0.0278 568.8378143310547 173.49607467651367 621.4775848388672 196.59231185913086
0 0.0259 446.5323257446289 214.7653579711914 503.5884475708008 235.3060531616211
0 0.0257 366.2657928466797 194.8948287963867 423.83392333984375 215.17436981201172
0 0.0254 0.0 219.8858642578125 638.75 558.75
0 0.0229 0.0 -79.99999999999999 510.9122848510742 201.51496887207028
0 0.0228 476.0435104370117 94.9894332885742 534.0415573120117 115.0761032104492
0 0.0212 588.2621955871582 113.84939193725586 638.7499809265137 136.23647689819336
0 0.0203 356.295166015625 94.87710952758788 413.80775451660156 115.19174575805663
0 0.0197 336.1063766479492 154.96641159057614 393.98197174072266 175.10072708129883
0 0.0187 376.9722366333008 54.551515579223626 433.18225860595703 75.5245304107666
0 0.0185 326.3271713256836 174.86677169799802 383.7770462036133 195.20315170288083
0 0.0172 346.6612243652344 74.70430374145508 403.4691619873047 95.368595123291
0 0.0166 466.13338470458984 74.94969844818115 523.9580154418945 95.11705875396729
0 0.0165 436.6207504272461 54.72434997558593 493.50643157958984 75.34820556640625
0 0.0160 336.2029266357422 134.92286682128906 393.8923645019531 155.14545440673825
0 0.0158 456.1747360229492 234.93076324462888 513.9197158813477 255.13645172119138
0 0.0158 386.62593841552734 214.72415924072266 443.50109100341797 235.34881591796875
0 0.0151 5.402622222900391 318.61927032470703 44.78255748748779 351.4893722534179
0 0.0151 608.3769035339355 83.3621597290039 638.7500190734863 106.66446685791016
0 0.0140 108.73600006103516 193.55995178222656 161.5699577331543 216.5279769897461
0 0.0140 336.3098907470703 114.87306594848631 393.7934112548828 135.19639968872067
0 0.0136 456.2714385986328 254.8897552490234 513.829345703125 275.1791381835937
0 0.0134 537.7582550048828 94.13766860961913 592.4604034423828 115.94503402709961
0 0.0133 608.96484375 542.6587677001952 638.75 558.75
0 0.0132 549.2736434936523 203.19353103637695 601.0872268676758 226.89363479614258
0 0.0131 158.35252285003662 173.799991607666 211.91717624664307 196.28698348999023
0 0.0129 448.7147903442383 323.56937408447266 501.59000396728516 346.51790618896484
0 0.0126 609.0472221374512 202.92568206787107 638.7500190734863 227.103157043457
0 0.0120 19.23025131225586 293.2293701171875 71.12495422363281 316.8585968017578
0 0.0119 447.9143524169922 294.056167602539 502.3163604736328 316.0284423828125
0 0.0116 608.2830047607422 53.417825698852546 638.75 76.60799980163574
0 0.0115 45.19646406173706 319.05338287353516 84.97193574905396 351.0933303833007
0 0.0113 168.59882354736328 203.64494323730466 221.69452667236328 226.44237518310544
0 0.0112 98.57372283935547 163.66340637207028 151.7166519165039 186.42425537109375
0 0.0111 397.5100326538086 24.273738861083984 452.6876449584961 45.80720901489258
0 0.0110 608.4997749328613 -66.71469688415527 638.7499809265137 -43.25811386108398
0 0.0109 177.69439697265625 144.1786766052246 232.51754760742188 165.90444564819333
0 0.0106 48.05384635925293 183.97315979003906 102.18979835510254 206.11183166503903
0 0.0104 398.0726623535156 343.96110534667963 452.1729278564453 366.1238098144531
0 0.0102 376.8135452270508 274.6311569213867 433.32836151123047 295.4434585571289
0 0.0102 85.35563468933105 308.72459411621094 124.8252010345459 341.39312744140625
0 0.0101 108.70267868041992 223.58019828796387 161.60030364990234 246.5075397491455
