0 0.1353 35.90320348739624 -14.446642518043511 94.17146921157837 5.510710358619697
0 0.1000 95.38835525512695 -14.228221893310538 154.65099334716797 5.285239696502692
0 0.0771 26.546125411987305 5.266612052917487 83.57381820678711 25.806181907653816
0 0.0731 64.43843841552734 456.16177368164057 125.53503036499023 474.88400268554676
0 0.0665 85.63260078430176 5.679818868637091 144.420804977417 25.382255792617805
0 0.0659 74.70808982849121 476.05904388427734 135.282564163208 494.99077606201166
0 0.0598 577.9502105712891 494.5350341796874 632.2837829589844 516.5497283935546
0 0.0568 586.1857414245605 455.4257278442382 638.7500190734863 475.64163970947254
0 0.0516 467.72499084472656 554.6587829589843 522.490234375 576.424072265625
0 0.0485 66.16427421569824 555.4370956420897 123.92903327941895 575.630271911621
0 0.0478 64.6500015258789 436.07720184326166 125.3380012512207 454.97101593017567
0 0.0463 586.0143852233887 435.4990081787109 638.7500190734863 455.56561279296875
0 0.0435 75.78335762023926 495.6142501831054 134.28072929382324 515.4496841430664
0 0.0371 536.3303756713867 475.3624038696289 593.7747573852539 495.7070999145508
0 0.0345 589.0839385986328 553.8269882202147 638.75 577.2607498168945
0 0.0337 588.9919853210449 523.8903503417968 638.7500190734863 547.1976165771483
0 0.0336 16.5753173828125 85.25333213806152 73.54668617248535 105.81987190246582
0 0.0334 525.7783126831055 455.60951995849604 584.2871475219727 475.4531936645508
0 0.0332 124.48413848876953 456.14220428466797 185.49283981323242 474.9038772583008
0 0.0331 68.20350646972656 584.3878631591796 122.05297470092773 606.6982727050781
0 0.0315 134.79308605194092 476.0224227905273 195.20397663116455 495.02800750732416
0 0.0314 76.73699378967285 535.1636962890625 133.40014457702637 555.9093933105468
0 0.0309 476.27357482910156 485.39265441894526 533.8263702392578 505.6768493652344
0 0.0301 518.907585144043 573.9432220458983 571.416130065918 597.1442108154297
0 0.0298 57.0097541809082 25.03693389892579 113.14668655395508 46.04014205932617
0 0.0289 457.84385681152344 524.5917968749999 512.3817443847656 546.4917449951171
0 0.0280 15.907564163208008 475.55977630615223 74.16535377502441 495.50568389892567
0 0.0273 575.4707145690918 585.2563171386719 638.7500190734863 619.25
0 0.0270 156.51683807373047 -14.733297348022454 213.6042022705078 5.803597450256355
0 0.0267 135.4906463623047 495.73895263671864 194.55318450927734 515.3210906982422
0 0.0266 7.1604204177856445 554.9642639160155 63.00707817077637 576.114776611328
0 0.0259 525.8351898193359 435.5833511352539 584.234619140625 455.4798965454101
0 0.0254 0.0 280.38586425781244 638.75 619.25
0 0.0254 465.74920654296875 465.6249694824218 524.3135070800781 485.43782043457026
0 0.0254 586.4740180969238 415.28401184082026 638.7499809265137 435.78533935546875
0 0.0250 127.13874816894531 554.9699096679688 183.0282974243164 576.1081390380859
0 0.0250 6.545906066894531 455.26707458496094 63.57394218444824 475.80578613281244
0 0.0245 458.97178649902344 583.9060668945312 511.35711669921875 607.1822052001952
0 0.0245 16.256847381591797 495.40032196044916 73.8418960571289 515.6689529418945
0 0.0244 0.0 34.01102352142334 51.50369644165039 57.076838493347175
0 0.0242 0.0 -16.23708677291869 31.84138536453247 7.2645668983459535
0 0.0241 16.076335906982422 65.48090744018556 74.00960922241211 85.58604049682617
0 0.0239 377.6698303222656 534.6924285888671 432.53997802734375 556.3905792236328
0 0.0231 16.45336151123047 525.3062515258789 73.6606216430664 545.7648544311522
0 0.0229 0.0 -19.5 510.9122848510742 262.0149688720703
0 0.0223 106.80866241455078 515.1389770507812 163.3315658569336 535.9364776611327
0 0.0218 146.2040090560913 5.419219017028817 203.8921594619751 25.648625373840336
0 0.0216 465.70648193359375 445.64190673828114 524.3536376953125 465.42012023925776
0 0.0214 528.2925415039062 544.3279342651366 581.9734954833984 566.7575912475585
0 0.0213 116.31402492523193 25.372140884399418 173.78939151763916 45.697534561157234
0 0.0212 129.11184310913086 593.8061599731444 181.2322998046875 617.2812728881835
0 0.0211 8.641810417175293 584.1257934570311 61.65387153625488 606.9627838134764
0 0.0211 517.3290252685547 504.8727111816405 572.8530883789062 526.2072448730469
0 0.0202 45.55076599121094 415.70439147949213 104.49952125549316 435.35496520996094
0 0.0201 519.1004180908203 603.3426933288573 571.3409423828125 619.2500190734863
0 0.0191 512.6921272277832 -19.49999999999999 638.7499809265137 50.349238395690925
0 0.0185 407.80181884765625 564.62109375 462.4188232421875 586.4630584716796
0 0.0184 398.97029876708984 593.904083251953 451.35913848876953 617.1837310791014
0 0.0182 17.917509078979492 114.55641555786133 72.31304168701172 136.52853775024414
0 0.0175 195.69120407104492 475.6489639282226 254.36769485473633 495.4129104614258
0 0.0174 166.43672943115234 515.3146057128905 223.6758804321289 535.7564239501953
0 0.0174 298.7243366241455 -15.932037353515618 351.5803813934326 7.020028114318855
0 0.0172 185.1721954345703 455.8686904907226 244.8505401611328 475.18669891357416
0 0.0170 196.24683380126953 495.4010086059569 253.85211944580078 515.6675796508788
0 0.0169 587.1851921081543 384.9406127929687 638.7500190734863 406.13697814941395
0 0.0168 124.63878154754639 436.08025360107416 185.34882068634033 454.96758270263666
0 0.0167 416.9425582885742 505.06943511962885 473.2088851928711 526.0067825317382
0 0.0163 465.97156524658203 425.5233840942383 524.1079330444336 445.5415420532226
0 0.0162 526.197395324707 415.41958618164057 583.8989639282227 435.6477813720703
0 0.0156 217.77711868286133 -15.373651504516593 272.4433708190918 6.456363677978521
0 0.0156 207.56563186645508 534.7467498779296 262.6359748840332 556.3351135253905
0 0.0155 318.38282585144043 534.2825012207031 371.8894672393799 556.804702758789
0 0.0151 358.5769271850586 -15.840858936309807 411.7142105102539 6.928191661834723
0 0.0149 8.255929946899414 294.3596630096435 62.00462341308594 316.727159500122
0 0.0148 339.21287536621094 593.7342529296875 391.1420440673828 617.352798461914
0 0.0146 189.2556381225586 593.702896118164 241.1040496826172 617.3838500976562
0 0.0145 459.42832946777344 -16.417276382446282 510.9489440917969 7.503936767578133
0 0.0144 348.5047912597656 564.2095642089843 401.7784118652344 586.8783264160156
0 0.0144 26.562249660491943 395.248191833496 83.56149911880493 415.8230667114257
0 0.0142 406.561279296875 475.25639343261713 463.56056213378906 495.81608581542963
0 0.0141 77.58092880249023 84.73843383789064 132.62197494506836 106.34350585937501
0 0.0140 0.0 424.1973571777343 41.75987720489502 446.8906860351562
0 0.0133 516.5997314453125 395.2306442260742 573.5267639160156 415.8410720825195
0 0.0132 456.4297866821289 405.3117065429687 513.6838150024414 425.75825500488276
0 0.0131 406.4738464355469 445.2969818115234 463.64158630371094 465.774429321289
0 0.0124 607.9581451416016 354.10557556152344 638.75 376.91731262207026
0 0.0123 357.81288146972656 504.61384582519526 412.4089813232422 526.470230102539
0 0.0121 427.1077346801758 374.98257446289057 483.0575942993164 396.0947113037109
0 0.0120 96.88089370727539 45.10076332092285 153.26555252075195 65.97497749328613
0 0.0120 258.02080154418945 514.4922714233397 312.21994400024414 536.5925674438477
0 0.0119 249.3103790283203 593.6622314453124 301.0554504394531 617.4241333007812
0 0.0118 8.877716064453125 203.96948623657224 61.44167900085449 227.1188621520996
0 0.0116 8.401389122009277 264.26930236816406 61.873040199279785 286.81771087646484
0 0.0115 246.08745574951172 455.47165679931635 304.0003204345703 475.59471893310547
0 0.0114 608.454761505127 293.8125972747803 638.7499809265137 317.2142581939697
0 0.0112 0.0 363.7197189331054 41.113247871398926 387.3681716918944
0 0.0111 608.1698608398438 323.9831619262695 638.75 347.04155731201166
0 0.0110 188.32916259765625 564.3143157958983 241.93836212158203 586.7725830078124
0 0.0110 414.8095703125 -19.49999999999999 455.3325653076172 10.929282188415534
0 0.0106 258.6026954650879 554.143684387207 311.69076919555664 576.9438247680664
0 0.0104 397.1792984008789 404.9496917724608 452.99083709716797 426.12881469726557
0 0.0102 0.0 323.91415405273426 51.3613224029541 347.17472839355463
0 0.0101 185.05619049072266 435.91515350341786 244.95895385742188 455.138557434082
0 0.0100 0.0 143.52816390991214 40.883588790893555 167.55808639526367
