0 0.0766 118.41680526733398 -74.73804092407224 171.8585968017578 -52.174602508544886
0 0.0646 118.2720136642456 -104.65397453308101 171.99089527130127 -82.25975608825681
0 0.0599 109.04003620147705 -45.14050102233884 161.2958860397339 -21.771360397338842
0 0.0495 178.20659637451172 -74.61152648925778 232.04959869384766 -52.30199432373043
0 0.0428 169.07962799072266 -45.16419029235837 221.25961303710938 -21.747251510620096
0 0.0414 178.07806015014648 -104.5415697097778 232.16787338256836 -82.37339115142821
0 0.0375 456.9668197631836 -73.94624328613278 513.187370300293 -52.977825164794886
0 0.0354 99.27123069763184 -15.305324554443335 151.089506149292 8.3924140930176
0 0.0335 108.78307342529297 -134.9719915390014 161.52776718139648 -111.94022274017331
0 0.0326 74.5933723449707 -78.34778404235836 115.53661346435547 -48.404394149780245
0 0.0306 456.8272018432617 -43.87661552429197 513.3160018920898 -23.04878807067869
0 0.0284 457.56446838378906 -104.25885295867916 512.6384735107422 -82.6602563858032
0 0.0275 74.66036081314087 -108.4611186981201 115.4734206199646 -78.3018169403076
0 0.0265 155.21270751953125 -19.473610877990698 194.9563217163086 12.617882728576678
0 0.0254 0.0 141.3858642578125 638.75 480.24999999999994
0 0.0232 397.10906982421875 -74.0153942108154 453.05572509765625 -52.90691947937009
0 0.0229 0.0 -158.49999999999997 510.9122848510742 123.01496887207031
0 0.0225 64.70281839370728 -48.5302982330322 105.43304204940796 -18.23917961120603
0 0.0218 446.7107391357422 -13.819867134094217 503.4235382080078 6.893261909484885
0 0.0205 517.6290893554688 -74.29220771789548 572.5788879394531 -52.626157760620096
0 0.0203 168.51356506347656 -134.8028812408447 221.77196502685547 -112.1101913452148
0 0.0179 396.9129180908203 -43.91632652282712 453.23631286621094 -23.00779914855955
0 0.0177 518.1695175170898 -104.5995531082153 572.0855331420898 -82.31558895111081
0 0.0176 397.67555236816406 -104.31654548645017 452.5360870361328 -82.60131454467772
0 0.0166 88.89248847961426 14.952224731445332 141.42996788024902 38.1350555419922
0 0.0154 199.1748809814453 -15.230194091796852 251.17420196533203 8.3185615539551
0 0.0152 517.6090240478516 -44.27962875366208 572.5968933105469 -22.63864135742185
0 0.0147 58.8968825340271 -155.0472888946533 111.42528772354126 -131.86493492126462
0 0.0132 426.4749526977539 6.293739318847677 483.64124298095703 26.77725219726564
0 0.0132 0.0 -99.90697479248044 34.77822303771973 -66.98664283752437
0 0.0130 386.8146514892578 -13.868685722351051 443.3271789550781 6.943415641784688
0 0.0126 488.58734130859375 -134.8516235351562 541.7057037353516 -112.06162548065181
0 0.0125 574.3924140930176 -133.66318321228025 638.7499809265137 -83.7529716491699
0 0.0122 228.5523223876953 -124.82751345634458 281.7369842529297 -102.08552098274228
0 0.0120 574.3924140930176 -73.66318321228025 638.7499809265137 -23.75298118591306
0 0.0118 507.6551818847656 -14.303985595703102 562.5543975830078 7.386192321777364
0 0.0118 608.7181282043457 164.64807891845706 638.7499809265137 188.38030242919922
0 0.0117 238.21165084838867 -94.62098455429076 292.0464515686035 -72.29345178604123
0 0.0116 54.73255157470703 -18.58368968963621 95.40526390075684 11.80921459198
0 0.0114 608.2684326171875 114.92746734619142 638.75 138.09839630126953
0 0.0114 337.7994918823242 -74.38132858276364 392.42183685302734 -52.535091400146456
0 0.0110 0.0 -146.14702320098874 40.19703388214111 -120.77985382080074
0 0.0108 228.24657440185547 -54.637208938598604 282.01366424560547 -32.27640724182126
0 0.0108 149.57395553588867 14.467033386230488 200.82086563110352 38.617805480957045
0 0.0108 609.0894317626953 304.3968811035156 638.75 328.6320343017578
0 0.0104 0.0 -65.7869300842285 40.53879737854004 -41.13143539428708
0 0.0102 366.7253875732422 16.175979614257834 423.4092712402344 36.898025512695334
