0 0.0548 608.3533477783203 537.8784103393555 638.75 561.1482925415038
0 0.0467 606.6867065429688 428.7635726928711 638.75 450.2437515258789
0 0.0422 417.6593017578125 558.6986083984376 472.5495147705078 580.3843231201172
0 0.0409 595.129222869873 409.8675079345703 638.7500190734863 429.18414306640625
0 0.0395 385.9300231933594 539.5495529174805 444.14459228515625 559.5161361694336
0 0.0359 357.7174758911133 558.6664123535156 412.49629974365234 580.4169006347655
0 0.0358 404.91851806640625 519.9728317260742 465.0868225097656 539.0793533325195
0 0.0357 445.75218200683594 539.6273727416992 504.3098449707031 559.4361038208008
0 0.0325 345.2704620361328 519.8280639648436 404.7589874267578 539.2286224365234
0 0.0324 595.2401542663574 389.8224182128906 638.7500190734863 409.23083496093744
0 0.0324 477.57335662841797 558.74503326416 532.6283645629883 580.3372116088866
0 0.0319 325.9649658203125 539.5327682495117 384.1124725341797 559.5331497192382
0 0.0305 585.1852607727051 449.8601455688476 638.7499809265137 469.19486236572266
0 0.0302 586.0622406005859 509.47470855712885 638.75 529.5900650024413
0 0.0275 464.9984359741211 519.9391098022461 525.0126266479492 539.1139144897461
0 0.0264 606.7299652099609 368.7415618896484 638.75 390.26614379882807
0 0.0261 408.79085540771484 587.5700492858886 461.61693572998047 603.2500190734863
0 0.0258 405.3790283203125 499.77809143066406 464.65904235839844 519.2792053222656
0 0.0254 0.0 264.3858642578125 638.75 603.25
0 0.0246 587.8901672363281 -31.4356880187988 638.75 -9.480646133422823
0 0.0243 505.9187316894531 539.5535202026367 564.1552734375 559.5118637084961
0 0.0237 348.7675476074219 587.5858612060547 401.63787841796875 603.25
0 0.0229 0.0 -35.499999999999964 510.9122848510742 246.0149688720703
0 0.0228 468.7504196166992 587.5980110168458 521.6532516479492 603.2499809265137
0 0.0220 453.62396240234375 430.4656524658203 516.2969970703125 448.5690612792969
0 0.0217 345.81615447998047 499.59010314941406 404.2526626586914 519.4726104736328
0 0.0216 324.5887756347656 440.1074142456054 385.3935241699219 458.94103240966797
0 0.0208 596.7292594909668 469.16552734375 638.7500190734863 489.90718078613276
0 0.0205 528.1219100952148 -31.565497398376436 582.127571105957 -9.348993778228731
0 0.0203 394.1600036621094 440.27007293701166 455.7947540283203 458.7722702026367
0 0.0202 525.3468322753906 519.7945709228516 584.6883392333984 539.2628021240234
0 0.0198 298.1888961791992 568.3981246948241 352.06592559814453 590.6881637573241
0 0.0191 465.51361083984375 499.7199554443359 524.5341491699219 519.3388671875
0 0.0188 574.3924140930176 9.336816787719751 638.7499809265137 59.24702835083011
0 0.0181 393.7177276611328 420.4303283691406 456.2095642089844 438.60545349121094
0 0.0180 453.4253692626953 410.5339736938476 516.4838409423828 428.49753570556635
0 0.0178 314.115686416626 420.2851028442383 375.8366298675537 438.75640106201166
0 0.0175 285.4978942871094 519.7333831787109 344.54708099365234 539.3263549804688
0 0.0174 608.7914848327637 587.2866935729979 638.7500190734863 603.2500190734863
0 0.0172 454.56817626953125 450.1148910522461 515.4129028320312 468.9331741333007
0 0.0169 585.0027465820312 349.9283142089844 638.75 369.1232604980469
0 0.0164 28.277454376220703 -31.658738136291472 81.98627471923828 -9.255183219909636
0 0.0163 238.4486961364746 578.2421417236328 291.8297004699707 600.8452911376953
0 0.0161 543.6252975463867 430.46557617187494 606.2956619262695 448.5692138671875
0 0.0156 395.21785736083984 459.85411834716797 454.8069381713867 479.2025680541992
0 0.0153 395.8915328979492 479.56221771240234 454.18140411376953 499.502326965332
0 0.0153 335.7069778442383 459.6481628417969 394.3515396118164 479.41493225097656
0 0.0152 588.8011932373047 88.01443290710452 638.75 111.07311439514163
0 0.0144 88.7264633178711 -31.93270730972287 141.57831192016602 -8.979199409484835
0 0.0143 576.2553405761719 489.3925018310547 633.8453674316406 509.6753997802734
0 0.0142 463.6375427246094 390.45760345458984 526.2851715087891 408.5767288208007
0 0.0139 178.87435913085938 577.9696578979492 231.44512176513672 601.1183853149414
0 0.0138 523.376579284668 410.55102539062494 586.529655456543 428.47979736328125
0 0.0136 286.02355003356934 499.49755859374994 344.0602970123291 519.5675964355468
0 0.0132 468.2780456542969 -31.65672588348385 521.9852447509766 -9.256852149963349
0 0.0132 266.1585330963135 539.4447250366211 323.93309593200684 559.6233291625977
0 0.0131 528.6648559570312 587.6570434570312 581.7301177978516 603.25
0 0.0128 49.03498649597168 587.3926086425781 101.39898300170898 603.25
0 0.0125 393.82408142089844 400.3908081054687 456.1101531982422 418.64627075195307
0 0.0125 336.43306732177734 479.3164367675781 393.67923736572266 499.75451660156244
0 0.0124 588.6612701416016 118.10521316528322 638.75 140.98221969604495
0 0.0123 455.9108352661133 479.5531005859375 514.1636276245117 499.5115966796875
0 0.0123 206.6299819946289 539.2252655029297 263.4966278076172 559.8482055664062
0 0.0119 265.7317352294922 439.63687133789057 324.3286895751953 459.42645263671875
0 0.0119 119.21808242797852 577.7302474975585 171.1374855041504 601.3567276000977
0 0.0118 596.3935089111328 329.31597900390625 638.75 349.75154113769537
0 0.0117 533.6217880249023 390.4629821777344 596.3000106811523 408.57112121582026
0 0.0117 314.2153549194336 400.24562072753906 375.74390411376953 418.79687499999994
0 0.0116 226.0361671447754 519.497673034668 284.0471839904785 539.5685501098633
0 0.0116 544.0683364868164 370.29891204833984 605.8819198608398 388.74121856689453
0 0.0115 148.4935712814331 -31.78657341003415 201.78925037384033 -9.125993728637667
0 0.0114 248.38632583618164 -31.72235774993893 301.8868827819824 -9.190814971923798
0 0.0107 474.0333557128906 370.31218719482416 535.9146118164062 388.7275619506836
0 0.0106 404.02305603027344 380.3170318603515 465.9239959716797 398.7227172851562
0 0.0104 514.7746276855469 450.0340576171875 575.2201080322266 469.01683044433594
0 0.0102 308.5192108154297 -31.80355358123776 361.7662811279297 -9.10909461975095
0 0.0101 255.48458099365234 419.741470336914 314.5588684082031 439.31849670410156
0 0.0100 276.2918758392334 459.3842620849609 333.8094425201416 479.6854705810547
