0 0.0890 488.06907653808594 236.820650100708 582.4196624755859 273.28898429870605
0 0.0671 588.9804077148438 293.39160919189453 638.75 316.69544219970703
0 0.0650 589.3009185791016 263.1770706176758 638.75 286.91043853759766
0 0.0646 507.9635238647461 214.02904510498047 562.2713088989258 236.05602264404294
0 0.0635 508.1093978881836 273.9392852783203 562.1395492553711 296.14578247070307
0 0.0562 527.629280090332 184.207649230957 582.5786972045898 205.87398529052734
0 0.0526 528.0912780761719 303.9478302001953 582.1564483642578 326.13685607910156
0 0.0511 588.2393074035645 323.8579559326172 638.7499809265137 346.22703552246094
0 0.0490 588.9006805419922 233.45454216003418 638.75 256.633882522583
0 0.0422 588.878173828125 163.45937728881836 638.75 186.6275978088379
0 0.0410 578.4490966796875 203.7400245666504 631.8297576904297 226.34714126586914
0 0.0402 589.0463066101074 133.34842681884766 638.7500190734863 156.73873901367185
0 0.0393 467.7254104614258 184.15693283081055 522.4902725219727 205.9256935119629
0 0.0385 528.1375122070312 153.92154693603516 582.1141815185547 176.16348266601562
0 0.0340 599.1103935241699 103.31256866455078 638.7500190734863 126.77562713623045
0 0.0335 448.1119155883789 213.94239425659177 502.13619232177734 236.14336013793942
0 0.0304 528.1056213378906 333.9446258544922 582.1422576904297 356.1408996582031
0 0.0291 527.8092575073242 124.10924911499022 582.4138259887695 145.97379684448242
0 0.0288 448.15185546875 273.91773223876953 502.1001434326172 296.1680221557617
0 0.0287 468.0794906616211 303.9627456665039 522.165412902832 326.12308502197266
0 0.0284 608.2157707214355 353.4574508666992 638.7500190734863 376.5678024291992
0 0.0274 574.3924140930176 404.83680725097656 638.7499809265137 454.74700927734375
0 0.0270 428.39195251464844 243.77372741699222 481.8818664550781 266.3130187988281
0 0.0257 598.8835144042969 73.46614837646484 638.75 96.62227630615233
0 0.0254 467.97691345214844 154.01706695556638 522.2600555419922 176.06742858886716
0 0.0254 0.0 -79.99999999999999 638.75 259.48570251464844
0 0.0229 0.0 277.02486038208013 510.9126281738281 558.7499809265137
0 0.0191 468.85276794433594 333.4897232055664 521.4633178710938 356.5991592407226
0 0.0187 598.6177253723145 43.63577842712402 638.7499809265137 66.45199775695801
0 0.0185 377.3959732055664 224.33223724365234 432.7927780151367 245.74745178222656
0 0.0184 527.7980422973633 94.11136627197266 582.4249649047852 115.97099304199217
0 0.0169 512.8874015808105 489.6266937255859 638.7500190734863 558.7499999999999
0 0.0164 467.5184631347656 124.27406311035155 522.6787567138672 145.80768585205075
0 0.0162 377.3953628540039 264.334602355957 432.79285430908203 285.7454299926758
0 0.0158 598.6253356933594 13.629636764526369 638.75 36.457948684692376
0 0.0155 518.9960479736328 363.39286804199213 571.3346862792969 386.6957855224609
0 0.0149 397.6612854003906 194.19471740722656 452.5483703613281 215.88783264160156
0 0.0149 257.29238510131836 264.39266204833984 312.8865623474121 285.6870651245117
0 0.0142 398.1377410888672 293.92665863037104 452.11280822753906 316.15917205810547
0 0.0138 208.57427597045898 243.66451263427734 261.7158317565918 266.42337799072266
0 0.0138 598.7310981750488 -16.436321735382077 638.7499809265137 6.524345874786378
0 0.0137 337.1542739868164 244.46258544921872 393.01387786865234 265.6156921386719
0 0.0129 267.35379219055176 234.35851097106934 322.83061027526855 255.7214450836182
0 0.0128 208.11416625976562 283.9398574829101 262.13443756103516 306.1457443237304
0 0.0125 337.1983337402344 204.43960189819333 392.97340393066406 225.63901901245117
0 0.0123 267.51537322998047 294.2766952514648 322.68138885498047 315.80516815185547
0 0.0121 409.1168975830078 323.3080291748047 461.2266540527344 346.78016662597656
0 0.0121 608.6856269836426 -66.83204889297485 638.7499809265137 -43.13982248306275
0 0.0121 148.8860321044922 233.46026420593256 201.43497467041016 256.627550125122
0 0.0121 460.00648498535156 362.6243591308593 510.4387664794922 387.4565124511719
0 0.0120 218.1474494934082 213.92404556274414 272.1032905578613 236.1622428894043
0 0.0119 407.40856170654297 164.3315315246582 462.7798843383789 185.74914932250977
0 0.0118 208.45230102539062 323.7393188476562 261.8265914916992 346.3480377197265
0 0.0117 467.33009338378906 94.36985015869139 522.8526306152344 115.70972442626953
0 0.0110 148.59084606170654 203.65320205688477 201.70101642608643 226.43457412719724
0 0.0110 347.2166442871094 174.42880630493164 402.95692443847656 195.64977645874023
0 0.0107 277.2920227050781 204.39178466796872 332.8871154785156 225.6877899169922
0 0.0106 158.74107360839844 263.55239868164057 211.56631469726562 286.5349578857422
