0 0.0254 -62.499999999999986 234.28583145141602 436.5234375 499.0234375
0 0.0232 -62.499999999999986 303.0817210674286 -35.50054505467414 329.7710716724396
0 0.0229 -62.499999999999986 0.0 336.6502225399017 219.93356943130493
0 0.0208 140.14501869678497 213.36889266967773 180.4588884115219 232.01128840446472
0 0.0208 -62.499999999999986 334.15690064430237 -35.54455004632472 361.1815869808197
0 0.0185 85.26617288589476 244.75526809692383 125.94243884086609 263.12559843063354
0 0.0180 148.25742691755295 236.5778088569641 188.00539523363113 255.67516684532166
0 0.0169 124.85715746879576 9.984752163290977 164.53519463539124 29.142750427126884
0 0.0165 160.46451777219772 256.7462623119354 191.2422850728035 282.4021875858307
0 0.0163 93.21199357509612 221.2228626012802 133.6357742547989 239.78249728679657
0 0.0158 -27.199842035770416 319.59477066993713 3.8929209113121015 344.58425641059875
0 0.0151 -61.99804320931434 360.60279607772827 -39.859820157289505 397.18079566955566
0 0.0151 -62.5 272.06847071647644 -35.42853146791458 298.30411076545715
0 0.0143 93.55892241001129 267.83570647239685 133.32773745059964 286.9172990322113
0 0.0142 -19.205570220947262 350.45284032821655 11.539354920387266 376.1918544769287
0 0.0140 -31.854353845119473 299.3960976600647 8.694879710674286 317.85959005355835
0 0.0136 183.78570675849915 210.12412011623383 214.7858440876007 235.29641330242157
0 0.0135 191.71077013015747 256.75222277641296 222.4958539009094 282.3967635631561
0 0.0134 168.3628335595131 6.542455404996872 198.9777311682701 32.58848935365677
0 0.0130 132.3140561580658 189.94088470935822 172.66365885734558 208.56381952762604
0 0.0122 7.715292274951933 2.1360404789447784 47.30734974145889 21.366063505411148
0 0.0118 187.59706616401672 236.34064197540283 226.8260419368744 255.90789318084717
0 0.0116 129.20977175235748 30.19550070166588 159.99643504619598 55.82894757390022
0 0.0114 54.06893789768219 2.535127103328705 94.64426338672638 20.971179008483887
0 0.0110 84.97405052185057 198.0770081281662 126.20505690574645 216.0540670156479
0 0.0109 172.03202843666077 283.16181898117065 211.14906668663025 302.8355836868286
0 0.0109 133.38762521743774 259.6152722835541 155.3649604320526 295.1664626598358
0 0.0106 338.04072439670557 0.0 436.5234225988388 54.56971749663353
0 0.0105 -0.5379393696784973 486.46388947963715 39.96490687131882 499.0234524011612
0 0.0105 4.186660051345825 319.3076550960541 35.017624497413635 344.84609961509705
0 0.0105 22.907420992851254 275.90635418891907 63.31583857536316 294.47421431541443
0 0.0105 -62.5 486.43285036087036 -22.566735744476315 499.0234375
0 0.0103 222.96565771102905 256.74501061439514 253.74108552932736 282.4033200740814
0 0.0101 -61.98358163237572 399.76629614830017 -39.87722843885422 436.1617863178253
