0 0.2316 239.319429397583 185.12016296386716 331.15756034851074 224.8356246948242
0 0.1670 241.9097137451172 148.19717407226562 308.58760833740234 181.78176879882812
0 0.1195 541.3865280151367 131.9374084472656 629.1901779174805 177.76493072509763
0 0.1142 269.13360595703125 233.29341888427734 321.21227264404297 256.79431915283203
0 0.1134 190.07606506347656 162.54825592041016 240.38131713867188 187.5293731689453
0 0.0839 309.85904693603516 162.74948120117188 360.56758880615234 187.3336410522461
0 0.0782 190.55187225341797 132.08026885986325 239.9756622314453 157.98389434814453
0 0.0779 189.17917251586914 193.25555801391602 241.17273330688477 216.83122634887695
0 0.0729 570.6256103515625 102.0049476623535 619.9130249023438 128.0570411682129
0 0.0677 240.5742073059082 122.05703735351561 289.95676040649414 148.0064010620117
0 0.0586 8.955903053283691 163.4156227111816 61.37167453765869 186.67245864868164
0 0.0563 208.99473190307617 223.3903408050537 261.33657455444336 246.69785499572754
0 0.0552 9.281854629516602 133.1897926330566 61.07943534851074 156.89764022827148
0 0.0528 575.7939910888672 177.5282859802246 614.4446563720703 212.48926162719724
0 0.0519 519.183464050293 3.259000778198243 571.1675643920898 26.82866096496582
0 0.0460 19.029955863952637 103.36479187011719 71.30527019500732 126.72313690185548
0 0.0456 9.295430183410645 193.1841278076172 61.06645107269287 216.90380096435547
0 0.0450 9.109334945678711 73.3135414123535 61.23334884643555 96.77469253540039
0 0.0423 599.0899658203125 3.329277038574218 638.75 26.75933837890625
0 0.0413 290.1773166656494 122.46732711791991 340.2915859222412 147.6096534729004
0 0.0408 190.86502075195312 101.68090820312499 239.72400665283203 128.3645248413086
0 0.0404 519.2347717285156 33.22126388549805 571.1219787597656 56.866035461425774
0 0.0395 320.05619049072266 222.5731658935547 370.3970718383789 247.50579833984372
0 0.0371 589.7252082824707 32.8591251373291 638.7499809265137 57.22573280334473
0 0.0362 18.891348838806152 43.456230163574226 71.43030643463135 66.63152694702148
0 0.0362 570.3268432617188 72.32477188110352 620.1634216308594 97.74839401245117
0 0.0351 469.58507537841797 12.965440750122069 520.8095932006836 37.120275497436516
0 0.0350 519.9925994873047 102.63004302978516 570.4521179199219 127.4502182006836
0 0.0348 145.48367977142334 138.42214584350583 184.71033573150635 171.66955947875977
0 0.0342 329.90379333496094 192.71244049072266 380.52833557128906 217.37010955810547
0 0.0337 518.7144470214844 -26.42421722412109 571.5889739990234 -3.48759651184082
0 0.0331 620.6834411621094 82.32229232788086 638.75 127.86272048950195
0 0.0326 190.6781005859375 71.93630695343018 239.87125396728516 98.12224864959717
0 0.0307 615.2071952819824 178.5787582397461 638.7500190734863 211.52790069580078
0 0.0307 535.6500244140625 177.9736328125 574.5655822753906 212.0803451538086
0 0.0307 598.7152862548828 -26.42484664916992 638.75 -3.4869766235351567
0 0.0303 245.69217681884766 87.87437438964844 284.52728271484375 122.17132568359374
0 0.0290 145.59038162231445 98.15345764160156 184.61576461791992 131.91547393798828
0 0.0289 65.46881675720215 128.4546089172363 104.72395896911621 161.6398811340332
0 0.0289 490.2675247192383 132.3810577392578 540.2143478393555 157.6935577392578
0 0.0286 270.60529708862305 331.3002014160156 299.02414321899414 378.6090850830078
0 0.0261 469.78099822998047 42.81332015991211 520.636100769043 67.2707748413086
0 0.0260 259.3872261047363 263.1154251098633 310.98501205444336 286.9717788696289
0 0.0260 519.3596267700195 63.1312894821167 571.0105514526367 86.95549488067626
0 0.0254 0.0 219.8858642578125 638.75 558.75
0 0.0245 70.0739312171936 92.55762100219725 120.38165807723999 117.52103805541992
0 0.0240 139.92904663085938 172.67999649047852 190.5084991455078 197.40068435668942
0 0.0236 65.27158737182617 168.88805389404297 104.90379333496094 201.24404907226562
0 0.0235 19.169921875 13.264684677124023 71.18047714233398 36.82248115539551
0 0.0225 495.58204650878906 158.18044662475586 534.6225738525391 191.8907356262207
0 0.0221 570.8016204833984 -17.009973526000977 598.7896728515625 27.306203842163082
0 0.0220 300.63262939453125 331.4747619628906 328.9911651611328 378.46519470214844
0 0.0220 140.4193115234375 72.230167388916 190.08522033691406 97.83998489379881
0 0.0218 240.47000885009766 62.17944622039794 290.04207611083984 87.8892183303833
0 0.0218 209.69017028808594 252.88284301757807 260.71678161621094 277.20184326171875
0 0.0207 285.5302429199219 88.31365585327148 324.66827392578125 121.76877975463866
0 0.0206 190.29905319213867 42.35157012939453 240.1871681213379 67.72233963012695
0 0.0206 240.62618255615234 331.4356613159179 268.9989471435547 378.4977340698242
0 0.0204 475.2625274658203 98.91921997070311 514.910888671875 131.21559143066406
0 0.0198 69.94649887084961 62.6651382446289 120.49325942993164 87.41527557373045
0 0.0196 459.3949508666992 -16.890742778778076 510.9782028198242 6.977851390838622
0 0.0194 105.49318313598633 118.4037399291992 144.70138549804688 151.68636322021482
0 0.0192 570.4181671142578 212.22072601318357 620.0882720947266 237.84809112548828
0 0.0192 469.9311065673828 72.6863431930542 520.5050659179688 97.39540576934814
0 0.0190 5.282602310180664 218.88272285461426 44.891886711120605 251.24880790710452
0 0.0187 419.8041534423828 22.79492378234863 470.6156921386719 47.288961410522454
0 0.0174 598.4110260009766 -66.23912572860718 638.75 -43.67420434951782
0 0.0169 0.0 -55.08583068847656 108.19150924682617 -5.435953140258787
0 0.0163 275.56800842285156 298.2109069824219 314.63550567626953 331.86286926269526
0 0.0157 330.6584167480469 321.6548156738281 358.9601135253906 368.3197784423828
0 0.0155 69.98661994934082 32.63235092163086 120.45792579650879 57.44762420654296
0 0.0154 245.37704467773438 28.675432205200195 284.805908203125 61.43805503845214
0 0.0153 235.6086540222168 298.10188293457026 274.60004806518555 331.9627380371094
0 0.0148 565.4617309570312 238.47965240478516 604.7295379638672 271.61693572998047
0 0.0148 425.4438781738281 48.523612022399895 464.7453308105469 81.57675266265869
0 0.0148 145.4756784439087 38.4460163116455 184.71704006195068 71.6477108001709
0 0.0146 59.44821357727051 203.06133270263672 110.93262672424316 227.02430725097653
0 0.0142 575.687255859375 297.8870391845703 614.5316314697266 332.1597290039062
0 0.0137 145.04222869873047 199.36067581176758 185.11451721191406 230.81357955932617
0 0.0132 315.267858505249 258.9052200317382 354.9062442779541 291.22837066650385
0 0.0131 609.2671012878418 242.7653121948242 638.7500190734863 267.2626876831054
0 0.0131 195.38911819458008 8.646469116210938 234.7951316833496 41.464500427246094
0 0.0131 375.32554626464844 28.787155151367188 414.8529815673828 61.33605957031249
0 0.0130 517.9177093505859 -55.94623684883118 572.3134613037109 -33.96918177604675
0 0.0130 409.6136474609375 -7.054698467254638 460.7838439941406 17.140433788299557
0 0.0130 110.72619438171387 152.21738815307617 138.87904167175293 197.8819465637207
0 0.0126 295.38421630859375 48.65848541259765 334.7994613647461 81.45353317260741
0 0.0116 360.67344665527344 311.76887512207026 388.94203186035156 358.2292175292969
0 0.0116 560.5801773071289 272.0545578002929 609.9509811401367 298.00914764404297
0 0.0115 75.3679370880127 -1.3121891021728527 114.8149585723877 31.4267635345459
0 0.0115 535.5161666870117 298.3399963378906 574.6815872192383 331.74468994140625
0 0.0112 609.5468902587891 272.54268646240234 638.75 297.4824905395508
0 0.0112 158.91738891601562 243.44242095947263 211.40609741210938 266.6458511352539
0 0.0104 195.21757125854492 279.0110778808594 234.95237350463867 311.13189697265625
0 0.0103 339.0863037109375 133.32788467407227 391.2543487548828 156.760196685791
0 0.0103 615.209789276123 298.57608795166016 638.7500190734863 331.5303421020508
0 0.0102 155.42192459106445 -1.426992416381836 194.76530075073242 31.531610488891598
0 0.0102 239.95656967163086 2.665166854858398 290.4827308654785 27.41623878479004
0 0.0101 0.0 252.84214019775388 50.66947937011719 277.2421646118164
