0 0.0516 158.06856155395508 273.9695739746094 212.17527389526367 296.1162567138672
0 0.0487 169.06627655029294 313.3432388305664 221.27197265625 336.74510955810547
0 0.0448 179.57025527954102 342.9761505126953 230.82284927368164 367.10960388183594
0 0.0435 107.91955947875977 254.0548324584961 162.3112678527832 276.0300827026367
0 0.0403 129.90726470947266 342.70843505859375 180.52547454833982 367.37388610839844
0 0.0379 109.0131378173828 293.3797264099121 161.31961822509766 316.7086982727051
0 0.0377 218.6171817779541 293.6384391784668 271.67677879333496 316.4496421813965
0 0.0372 229.77555274963373 332.81681060791016 280.6410884857177 357.2672653198242
0 0.0348 167.39253997802734 244.33998107910156 222.79457092285156 265.74058532714844
0 0.0330 107.3604202270508 224.35503005981445 162.82451629638672 245.7249641418457
0 0.0328 235.3392791748047 358.75526428222656 274.8406219482422 391.3652038574219
0 0.0317 79.20412063598633 333.23997497558594 131.1499977111816 356.8470001220703
0 0.0311 47.68303394317627 254.18302536010742 102.52837657928467 275.899715423584
0 0.0292 18.09629440307617 343.9495849609375 72.15085983276366 366.1357879638672
0 0.0291 217.78861999511716 264.12710189819336 272.43125915527344 285.9567451477051
0 0.0275 179.7028350830078 372.87181854248047 230.7058334350586 397.21256256103516
0 0.0271 -41.721553802490234 353.8422393798828 11.985025405883789 376.2440490722656
0 0.0271 135.32190322875977 368.7932586669922 174.85647201538086 401.3304901123047
0 0.0264 48.335838317871094 283.80809783935547 101.9327926635742 306.2784957885742
0 0.0263 167.03672409057614 214.52476501464844 223.12150955200195 235.55278778076172
0 0.0263 46.94665908813476 224.56748962402344 103.20507049560547 245.50880432128906
0 0.0254 -79.99999999999999 299.8858642578125 558.75 638.75
0 0.0253 79.42703247070312 363.0785369873047 130.9511566162109 387.0074462890625
0 0.0248 -41.34488105773926 383.60958099365234 11.64351463317871 406.4779281616211
0 0.0246 275.2666091918945 358.91544342041016 314.9066543579101 391.21898651123047
0 0.0241 28.147854804992672 313.9159107208252 82.1046781539917 336.16923332214355
0 0.0236 127.13819503784177 194.47187423706055 183.0284309387207 215.60640335083008
0 0.0229 279.3655776977539 323.12931060791016 331.0046768188476 346.9577407836914
0 0.0229 -79.99999999999999 0.0 430.91228485107416 281.5149688720703
0 0.0228 278.91101837158203 293.4444999694824 331.4123153686523 316.64342880249023
0 0.0227 -31.774809360504147 323.87229919433594 22.033827304840084 346.2135314941406
0 0.0225 186.37228965759275 184.84289169311523 243.73597145080564 205.22710800170898
0 0.0225 18.700275421142575 373.58264923095703 71.60228729248045 396.50516510009766
0 0.0220 166.42980575561523 164.81704711914062 223.68249893188474 185.25375366210938
0 0.0208 239.77423667907712 392.8110122680664 290.6437015533447 417.2721481323242
0 0.0204 -80.0 368.8941192626953 -45.100734233856194 401.2384796142578
0 0.0200 -41.19471549987792 413.5109329223633 11.508293151855467 436.57649993896484
0 0.0198 66.66130065917967 194.7054100036621 123.46885681152342 215.36767959594727
0 0.0197 277.9256820678711 264.04802322387695 332.30640411376953 286.036434173584
0 0.0196 166.3083839416504 144.873046875 223.7950325012207 165.19628524780273
0 0.0193 227.1554183959961 234.46205139160156 283.01280975341797 255.61622619628906
0 0.0188 -21.494255065917972 293.70372772216797 31.778678894042965 316.38343811035156
0 0.0181 226.8191432952881 204.62926864624023 283.3229923248291 225.44553756713867
0 0.0181 106.6949462890625 164.69064712524414 163.4374237060547 185.38301467895508
0 0.0179 -11.792125701904299 263.8880920410156 42.048377990722656 286.1984634399414
0 0.0176 -80.0 332.83191680908203 -39.34065341949463 357.25215911865234
0 0.0175 -80.0 408.79127502441406 -45.14326333999633 441.3323211669922
0 0.0170 226.73408508300776 164.67060089111328 283.40148925781244 185.40328979492188
0 0.0170 6.645908355712889 204.71622467041016 63.482246398925774 225.35720825195312
0 0.0169 189.34487342834473 613.1373977661133 241.0246181488037 636.9488143920898
0 0.0162 256.65489196777344 184.71078872680664 313.4741973876953 205.36256790161133
0 0.0160 196.40331268310547 124.82708930969238 253.70758056640622 145.24304389953613
0 0.0159 -12.384090423583983 234.22325134277344 42.589054107666016 255.85952758789062
0 0.0157 9.554691314697262 612.9747009277344 60.83938598632812 637.1092987060547
0 0.0157 315.1478958129882 349.1557312011719 355.0163650512695 381.00006103515625
0 0.0157 165.18682479858398 399.0766906738281 204.98044967651367 431.07208251953125
0 0.0154 369.56756591796875 612.9667663574219 420.8275604248047 637.1174621582031
0 0.0154 366.8643951416015 154.6056365966797 423.28155517578125 175.4694366455078
0 0.0152 36.37610912322998 174.84014511108398 93.73268604278563 195.22974014282227
0 0.0152 119.5570945739746 612.9762268066406 170.8365440368652 637.1082305908203
0 0.0149 256.43733978271484 144.8146104812622 313.6752700805664 165.2564573287964
0 0.0147 289.6752166748047 392.89390563964844 340.7301330566406 417.19078063964844
0 0.0147 279.4460678100586 613.0616760253906 330.93479156494135 637.0237731933594
0 0.0147 19.029941558837887 403.3663558959961 71.30495071411133 426.72176361083984
0 0.0144 46.45301818847656 154.80440139770508 103.66142272949217 175.26639938354492
0 0.0143 286.20433807373047 164.9220085144043 343.89110565185547 185.14631271362305
0 0.0140 79.16950702667235 393.26377868652344 131.18110179901123 416.8231964111328
0 0.0137 -80.0 302.9126739501953 -39.25243377685547 327.17262268066406
0 0.0137 186.22342109680176 104.91042137145996 243.8741588592529 125.15767097473145
0 0.0137 -31.148507595062256 443.4808349609375 21.46657705307007 466.60667419433594
0 0.0136 367.2590637207031 184.40547943115234 422.91824340820307 205.67325592041016
0 0.0134 136.27895355224607 124.88676071166992 193.8222503662109 145.18226623535156
0 0.0132 495.47071456909174 604.7563171386719 558.7500190734862 638.75
0 0.0130 -50.57783126831055 613.0790328979492 0.9561252593994141 637.0065689086914
0 0.0130 256.31412506103516 124.87196922302246 313.7893295288086 145.19768714904785
0 0.0129 65.01441955566406 618.9305305480957 105.18970489501953 638.7499809265137
0 0.0127 329.2799758911132 313.19376945495605 381.0805892944336 336.89404487609863
0 0.0126 176.18425369262695 84.92881774902344 233.9103126525879 105.1388931274414
0 0.0125 366.5626525878906 124.752197265625 423.5601043701172 145.3197479248047
0 0.0123 246.4174652099609 104.8234748840332 303.6937713623047 125.24728775024414
0 0.0122 56.4584732055664 134.8025894165039 113.65619659423827 155.26838302612305
0 0.0121 255.06942749023435 419.3068313598633 295.08941650390625 450.86254119873047
0 0.0118 338.644905090332 273.61867904663086 391.65218353271484 296.4691734313965
0 0.0118 -80.0 442.6364517211914 -39.54000473022462 467.44380950927734
0 0.0117 429.2002868652343 622.765941619873 481.25236511230463 638.7500190734863
0 0.0116 355.28274536132807 348.8777160644531 394.89219665527344 381.25343322753906
0 0.0116 256.3463592529297 84.85513687133789 313.75991821289057 105.21459579467773
0 0.0115 240.78205108642575 602.789306640625 268.8129043579101 638.75
0 0.0114 287.70732879638666 234.1671371459961 342.50675201416016 255.91541290283203
0 0.0114 297.3503112792969 204.36302185058594 352.8331756591797 225.71731567382812
0 0.0111 340.7831192016601 602.8009033203125 368.81160736083984 638.75
0 0.0111 -12.893753051757814 144.48760986328125 43.05795669555663 165.59030532836914
0 0.0109 215.0171375274658 419.40643310546875 255.1381206512451 450.7720184326172
0 0.0108 126.34668350219725 104.85485076904297 183.75967025756836 125.21486282348633
0 0.0108 9.255790710449217 573.2064437866211 61.10313415527343 596.8808364868164
0 0.0104 398.3112335205078 213.82192611694336 451.955337524414 236.2644386291504
0 0.0102 -80.0 272.9697036743164 -39.188113212585456 297.1162796020508
0 0.0102 346.3572692871094 104.84920501708984 403.74999999999994 125.22050857543945
0 0.0100 368.5848617553711 573.6557388305664 421.7067337036133 596.4318466186523
0 0.0100 168.68667602539062 583.5947418212891 221.6138458251953 606.4935302734375
