0 0.6217 64.23464044928551 127.00232863426208 184.63153019547462 173.24593663215637
0 0.5822 157.1463644504547 56.579653173685074 359.48869585990906 128.06549295783043
0 0.4646 188.0352571606636 132.7369511127472 306.575171649456 175.65277218818665
0 0.4620 299.7676730155945 131.25908374786377 440.65940380096436 180.1685094833374
0 0.4102 274.1115987300873 310.5442225933075 320.6500709056854 326.8950283527374
0 0.4077 268.22298765182495 239.5670711994171 329.4816017150879 255.569726228714
0 0.4041 349.9056398868561 287.91627287864685 398.05153012275696 303.2812178134918
0 0.3798 280.18271923065186 264.53110575675964 333.0276608467102 280.24986386299133
0 0.3596 338.30320835113525 334.87948775291443 389.4854784011841 351.0726392269134
0 0.3278 403.9684534072876 311.35401129722595 454.9756646156311 327.9885947704315
0 0.3207 402.4924039840698 288.04054856300354 456.4610719680786 303.95904183387756
0 0.3169 400.7011651992798 335.1641297340393 453.02754640579224 351.75472497940063
0 0.3090 351.6700565814972 264.2892003059387 400.3116190433502 280.81661462783813
0 0.3090 407.0175886154175 240.86180329322815 455.98071813583374 256.9942772388458
0 0.2961 324.73260164260864 310.7162415981293 372.31534719467163 326.65833830833435
0 0.2878 268.46277713775635 287.9443168640137 316.66433811187744 302.94746160507196
0 0.2685 404.5918881893158 264.91931080818176 455.02325892448425 280.3983986377716
0 0.2642 111.82987317442894 289.1143560409546 132.14093819260597 327.91852951049805
0 0.2439 323.98951053619385 236.31337285041806 407.27895498275757 259.15244221687317
0 0.1857 281.3887894153595 334.3837261199951 330.1009237766266 350.61085224151606
0 0.1552 316.25497341156006 286.30325198173523 348.6490845680237 303.4891784191131
0 0.1284 106.27895593643188 334.7614109516143 133.47798585891724 357.4441969394684
0 0.1238 50.64547806978226 294.8670387268066 93.33149343729019 376.8302202224731
0 0.1207 187.06867098808289 292.8725779056549 243.03126335144043 307.4951469898224
0 0.1150 42.21637733280659 277.6046097278595 73.05401377379894 304.09231781959534
0 0.1099 140.99909365177155 285.3614091873169 166.98990762233734 311.3137483596802
