0 0.1047 149.59680557250977 222.94879913330078 200.80076217651367 247.13577270507812
0 0.0880 150.1449203491211 252.49032974243164 200.32089233398438 277.5864601135254
0 0.0676 149.07970428466797 193.32509994506836 201.26182556152344 216.7619514465332
0 0.0666 199.90302085876465 232.71352767944336 250.5289554595947 257.3690986633301
0 0.0553 99.21710968017578 233.23869705200195 151.13670349121094 256.8493461608887
0 0.0526 165.47815322875977 278.4359550476074 204.71521377563477 311.65693283081055
0 0.0523 205.3945827484131 258.6366271972656 244.78997230529782 291.47350311279297
0 0.0440 209.11274909973145 203.31119537353516 261.23026847839355 226.77703857421875
0 0.0431 159.06227111816406 163.3473014831543 211.2752914428711 186.74123764038086
0 0.0427 99.90179061889648 262.7137756347656 150.53014755249023 287.36873626708984
0 0.0383 88.51934432983397 203.69976043701172 141.76538467407227 226.38809204101562
0 0.0375 158.59184265136716 133.653564453125 211.6999053955078 156.43434524536133
0 0.0328 98.18328857421874 173.8953399658203 152.0723724365234 196.19003295898438
0 0.0325 249.54196929931635 232.99760818481445 300.8479690551758 257.0883369445801
0 0.0301 125.28684616088866 288.86902809143066 164.88847732543945 321.2613582611084
0 0.0292 148.7241172790527 103.56592178344727 201.58105850219724 126.52175903320312
0 0.0284 245.18459320068357 259.08239364624023 284.98241424560547 291.0668754577637
0 0.0278 218.7570285797119 173.54658126831055 271.55089378356934 196.54142379760742
0 0.0276 98.22004318237305 143.87311935424805 152.03901290893555 166.21234893798828
0 0.0254 -79.99999999999999 299.8858642578125 558.75 638.75
0 0.0254 210.0041961669922 292.6227569580078 260.4414749145508 317.4576950073242
0 0.0250 55.24363994598389 228.9654541015625 94.92756366729735 261.17340087890625
0 0.0241 269.3540573120117 203.13457489013672 321.01566314697266 226.95209503173828
0 0.0229 -79.99999999999999 0.0 430.91228485107416 281.5149688720703
0 0.0225 305.39722442626953 228.62140655517578 344.7884750366211 261.4874267578125
0 0.0220 218.48068237304688 143.72074127197266 271.8010711669922 166.36655807495117
0 0.0219 345.60508728027344 248.11323165893555 384.60304260253906 281.95234298706055
0 0.0214 88.47665786743163 113.72218132019043 141.8049430847168 136.36494636535645
0 0.0207 208.86676788330075 113.47261428833008 261.45240783691406 136.61514282226562
0 0.0202 70.7227849960327 262.18217849731445 98.88308048248291 307.9083061218262
0 0.0201 198.6751651763916 83.6008358001709 251.62451744079587 106.48726463317871
0 0.0196 285.4037475585937 268.6092185974121 324.7822570800781 301.4985466003418
0 0.0189 15.397472381591793 228.62438201904297 54.78786468505859 261.48468017578125
0 0.0189 345.5487060546875 208.2638168334961 384.6522521972656 241.81442260742188
0 0.0189 98.68005752563477 83.5952377319336 151.62065505981445 106.49251937866211
0 0.0177 175.34204483032224 318.7466049194336 214.8383522033691 351.3731002807617
0 0.0167 275.1289749145508 169.18825149536133 315.0343704223633 200.97047805786133
0 0.0166 29.95995044708252 202.6657485961914 80.4790449142456 227.41607666015625
0 0.0159 39.25857543945312 173.2109260559082 91.09928131103516 196.87719345092773
0 0.0158 148.7919044494629 63.52510452270508 201.51918411254883 86.56309127807617
0 0.0157 385.7252883911133 247.76351928710938 424.5003128051757 282.2731018066406
0 0.0156 278.6688995361328 133.60507011413574 331.6300964355469 156.4830493927002
0 0.0154 119.65078353881835 322.90889739990234 170.75258255004883 347.1754837036133
0 0.0148 19.93732452392578 262.6728820800781 70.50127029418945 287.4076461791992
0 0.0146 329.9311447143554 182.68653869628906 380.5049514770508 207.39521026611328
0 0.0146 39.07825469970703 143.33269119262695 91.26171112060547 166.7552947998047
0 0.0144 345.52921295166016 288.3122730255127 384.6695327758789 321.7700481414795
0 0.0139 75.31793594360353 308.7948703765869 114.860782623291 341.3290309906006
0 0.0139 329.48329925537104 153.0417823791504 380.9000778198242 177.0445442199707
0 0.0138 215.14182090759277 319.1654968261719 255.02221107482913 350.9912109375
0 0.0137 390.6710433959961 201.75579071044922 418.94496917724604 248.2403564453125
0 0.0132 19.538879394531246 292.99158096313477 70.85241317749022 317.0932197570801
0 0.0132 339.0696334838867 123.33610534667969 391.26995086669916 146.75153732299805
0 0.0130 357.9612350463867 84.03023719787598 412.2734451293945 106.0547924041748
0 0.0129 9.013700485229494 323.37188720703125 61.320714950561516 346.71546936035156
0 0.0126 258.14773559570307 93.92472267150879 312.1028137207031 116.16169929504395
0 0.0126 247.54665374755857 64.26129341125488 302.65239715576166 85.82104682922363
0 0.0124 528.9942932128905 622.6361083984375 558.75 638.75
0 0.0122 8.857383728027344 363.48209381103516 61.4601707458496 386.6061019897461
0 0.0117 69.50565338134766 343.02310943603516 120.88058471679686 367.0627975463867
0 0.0115 357.30903625488276 54.381704330444336 412.8717803955078 75.69782257080078
0 0.0113 29.179625511169434 113.25706481933594 81.17197513580322 136.8299674987793
0 0.0113 -0.6683254241943348 393.1573486328125 51.03423118591308 416.93031311035156
0 0.0110 129.31356430053708 353.1652069091797 181.05150222778317 376.9218444824219
0 0.0109 198.00514221191406 44.00591850280762 252.23316192626953 66.07950210571289
0 0.0107 0.7659244537353516 182.60587692260742 28.831872940063477 227.5895881652832
0 0.0107 259.92179870605463 302.6882076263428 310.5143737792969 327.3928928375244
0 0.0107 -79.27448749542236 382.2148895263672 -51.12013339996337 427.88429260253906
0 0.0104 259.39964294433594 613.094367980957 310.9764099121094 636.9911575317383
0 0.0103 385.68748474121094 287.8722858428955 424.5327758789062 322.17326164245605
0 0.0103 380.75096130371094 602.4793243408203 408.8497924804687 638.75
0 0.0103 432.69212722778315 0.0 558.7499809265137 69.84923839569092
0 0.0101 -80.0 612.9929351806641 -29.141616821289062 637.0915222167969
0 0.0100 88.56224060058594 53.67362976074219 141.72637939453125 76.4144229888916
