0 0.0665 18.176207542419434 167.39877319335938 72.07896709442139 189.68644714355466
0 0.0555 70.72525024414062 -16.401981353759748 291.5412902832031 82.79830551147462
0 0.0467 8.15023422241211 197.42154693603516 62.10095405578613 219.66466522216797
0 0.0441 5.352574586868286 132.22568130493167 44.82854723930359 164.89219284057617
0 0.0346 48.24265480041504 137.35934829711914 102.01851844787598 159.72617721557617
0 0.0285 77.9175353050232 167.54300689697266 132.31603860855103 189.54000091552734
0 0.0277 5.4824113845825195 91.93128204345703 44.710869789123535 125.16118621826172
0 0.0268 0.0 226.7793426513672 51.18330478668213 250.3093109130859
0 0.0263 608.6695861816406 176.67939758300784 638.75 200.3488311767578
0 0.0255 113.06253433227539 -81.58582115173338 228.19150924682617 -31.935953140258768
0 0.0254 0.0 153.38586425781253 638.75 492.25
0 0.0240 359.4602584838867 -43.43825721740721 410.9199905395508 -19.474901199340806
0 0.0217 385.52738189697266 1.8148384094238421 424.6713638305664 35.26771163940431
0 0.0212 455.67127227783203 21.43378829956056 494.54532623291016 55.61683273315431
0 0.0211 588.7583160400391 147.04158401489258 638.75 170.04581069946292
0 0.0209 49.28166389465332 106.67760467529298 101.08220100402832 130.40811157226565
0 0.0208 358.76766204833984 -72.95869016647336 411.5409469604492 -49.95307588577269
0 0.0204 478.46370697021484 167.23133659362796 531.8164443969727 189.85594367980957
0 0.0203 309.68091011047363 -33.60821151733397 360.7246685028076 -9.306816101074205
0 0.0200 229.79576110839844 -43.69875335693358 280.6231689453125 -19.21734237670897
0 0.0200 511.90391540527344 -16.658195495605455 638.75 83.12707519531251
0 0.0200 345.38246154785156 -7.840847015380844 384.80140686035156 24.952922821044933
0 0.0199 379.54742431640625 176.4941177368164 430.8429718017578 200.59186553955075
0 0.0195 45.411367416381836 72.07582092285158 84.77697372436523 105.0291213989258
0 0.0190 608.9060211181641 206.52356719970703 638.75 230.50527191162107
0 0.0189 298.944091796875 -63.07497406005857 351.3819885253906 -39.83671569824217
0 0.0187 409.67723846435547 -33.60503578186033 460.7278060913086 -9.309915542602525
0 0.0185 75.2682876586914 -47.592033386230455 114.90550994873047 -15.274147033691394
0 0.0184 228.99587631225586 -73.10804510116576 281.3350486755371 -49.80343484878538
0 0.0184 5.582876205444336 51.67867279052735 44.621825218200684 85.3923568725586
0 0.0182 369.06982421875 146.83652496337893 421.2696838378906 170.25121307373047
0 0.0178 67.52976417541504 197.76345825195315 122.66947746276855 219.31771850585938
0 0.0175 355.1860809326172 32.56888961791993 394.98207092285156 64.57919692993164
0 0.0173 148.19364547729492 157.3922882080078 202.0622444152832 179.6935806274414
0 0.0173 305.35780906677246 -7.784337043762193 344.82361793518066 24.901333808898936
0 0.0172 395.5191421508789 41.83023071289064 434.6792221069336 75.25365447998048
0 0.0168 512.6921272277832 -146.5 638.7499809265137 -76.65076160430905
0 0.0167 369.1100311279297 116.80455780029297 421.23451232910156 140.2824935913086
0 0.0165 609.445629119873 426.1304626464844 638.7500190734863 450.8966217041016
0 0.0164 418.75965118408203 -62.953580856323235 471.5481948852539 -39.958204269409165
0 0.0161 319.6671199798584 176.40279388427732 370.736780166626 200.6823501586914
0 0.0159 35.388585329055786 12.13578319549562 74.79678988456726 44.974308967590346
0 0.0158 538.8252639770508 176.99594116210938 591.4906692504883 200.09126281738284
0 0.0153 430.5107116699219 -4.366826057434069 480.0084686279297 21.43362140655519
0 0.0149 109.11434173583984 116.79832077026369 161.2313461303711 140.28827285766602
0 0.0149 299.7684097290039 26.31700134277345 350.6485366821289 50.76634979248048
0 0.0148 75.06451606750488 -87.18224906921385 115.09381294250488 -55.64737701416014
0 0.0146 169.10709381103516 126.79696655273439 221.23920440673828 150.28874969482422
0 0.0145 429.3922805786133 146.60977935791016 480.98094940185547 170.47715759277344
0 0.0144 269.2094039916992 166.7390117645264 321.1446762084961 190.34834480285645
0 0.0143 529.1254425048828 146.7879447937012 581.2220001220703 170.29826736450195
0 0.0143 359.30416107177734 76.66267013549808 411.0618209838867 100.42312240600587
0 0.0141 609.69970703125 315.9115753173828 638.75 341.1111602783203
0 0.0141 0.0 11.922527313232434 34.71580266952515 45.169216156005874
0 0.0139 435.06282806396484 172.8267822265625 475.0947952270508 204.34442138671878
0 0.0138 608.9832305908203 476.1448822021484 638.75 492.25
0 0.0136 319.5884704589844 136.46443939208987 370.8061981201172 160.62146759033203
0 0.0136 5.31494140625 252.3141632080078 44.86223220825195 284.81141662597656
0 0.0136 609.455738067627 -43.88112449645994 638.7499809265137 -19.0923442840576
0 0.0133 589.3678283691406 116.62028884887697 638.75 140.4657325744629
0 0.0131 208.73855590820312 157.05273246765137 261.5688705444336 180.0343952178955
0 0.0129 609.0882682800293 236.39535522460938 638.7500190734863 260.6332550048828
0 0.0129 309.4092559814453 106.59963226318361 360.96534729003906 130.48753356933594
0 0.0127 200.64313888549805 75.06990051269533 228.97863388061523 121.89179992675781
0 0.0126 259.4081497192383 136.59511184692386 310.9674072265625 160.49132919311523
0 0.0126 609.4679260253906 286.10948181152344 638.75 310.9169921875
0 0.0125 0.0 -67.77408027648924 34.83051061630249 -35.10802650451659
0 0.0124 428.11859130859375 70.59827423095703 512.6026153564453 136.626220703125
0 0.0124 105.52848815917969 81.76356887817384 144.67512130737305 115.31478500366211
0 0.0122 230.67176818847656 75.26691055297852 258.9441680908203 121.73244094848634
0 0.0122 299.5195770263672 56.51458358764649 350.8678436279297 80.57151412963869
0 0.0119 308.66268157958984 -92.89352321624754 361.63631439208984 -70.01872920989987
0 0.0118 599.4031524658203 -73.39241409301756 638.75 -49.51990509033201
0 0.0118 488.68324279785156 197.09928131103516 541.6164398193359 219.989372253418
0 0.0117 170.63238143920898 75.00512695312501 198.99164199829102 121.94577789306642
0 0.0115 198.9317512512207 -103.06659126281737 251.39307022094727 -79.84507942199706
0 0.0114 408.5272216796875 -92.80926609039304 461.7591094970703 -70.10346317291257
0 0.0113 35.095834732055664 -27.24566841125487 75.06500244140625 4.4103298187256
0 0.0110 73.06253433227539 -141.58583068847653 188.19150924682617 -91.93595314025877
0 0.0110 469.30797576904297 -43.32788848876951 521.0558700561523 -19.584640502929673
0 0.0107 499.1246795654297 -73.20113563537596 551.2204742431641 -49.71122169494628
0 0.0106 609.6181488037109 345.98077392578125 638.75 371.0431823730469
0 0.0104 158.53681564331055 187.1884689331055 211.74962997436523 209.89934539794925
0 0.0103 0.0 -27.746318817138658 34.84210252761841 4.866634368896498
0 0.0102 609.441967010498 86.1256561279297 638.7500190734863 110.90043640136719
0 0.0102 509.5608139038086 116.47386169433595 560.8331680297852 140.61063385009768
0 0.0100 265.2266502380371 102.49564743041994 304.9437141418457 134.64591598510742
