0 0.0415 28.2565975189209 -76.14550352096558 82.00507164001465 -53.76839876174927
0 0.0291 397.1592330932617 184.4579315185547 453.0098342895508 205.62007904052732
0 0.0254 0.0 219.8858642578125 638.75 558.75
0 0.0230 336.43253326416016 -75.19176483154297 393.68175506591797 -54.73859310150146
0 0.0229 0.0 -79.99999999999999 510.9122848510742 201.51496887207028
0 0.0228 88.79404067993164 -76.47581100463866 141.51716232299805 -53.43592166900634
0 0.0221 318.20655822753906 43.88636589050292 372.0500946044922 66.19980812072754
0 0.0220 397.0053482055664 154.53481674194336 453.15174102783203 175.54155349731442
0 0.0212 28.893792629241943 -46.54374599456787 81.42774820327759 -23.368268013000492
0 0.0200 378.60652923583984 43.64132881164551 431.6872787475586 66.44619941711426
0 0.0195 407.45689392089844 214.30450439453125 462.73582458496094 235.7763671875
0 0.0182 328.3287811279297 73.8114595413208 381.93939208984375 96.27498149871826
0 0.0177 258.12429428100586 43.9346981048584 312.1250343322754 66.15105628967285
0 0.0175 297.49518394470215 14.286956787109377 352.70005226135254 35.79467773437499
0 0.0174 337.04723358154297 184.51807022094727 393.11214447021484 205.5593681335449
0 0.0167 276.46910667419434 -75.20812511444092 333.6477756500244 -54.721693992614746
0 0.0163 0.7853603363037109 -77.19287872314453 28.808860778808594 -32.55990028381348
0 0.0159 337.06310272216797 154.50788497924805 393.09803009033203 175.56936264038086
0 0.0153 357.5328063964844 14.265003204345701 412.6659393310547 35.81665039062499
0 0.0152 511.90391540527344 49.841804504394524 638.75 149.6270751953125
0 0.0147 388.7598419189453 73.53967189788817 441.54945373535156 96.54760837554932
0 0.0145 512.6921272277832 -80.0 638.7499809265137 -10.150761604309086
0 0.0142 396.73267364501953 -75.33481121063232 453.4042739868164 -54.592251777648926
0 0.0139 417.98839569091797 244.01451110839847 472.24864959716797 266.0706329345703
0 0.0132 458.67897033691406 163.5916519165039 511.62254333496094 186.49547576904297
0 0.0131 268.43006134033203 73.75320434570311 321.84669494628906 96.33411407470702
0 0.0130 347.59693145751953 214.2329406738281 402.6066207885742 235.849609375
0 0.0128 439.139404296875 43.28875541687012 491.2071990966797 66.79888725280762
0 0.0124 237.55874633789062 14.252119064331055 292.64190673828125 35.82991600036621
0 0.0122 108.70935440063477 223.5774993896484 161.59393310546875 246.51046752929685
0 0.0121 574.3924140930176 164.83682632446286 638.7499809265137 214.74702835083005
0 0.0121 217.2453498840332 -75.58773040771484 272.9308891296387 -54.333691596984856
0 0.0120 296.7706775665283 -15.345659255981444 353.367338180542 5.420188903808594
0 0.0120 377.1598815917969 124.45482254028319 433.00987243652344 145.6227684020996
0 0.0119 346.19495391845703 -55.07456660270691 403.90003204345703 -34.857360124588006
0 0.0117 148.14703464508057 -76.07928276062012 202.1044683456421 -53.834939002990716
0 0.0117 84.98663902282715 -50.530428886413574 125.16594886779785 -19.285426139831543
0 0.0116 458.4078598022461 193.7596893310547 511.86840057373047 216.32652282714844
0 0.0116 49.30999517440796 23.165464401245114 101.055166721344 46.92128181457519
0 0.0115 418.3622360229492 13.792638778686523 471.90868377685547 36.294145584106445
0 0.0112 29.028377532958984 -16.638643741607666 81.30764961242676 6.725943088531494
0 0.0111 499.31968688964844 23.162956237792965 551.0456085205078 46.92436218261718
0 0.0109 98.70979309082031 193.57471466064453 151.59408569335938 216.51287078857422
0 0.0109 448.63380432128906 133.61644744873047 501.6642761230469 156.47003173828122
0 0.0107 575.4707145690918 524.7563171386718 638.7500190734863 558.75
0 0.0107 327.96993255615234 104.02025222778319 382.2665786743164 126.06409072875975
0 0.0105 158.0445146560669 243.98109436035153 212.1977186203003 266.1042022705078
0 0.0102 237.03310012817383 -15.4754900932312 293.1253242492676 5.552680492401122
0 0.0100 366.89117431640625 -15.406131744384764 423.25653076171875 5.481691360473632
