0 0.0254 0.0 193.88586425781253 638.75 532.75
0 0.0233 256.82939529418945 218.62440490722656 313.3134651184082 239.45051574707028
0 0.0229 0.0 -105.99999999999996 510.9122848510742 175.5149688720703
0 0.0217 386.8798828125 78.60199356079103 443.26629638671875 99.47384262084964
0 0.0198 217.18318939208984 198.44781303405762 272.9872512817383 219.63076972961426
0 0.0196 317.0182132720947 218.52735900878906 373.1400966644287 239.54901123046872
0 0.0196 66.78020477294922 218.64939117431643 123.35865020751953 239.42522430419925
0 0.0196 367.5676727294922 108.24776077270512 422.6336669921875 129.8344078063965
0 0.0190 277.69702911376953 78.17495727539064 332.5156784057617 99.90782165527347
0 0.0187 276.9957447052002 188.5395660400391 333.1605815887451 209.5366897583008
0 0.0184 356.7720031738281 58.65427398681643 413.3660125732422 79.42034149169923
0 0.0177 367.86746978759766 138.08294677734378 422.35912322998047 160.0014343261719
0 0.0176 96.66182518005371 198.70481872558597 153.46842765808105 219.36819458007812
0 0.0172 177.2435188293457 218.41581726074222 232.9319953918457 239.66314697265625
0 0.0168 36.67864799499512 198.69819068908694 93.45253944396973 219.3752040863037
0 0.0166 237.1476173400879 58.46556091308596 293.02011489868164 79.61260223388672
0 0.0165 416.5435791015625 58.762763977050795 473.5774230957031 79.30921936035158
0 0.0163 297.2029113769531 48.439487457275405 352.9686737060547 69.63951492309572
0 0.0162 308.26805114746094 107.85091781616212 361.9939422607422 130.23571395874026
0 0.0160 27.125825881958008 238.47834014892575 83.03976058959961 259.59986114501953
0 0.0159 377.0587158203125 218.5089340209961 433.1023406982422 239.56812286376953
0 0.0158 426.8144226074219 98.63226318359376 483.3271789550781 119.44261932373048
0 0.0154 317.7952575683594 168.1163444519043 372.4267578125 189.9665107727051
0 0.0145 308.19446563720703 137.89026641845706 362.06188201904297 160.19537353515628
0 0.0142 257.287540435791 158.38978195190433 312.8922462463379 179.6890678405762
0 0.0142 157.16557025909424 188.4538116455078 213.00418376922607 209.6241226196289
0 0.0138 377.9436492919922 168.03795242309573 432.2899627685547 190.04661941528323
0 0.0137 227.63965606689453 98.2062568664551 282.56824493408203 119.8761024475098
0 0.0137 66.67537927627563 178.69865798950198 123.45582723617554 199.37458419799808
0 0.0128 386.56864166259766 38.75017070770266 443.5543441772461 59.32196521759035
0 0.0125 456.75037384033203 78.66295242309572 513.3864212036133 99.41116714477542
0 0.0123 107.2520637512207 238.41276550292966 162.9237937927246 259.66650390625
0 0.0123 608.9343452453613 516.6822090148926 638.7499809265137 532.7499809265138
0 0.0120 186.74365997314453 78.66527938842775 243.39282989501953 99.40861129760744
0 0.0118 512.6921272277832 -105.99999999999997 638.7499809265137 -36.15076160430906
0 0.0117 247.69821166992188 128.17263031005862 302.51495361328125 149.90991973876956
0 0.0115 197.6306915283203 168.2101287841797 252.57667541503906 189.87200164794925
0 0.0111 256.8414115905762 28.61913108825685 313.3022117614746 49.456037521362326
0 0.0110 427.11097717285156 128.48570251464847 483.0535125732422 149.59230804443362
0 0.0109 36.77423715591431 158.6512603759766 93.36440801620483 179.42308807373047
0 0.0106 96.93459510803223 158.56966400146484 153.21709632873535 179.5059051513672
0 0.0104 166.2063980102539 58.91863250732424 223.88980865478516 79.14930725097658
