0 0.0395 574.3924140930176 -55.16318321228027 638.7499809265137 -5.252971649169921
0 0.0354 574.3924140930176 4.836816787719727 638.7499809265137 54.747018814086914
0 0.0291 574.3924140930176 64.83682632446288 638.7499809265137 114.74702835083006
0 0.0254 0.0 219.8858642578125 638.75 558.75
0 0.0233 429.4293212890625 203.07369232177734 480.9497833251953 227.01183319091794
0 0.0229 0.0 -79.99999999999999 510.9122848510742 201.51496887207028
0 0.0196 609.0456390380859 122.92509078979491 638.75 147.10351943969727
0 0.0190 418.7822723388672 233.52681159973145 471.5288543701172 256.560697555542
0 0.0183 439.9753189086914 172.6454162597656 490.4671096801758 197.43518829345703
0 0.0152 535.4573440551758 -31.52044296264648 574.7344589233398 1.6170597076415993
0 0.0145 535.3774642944336 -71.32967114448546 574.8059463500977 -38.55728030204773
0 0.0139 608.927001953125 153.00697326660156 638.75 177.02159881591797
0 0.0129 439.6677780151367 142.90241241455078 490.73619842529297 167.18273162841794
0 0.0126 608.822021484375 293.0778503417969 638.75 316.9506072998047
0 0.0125 395.4126739501953 168.58673095703125 434.77439880371094 201.5190887451172
0 0.0120 519.655647277832 2.900028228759765 570.7493209838867 27.183609008789062
0 0.0118 495.2949905395508 -71.14555835723877 534.8807144165039 -38.72533798217773
0 0.0118 495.34080505371094 -31.2518048286438 534.8396301269531 1.371643543243407
0 0.0117 368.9902114868164 213.38720321655273 421.3419723510742 236.70011520385742
0 0.0113 479.42955017089844 213.0791473388672 530.9484100341797 237.00714111328125
0 0.0110 609.0674591064453 -80.0 638.75 -62.64229059219359
0 0.0109 565.374870300293 118.67929458618164 604.8080062866211 151.43453598022458
0 0.0106 609.0313911437988 542.6068878173828 638.7499809265137 558.7499999999999
0 0.0102 495.25001525878906 148.94952774047852 534.9219512939453 181.18795394897458
