0 0.0809 16.592636108398438 64.74533557891844 73.5306167602539 85.32809734344482
0 0.0722 16.199345588684082 44.926795959472656 73.89515399932861 65.14186859130858
0 0.0546 36.444854736328125 84.81462478637695 93.66744995117188 105.2570915222168
0 0.0539 16.248598098754883 24.90220069885254 73.85001182556152 45.16671180725098
0 0.0514 596.1939239501953 74.91392135620116 638.75 95.15222549438475
0 0.0434 215.31051635742188 35.31099319458008 274.72179412841797 54.74611282348633
0 0.0398 586.1115264892578 94.9600601196289 638.75 115.10650634765624
0 0.0389 596.0343170166016 54.98382568359375 638.75 75.08005142211914
0 0.0382 215.80821990966797 55.099382400512695 274.2586135864258 74.96418952941893
0 0.0319 26.1721134185791 4.933624267578124 83.9217472076416 25.133819580078125
0 0.0315 215.21299362182617 15.349550247192381 274.81313705444336 34.70597267150878
0 0.0313 75.56267738342285 65.20502567291258 134.4870090484619 84.85536098480223
0 0.0276 515.8233642578125 75.09353637695312 574.244384765625 94.9703598022461
0 0.0269 236.54314041137695 74.76511478424072 293.5772895812988 95.30717372894287
0 0.0254 0.0 219.8858642578125 638.75 558.75
0 0.0249 155.14323711395264 35.38203239440917 214.87717151641846 54.67320442199707
0 0.0249 276.3538455963135 44.85107421874999 333.75311851501465 65.2186393737793
0 0.0248 456.37603759765625 64.84081745147704 513.7326049804688 85.22914409637451
0 0.0241 75.46268701553345 45.24640083312988 134.58032369613647 64.81255531311035
0 0.0233 56.4314079284668 104.8188591003418 113.68038177490234 125.25236129760741
0 0.0229 596.2994575500488 34.86156463623047 638.7499809265137 55.20519256591796
0 0.0229 0.0 -79.99999999999999 510.9122848510742 201.51496887207028
0 0.0227 607.9096794128418 123.6351776123047 638.7500190734863 146.3875961303711
0 0.0220 155.4536771774292 55.253515243530266 214.58786487579346 74.80586051940917
0 0.0219 446.34864807128906 84.85324859619139 503.7580108642578 105.21636962890625
0 0.0218 515.7935333251953 55.10497093200683 574.2724609375 74.95829582214354
0 0.0218 516.2290954589844 94.91249084472656 573.8677215576172 115.15640258789062
0 0.0218 276.19274139404297 24.924821853637695 333.90247344970703 45.14296531677246
0 0.0214 247.2999382019043 104.39008712768553 302.87927627563477 125.6899070739746
0 0.0209 0.0 89.27249908447266 35.068862438201904 120.89378356933594
0 0.0209 396.1876678466797 64.9272871017456 453.90716552734375 85.1404619216919
0 0.0205 155.1793670654297 15.365438461303711 214.84394073486328 34.68997001647949
0 0.0200 176.08034133911133 74.97888088226317 234.0059471130371 95.08806705474852
0 0.0200 456.40830993652344 44.82548713684083 513.7027740478516 65.24481773376465
0 0.0194 26.551475524902344 -15.242605209350584 83.57048034667969 5.3144073486328125
0 0.0193 396.36260986328125 44.84642982482911 453.7451934814453 65.22330284118652
0 0.0183 296.68972969055176 64.69226837158203 353.4424114227295 85.3812026977539
0 0.0178 456.588134765625 104.74084854125975 513.536376953125 125.33147811889647
0 0.0176 386.2277603149414 84.9112319946289 443.8694381713867 105.15735626220702
0 0.0170 336.6427993774414 44.715566635131836 393.48560333251953 65.3575038909912
0 0.0170 96.13404273986816 84.9526596069336 153.95663261413574 105.11463165283203
0 0.0163 247.59235382080078 134.2322540283203 302.6115036010742 155.8497619628906
0 0.0158 205.43407440185547 -4.743833541870116 264.6075439453125 14.802026748657225
0 0.0156 75.67596435546875 25.154170989990234 134.38220977783203 44.90732192993163
0 0.0154 607.7213287353516 3.7353706359863286 638.75 26.284885406494137
0 0.0154 386.5502166748047 24.758548736572262 443.57147216796875 45.3133201599121
0 0.0151 186.85298919677734 94.61250305175781 243.29177856445312 115.46264648437499
0 0.0148 446.49696350097656 24.783229827880863 503.62091064453125 45.28797149658203
0 0.0147 256.9750213623047 164.55083847045896 313.1795120239258 185.52534103393552
0 0.0145 307.14324951171875 94.46893692016602 363.0238342285156 115.60934066772461
0 0.0145 546.8716049194336 114.60746765136716 603.2736587524414 135.46852111816403
0 0.0144 267.00592041015625 194.53868865966797 323.15025329589844 215.53833007812497
0 0.0142 396.41895294189453 104.82389450073242 453.69213104248047 125.2470588684082
0 0.0140 516.7448806762695 194.6662139892578 573.3913803100586 215.40794372558594
0 0.0135 276.2374496459961 4.903020858764648 333.86138916015625 25.165071487426758
0 0.0131 0.0 -46.65245056152343 41.275620460510254 -23.25902938842773
0 0.0130 0.0 123.21897506713866 41.126580238342285 146.86761856079102
0 0.0124 516.0605239868164 34.98451232910156 574.0251541137695 55.081672668457024
0 0.0124 486.9930648803711 124.54397201538085 543.1623458862305 145.53274154663083
0 0.0120 426.4543914794922 124.80440139770508 483.65997314453125 145.26651382446286
0 0.0119 307.5221252441406 124.2692756652832 362.67608642578125 145.81209182739258
0 0.0116 608.065185546875 -26.455984115600586 638.75 -3.5201835632324228
0 0.0115 66.26270532608032 124.89419937133788 123.83729696273804 145.17461776733396
0 0.0115 257.6938819885254 224.17884826660153 312.51806259155273 245.90423583984375
0 0.0114 0.0 -76.72219753265381 41.18340015411377 -53.189315795898445
0 0.0112 379.691162109375 302.8813171386718 430.7160949707031 327.2032165527343
0 0.0111 526.5061187744141 164.77548599243164 583.6132049560547 185.2952766418457
0 0.0110 447.0673370361328 214.5065879821777 503.0939483642578 235.57085037231445
0 0.0110 145.61994552612305 -4.821102619171142 204.43414688110352 14.881985187530516
0 0.0109 317.28331565856934 214.39651489257812 372.8950595855713 235.6829833984375
0 0.0109 416.6532897949219 4.708948135375976 473.47633361816406 25.363988876342773
0 0.0108 609.0144538879395 542.6199531555175 638.7499809265137 558.7499809265137
0 0.0106 187.0225715637207 124.52394485473631 243.13642501831055 145.5522346496582
0 0.0106 207.2859001159668 184.39451217651367 262.8928565979004 205.68490982055664
0 0.0105 328.5651397705078 283.669204711914 381.7243194580078 306.41845703124994
0 0.0105 326.8930435180664 184.5954704284668 383.2542037963867 205.48051834106445
0 0.0103 329.34593200683594 313.14327239990234 381.0222625732422 336.94385528564453
0 0.0102 378.6180114746094 263.6369323730469 431.67625427246094 286.45103454589844
0 0.0102 7.725868225097656 194.16383743286133 62.48818397521973 215.91985702514648
0 0.0102 307.5200653076172 244.27127838134766 362.6777648925781 265.8102035522461
0 0.0102 517.4996948242188 224.28104400634763 572.6966857910156 245.8000946044922
0 0.0101 608.3081817626953 153.4040641784668 638.75 176.62214279174805
0 0.0101 66.62615060806274 204.72566604614255 123.50051641464233 225.3475761413574
0 0.0101 476.78367614746094 4.645137786865235 533.3560180664062 25.4290771484375
0 0.0100 407.7581787109375 234.1439151763916 462.4591064453125 255.9397029876709
