0 0.0375 450.8401155471802 81.64289593696594 494.5988059043884 98.10519218444824
0 0.0309 443.1912899017334 58.12065303325653 486.6359233856201 74.75383579730988
0 0.0291 474.9658703804016 104.38159108161926 499.0234375 122.19899892807007
0 0.0254 0.0 171.78583145141602 499.0234375 436.5234375
0 0.0238 404.7064781188965 73.43193888664246 447.04389572143555 90.69713950157166
0 0.0236 280.82960844039917 25.827549397945404 321.03025913238525 44.55266147851943
0 0.0229 0.0 -62.499999999999986 399.15022253990173 157.43356943130493
0 0.0226 397.1714377403259 49.83182251453399 438.97855281829834 67.42382049560547
0 0.0225 152.9465615749359 170.01581192016602 183.17294120788574 197.19117879867554
0 0.0216 475.5645990371704 236.83148622512815 499.0234375 255.3781270980835
0 0.0210 152.90190279483795 123.2825219631195 183.21014940738678 150.18603205680847
0 0.0206 241.49108678102493 10.399512946605682 282.2145149111748 28.73163670301437
0 0.0205 475.0811904668808 34.00157392024994 499.0234524011612 51.95485055446625
0 0.0195 475.5820035934448 213.38227391242978 499.0234375 231.95233941078186
0 0.0191 105.9480719268322 123.5135942697525 136.40232756733894 149.97409284114838
0 0.0187 373.7131655216217 174.84411597251892 415.5599772930145 192.4113929271698
0 0.0186 475.59069097042084 189.93961811065674 499.0234524011612 208.52011442184445
0 0.0184 374.2499351501465 26.062838733196255 415.07482528686523 44.318608939647675
0 0.0182 428.76237630844116 104.30686175823212 469.91944313049316 122.32492864131926
0 0.0180 319.851815700531 33.66905450820923 360.12881994247437 52.33627557754516
0 0.0179 288.54233026504517 2.4622380733489995 328.93186807632446 21.04334533214569
0 0.0177 121.61332368850708 170.2733114361763 151.9928276538849 196.95477932691574
0 0.0174 475.31522810459137 127.61463224887848 499.0234225988388 145.84387838840485
0 0.0164 149.0229368209839 149.88192915916443 187.354177236557 170.4733371734619
0 0.0161 475.22591054439545 10.479114949703217 499.0234524011612 28.603501617908478
0 0.0161 363.29999566078186 46.40498384833335 394.6337401866913 70.92133536934853
0 0.0159 90.38111567497253 154.59801256656647 120.72747945785522 181.3759058713913
0 0.0159 233.56936126947403 -12.964593246579168 274.5003327727318 5.2207279950380325
0 0.0158 475.5192846059799 166.54875874519348 499.0234524011612 185.035765171051
0 0.0157 412.8062129020691 190.44986367225647 454.59485054016113 208.05564522743222
0 0.0155 280.8225154876709 49.26823079586029 321.03705406188965 67.98672676086426
0 0.0154 373.5784888267517 151.48453414440155 415.68297147750854 168.89502108097076
0 0.0152 241.77853018045425 33.63139182329178 281.9576486945152 52.3737296462059
0 0.0150 74.65536892414093 123.62262606620787 105.19011318683624 149.87421035766602
0 0.0149 183.99429321289062 170.5899015069008 214.5969271659851 196.66477292776108
0 0.0149 381.3937306404114 96.79582715034485 423.4929084777832 114.20878767967223
0 0.0147 183.9613914489746 115.98068475723267 214.6264910697937 141.90566539764404
0 0.0146 207.08642899990082 7.274076342582702 238.34972083568573 31.921029090881344
0 0.0146 358.6887717247009 72.89053499698639 399.39332008361816 91.24033153057098
0 0.0145 428.29275131225586 26.468202471733097 470.34621238708496 43.9113974571228
0 0.0144 475.6655693054199 260.2030038833618 499.0234375 278.8819670677185
0 0.0144 475.2674698829651 -52.045973017811775 499.0234375 -33.87112729251385
0 0.0142 77.76300609111786 41.40937328338623 117.85325407981873 60.22053956985473
0 0.0140 234.11789536476135 111.64107918739319 274.01039004325867 130.61296939849854
0 0.0135 156.7663997411728 196.62526249885556 178.87268960475922 233.0471575260162
0 0.0133 168.1220382452011 22.701941430568695 199.19665157794952 47.725506126880646
0 0.0133 246.2744116783142 139.83210921287537 277.2965431213379 164.96527194976807
0 0.0132 187.40588426589966 142.75699853897095 226.99245810508728 161.99487447738647
0 0.0131 365.7507598400116 128.05621325969696 407.8843295574188 145.44828236103058
0 0.0131 366.21856689453125 198.08220863342285 407.45967626571655 216.04907512664795
0 0.0130 141.0362273454666 103.20869088172913 179.68527972698212 123.4046220779419
0 0.0129 397.51216769218445 221.49202227592468 438.67018818855286 239.51444029808044
0 0.0128 335.23857593536377 10.40312647819519 375.9663701057434 28.728291392326355
0 0.0128 233.87354612350464 88.38839828968047 274.22720193862915 106.99240863323212
0 0.0126 475.8073687553406 423.91015589237213 499.0234375 436.5234225988388
0 0.0125 428.24786901474 167.11896657943726 470.3872799873352 184.51029062271118
0 0.0124 319.7983205318451 57.14408680796623 360.17683148384094 75.73627308011054
0 0.0124 475.3425121307373 -13.028278946876524 499.0234375 5.236797034740448
0 0.0123 327.1273672580719 112.16305196285248 368.42313408851624 130.09317219257355
0 0.0123 187.08840012550354 -13.240842148661613 227.27233171463013 5.496082827448845
0 0.0121 327.3729085922241 143.2537883520126 368.20125579833984 161.50294244289398
0 0.0121 327.54677534103394 174.38220232725143 368.0455684661865 192.87408143281937
0 0.0121 94.00087594985962 103.38336229324341 132.94391334056854 123.23647737503052
0 0.0120 124.55366551876068 25.845170021057132 164.80369865894318 44.534966349601746
0 0.0117 82.2138637304306 61.70561909675598 113.23198676109314 86.8416130542755
0 0.0117 133.34393501281738 196.73964381217957 155.41714429855347 232.95649886131287
0 0.0115 77.63820886611938 18.06286722421646 117.96464025974274 36.692552268505096
0 0.0114 199.37455654144287 38.320720195770264 230.44443130493164 63.3561760187149
0 0.0114 441.33302569389343 226.2621819972992 472.84480929374695 250.4546344280243
0 0.0114 241.6004315018654 65.00966846942902 282.11673349142075 83.4961086511612
0 0.0113 195.2454298734665 95.86101770401001 234.7809225320816 115.14067649841309
0 0.0113 280.6406617164612 -20.9091454744339 321.19858264923096 -2.4596154689788814
0 0.0112 382.14316964149475 244.7558343410492 422.8152334690094 263.1252706050873
0 0.0110 293.2719588279724 155.19501268863678 324.05930757522583 180.8293908834457
0 0.0107 21.85278944671154 -59.3607984483242 64.26982767879963 -42.13593155145645
0 0.0107 94.29764747619629 181.2489330768585 116.33525788784027 217.2269523143768
0 0.0107 30.739471316337585 33.70368480682373 71.11111283302307 52.301645278930664
0 0.0104 180.22164702415466 196.75976037979126 202.2888958454132 232.94049501419067
0 0.0104 144.62199807167053 46.26291990280151 175.81713199615479 71.05056941509245
0 0.0104 319.57849860191345 88.54857087135315 360.3736460208893 106.83238506317139
0 0.0100 382.063090801239 2.6233792304992676 422.88708686828613 20.88285982608795
