0 0.1502 -58.173928409814835 358.03940892219543 -27.607448399066925 384.2109739780426
0 0.1215 -62.403019517660134 337.90165185928345 -23.17354455590248 357.4717044830322
0 0.1175 -58.087676763534546 389.0604078769684 -27.682945132255554 415.670782327652
0 0.0852 -62.5 314.6710395812988 -22.965744137763977 333.83142948150635
0 0.0785 -27.341939508914944 366.74657464027405 4.0248408913612375 391.20736718177795
0 0.0742 -24.33590590953827 346.4738726615906 16.770996153354645 364.5325303077698
0 0.0656 -27.171025052666664 397.6594805717468 3.866503015160561 422.7641820907593
0 0.0511 4.201754927635194 397.3998725414276 35.00382602214813 423.0010211467743
0 0.0486 -62.5 420.67602276802063 -35.36396846175194 446.5860426425934
0 0.0420 100.12437403202055 338.99328112602234 142.2608345746994 356.3860356807709
0 0.0410 -62.5 291.33012890815735 -22.85955846309662 310.2986514568329
0 0.0409 -16.871504485607147 323.25711846351624 24.898327887058258 340.8735692501068
0 0.0399 7.677569985389711 377.1679103374481 47.34030365943908 396.33479714393616
0 0.0363 100.32175481319427 362.31300234794617 142.08127558231354 379.94226813316345
0 0.0327 140.2081996202469 322.6932883262634 180.4034560918808 341.435968875885
0 0.0309 22.809818387031555 354.10404205322266 63.402414321899414 372.5273013114929
0 0.0306 61.525557190179825 377.7726888656616 102.77726873755455 395.7335352897644
0 0.0306 168.20800304412842 342.8298532962799 199.11816716194153 368.20635199546814
0 0.0297 -31.38488531112671 424.03534054756165 8.279293775558472 443.21635365486145
0 0.0285 35.26771068572998 397.78897166252136 66.42249226570128 422.64625430107117
0 0.0274 92.07738935947417 315.6915307044983 134.66201722621918 332.81153440475464
0 0.0260 -62.5 447.3879635334015 -23.066483438014984 466.7379558086395
0 0.0260 199.5493471622467 342.6288962364197 230.28489947319028 368.3897852897644
0 0.0259 108.3584576845169 385.61058044433594 149.69064295291898 403.5203456878662
0 0.0258 139.91336524486542 299.4691729545593 180.66637217998505 317.7865147590637
0 0.0257 183.87839198112485 311.4852011203766 214.7013247013092 337.0427191257477
0 0.0257 66.28262996673584 351.3527810573578 97.89207577705383 375.372439622879
0 0.0254 -62.499999999999986 234.28583145141602 436.5234375 499.0234375
0 0.0245 69.24834847450256 401.2678265571594 110.67077517509459 419.11327838897705
0 0.0235 -54.72094565629959 470.8312153816223 -15.248190611600876 490.16982316970825
0 0.0234 148.02369475364685 369.56799030303955 188.21290135383606 388.31156492233276
0 0.0232 7.759287953376772 423.9707291126251 47.2695380449295 443.28030943870544
0 0.0229 -62.499999999999986 0.0 336.6502225399017 219.93356943130493
0 0.0225 30.09165823459625 331.0135304927826 71.6937631368637 348.74215722084045
0 0.0210 191.6539669036865 374.064177274704 222.5476503372192 399.47059750556946
0 0.0207 99.9172031879425 276.6130268573761 142.44970679283142 293.7651574611664
0 0.0206 179.37467247247696 291.3700044155121 219.37253326177597 310.2593123912811
0 0.0197 -19.359923899173737 444.53752040863037 11.680267751216887 469.6364402770996
0 0.0195 -16.87043160200119 299.81714487075806 24.897761642932892 317.4382448196411
0 0.0188 -16.19512587785721 486.49144172668457 24.36792105436325 499.0234375
0 0.0173 11.768810451030728 444.7808861732483 43.042294681072235 469.4148302078247
0 0.0171 215.19407629966736 311.33711338043213 245.89172005653379 337.17799186706543
0 0.0171 -62.5 267.74558424949646 -30.832268297672275 287.00610995292664
0 0.0166 30.85029125213623 478.92841696739197 71.01370394229889 497.7004826068878
0 0.0162 152.3718386888504 390.133798122406 183.68791043758392 414.69061374664307
0 0.0162 29.839660972356796 307.7254295349121 71.92337885499 325.1538276672363
0 0.0155 77.7265876531601 478.9276123046875 117.88751184940338 497.7012872695923
0 0.0152 147.50513434410092 268.3693468570709 188.67698311805722 286.38675808906555
0 0.0151 230.78945279121396 350.46452283859253 261.5438401699066 376.1811852455139
0 0.0151 53.884323686361306 424.53593015670776 94.81016173958778 442.72053241729736
0 0.0147 124.59708750247955 478.9298176765442 164.76674377918243 497.69896268844604
0 0.0143 107.70842432975769 253.1869411468506 150.28178691864014 270.3160047531128
0 0.0138 113.14888298511505 406.0533940792084 144.77552473545074 430.04801869392395
0 0.0137 272.7932333946228 486.5506887435913 313.4957551956177 499.0234375
0 0.0134 226.18791460990903 478.9073169231415 266.3043439388275 497.7211058139801
0 0.0132 222.92977571487424 381.8221986293793 253.7739276885986 407.33280777931213
0 0.0131 46.036455780267715 447.9958713054657 87.02975139021873 466.1354124546051
0 0.0130 171.505868434906 478.90371084213257 211.61186695098877 497.7247714996338
0 0.0118 218.60933303833005 291.23419523239136 258.28301906585693 310.39345264434814
0 0.0117 183.7097108364105 405.58648109436035 214.85641598701474 430.47237396240234
0 0.0108 100.76786577701569 432.33999609947205 141.67805016040802 450.54104924201965
0 0.0107 319.7042644023895 486.5224212408066 360.33889651298523 499.0234524011612
0 0.0105 413.23697566986084 486.4652752876282 436.52343749999994 499.0234375
0 0.0102 -62.5 244.31276321411133 -30.82766756415367 263.5640501976013
0 0.0100 246.42017483711243 319.20549273490906 277.16323733329773 344.9394404888153
0 0.0100 338.04072439670557 0.0 436.5234225988388 54.56971749663353
