0 0.0418 -35.31022644042966 267.8624725341797 3.531154632568382 302.18231201171875
0 0.0381 -20.37381744384763 301.43680572509766 7.998947143554707 348.4969711303711
0 0.0349 -35.506969451904276 228.39384078979492 3.7025299072265847 261.69546127319336
0 0.0314 9.633077621459982 301.47735595703125 37.990602493286154 348.4629821777344
0 0.0288 4.658378601074241 267.9716491699219 43.55627441406252 302.0820999145508
0 0.0274 -61.83017110824583 203.25439453125 -9.817255496978738 226.8313217163086
0 0.0267 -92.41867637634275 233.65680694580078 -39.28983306884763 256.4305877685547
0 0.0266 -50.267539978027315 302.30995178222656 -22.128215789794897 347.8157043457031
0 0.0260 -92.16422891616818 263.4927177429199 -39.51957082748411 286.5949821472168
0 0.0254 -120.99999999999997 299.8858642578125 517.75 638.75
0 0.0250 -15.30178642272947 347.84740447998047 23.523019790649432 382.19608306884766
0 0.0229 -120.99999999999997 0.0 389.9122848510742 281.5149688720703
0 0.0221 -120.99999999999997 192.5636100769043 -80.61414813995357 217.51535415649414
0 0.0220 4.417723655700706 228.58448028564453 43.76892948150637 261.52111053466797
0 0.0216 -83.00586080551145 174.0040397644043 -28.754957675933817 196.0801124572754
0 0.0216 39.667285919189474 311.7203903198242 67.94945144653322 358.2674789428711
0 0.0206 -120.26994323730466 222.2549819946289 -92.1255550384521 267.8535461425781
0 0.0206 138.99059677124023 252.63072967529297 189.45408248901367 277.4494171142578
0 0.0193 24.678887367248556 357.9081726074219 63.53912258148195 392.1403503417969
0 0.0192 -11.145626068115211 192.7540397644043 39.57151794433596 217.3292350769043
0 0.0190 -120.99999999999997 152.66682147979736 -80.51360225677489 177.41443157196045
0 0.0189 134.49005508422852 278.41075897216797 173.70422744750977 311.6799545288086
0 0.0188 -120.28083181381221 272.15877532958984 -92.11256122589107 317.92736053466797
0 0.0182 -55.795637130737276 349.0135955810547 -16.032949447631815 381.1296844482422
0 0.0179 -10.295015335082985 382.02991485595703 17.90433311462404 428.0259323120117
0 0.0178 99.68468093872072 281.85641288757324 127.92858505249025 328.1602954864502
0 0.0175 69.69396972656251 301.9340515136719 97.91750335693362 348.0998992919922
0 0.0162 44.31780242919924 268.8063049316406 83.85977172851564 301.31858825683594
0 0.0161 -21.42514801025388 162.9762840270996 29.818004608154315 187.10992813110352
0 0.0160 78.40067291259767 613.0945205688477 129.975341796875 636.991081237793
0 0.0159 69.68117141723634 351.82910919189453 97.93281936645508 398.18180084228516
0 0.0159 -120.99999999999994 122.7053451538086 -80.47456836700435 147.37665176391602
0 0.0159 148.22473907470703 613.2254409790039 200.13155364990234 636.861457824707
0 0.0157 327.97571563720703 613.3990859985352 380.35456085205084 636.6885757446289
0 0.0155 189.67127227783206 261.75365447998047 217.94466400146487 308.2415008544922
0 0.0154 -72.89300537109372 143.93455982208252 -18.856922149658185 166.14959239959717
0 0.0152 19.71685314178469 392.13748931884766 47.890194892883315 437.94361114501953
0 0.0152 129.68891525268555 311.8900966644287 157.92351150512695 358.1337833404541
0 0.0152 488.16612625122076 572.8436279296875 517.7499809265137 597.1853637695312
0 0.0152 138.64258193969727 222.91908264160156 189.75906753540042 247.1658706665039
0 0.0151 267.7860488891602 613.525276184082 320.52523040771484 636.562385559082
0 0.0151 116.98580169677736 144.0147590637207 171.2513198852539 166.0702133178711
0 0.0147 18.351234436035174 613.130989074707 70.01932525634767 636.9549179077148
0 0.0147 99.67350387573242 331.77101135253906 127.94201278686525 378.22784423828125
0 0.0145 88.9337196350098 252.68552780151367 139.50249099731445 277.39633560180664
0 0.0143 127.76852035522461 173.54034423828125 180.54027938842773 196.5478515625
0 0.0142 -71.53544759750363 613.0440139770508 -20.080851078033422 637.0408248901367
0 0.0137 47.960723876953146 223.41270446777344 100.36726379394533 246.6754150390625
0 0.0135 -80.18557167053218 293.1536865234375 -52.22525215148924 337.188720703125
0 0.0134 106.27748870849611 114.39872741699219 161.90061950683594 135.6806182861328
0 0.0134 -120.99999999999997 92.71720886230469 -80.46220874786376 117.36499786376953
0 0.0133 159.70356369018555 312.0172119140625 187.9060401916504 358.03565979003906
0 0.0131 -21.801486968994116 123.25196266174316 30.153316497802752 146.83615684509277
0 0.0130 487.90840530395513 622.7018928527832 517.7499809265137 638.7499809265137
0 0.0130 -40.244766235351534 382.51922607421875 -12.155338287353494 427.6567077636719
0 0.0128 207.96854400634766 613.4051513671875 260.3607406616211 636.6826629638672
0 0.0125 -120.99999999999997 318.4636974334717 -86.27135372161862 351.63159370422363
0 0.0124 391.6921272277833 0.0 517.7499809265137 69.84923839569092
0 0.0122 219.66726684570312 261.721248626709 247.94950866699216 308.2669258117676
0 0.0121 54.57687759399415 398.18477630615234 93.62800979614259 431.8867874145508
0 0.0120 -120.99999999999997 602.8676605224609 -70.30392265319821 627.2171783447266
0 0.0119 99.67092895507815 381.7511749267578 127.94508361816408 428.2434844970703
0 0.0119 194.46547889709473 228.4682846069336 233.72640037536618 261.6273498535156
0 0.0118 37.75165939331056 173.55188369750977 90.55538558959962 196.53635025024414
0 0.0115 129.6621551513672 381.68243408203125 157.95561218261722 428.2977294921875
0 0.0115 -120.99999999999997 62.694082260131836 -80.48512554168698 87.38761901855469
0 0.0115 27.444404602050792 143.7464189529419 80.8332290649414 166.34124279022217
0 0.0113 267.4313201904297 583.745002746582 320.84715270996094 606.3412094116211
0 0.0112 -73.0222473144531 104.00866508483887 -18.738933563232397 126.07466697692871
0 0.0111 18.24118518829347 553.2174301147461 70.11606121063234 576.8699264526367
0 0.0110 189.68190574645996 311.83895111083984 217.93197059631345 358.1746292114258
0 0.0110 106.09920883178714 84.48907852172852 162.06493759155273 105.58843612670898
0 0.0109 36.8820037841797 114.0753173828125 91.34573364257814 136.00923538208008
0 0.0106 -12.068005561828592 93.43385696411133 40.392712593078635 116.65454864501953
0 0.0103 -62.051332950592005 573.4169006347656 -9.621060848236064 596.6706848144531
0 0.0103 178.42657470703128 193.08441162109375 229.95039367675784 217.00233459472656
0 0.0100 -25.72503662109373 428.89122009277344 13.899673461914082 461.24114990234375
0 0.0100 74.03589630126955 549.3703079223633 114.12069702148438 580.8048629760742
0 0.0100 -120.27276611328121 352.22999572753906 -92.12218618392941 397.87269592285156
