0 0.1846 100.66753387451172 173.09207916259766 189.8432731628418 216.69700622558594
0 0.1428 99.80205535888672 142.79462814331055 150.6179428100586 167.28899002075195
0 0.1230 428.3479309082031 153.80300521850586 481.9213104248047 176.2839698791504
0 0.1004 132.81932830810547 216.94679260253906 197.7594757080078 252.95276641845703
0 0.0885 150.05449295043945 142.57566452026367 200.3983497619629 167.50349044799805
0 0.0875 190.97723007202148 191.49713516235352 239.64086532592773 218.53700637817383
0 0.0858 89.28441047668457 113.18994522094725 141.07672691345215 136.89775466918945
0 0.0824 49.51326370239258 153.01403045654294 100.87450981140137 177.07138061523438
0 0.0680 418.2649230957031 183.84981155395508 471.99745178222656 206.2363624572754
0 0.0636 79.22186851501465 83.23211669921874 131.13314628601074 106.85546874999999
0 0.0612 427.8534698486328 124.08992767333983 482.37213134765625 145.99422454833982
0 0.0607 49.72381830215454 182.84772872924805 100.68883657455444 207.23543167114258
0 0.0567 28.724088668823242 123.56428146362306 81.58143997192383 146.52315139770508
0 0.0501 200.98093032836914 221.48548126220703 249.6391487121582 248.54763031005862
0 0.0490 200.48879623413086 162.15827941894528 250.02653121948242 187.90954589843747
0 0.0490 18.73842716217041 93.55659484863281 71.5681505203247 116.53110504150389
0 0.0471 368.5637664794922 153.6692237854004 421.72576904296875 176.4183235168457
0 0.0464 78.44585418701172 251.31607055664065 264.04903411865234 328.7492370605469
0 0.0433 85.70343017578125 217.83859252929685 124.5179557800293 252.20417022705075
0 0.0375 28.958139419555664 63.41039657592772 81.37045860290527 86.67716979980469
0 0.0373 149.0578031539917 113.34667205810544 201.2800645828247 136.74133300781247
0 0.0372 89.18621063232422 53.25902938842773 141.16466522216797 76.82889938354492
0 0.0329 5.088262557983398 149.27841186523435 45.07107734680176 180.8884048461914
0 0.0305 138.81972789764404 83.50414276123045 191.49467945098877 106.5836715698242
0 0.0298 368.4825134277344 123.71986389160158 421.7993927001953 146.3674545288086
0 0.0294 199.8571014404297 132.75054931640625 250.5693817138672 157.33253479003903
0 0.0277 358.62579345703125 183.63189697265625 411.6692352294922 206.45606994628903
0 0.0231 478.49342346191406 173.71089935302734 531.7899322509766 196.37615203857422
0 0.0226 427.91324615478516 94.05328750610352 482.31822967529297 116.03082656860352
0 0.0223 488.46595764160156 143.72684478759766 541.8151092529297 166.35997772216797
0 0.0221 275.47534942626953 8.445281982421875 314.7174835205078 41.64836883544922
0 0.0217 0.0 182.88904190063477 50.71756362915039 207.19625473022458
0 0.0202 149.20706272125244 53.233795166015625 201.14823818206787 76.85260772705077
0 0.0198 109.44739818572998 23.061685562133786 160.93342304229736 47.02391624450683
0 0.0197 235.3763771057129 8.674058914184572 274.80676651000977 41.439313888549805
0 0.0194 315.3987407684326 8.626718521118162 354.7861957550049 41.48253440856933
0 0.0188 324.97406005859375 389.9990081787109 638.75 558.75
0 0.0188 45.326364040374756 208.77463340759277 84.85328912734985 241.34751319885254
0 0.0187 259.9348831176758 -17.31853485107422 310.50209045410156 7.399988174438477
0 0.0184 310.0968933105469 42.541227340698235 360.36094665527344 67.53752708435059
0 0.0180 39.250736236572266 33.208770751953125 91.1079216003418 56.878318786621094
0 0.0180 309.43180084228516 123.0824089050293 360.94539642333984 147.00452804565427
0 0.0178 237.49656677246094 -80.0 638.75 267.1208953857422
0 0.0170 418.3881378173828 213.7774658203125 471.88507080078125 236.30950927734375
0 0.0169 588.4312438964844 -66.25269412994385 638.75 -43.660731315612786
0 0.0168 205.04627227783203 99.35266494750977 245.1108169555664 130.82086563110352
0 0.0168 0.0 389.9971199035644 320.47874450683594 558.7499809265137
0 0.0163 195.3904914855957 8.645372390747072 234.79368209838867 41.46550178527832
0 0.0161 209.47006225585938 -16.946160793304443 260.91136932373047 7.032868862152099
0 0.0161 359.2564010620117 13.209381103515623 411.1018753051758 36.87833786010742
0 0.0158 309.76573944091797 -17.173290252685547 360.64929962158203 7.257709503173827
0 0.0157 329.33177947998047 83.15311431884764 381.03504180908203 106.93401336669922
0 0.0153 324.8440170288086 149.72328186035153 365.30017852783203 180.48423767089844
0 0.0148 260.1881790161133 42.454872131347656 310.28270721435547 67.62153625488281
0 0.0148 109.69596862792969 -7.123568058013916 160.71205139160156 17.207930088043213
0 0.0146 200.05489349365234 42.57110595703125 250.39886474609375 67.5074577331543
0 0.0145 408.02127838134766 63.99222850799559 462.2194290161133 86.09264850616455
0 0.0140 28.031651973724365 -76.01354598999022 82.20993280410767 -53.90150547027587
0 0.0140 199.53025817871094 72.99772262573242 250.86013793945312 97.08711624145508
0 0.0138 608.6979675292969 -36.838407516479485 638.75 -13.133201599121092
0 0.0128 368.8590621948242 -16.516153812408447 421.45801544189453 6.604788303375244
0 0.0127 528.4254455566406 -66.24446630477905 581.8509674072266 -43.66830587387084
0 0.0126 0.0 29.169254302978512 35.024988651275635 60.98777770996093
0 0.0126 160.738525390625 2.3365020751953116 188.8644027709961 47.79195785522461
0 0.0125 28.516197204589844 -46.30063056945801 81.76874160766602 -23.611869812011722
0 0.0125 609.2401313781738 22.785062789916996 638.7499809265137 47.243051528930664
0 0.0123 488.45985412597656 113.72440338134766 541.8219757080078 136.36150360107422
0 0.0123 285.3095245361328 68.81860256195068 324.8678970336914 101.30735874176024
0 0.0121 609.0171051025391 -7.052946090698242 638.75 17.08184242248535
0 0.0119 408.29212188720703 33.83291244506836 461.9728469848633 56.25329971313476
0 0.0118 59.42583084106445 3.0852031707763663 110.95102310180664 27.00156211853027
0 0.0117 245.13872146606445 99.17169570922852 285.0250816345215 130.98554611206052
0 0.0116 609.3531799316406 52.69837379455566 638.75 77.32892036437988
0 0.0115 364.8027801513672 39.79841232299805 405.3386688232422 70.41606903076172
0 0.0115 239.57969665527344 192.97113418579102 290.8140182495117 217.1148109436035
0 0.0113 478.69972229003906 203.58240127563477 531.6029357910156 226.5053367614746
0 0.0111 384.5484161376953 90.22771835327147 425.57899475097656 120.02729415893555
0 0.0109 609.1268730163574 132.86746978759763 638.7500190734863 157.16098785400388
0 0.0109 418.6994171142578 3.580455780029295 471.60362243652344 26.506996154785153
0 0.0108 159.55867767333984 -27.012104988098145 210.83248138427734 -2.901673316955566
0 0.0104 89.17638778686523 -36.735653877258294 141.17380142211914 -13.176608085632326
0 0.0103 113.06253433227539 344.91416931152344 228.19150924682617 394.5640563964843
0 0.0102 549.3679428100586 -36.86932563781738 601.0019302368164 -13.043193817138672
0 0.0101 258.9925956726074 -46.60767436027526 311.3383674621582 -23.30405354499817
0 0.0100 249.55425262451172 132.9879379272461 300.83709716796875 157.09785461425778
