0 0.4182 390.7252502441406 147.59801864624023 611.5412902832031 246.79830551147458
0 0.3671 38.44585418701172 268.8160705566406 224.04903411865234 346.2492370605468
0 0.2343 310.7252502441406 267.59803771972656 531.5412902832031 366.79824829101557
0 0.2040 574.3924140930176 242.33680725097656 638.7499809265137 292.24700927734375
0 0.1664 378.4458541870117 68.81602764129639 564.0490341186523 146.24924182891846
0 0.1537 18.44585418701172 348.8160705566406 204.04903411865234 426.2492370605468
0 0.1409 615.5620574951172 204.82372283935544 638.75 240.1795959472656
0 0.1081 574.3924140930176 102.33682632446288 638.7499809265137 152.24702835083008
0 0.1042 533.062572479248 302.41416931152344 638.7500190734863 352.0640563964843
0 0.0928 0.0 188.81603240966794 184.04903411865234 266.2492370605469
0 0.0854 217.8646183013916 132.0871353149414 383.340368270874 263.3831405639648
0 0.0851 615.5549430847168 164.84529495239255 638.7500190734863 200.15974044799805
0 0.0844 515.931396484375 244.08804893493652 554.3746948242188 280.8564853668213
0 0.0822 228.11857223510742 294.5982360839844 312.60263442993164 360.626220703125
0 0.0717 533.062572479248 362.41416931152344 638.7500190734863 412.0640563964843
0 0.0687 505.56697845458984 -54.281883239746094 544.6359634399414 -20.64374446868897
0 0.0638 253.06254386901855 362.41416931152344 368.191499710083 412.0640563964843
0 0.0633 10.590081214904785 268.71841430664057 39.0425968170166 316.1792755126953
0 0.0551 350.4061508178711 88.00855636596678 379.26700592041016 136.8487739562988
0 0.0532 0.0 427.59803771972656 211.54129028320312 526.7982482910155
0 0.0518 505.84423065185547 -15.152790546417235 544.4045639038086 20.155823230743405
0 0.0506 320.4976272583008 68.26765060424803 349.1549301147461 116.57697677612305
0 0.0505 465.59471130371094 -54.35522556304931 504.6117401123047 -20.576567649841305
0 0.0502 0.0 315.4761505126953 34.57909107208252 349.5780944824218
0 0.0481 350.52242279052734 38.36889266967772 379.12471771240234 86.48303985595703
0 0.0456 368.11859130859375 374.5982360839844 452.6026153564453 440.62622070312494
0 0.0448 290.52913665771484 48.40147018432617 319.1165542602539 96.45423889160155
0 0.0437 385.93658447265625 34.181623458862305 424.3604278564453 70.76985359191893
0 0.0418 320.5299377441406 18.40301513671875 349.1155242919922 66.4522933959961
0 0.0381 465.86544036865234 -15.2475905418396 504.3892288208008 20.24310827255249
0 0.0374 545.4329681396484 -53.95214200019836 584.7553253173828 -20.94540476799011
0 0.0368 515.8341598510742 24.887275695800778 554.4122695922852 60.11894226074219
0 0.0365 574.3924140930176 42.33681678771973 638.7499809265137 92.2470188140869
0 0.0354 545.814323425293 -15.036296844482422 584.427604675293 20.048627853393555
0 0.0352 260.5603790283203 28.55306625366211 289.07859802246094 76.32030487060547
0 0.0349 220.5386734008789 358.4590911865234 249.10503387451172 406.4058685302734
0 0.0348 425.61790466308594 -54.415545463562005 464.59129333496094 -20.521306991577145
0 0.0345 425.93135833740234 34.12467956542968 464.37145233154297 70.82256317138672
0 0.0341 260.56249618530273 88.56115341186523 289.075984954834 136.3126564025879
0 0.0325 275.7819366455078 415.0637054443358 314.4549560546875 449.95674133300776
0 0.0319 533.062572479248 422.41416931152344 638.7500190734863 472.0640563964843
0 0.0313 495.79368591308594 365.03578186035156 534.4442749023438 399.9823760986328
0 0.0311 5.37623405456543 156.1781311035156 44.80654239654541 188.93558502197263
0 0.0310 360.5536651611328 -11.48379325866699 389.08668518066406 36.351814270019524
0 0.0308 475.89183807373047 24.60866928100586 514.3725204467773 60.37557601928711
0 0.0305 290.5577087402344 -1.4616107940673844 319.08180236816406 46.33284568786621
0 0.0301 430.5870056152344 -21.30472183227539 459.04632568359375 26.19781494140625
0 0.0286 400.57865142822266 -21.35171890258789 429.05643463134766 26.237754821777344
0 0.0279 315.87085723876953 414.69852447509766 354.3880844116211 450.29277801513666
0 0.0268 230.6202507019043 48.89726638793945 259.00609970092773 96.02930068969725
0 0.0262 49.72352743148804 160.3536796569824 100.68792581558228 184.73028182983398
0 0.0261 599.5425224304199 -49.49663639068603 638.7500190734863 -25.416588783264157
0 0.0257 585.8192443847656 4.942150115966796 624.4240570068359 40.06845474243164
0 0.0257 190.4581069946289 218.1507873535156 219.20337677001953 266.69765472412104
0 0.0256 455.8935546875 364.6050262451172 494.3708801269531 400.37895202636713
0 0.0253 235.66041946411133 415.45776367187494 274.55530166625977 449.59487915039057
0 0.0224 385.6941223144531 -54.63180065155029 424.5256805419922 -20.322995185852047
0 0.0208 330.6219482421875 -31.09208106994629 359.0040588378906 16.020469665527344
0 0.0207 205.8286476135254 104.90230560302734 244.41709518432617 140.1051330566406
0 0.0202 230.6270980834961 -1.0551548004150364 258.9978790283203 45.99078178405762
0 0.0202 590.3512763977051 -20.19790172576904 638.7499809265137 5.270571708679197
0 0.0198 105.4538631439209 155.99166870117185 144.73721504211426 189.10598754882812
0 0.0197 28.704700469970703 534.4805908203125 111.95663452148438 576.2499999999999
0 0.0193 200.6665802001953 49.22103881835936 228.95034790039062 95.76784133911131
0 0.0190 574.3924140930176 482.33680725097645 638.7499809265137 532.2470092773438
0 0.0183 19.60914134979248 130.44786453247067 70.78805446624756 154.63777542114255
0 0.0181 260.62740325927734 -21.05123519897461 288.99749755859375 25.98788261413574
0 0.0167 190.61655044555664 138.873176574707 219.01056289672852 186.0490798950195
0 0.0167 448.11859130859375 434.5982360839844 532.6026153564453 500.62622070312494
0 0.0162 575.4707145690918 542.2563171386719 638.7500190734863 576.25
0 0.0160 295.5816650390625 475.6782913208007 334.6232223510742 509.3927383422851
0 0.0157 185.59576034545898 15.637903213500977 224.61118698120117 49.429731369018555
0 0.0156 535.3603744506836 476.2101745605468 574.8212814331055 508.90632629394526
0 0.0153 28.37230920791626 -58.71649742126465 81.90021276473999 -36.197113990783684
0 0.0153 145.72088241577148 155.28121948242188 184.5036506652832 189.75685119628903
0 0.0149 0.0 349.58106994628906 18.97208571434021 395.55358886718744
0 0.0145 145.382342338562 36.15739822387695 184.8017168045044 68.9545440673828
0 0.0144 470.7832336425781 399.2857360839844 519.7898864746094 425.7644653320312
0 0.0142 69.83797311782837 130.2625274658203 120.5869460105896 154.82028961181638
0 0.0141 105.24415969848633 46.45767211914062 144.9277687072754 78.68053436279297
0 0.0141 270.57546615600586 449.5523452758789 319.9563789367676 475.51059722900385
0 0.0129 49.26624298095703 50.6982421875 101.09395027160645 74.38886642456053
0 0.0127 348.11859130859375 454.5982360839844 432.6026153564453 520.626220703125
0 0.0122 255.5207633972168 475.83553314208984 294.6768379211426 509.2487716674804
0 0.0122 28.56311798095703 -28.831634521484375 81.72661781311035 -6.080989837646484
0 0.0122 165.65597534179688 105.47380447387694 204.5587921142578 139.58013534545898
0 0.0117 29.341955184936523 100.64476013183592 81.02614402770996 124.44217681884764
0 0.0116 114.65133666992188 542.3036193847655 226.56055450439453 576.2499999999999
0 0.0116 345.55858612060547 -62.5 384.6443557739258 -30.654549598693848
0 0.0115 300.6914520263672 -50.58404445648193 328.92051696777344 -4.385666847229
0 0.0114 125.44243335723877 116.01537704467773 164.74780559539795 149.08430099487305
0 0.0112 0.0 60.44459342956543 50.7808256149292 84.64133262634277
0 0.0110 69.60385322570801 20.445594787597653 120.79405784606934 44.639225006103516
0 0.0110 89.70094680786133 80.37134170532225 140.70789337158203 104.71281051635742
0 0.0110 220.53016662597656 449.60781097412104 269.99305725097656 475.4577255249023
0 0.0107 88.98924827575684 -59.10643100738525 141.34160041809082 -35.80544471740723
0 0.0106 129.9432373046875 10.172929763793945 180.49509048461914 34.9082088470459
0 0.0105 0.0 30.517196655273438 50.864763259887695 54.56949234008789
0 0.0102 150.30070781707764 69.84539985656738 200.1866579055786 95.22786140441893
0 0.0100 9.185371398925781 0.760905742645263 61.165151596069336 24.327213764190674
