0 0.0442 175.38711547851562 207.27713775634768 234.6509552001953 226.78069305419925
0 0.0346 115.24374008178711 207.3402328491211 174.78363037109375 226.71622467041016
0 0.0330 185.6473731994629 227.16761779785156 244.40851211547852 246.89372253417966
0 0.0323 165.41658401489258 187.26283264160156 224.62400436401367 206.79503631591797
0 0.0270 125.47492504119873 227.24429321289062 184.56818103790283 246.81529235839844
0 0.0254 0.0 191.88586425781253 638.75 530.75
0 0.0245 105.54925918579102 187.21053314208987 164.49954986572266 206.84966278076175
0 0.0233 236.3344955444336 206.8590850830078 293.7712860107422 227.21026611328122
0 0.0233 16.508588790893555 206.78206634521487 73.60909461975098 227.28995513916018
0 0.0229 0.0 -107.99999999999997 510.9122848510742 173.51496887207034
0 0.0207 26.332566738128662 226.86404418945315 83.77208948135376 247.20591735839844
0 0.0205 165.9116554260254 167.04831314086914 224.1639518737793 187.01565933227542
0 0.0193 226.20582580566406 186.91691589355472 283.8908386230469 207.15071868896484
0 0.0181 599.1662406921387 -94.72652244567867 638.7500190734863 -71.18542480468747
0 0.0180 127.16611862182617 36.45827484130862 183.00256729125977 57.62038421630862
0 0.0179 26.25924825668335 186.8940086364746 83.84094476699829 207.17450332641602
0 0.0162 105.99607467651367 167.013427734375 164.08493041992188 187.05199432373047
0 0.0161 166.62607192993164 16.72415924072268 223.50095748901367 37.34881591796878
0 0.0157 519.0737152099609 -104.66140079498287 571.2651824951172 -81.25021266937253
0 0.0151 146.2711524963379 146.88872528076175 203.82986068725586 167.17993927001956
0 0.0150 609.0190124511719 -55.054967880248995 638.75 -30.916240692138643
0 0.0147 449.4398498535156 55.074169158935575 500.9386444091797 79.01242446899417
0 0.0143 186.6313934326172 36.72225189208987 243.49590301513672 57.35089492797854
0 0.0137 87.69597053527832 16.1775989532471 142.5161647796631 37.90548515319827
0 0.0132 137.0574712753296 -3.489244461059542 193.1032419204712 17.56645393371585
0 0.0131 267.23015785217285 226.42264556884768 322.9442501068115 247.65616607666016
0 0.0126 196.69050216674805 -3.3116130828857124 253.44255447387695 17.384531021118192
0 0.0124 0.0 255.85757446289065 51.99894428253174 278.22947692871094
0 0.0123 608.920726776123 -24.9890213012695 638.7500190734863 -0.9824447631835652
0 0.0123 36.64289474487305 166.71124649047854 93.4865665435791 187.36115646362308
0 0.0122 186.18871688842773 246.92900848388672 243.90562057495117 267.1391220092774
0 0.0121 226.77978515625 156.64437484741214 283.36029052734375 177.4294013977051
0 0.0119 147.15214252471924 66.46338653564456 203.01589488983154 87.61481475830081
0 0.0117 399.4752883911133 35.04464340209963 450.9077835083008 59.04130172729495
0 0.0114 86.23891830444336 246.90848541259768 143.85852813720703 267.16063690185547
0 0.0113 156.4478302001953 126.8056983947754 213.66649627685547 147.26483535766604
0 0.0111 77.98389434814453 56.01456832885745 132.25336074829102 78.0701942443848
0 0.0110 399.20738220214844 65.2357978820801 451.1474609375 88.85091018676759
0 0.0109 86.60730361938477 146.73262786865237 143.51842880249023 167.34008026123047
0 0.0108 609.0030097961426 514.6294136047363 638.7499809265137 530.7499809265138
0 0.0107 511.90391540527344 21.841804504394556 638.75 121.62707519531253
0 0.0107 307.6022720336914 206.22341346740723 362.60318756103516 227.8581447601318
0 0.0107 227.01553344726562 16.52702522277835 283.14300537109375 37.54902076721194
0 0.0102 449.4504928588867 25.06894302368167 500.9286880493164 49.01795578002932
0 0.0101 167.0878791809082 96.49138641357423 223.07615280151367 117.58547973632812
0 0.0100 0.0 135.57049942016604 51.583404541015625 158.5175437927246
