0 0.0930 197.8314971923828 184.09814834594724 252.39315032958984 205.9852409362793
0 0.0719 197.35811233520508 154.3545150756836 252.8270149230957 175.72521209716797
0 0.0541 208.31958770751953 213.8117790222168 261.94889068603516 236.27386093139646
0 0.0466 259.6435737609863 172.9163551330566 310.75857162475586 197.1683311462402
0 0.0367 186.8900489807129 124.5957565307617 243.2572364807129 145.4800033569336
0 0.0342 259.29113388061523 143.1785202026367 311.0721015930176 166.9082260131836
0 0.0287 265.10738372802734 199.23189163208008 305.05428314208984 230.93076705932617
0 0.0283 148.32738876342773 203.8150596618652 201.94005966186523 226.27180099487302
0 0.0282 574.3924140930176 304.83680725097656 638.7499809265137 354.74700927734375
0 0.0270 154.4536590576172 170.3801155090332 195.6689453125 199.88958358764648
0 0.0254 0.0 -79.99999999999999 638.75 259.48570251464844
0 0.0235 186.77207946777344 94.65063095092772 243.36681365966797 115.4234504699707
0 0.0234 257.9172897338867 24.04921531677246 312.3149108886719 46.0346508026123
0 0.0229 0.0 277.02486038208013 510.9126281738281 558.7499809265137
0 0.0228 186.99565887451172 64.53971862792969 243.1606674194336 85.53655624389648
0 0.0216 197.36127853393555 34.35161590576172 252.82442092895508 55.72793960571288
0 0.0204 608.4581184387207 263.3121109008789 638.7499809265137 286.71497344970703
0 0.0194 247.5635528564453 54.24478530883788 302.63858795166016 75.83656311035155
0 0.0188 208.2036018371582 3.879508972167968 262.0547294616699 26.205387115478516
0 0.0185 138.2994270324707 143.83352279663083 191.96508407592773 166.2534523010254
0 0.0177 268.85539054870605 -6.526830196380615 321.464204788208 16.613595485687256
0 0.0173 218.36402893066406 243.78910064697263 271.9076156616211 266.2973403930664
0 0.0170 535.2863693237305 318.8517761230469 574.8907089233398 351.27716064453125
0 0.0168 574.3924140930176 364.83680725097656 638.7499809265137 414.74700927734375
0 0.0165 248.06102752685547 113.96781921386719 302.18353271484375 136.11705780029297
0 0.0161 317.9465389251709 14.030275344848631 372.28867530822754 36.05343818664551
0 0.0153 247.42412567138672 84.32001113891602 302.76634216308594 105.76032638549803
0 0.0148 608.6199951171875 233.20872306823728 638.75 256.81897163391113
0 0.0142 127.62529373168945 74.21664714813231 182.58079528808594 95.8659791946411
0 0.0139 307.5157070159912 44.27431106567383 362.6815891265869 65.80722808837889
0 0.0138 309.4698238372803 163.0535125732422 360.9116458892822 187.03311920166016
0 0.0137 158.06214809417725 233.96804809570312 212.182297706604 256.116943359375
0 0.0137 137.4987030029297 44.28152084350587 192.69763946533203 65.79959869384766
0 0.0137 609.1852569580078 152.82373428344724 638.75 177.2043800354004
0 0.0125 609.032154083252 542.6061248779296 638.7499809265137 558.75
0 0.0122 609.0115356445312 122.95053482055665 638.75 147.07830429077148
0 0.0122 608.8983917236328 203.02566528320312 638.75 227.00279235839844
0 0.0122 148.04954528808594 13.973379135131836 202.1942138671875 36.11126899719238
0 0.0121 218.98752212524414 -26.60822868347168 271.3437843322754 -3.304061889648437
0 0.0110 127.79134750366211 104.12565231323241 182.4287223815918 125.95823287963866
0 0.0110 367.32540130615234 34.3710994720459 422.8572463989258 55.708246231079094
0 0.0109 309.39674377441406 133.11063766479492 360.9761047363281 156.97683334350586
0 0.0109 519.9364471435547 292.6784133911132 570.5010986328125 317.4027633666992
0 0.0108 608.6042976379395 -66.7798662185669 638.7499809265137 -43.19233894348144
0 0.0104 328.8961410522461 -16.54750823974609 381.4261245727539 6.635179519653319
0 0.0102 158.63869190216064 -16.37946128845215 211.6582441329956 6.466989517211913
