0 0.1130 508.17237854003906 37.4110565185547 562.0802307128906 59.67561340332032
0 0.0778 458.0968475341797 17.451663970947276 512.1498107910156 39.634090423584
0 0.0576 517.4030685424805 7.83240890502931 572.7853775024414 29.247928619384776
0 0.0505 447.20970153808594 -12.06287765502928 502.9621887207031 9.14210891723634
0 0.0440 508.92662048339844 66.93959808349611 561.3970947265625 90.14913177490234
0 0.0396 448.8135528564453 47.00872039794923 501.5001678466797 70.0791702270508
0 0.0391 398.2436752319336 17.364536285400405 452.0163345336914 39.7218475341797
0 0.0366 17.8395938873291 57.59948348999025 72.38443374633789 79.48485946655275
0 0.0334 507.05238342285156 -21.98709869384764 563.1079864501953 -0.9358062744140478
0 0.0295 18.012475967407227 87.50096893310548 72.22663879394531 109.58436584472658
0 0.0277 76.67259454727173 58.201766967773445 133.45798254013062 78.8717041015625
0 0.0268 407.43091583251953 -32.17768096923826 462.75875091552734 -10.741046905517564
0 0.0254 0.0 193.38586425781247 638.75 532.25
0 0.0241 17.699270248413086 27.67676925659181 72.5129222869873 49.40648651123048
0 0.0229 0.0 -106.49999999999999 510.9122848510742 175.01496887207034
0 0.0217 388.7105178833008 47.07793807983399 441.5925979614258 70.01018142700197
0 0.0212 466.5287780761719 -41.731809616088846 523.5914611816406 -21.196636199951154
0 0.0202 77.25894927978516 87.91070556640626 132.91711807250977 109.16883087158203
0 0.0175 96.58816337585449 38.24056243896486 153.5364055633545 58.831745147705085
0 0.0162 8.43454360961914 117.25127792358397 61.84245586395264 139.83615493774414
0 0.0137 609.371509552002 366.18646240234375 638.7499809265137 390.84100341796875
0 0.0135 8.259859085083008 -2.642969131469712 62.0011043548584 19.729734420776378
0 0.0131 449.144287109375 76.78317642211915 501.20330810546875 100.30414199829103
0 0.0122 608.9025115966797 516.2060699462891 638.75 532.25
0 0.0119 357.94769287109375 -12.46603393554686 412.28668212890625 9.550395965576186
0 0.0118 37.66629934310913 227.6884613037109 92.54457712173462 249.39363098144528
0 0.0114 567.9801940917969 37.518082618713386 622.2563934326172 59.5668706893921
0 0.0114 609.658374786377 395.9493408203125 638.7499809265137 421.0743103027343
0 0.0113 608.9185333251953 336.51570892333984 638.75 360.51328277587885
0 0.0109 512.6921272277832 -106.49999999999997 638.7499809265137 -36.65076160430907
0 0.0107 509.1390609741211 96.79280853271486 561.2067031860352 120.29534912109376
0 0.0107 337.88421630859375 17.572685241699233 392.34405517578125 39.511676788330085
0 0.0107 98.40091705322266 217.26853942871094 151.87368392944336 239.8182830810547
0 0.0106 448.97754669189453 216.89969635009763 501.35250091552734 240.18819427490232
0 0.0104 137.00790405273438 58.03506469726564 193.14903259277344 79.04157257080078
0 0.0101 68.09272766113281 117.45423889160158 122.15354919433594 139.6315155029297
0 0.0100 0.0 146.97724914550784 51.448302268981934 170.11144256591797
0 0.0100 0.0 -33.218978881835916 41.19025707244873 -9.692768096923814
