0 0.0256 286.6615962982178 77.2076416015625 343.46802711486816 97.86579132080078
0 0.0254 0.0 192.3858642578125 638.75 531.25
0 0.0236 276.28074645996094 57.38752365112305 333.8201904296875 77.68178939819336
0 0.0229 0.0 -107.5 510.9122848510742 174.01496887207034
0 0.0211 336.4373016357422 57.314834594726555 393.67523193359375 77.75627136230469
0 0.0208 226.95762634277344 77.0634651184082 283.19461822509766 98.01317214965822
0 0.0199 316.95655822753906 97.06037521362303 373.1964874267578 118.01568984985349
0 0.0187 297.373743057251 216.84928894042966 352.81195640563965 238.23104858398438
0 0.0171 367.0653533935547 77.00887680053711 423.09547424316406 98.0687141418457
0 0.0170 216.590576171875 47.243404388427734 273.53321075439453 67.829532623291
0 0.0170 608.2588195800781 105.93217849731444 638.75 129.09345626831055
0 0.0166 257.0001220703125 107.04050064086915 313.1558609008789 128.0362892150879
0 0.0162 285.86490631103516 37.57455825805664 344.20597076416016 57.48973846435547
0 0.0162 118.01393508911133 76.49768829345703 172.22585678100586 98.5873031616211
0 0.0160 237.54926681518555 216.75849914550784 292.65031814575195 238.32366943359375
0 0.0156 147.93866634368896 196.54372215271 202.29387760162354 218.5412693023682
0 0.0148 608.3561706542969 75.8734130859375 638.75 99.15287017822266
0 0.0146 345.92601776123047 37.54749774932861 404.14920806884766 57.517542839050286
0 0.0140 297.35595703125 186.85514450073242 352.8291320800781 208.22446823120114
0 0.0138 227.4530792236328 186.80675506591797 282.73929595947266 208.27411651611328
0 0.0137 608.2853889465332 135.91670989990234 638.7499809265137 159.10919189453125
0 0.0131 117.30900287628174 46.885037422180176 172.8710126876831 68.19499492645264
0 0.0129 187.95780181884766 96.53339385986328 242.2762680053711 118.55178833007811
0 0.0128 608.9478302001953 515.171947479248 638.75 531.2500190734863
0 0.0127 406.8808364868164 57.0998191833496 463.2658004760742 77.97578811645508
0 0.0125 358.3243179321289 216.31515502929688 411.94324493408203 238.7714385986328
0 0.0123 226.06531143188477 27.48624801635742 284.0197563171387 47.580623626708984
0 0.0123 147.39089488983154 166.8393325805664 202.7964448928833 188.240966796875
0 0.0118 247.2614860534668 136.90790176391604 302.91513442993164 158.17144393920898
0 0.0114 307.07469940185547 127.00294494628906 363.08712005615234 148.0745697021484
0 0.0113 89.2817497253418 195.6951141357422 141.07843399047852 219.39304351806638
0 0.0107 467.42698669433594 56.82210922241211 522.7629089355469 78.2588005065918
0 0.0107 207.31168746948242 156.8796157836914 262.86951065063477 178.1998062133789
0 0.0106 287.4086380004883 156.83063507080078 342.7799987792969 178.24993133544922
0 0.0106 178.68682861328125 226.0959243774414 231.6134262084961 248.99257659912107
