0 0.1891 -15.996440887451158 462.14412689208984 33.51384735107423 487.9233932495117
0 0.1702 -26.262830734252915 432.41554260253906 23.739267349243175 457.6605987548828
0 0.1657 -6.093057632446272 492.2435760498047 43.59552955627443 517.8270721435547
0 0.1242 31.925502777099616 453.75850677490234 85.35029983520508 476.3291549682617
0 0.1158 -66.82521963119504 462.8825378417969 -15.767065525054914 487.20062255859375
0 0.1131 -1.0206165313720563 518.4355163574219 38.213888168334975 551.6573333740234
0 0.1077 42.11763000488283 483.6387634277344 95.17625427246094 506.4494323730469
0 0.1024 -26.891404628753644 402.95154571533203 24.287866115570083 427.13451385498047
0 0.1015 -51.212677001953104 488.8460159301758 -11.609758377075181 521.2824630737305
0 0.0947 -77.10728073120116 433.10813903808594 -25.519203186035142 456.9786071777344
0 0.0900 31.64788818359376 423.9222717285156 85.60323333740234 446.1637878417969
0 0.0836 42.647605895996115 513.2880020141602 94.69880676269533 536.8003463745117
0 0.0677 -106.49999999999997 458.1050491333008 -71.89193391799925 491.95987701416016
0 0.0592 38.977719306945815 148.44369888305664 78.21496105194093 181.64979934692383
0 0.0573 -41.22530126571654 528.8740539550781 -1.5983071327209333 561.2568664550781
0 0.0532 3.2302055358886896 552.8461456298828 54.18248748779298 577.2374725341797
0 0.0523 31.39446353912355 394.0684127807617 85.83434200286865 416.01627349853516
0 0.0493 -71.67523765563962 399.7605895996094 -31.182064056396474 430.4503631591797
0 0.0478 -105.80312633514403 411.97147369384766 -77.58590602874754 458.07254791259766
0 0.0470 -106.49999999999997 498.24745178222656 -71.84533023834227 531.8294525146484
0 0.0464 92.1559295654297 453.61236572265625 145.14207458496094 476.47560119628906
0 0.0446 -27.616921901702863 373.4678268432617 24.93644094467164 396.6208267211914
0 0.0405 33.686419486999526 182.45393753051758 83.78473377227783 207.62216567993164
0 0.0397 91.49924850463869 414.00909423828125 145.73859786987308 436.07627868652344
0 0.0395 78.65941619873047 149.13513660430908 118.50545501708984 181.01882457733154
0 0.0381 -0.8479442596435406 147.99175262451172 38.061510086059585 182.0636749267578
0 0.0367 98.32131958007814 479.7673034667969 138.82108306884766 510.4442596435547
0 0.0340 -7.05484771728514 583.0718994140625 44.433628082275405 607.0149230957031
0 0.0330 52.704621315002456 543.2413482666016 104.64919185638429 566.8458557128906
0 0.0312 91.52278518676759 383.9862823486328 145.7192192077637 406.0978698730469
0 0.0290 82.75899505615234 183.20453643798828 134.6001968383789 206.88274383544922
0 0.0283 33.35000133514405 122.75724411010742 84.07545185089113 147.3260498046875
0 0.0278 -6.9219341278076 612.9574584960938 44.318529129028335 637.12646484375
0 0.0273 31.58104991912843 363.9542007446289 85.66572284698488 386.13048553466797
0 0.0270 151.48925399780273 414.0110397338867 205.74855422973633 436.07372283935547
0 0.0267 4.19593429565431 181.95363998413086 32.41515731811525 228.08507919311523
0 0.0261 -106.49999999999997 378.51932525634766 -71.75175809860228 411.58069610595703
0 0.0261 52.52106761932374 213.36614608764648 104.8142442703247 236.72113418579102
0 0.0254 -57.477725982666 563.3584213256836 -5.18535995483397 586.7278671264648
0 0.0254 -106.49999999999997 299.8858642578125 532.25 638.75
0 0.0249 102.60451889038086 513.3190536499023 154.73720169067383 536.7695236206055
0 0.0246 162.35871887207034 153.48217487335205 214.95877838134768 176.60617351531982
0 0.0229 -106.49999999999997 0.0 404.4122848510742 281.5149688720703
0 0.0221 52.931209564209 613.0709075927734 104.44839096069337 637.0143890380859
0 0.0218 -56.86996841430662 602.9278182983398 -5.729631423950182 627.157096862793
0 0.0215 118.47217178344727 149.4932222366333 158.67980575561523 180.69308757781982
0 0.0215 162.27297401428223 183.5326385498047 215.03731346130368 206.55487060546875
0 0.0214 151.60894012451172 443.9405822753906 205.6397018432617 466.14463806152344
0 0.0213 52.36901855468751 573.4693908691406 104.95076751708986 596.6181182861328
0 0.0212 141.37010192871094 474.07936096191406 195.85721588134766 496.0047149658203
0 0.0209 51.810680389404304 243.82266998291016 105.45577621459961 266.26373291015625
0 0.0207 -106.49999999999999 538.7966918945312 -71.63785362243651 571.3273620605469
0 0.0207 -71.95290946960448 370.23006439208984 -30.919755935668935 400.0252151489258
0 0.0200 -41.142400741577134 148.6933469772339 -1.6739025115966644 181.42178058624268
0 0.0196 111.88403701782227 223.77897262573242 165.38898086547852 246.3078498840332
0 0.0195 92.71478271484375 123.24051856994629 144.63876342773438 146.847562789917
0 0.0190 192.31237030029294 213.50828170776367 245.00150299072263 236.5794563293457
0 0.0185 -16.11798667907713 122.27168083190918 33.616109848022475 147.80011177062988
0 0.0181 152.28551483154297 123.52697372436523 205.02545928955078 146.56089782714844
0 0.0178 222.4043426513672 183.44890594482422 274.9183044433594 206.63902282714844
0 0.0177 151.8576774597168 383.78883361816406 205.4142723083496 406.2969970703125
0 0.0168 172.14692687988278 243.6153221130371 225.15081024169922 266.472225189209
0 0.0165 -25.778974533081037 182.18420028686523 2.3852787017822403 227.90899276733398
0 0.0159 222.49101257324222 153.38789463043213 274.8409423828125 176.6996145248413
0 0.0156 -106.49999999999997 613.0047225952148 -55.62919044494627 637.079963684082
0 0.0152 8.63042449951173 229.1866683959961 48.53290176391602 260.97190856933594
0 0.0150 92.22413635253908 353.5673522949219 145.0807342529297 376.5205383300781
0 0.0146 -17.834972381591783 343.6058807373047 35.13398742675783 366.4820098876953
0 0.0144 51.574359893798835 283.96427154541016 105.67042922973633 306.1212921142578
0 0.0142 111.79750061035155 253.82951736450195 165.46800231933594 276.2566947937012
0 0.0140 61.78250885009767 313.84368896484375 115.48047637939453 336.2432098388672
0 0.0139 8.838134765625014 88.7614917755127 48.341289520263686 121.35947227478027
0 0.0138 -106.49999999999997 583.0594253540039 -55.58653736114501 607.0277786254883
0 0.0136 232.70738220214844 243.23917388916016 284.64677429199213 266.8479919433594
0 0.0129 112.88751220703125 613.1060028076172 164.4866714477539 636.97998046875
0 0.0126 248.43236541748044 209.56401824951172 288.71732330322266 240.62877655029297
0 0.0121 406.19212722778315 0.0 532.2499809265136 69.84923839569092
0 0.0121 160.84835624694824 4.357089996337891 216.33658027648926 25.72216033935547
0 0.0120 151.23340225219724 334.1598129272461 205.98125076293945 355.92395782470703
0 0.0117 48.579388618469245 89.29196357727051 88.57968425750734 120.87607383728027
0 0.0114 2.579318046569839 263.33200454711914 54.76076221466065 286.7560005187988
0 0.0113 171.71902275085446 273.872127532959 225.5403003692627 296.2130928039551
0 0.0113 92.35475158691406 93.48391532897949 144.96251678466797 116.60431861877441
0 0.0112 160.79620933532715 304.38575744628906 216.3842258453369 325.69324493408203
0 0.0111 161.2442455291748 504.14966583251953 215.97227668762204 525.9335708618164
0 0.0110 151.5101776123047 64.00339126586914 205.72850799560544 86.08210563659668
0 0.0108 111.48107147216798 284.0143585205078 165.75635528564453 306.0701370239258
0 0.0107 -105.78288459777829 132.14091777801514 -77.61011028289794 177.9410982131958
0 0.0107 212.4680099487305 123.40351104736328 264.86165618896484 146.68401718139648
0 0.0106 2.160006523132336 313.607759475708 55.138836860656745 336.47990226745605
0 0.0104 211.93186378479004 413.7495803833008 265.3456172943115 436.33739471435547
0 0.0103 152.421012878418 93.44130516052246 204.90254974365234 116.64711952209473
