0 0.1005 586.7482757568359 -91.84464359283444 638.75 -71.08260536193846
0 0.0929 597.6990509033203 -62.32992553710936 638.75 -40.58782958984373
0 0.0543 608.5228157043457 -33.22665596008299 638.7499809265137 -9.745687484741197
0 0.0528 525.9624099731445 -91.47193336486814 584.1162490844727 -71.46311664581297
0 0.0400 536.4505386352539 -71.69192218780515 593.6631393432617 -51.23692417144773
0 0.0259 466.95472717285156 -101.94150352478026 523.1987762451172 -80.98288917541502
0 0.0256 506.8117904663086 -51.865638732910135 563.3294296264648 -31.05939292907713
0 0.0254 0.0 193.38586425781247 638.75 532.25
0 0.0229 0.0 -106.49999999999999 510.9122848510742 175.01496887207034
0 0.0185 476.53926849365234 -71.73248553276059 533.5807418823242 -51.19516873359678
0 0.0170 608.7255859375 -3.3573093414306494 638.75 20.3856716156006
0 0.0163 608.8877105712891 76.53535461425781 638.75 100.49340820312501
0 0.0147 608.966064453125 516.1579475402832 638.75 532.2499809265137
0 0.0141 564.5882034301758 -36.3348832130432 605.5410385131836 -6.416093349456774
0 0.0140 609.5092964172363 486.0780487060547 638.7499809265137 510.9481964111328
0 0.0136 407.5939178466797 -102.27228784561156 462.6109313964844 -80.6462206840515
0 0.0134 507.60093688964844 -22.275079727172834 562.6042175292969 -0.6432285308837745
0 0.0124 608.8638496398926 106.55076599121094 638.7499809265137 130.4778823852539
0 0.0119 608.8703727722168 46.54691314697266 638.7500190734863 70.48181152343751
0 0.0115 37.89433479309082 -2.432598114013657 92.33469009399414 19.517093658447276
0 0.0105 608.6399841308594 146.69732666015628 638.75 170.33063507080078
0 0.0105 0.0 -103.35480594635007 41.01743698120117 -79.55740833282469
