0 0.1540 344.60628509521484 109.0986785888672 405.37769317626953 127.94969177246095
0 0.1265 345.0038146972656 128.94124603271484 405.0065612792969 148.11254119873047
0 0.1197 334.8331069946289 89.00897598266602 395.16597747802734 108.04240798950197
0 0.0851 325.1858139038086 68.86600112915039 384.83715057373047 88.19003677368165
0 0.0805 288.13751220703125 107.43264770507814 342.1117401123047 129.65402221679688
0 0.0614 268.1093978881836 77.45015716552734 322.1371078491211 99.63651275634766
0 0.0544 315.4503631591797 48.75349140167238 374.59129333496094 68.30559825897218
0 0.0544 527.7603912353516 37.63422107696534 582.4589538574219 59.44813823699952
0 0.0513 345.5385208129883 148.71978378295898 404.5083999633789 168.34106063842773
0 0.0384 288.20343017578125 137.3901710510254 342.0525360107422 159.69626998901364
0 0.0365 257.2379493713379 47.925373077392585 312.93554306030273 69.15454483032227
0 0.0351 384.7169876098633 69.04935455322266 445.27584075927734 87.99951171875
0 0.0333 395.0706100463867 88.9074478149414 454.9459457397461 108.14611053466795
0 0.0307 374.86934661865234 48.98805713653566 435.1338577270508 68.06271648406984
0 0.0303 528.0084228515625 7.490831375122084 582.2331237792969 29.592653274536147
0 0.0277 325.7493209838867 28.620716094970717 384.31446075439453 48.441425323486335
0 0.0255 537.9681396484375 67.51807785034181 592.2689819335938 89.56576919555665
0 0.0254 0.0 193.38586425781247 638.75 532.25
0 0.0250 405.87921142578125 108.5629234313965 464.19395446777344 128.50066757202148
0 0.0244 466.47247314453125 38.293071746826186 523.6439514160156 58.77759552001954
0 0.0229 0.0 -106.49999999999999 510.9122848510742 175.01496887207034
0 0.0203 456.1994934082031 58.42038726806641 513.8965606689453 78.64724731445314
0 0.0196 406.1183166503906 128.4547576904297 463.97239685058594 148.6115417480469
0 0.0186 225.36399841308594 72.20010375976564 264.8181915283203 104.91551971435547
0 0.0179 549.2497253417969 166.7151031494141 601.1076354980469 190.37274932861328
0 0.0178 517.9485321044922 -22.46887588500975 572.2864532470703 -0.4471054077148293
0 0.0174 317.40528106689453 167.8383026123047 372.7817153930664 189.2431411743164
0 0.0171 260.72479248046875 105.70308303833008 288.8806915283203 151.3926658630371
0 0.0154 588.6512756347656 37.109776496887214 638.75 59.97738933563233
0 0.0153 385.68885803222656 28.643613815307628 444.3714904785156 48.41723060607911
0 0.0142 267.03274726867676 18.020082473754897 323.12670707702637 39.05640220642091
0 0.0135 456.37847900390625 78.33980178833009 513.7303161621094 98.73023605346681
0 0.0132 467.1628189086914 7.953525543212904 523.0070877075195 29.124103546142592
0 0.0128 538.5234832763672 137.19369506835938 591.7623901367188 159.89366149902344
0 0.0124 336.66831970214844 8.19486236572267 393.46405029296875 28.877159118652358
0 0.0123 512.6921272277832 -106.49999999999997 638.7499809265137 -36.65076160430907
0 0.0123 608.9928436279297 516.1373100280762 638.75 532.2500190734862
0 0.0121 537.9167938232422 97.54903411865234 592.3154449462891 119.53477478027344
0 0.0117 198.9923858642578 46.895175933837905 251.3379669189453 70.19347763061523
0 0.0114 559.2554092407227 196.711030960083 611.1025619506836 220.37678337097168
0 0.0111 608.8551139831543 166.55671691894528 638.7500190734863 190.47193145751953
0 0.0111 578.9518356323242 -23.082765579223615 631.3755416870117 0.17069435119630458
0 0.0109 308.6842346191406 247.09237670898438 361.6168975830078 269.995361328125
0 0.0107 589.0695190429688 6.836305618286147 638.75 30.25135612487794
