0 0.0820 335.2770209312439 67.50225806236269 375.9317398071289 85.87920451164246
0 0.0684 7.045343518257141 44.138578414917006 47.90236055850983 62.36812257766724
0 0.0647 335.517942905426 90.76705360412598 375.71650743484497 109.48851490020752
0 0.0639 327.30385661125183 44.17338752746583 368.26375126838684 62.3331048488617
0 0.0521 288.51181268692017 59.61005175113679 328.9589285850525 78.1457849740982
0 0.0502 7.211014628410339 67.46023678779602 47.75404930114746 85.92095756530762
0 0.0494 14.18660581111908 21.123377323150642 56.32248520851135 38.50665473937989
0 0.0454 279.98459339141846 36.644188404083266 321.7903971672058 54.2364993095398
0 0.0399 178.65341901779175 13.061551094055186 220.01850605010986 30.944643259048473
0 0.0386 296.86564207077026 82.62231731414795 336.29345893859863 102.00321459770204
0 0.0363 374.39870834350586 44.01658260822296 414.9426221847534 62.48877727985383
0 0.0350 233.51827263832092 28.574840813875205 274.5451629161835 46.682038992643356
0 0.0322 241.78215861320496 51.69346714019777 281.95396065711975 70.4369523525238
0 0.0314 318.96287202835083 21.066991329193126 360.93002557754517 38.562906622886665
0 0.0313 171.40264809131622 36.11412429809571 211.7019146680832 54.76611638069153
0 0.0308 53.82571928203106 36.387799024581916 94.86286528408527 54.49369335174561
0 0.0293 217.2592356801033 -2.284633278846732 259.49542969465256 15.039233207702646
0 0.0282 46.49946838617325 59.479368567466736 86.61585301160812 78.27527606487276
0 0.0276 170.21839320659637 -10.004187285900105 212.77223527431488 7.132490813732156
0 0.0266 0.0 90.78028583526611 39.795756340026855 109.47531247138978
0 0.0265 271.5698480606079 13.549109637737281 314.52804803848267 30.45256966352463
0 0.0265 131.4154416322708 13.284114837646493 173.47289621829987 30.720768213272102
0 0.0264 366.5224611759186 20.624821722507484 407.1870148181915 39.00585108995438
0 0.0262 249.85840916633606 74.92346847057343 289.5336449146271 94.07932841777802
0 0.0257 13.772785663604736 -2.0824841260909936 56.70100450515747 14.834550857543954
0 0.0254 0.0 150.785831451416 499.0234375 415.52343749999994
0 0.0254 378.7415027618408 64.79477667808534 410.4313254356384 88.68667268753053
0 0.0233 335.47648787498474 114.23162901401518 375.75414776802063 132.8986712694168
0 0.0229 0.0 -83.49999999999999 399.15022253990173 136.43356943130496
0 0.0215 124.01317059993744 36.46926367282868 165.28819501399994 54.41207969188691
0 0.0200 209.0381383895874 -25.495374858379357 252.05692648887634 -8.628065049648276
0 0.0197 211.5321308374405 35.678727269172676 233.46678912639618 70.89943969249725
0 0.0193 163.78718614578247 59.39893209934235 203.7152647972107 78.35443103313447
0 0.0191 279.90278601646423 177.31547141075134 321.86535000801086 194.8144414424896
0 0.0190 61.033695936203 13.324303269386299 103.22356224060059 30.680162549018867
0 0.0182 296.99641466140747 105.94033980369568 336.1806273460388 125.5572714805603
0 0.0170 257.6194405555725 98.39810216426848 297.3923087120056 117.47966492176056
0 0.0163 405.93525767326355 12.559598028659828 445.9365904331207 31.444793283939365
0 0.0156 413.9315187931061 35.849289685487754 453.58744263648987 55.02797076106072
0 0.0155 263.807475566864 -9.917335867881766 306.67001008987427 7.044149279594429
0 0.0153 123.3227588236332 -9.992422819137563 165.9160517156124 7.120622038841256
0 0.0151 378.6482512950897 88.39419269561769 410.5190336704254 111.9774558544159
0 0.0142 400.5407243967056 -83.49999999999999 499.0234225988388 -28.93028250336646
0 0.0140 358.4478199481964 -2.636211276054373 399.610310792923 15.392018198966989
0 0.0139 310.968816280365 -2.2657833099365132 353.2833456993103 15.019474267959604
0 0.0137 288.1563603878021 153.59601163864136 329.27969098091125 171.65922904014587
0 0.0136 0.0 145.63099825382233 39.99887406826019 164.0004941225052
0 0.0134 215.12047946453094 71.7528589963913 245.95852196216583 97.27658116817476
0 0.0129 272.89879322052 129.9069800376892 313.3246898651123 148.4728434085846
0 0.0127 0.0 114.20583510398865 39.78109359741211 132.92467379570007
0 0.0126 326.82090997695923 169.47734141349795 368.70110034942627 187.02780985832212
0 0.0125 475.4986763000488 -2.8759262561798007 499.0234375 15.585301160812385
0 0.0125 0.0 -26.052283406257622 40.2558371424675 -8.06611990928649
0 0.0121 475.72778165340424 402.97187650203705 499.0234524011612 415.5234524011612
0 0.0119 475.508913397789 -26.320100113749493 499.0234524011612 -7.845510080456725
0 0.0119 327.4371325969696 137.82925689220428 368.1447207927704 156.1766096353531
0 0.0119 161.96401417255402 -33.20269501209258 205.36480844020844 -16.547473430633534
0 0.0117 116.49579182267189 59.70941269397736 157.21016749739647 78.04681146144867
0 0.0116 46.48666828870773 82.92291843891145 86.62795275449753 101.70630896091461
0 0.0115 171.3176965713501 83.04083132743835 211.77977323532104 101.58842587471008
0 0.0114 418.0799424648285 56.469751238822944 449.2360055446625 81.33987867832185
0 0.0113 476.1137366294861 379.5040824413299 499.0234375 398.8296368122101
0 0.0112 233.4810495376587 169.22288918495178 274.5790481567383 187.28375220298767
0 0.0105 37.64406591653824 161.73339420557022 79.74252849817276 179.14628022909162
0 0.0105 256.02370500564575 -33.369528412818894 298.8309860229492 -16.37829309701918
0 0.0104 405.6430757045746 -10.66255784034728 446.1967647075653 7.793558478355417
