0 0.0254 0.0 101.285831451416 499.0234375 366.02343749999994
0 0.0246 474.90930557250977 57.349370241165154 499.0234375 75.10544490814209
0 0.0229 0.0 -133.0 399.15022253990173 86.93356943130492
0 0.0224 51.69914849102497 -66.64451080560686 96.8113373965025 -50.86494106054307
0 0.0223 59.40570682287216 -82.22255724668503 104.72229868173599 -66.5382953286171
0 0.0219 474.9642610549927 33.88157618045806 499.0234375 51.69886481761932
0 0.0214 474.77568686008453 80.86024355888365 499.0234225988388 98.46814107894896
0 0.0211 474.47337210178375 127.89555025100707 499.0234225988388 145.17928791046143
0 0.0203 474.93578493595123 10.459975719451895 499.0234225988388 28.245167255401604
0 0.0189 44.3020835518837 -51.213546276092536 88.61420303583145 -35.04110741615296
0 0.0188 474.605455994606 104.38867044448851 499.0234225988388 121.81271743774413
0 0.0172 475.8211225271225 314.5979804992675 499.0234524011612 333.48728847503656
0 0.0171 13.049572706222534 -82.46220517158508 57.366497814655304 -66.29244852066041
0 0.0171 474.651575088501 151.24140810966492 499.0234375 168.71087384223935
0 0.0163 475.54004192352295 213.2238311767578 499.0234375 231.7359013557434
0 0.0161 59.54825133085251 -97.91335332393646 104.59042340517044 -82.09600168466568
0 0.0158 98.62348437309265 -66.66681784391405 143.64054799079895 -50.84200817346573
0 0.0157 475.038543343544 -13.036462098360069 499.0234225988388 4.8674991428852
0 0.0153 106.2767505645752 -82.22065548598766 151.60095691680908 -66.54022689163685
0 0.0148 0.0 -59.78709328174591 40.4549278318882 -42.08171236515046
0 0.0144 310.0884258747101 -66.91774594783784 354.0903627872467 -50.58526861667634
0 0.0141 13.777509331703186 -35.95877307653428 56.69637769460678 -19.038936674594886
0 0.0139 400.5407243967056 -133.0 499.0234225988388 -78.43028250336647
0 0.0136 263.19819688796997 -66.91113728284837 307.2296380996704 -50.59217530488969
0 0.0129 475.6925702095032 353.4984601736069 499.0234375 366.02345240116114
0 0.0127 286.4883840084076 -82.46456141769886 330.80318570137024 -66.29034559428692
0 0.0127 333.30994844436646 -82.43949021399023 377.727746963501 -66.31610225141048
0 0.0127 326.15622878074646 -43.70643067359925 369.30766701698303 -26.917307257652286
0 0.0126 263.74533772468567 -43.7552394270897 306.7261874675751 -26.867932260036476
0 0.0124 106.8037897348404 -51.21449995040895 151.1126607656479 -35.040153741836555
0 0.0121 145.67941427230835 -66.75147879123688 190.34817814826965 -50.755380272865295
0 0.0116 76.31759345531464 -35.97998487949372 119.1595047712326 -19.01732254028321
0 0.0115 356.8956255912781 -66.88652801513673 401.0283946990967 -50.617514729499824
0 0.0114 216.55356884002686 -51.40115189552308 260.14214754104614 -34.84976160526276
0 0.0113 106.3452810049057 -97.87779170274734 151.5377014875412 -82.13247227668764
0 0.0113 169.54438388347626 -51.33341121673585 213.3907824754715 -34.91884338855744
0 0.0110 475.15761852264404 -36.54256331920624 499.0234375 -18.500296950340278
0 0.0110 475.9211391210556 236.40014362335205 499.0234524011612 255.43476772308347
0 0.0108 13.217601925134659 -105.98257052898407 57.211559265851974 -89.6454365849495
0 0.0108 239.63415622711182 -82.47498477995396 283.9090824127197 -66.2797583192587
0 0.0107 153.3978283405304 -82.33354295790195 198.248028755188 -66.42455290257931
0 0.0106 138.6425346136093 -35.88767963647843 181.82049691677094 -19.111326515674598
0 0.0105 326.74410939216614 -20.599408626556404 368.77045035362244 -3.145469903945929
0 0.0104 67.63558834791183 -113.6673638522625 112.1486946940422 -97.5889885723591
0 0.0103 225.19567608833313 -28.419560372829444 267.1949863433838 -10.950154244899757
0 0.0103 279.9484133720398 -20.647375464439396 321.8234181404114 -3.09721994400025
0 0.0101 178.31265926361084 -20.604475021362312 220.32776474952698 -3.140597224235541
