0 0.0492 8.363032341003418 230.29322052001956 61.907734870910645 252.79375457763672
0 0.0390 0.0 -43.401981353759744 211.54129028320312 55.79830551147463
0 0.0345 17.969908714294434 260.5267562866211 72.2651720046997 282.5585403442383
0 0.0331 8.920049667358398 199.93692779541016 61.40451431274414 223.15081024169922
0 0.0254 0.0 206.38586425781256 638.75 545.25
0 0.0176 324.9726104736328 -93.49999999999997 638.75 76.18856811523439
0 0.0164 67.43093252182007 230.8181228637695 122.75968790054321 252.26251983642578
0 0.0163 5.350513458251953 165.2282371520996 44.83062267303467 197.88986587524414
0 0.0158 0.6759381294250488 78.32130813598636 28.93928050994873 124.69265365600586
0 0.0142 28.319177627563477 290.32335662841797 81.94676399230957 312.7639236450195
0 0.0134 0.0 124.84903717041017 34.69070911407471 158.23648834228516
0 0.0134 0.0 -80.86315250396727 40.457048416137695 -56.05626678466794
0 0.0132 28.118572235107422 63.598269462585456 112.60263442993164 129.62622547149658
0 0.0128 67.34011650085449 200.86487197875977 122.84335136413574 222.21481704711914
0 0.0115 608.5229301452637 229.77186584472656 638.7500190734863 253.25559997558597
0 0.0112 153.0625343322754 -88.58583068847655 268.1915092468262 -38.93595314025877
0 0.0111 47.9899787902832 170.5062141418457 102.24888801574707 192.57786178588864
0 0.0110 609.0103340148926 529.1234245300293 638.7499809265137 545.2500190734864
0 0.0108 38.93536567687988 139.92283248901367 91.39155387878418 163.1643333435059
0 0.0105 558.3135986328125 210.32316589355472 611.9525909423828 232.76358032226565
0 0.0102 0.684511661529541 318.37427520751953 28.928914070129395 364.6489181518555
