0 0.0988 589.2499542236328 73.21550369262694 638.75 96.87246322631836
0 0.0800 588.9618110656738 43.41077804565429 638.7499809265137 66.67718887329102
0 0.0700 539.9575042724609 82.65789031982422 590.4832458496094 107.42263793945312
0 0.0662 528.616943359375 53.6345100402832 581.6779327392578 76.45299911499023
0 0.0659 589.7205352783203 102.86216735839842 638.75 127.22263336181639
0 0.0619 540.3593444824219 112.27378845214841 590.1393890380859 137.79602050781247
0 0.0475 588.8537406921387 13.483867645263672 638.7500190734863 36.604270935058594
0 0.0464 528.0923461914062 23.949012756347656 582.1550750732422 46.13594055175781
0 0.0424 609.4090270996094 132.65708923339844 638.75 157.37003326416016
0 0.0404 488.8364791870117 93.49472045898436 541.4792251586914 116.59332275390625
0 0.0391 542.0864486694336 137.97733306884766 608.422737121582 171.98795318603516
0 0.0328 574.3924140930176 184.8368263244629 638.7499809265137 234.74702835083008
0 0.0320 489.24217224121094 123.22111129760742 541.1142730712891 146.86685562133786
0 0.0281 468.7276840209961 63.56803894042967 521.5768814086914 86.52027130126953
0 0.0266 489.5186996459961 183.01628112792966 540.8683395385742 207.0699691772461
0 0.0261 468.41381072998047 33.76485824584961 521.8610763549805 56.32265090942383
0 0.0254 0.0 219.8858642578125 638.75 558.75
0 0.0248 489.52022552490234 153.01618576049805 540.866813659668 177.0701789855957
0 0.0239 507.93601989746094 -5.959806442260742 562.2974395751953 16.044034957885742
0 0.0233 195.39710998535156 158.63031387329102 234.78771209716797 191.47924423217773
0 0.0229 0.0 -79.99999999999999 510.9122848510742 201.51496887207028
0 0.0224 499.630126953125 212.9306983947754 550.7696533203125 237.15463638305664
0 0.0206 609.0463447570801 242.92316436767578 638.7499809265137 267.10521697998047
0 0.0204 248.18819046020508 223.8983154296875 302.066593170166 246.18793487548828
0 0.0200 598.409423828125 -16.234323978424072 638.75 6.321547031402587
0 0.0194 549.2763519287109 243.1867218017578 601.0858154296875 266.8997192382812
0 0.0186 238.59691619873047 183.65060806274414 291.69525146484375 206.43735885620114
0 0.0178 195.1304817199707 199.18552398681638 235.03293991088867 230.97297668457028
0 0.0176 229.25575256347656 343.2043075561523 281.10363006591797 366.8826675415039
0 0.0175 608.9344024658203 273.0038833618164 638.75 297.0249557495117
0 0.0175 489.29931640625 243.1706619262695 541.0652160644531 266.91577911376953
0 0.0174 155.06084442138672 149.31638717651367 195.09811401367188 180.85390090942383
0 0.0172 238.768310546875 153.53900909423828 291.5407943725586 176.54895782470703
0 0.0168 258.32775115966797 253.8167572021484 311.9392776489258 276.27037048339844
0 0.0157 438.6546325683594 203.60635757446286 491.6447448730469 226.48061752319336
0 0.0157 195.3382682800293 28.753900527954105 234.84189987182617 61.36643409729003
0 0.0149 448.12488555908203 3.9348220825195312 502.1243667602539 26.15100860595703
0 0.0148 488.0075454711914 -35.99860191345215 542.2317123413086 -13.916435241699219
0 0.0147 155.17152309417725 29.1069221496582 194.99464511871338 61.0445213317871
0 0.0146 195.23921966552734 118.9724349975586 234.93186950683594 151.1670684814453
0 0.0144 279.34078216552734 323.1483840942383 331.026611328125 346.9389724731445
0 0.0144 549.3076324462891 273.1734085083008 601.0559844970703 296.91417694091797
0 0.0143 608.1726264953613 -66.51785850524902 638.7499809265137 -43.45731258392333
0 0.0143 444.93255615234375 89.5655632019043 485.21690368652344 120.62738418579103
0 0.0142 198.66539001464844 243.603515625 251.63414001464844 266.4840698242187
0 0.0142 235.46241760253906 38.46914291381836 274.7297668457031 71.6265869140625
0 0.0140 488.09154510498047 -76.04887962341309 542.1554946899414 -53.865933418273926
0 0.0140 229.0005874633789 373.3836364746094 281.33190155029297 396.7041778564453
0 0.0139 408.8462829589844 43.49000930786133 461.47003173828125 66.59830093383788
0 0.0137 428.55506896972656 163.66811752319336 481.7350769042969 186.4184761047363
0 0.0135 259.0032958984375 283.3870315551758 311.32835388183594 306.7014694213867
0 0.0135 169.25140380859375 343.2103729248047 221.10687255859375 366.8769836425781
0 0.0130 609.1293334960938 302.867202758789 638.75 327.16148376464844
0 0.0130 155.05266189575195 189.334716796875 195.1054573059082 220.83721160888672
0 0.0130 229.42659378051758 313.0842971801757 280.95041275024414 337.0024490356445
0 0.0128 119.57508087158203 322.9729843139648 170.81844329833984 347.1127700805664
0 0.0126 444.8781204223633 129.65845108032227 485.26859283447266 160.5430793762207
0 0.0125 489.01721954345703 273.3716583251953 541.3171005249023 296.71600341796875
0 0.0124 169.2635154724121 303.2044219970703 221.09548568725586 326.883316040039
0 0.0123 139.13942337036133 123.28426361083983 191.20817184448242 146.80274963378903
0 0.0122 289.1277313232422 363.2975769042969 341.21753692626953 386.79016113281244
0 0.0122 428.11580657958984 -76.06224298477171 482.13321685791016 -53.8523268699646
0 0.0120 205.28244018554688 78.8810968399048 244.8922348022461 111.25035762786864
0 0.0120 115.24566650390625 28.957958221435543 154.92603302001953 61.18026733398437
0 0.0117 234.9477767944336 119.53800201416016 275.20263671875 150.65242767333984
0 0.0116 297.87113189697266 204.07474517822266 352.35721588134766 226.00875854492188
0 0.0114 428.65966796875 233.6066722869873 481.639404296875 256.48083686828613
0 0.0113 198.84511947631836 273.48995208740234 251.47127151489258 296.59824371337885
0 0.0111 428.12015533447266 -26.0626220703125 482.1287155151367 -3.8516044616699228
0 0.0109 169.86211776733398 2.741413116455079 220.5660057067871 27.340927124023438
0 0.0108 275.31686782836914 28.80841255187988 314.8606300354004 61.316652297973626
0 0.0106 119.10293579101562 283.3176803588867 171.2391471862793 306.77051544189453
0 0.0105 389.1001892089844 323.3176803588867 441.2419891357422 346.7702865600586
0 0.0103 575.4707145690918 524.7563171386718 638.7500190734863 558.75
0 0.0102 198.03293228149414 -76.01405382156372 252.2087287902832 -53.900957107543945
0 0.0102 229.17163848876953 -26.728711128234863 281.1772918701172 -3.183026313781739
0 0.0102 109.4569206237793 363.05801391601557 160.9242057800293 387.02796936035156
0 0.0102 307.8966426849365 234.06269073486325 362.33338356018066 256.0213088989257
0 0.0102 149.73012924194336 62.847952842712395 200.68220138549805 87.23589420318602
0 0.0102 565.2911376953125 298.86444091796875 604.8841094970703 331.26556396484375
0 0.0101 114.80826377868652 149.7898292541504 155.33343315124512 180.42383193969727
0 0.0100 404.87850189208984 69.66318130493164 445.2676773071289 100.53876876831055
0 0.0100 119.82595443725586 2.7736473083496094 170.59724807739258 27.309494018554688
0 0.0100 329.32254791259766 333.1597137451172 381.0432815551758 356.92741394042963
0 0.0100 388.790283203125 13.526878356933592 441.5205383300781 36.5614128112793
