0 0.1590 599.1053009033203 -52.68105125427243 638.75 -29.230323791503885
0 0.1531 587.8721809387207 38.07623291015627 638.7499809265137 60.007575988769545
0 0.1363 608.9357757568359 -22.99963569641111 638.75 1.028131484985373
0 0.1331 598.3244514465332 -82.18455767631528 638.7499809265137 -59.72881054878232
0 0.1250 588.6694526672363 7.595409393310567 638.7499809265137 30.49139404296877
0 0.1148 519.2369842529297 -42.78253412246702 571.1204528808594 -19.130471706390356
0 0.1073 588.0307197570801 67.99042129516604 638.7499809265137 90.095027923584
0 0.1057 597.6870918273926 188.1742706298828 638.7499809265137 209.90751647949222
0 0.1032 528.4587478637695 17.72108459472658 581.823844909668 40.36423110961916
0 0.0985 519.3730926513672 -12.888513565063455 571.0005950927734 10.973829269409201
0 0.0895 518.1524658203125 -72.08150005340573 572.0993041992188 -49.83255481719968
0 0.0820 528.185920715332 47.900108337402365 582.0685958862305 70.18618011474612
0 0.0770 587.8991508483887 158.0584182739258 638.7500190734863 180.0251617431641
0 0.0722 608.0545806884766 217.55152130126956 638.75 240.47243499755865
0 0.0667 517.5515747070312 -101.74781417846677 572.6493835449219 -80.17078495025632
0 0.0617 588.5134124755859 97.70241165161134 638.75 120.38525009155276
0 0.0544 528.243293762207 157.85734558105472 582.0183181762695 180.22795104980472
0 0.0516 588.2378959655762 127.86440277099611 638.7500190734863 150.2214279174805
0 0.0505 529.4911575317383 77.03819656372072 580.8926010131836 101.048397064209
0 0.0480 570.7405471801758 -43.65598535537717 598.8618850708008 1.7848458290100289
0 0.0465 529.2450714111328 127.20800781250004 581.1139678955078 150.8784332275391
0 0.0440 537.4433517456055 188.3077850341797 592.749137878418 209.77239990234375
0 0.0292 608.4335136413574 -105.99999999999997 638.7500190734863 -89.06687831878659
0 0.0258 474.9163818359375 -46.40409803390501 515.2320098876953 -15.400169849395729
0 0.0254 0.0 193.88586425781253 638.75 532.75
0 0.0242 484.5991897583008 14.141372680664084 525.5312728881836 44.10541915893557
0 0.0229 0.0 -105.99999999999996 510.9122848510742 175.5149688720703
0 0.0219 479.43363189697266 137.0733299255371 530.9453201293945 161.01253890991214
0 0.0205 479.50714111328125 87.02480697631839 530.8786773681641 111.06148147583009
0 0.0202 484.67769622802734 54.015239715576186 525.456428527832 84.21955490112306
0 0.0198 608.206615447998 247.46427917480472 638.7500190734863 270.5611267089844
0 0.0196 474.6654510498047 -85.96257305145261 515.4678344726562 -55.800529479980455
0 0.0180 547.9611206054688 218.02996063232425 602.2735595703125 240.0550308227539
0 0.0172 458.81141662597656 -12.49290084838865 511.5027618408203 10.580371856689474
0 0.0159 478.13812255859375 177.9248847961426 532.1128082275391 200.16067886352542
0 0.0150 29.558868408203125 16.98286437988283 80.83333969116211 41.10268020629884
0 0.0138 0.0 -93.2863435745239 40.53515434265137 -68.63161182403563
0 0.0132 5.467205047607422 42.46996307373048 44.72426891326904 75.62578582763673
0 0.0123 38.68396997451782 217.5892486572266 91.61784887313843 240.49803161621097
0 0.0116 609.0048980712891 516.6276397705078 638.75 532.7500000000001
0 0.0116 487.821044921875 208.1104888916016 542.4012756347656 229.97381591796878
0 0.0115 608.7397766113281 347.1339263916016 638.75 370.89453125
0 0.0114 0.0 -13.148246765136696 50.676069259643555 11.23308563232424
0 0.0114 370.6663513183594 -14.285560607910135 398.95057678222656 32.27232360839846
0 0.0110 219.19830322265625 137.2493782043457 271.1540985107422 160.8383598327637
0 0.0109 0.0 -63.32677459716795 40.496840476989746 -38.59222030639646
0 0.0107 0.0 92.65169525146486 34.80492115020752 125.45977020263675
0 0.0106 45.37728309631348 42.66854190826418 84.80630874633789 75.44437313079837
0 0.0105 99.01708602905273 217.37226867675784 151.31710052490234 240.71546936035153
0 0.0104 325.5754852294922 -7.814022064208962 364.6295166015625 25.885719299316428
