0 0.1875 73.11857223510744 517.0982360839844 157.60263442993164 583.126220703125
0 0.1134 58.06253433227539 464.91416931152344 173.19150924682617 514.5640563964844
0 0.1067 114.44936752319336 581.3442230224609 165.65916061401367 628.4084320068359
0 0.1018 6.766147613525389 525.0315475463867 73.56866836547852 584.6026229858398
0 0.0945 173.1185817718506 537.0982360839844 257.6026248931885 603.126220703125
0 0.0905 70.92578887939453 586.8636322021484 109.35630798339845 623.1016540527344
0 0.0836 20.928058624267575 466.52645111083984 59.383926391601555 503.4135055541992
0 0.0752 20.887174606323246 587.1276092529297 59.376077651977546 622.8581237792969
0 0.0707 170.26466369628906 618.3488273620605 209.96498107910156 638.7500190734863
0 0.0602 -29.21971321105957 567.5642013549805 9.456796646118164 602.4562454223633
0 0.0567 44.77242946624756 622.2245025634766 95.76296329498291 638.75
0 0.0562 173.1185817718506 457.0982360839844 257.6026248931885 523.126220703125
0 0.0539 210.53615570068362 608.2173156738281 249.67090606689456 638.75
0 0.0522 50.88657855987549 427.1488571166992 89.37480449676514 462.8384780883789
0 0.0507 130.9181022644043 426.47212982177734 169.40004348754883 463.46385955810547
0 0.0478 -14.511327743530275 480.74180603027344 14.165925979614258 529.1039276123047
0 0.0472 90.92679977416994 426.8435287475586 129.35697555541995 463.12023162841797
0 0.0466 -19.504823684692383 608.3280181884766 19.706525802612305 638.75
0 0.0403 -39.184722900390625 527.4109649658203 -0.5685615539550791 562.5972747802734
0 0.0393 250.62988281250003 598.0434036254883 289.58168029785156 632.0163345336914
0 0.0349 10.924301147460941 426.87747955322266 49.356746673583984 463.08887481689453
0 0.0304 -69.49679374694824 568.3742141723633 -30.307054519653324 601.7133712768555
0 0.0291 -95.0 527.7407073974609 -60.48537492752076 562.2941589355469
0 0.0273 -59.65012073516846 608.6955451965332 -20.165410041809086 638.7499809265137
0 0.0260 255.63808441162107 571.9765090942383 304.90543365478516 598.0830764770508
0 0.0256 170.92409133911133 416.80938720703125 209.36311721801758 453.1517791748047
0 0.0254 -95.00000000000001 0.0 543.7500000000001 339.48570251464844
0 0.0250 76.55239105224611 381.66797637939453 164.05105590820315 428.01517486572266
0 0.0240 -94.38671588897705 481.3919448852539 -65.98525047302246 528.5405349731445
0 0.0234 258.0625534057617 504.91416931152344 373.1914901733399 554.5640563964844
0 0.0219 -44.369120597839355 481.4857482910156 -16.00660800933838 528.4600067138672
0 0.0212 -24.44321632385254 431.04652404785156 4.0830135345458975 478.8285827636719
0 0.0205 110.33058166503906 128.7739896774292 149.84859466552734 161.3480806350708
0 0.0199 293.7046813964844 596.9805908203125 376.9566345214843 638.75
0 0.0180 150.21142959594727 129.0250587463379 189.95790481567383 161.1191177368164
0 0.0175 114.45199966430665 163.0601692199707 165.92889785766604 187.02566146850586
0 0.0166 70.45482635498047 128.4941816329956 109.73587036132812 161.60366535186768
0 0.0164 110.49869537353517 88.3879566192627 149.69669342041016 121.7008113861084
0 0.0160 -94.3761157989502 431.4548110961914 -65.99807500839233 478.4878921508789
0 0.0154 35.63892364501953 381.5190887451172 63.98357391357422 428.4294128417969
0 0.0151 174.19570922851562 163.24708938598633 226.15726470947268 186.8400764465332
0 0.0145 165.34173011779788 373.5992431640625 255.1517391204834 416.2297821044922
0 0.0143 -94.30726051330568 131.9370698928833 -66.08096122741699 178.0992841720581
0 0.0140 190.1450824737549 129.15700435638428 230.01940727233887 160.99894046783447
0 0.0138 385.9901428222656 555.9811210632324 543.75 638.7500190734863
0 0.0138 210.88790893554688 417.1282958984375 249.37522888183594 452.8575134277344
0 0.0138 70.51769256591798 88.34176063537598 109.67971801757812 121.74307823181152
0 0.0130 -94.30861473083498 81.92658424377441 -66.07933521270752 128.10757637023926
0 0.0130 55.058741569519036 162.57144927978516 105.39474964141846 187.50755310058594
0 0.0128 -95.0 618.9071464538574 -59.815447330474846 638.7500190734863
0 0.0126 150.4593849182129 88.48103523254395 189.7320365905762 121.61568641662598
0 0.0125 163.84750366210938 203.48751068115234 216.46930694580078 226.60057067871094
0 0.0121 110.58252334594725 348.1745147705078 149.62263107299805 381.8962097167969
0 0.0121 30.52471160888672 128.32618713378906 69.67330932617188 161.75731658935547
0 0.0120 103.9207649230957 193.43734741210938 156.40367507934573 216.65050506591797
0 0.0111 -94.31015253067017 31.914386749267578 -66.07749462127686 78.11714172363281
0 0.0108 -94.29800987243652 182.0122528076172 -66.09203815460205 228.04061889648438
0 0.0108 115.24829864501953 62.40281105041504 165.23014068603516 87.67273902893066
0 0.0105 213.33774566650393 223.80971908569336 266.93042755126953 246.27729415893555
0 0.0104 -94.80246543884277 2.4481916427612305 -44.72577095031738 27.62826919555664
0 0.0103 305.30189514160156 572.3437881469727 355.185775756836 597.729377746582
0 0.0102 30.526967048645023 88.31912994384766 69.67143535614014 121.7637825012207
0 0.0102 163.93714904785156 243.42815399169922 216.3885498046875 266.65992736816406
0 0.0100 -4.395771026611327 381.29467010498047 24.02544021606445 428.61385345458984
0 0.0100 223.71612548828125 183.56613159179688 276.58935546875 206.52084350585938
