0 0.1155 336.50410175323486 18.13907706737519 499.0234375 95.63930118083954
0 0.0959 400.83011984825134 107.83920967578888 490.77460169792175 146.62815415859222
0 0.0679 475.7765680551529 90.68880760669708 499.0234225988388 109.52110373973846
0 0.0471 358.1608384847641 -43.40935713052748 499.0234524011612 17.08534890413285
0 0.0398 448.74407351017 154.65375566482544 499.0234225988388 193.6461009979248
0 0.0369 375.43678283691406 97.00691485404968 397.7189064025879 134.33164143562317
0 0.0270 351.98548436164856 96.9417669773102 374.29818511009216 134.38957715034485
0 0.0259 381.34264945983887 148.6079969406128 447.3457932472229 200.1923599243164
0 0.0239 313.0139410495758 19.358852595090873 335.1256549358368 55.810497790575035
0 0.0229 0.0 195.42567217350003 399.1504907608032 415.52342259883875
0 0.0215 328.5522758960724 96.96027421951294 350.85543990135193 134.3727090358734
0 0.0192 0.0 -83.49999999999999 317.93636083602905 187.68825912475583
0 0.0181 309.05240774154663 55.68942213058472 339.5457863807678 82.0525267124176
0 0.0174 324.7750997543335 -7.087605357170094 355.0867438316345 19.806561708450324
0 0.0170 305.1336109638214 97.05284023284914 327.3950517177582 134.29122948646545
0 0.0168 289.6076738834381 19.600452572107322 311.65072321891785 55.61980018019677
0 0.0161 468.356728553772 -73.31548100709914 499.0234375 -54.554174005985246
0 0.0148 303.21764945983887 132.98302674293518 369.2207932472229 184.56735992431638
0 0.0147 399.9249339103699 205.43893957138062 499.0234375 283.3961524963379
0 0.0142 281.7092835903168 97.1248128414154 303.9415776729584 134.22959828376773
0 0.0130 277.77299284935 55.769128441810615 308.32138657569885 81.97952592372894
0 0.0130 475.76993703842163 402.9398837089538 499.0234375 415.5234375
0 0.0129 448.74407351017 295.2787556648254 499.0234225988388 334.27110099792475
0 0.0128 293.3885455131531 -6.711142420768728 323.95511865615845 19.4614806175232
0 0.0117 266.1793529987335 19.676955133676536 288.2021963596344 55.56034454703331
0 0.0116 405.84221482276917 -65.49499491602181 446.0192024707794 -46.74995812028645
0 0.0116 258.3034336566925 97.32116544246675 280.46587109565735 134.0666242837906
0 0.0110 476.2784242630005 379.3683328628539 499.0234375 398.96330022811884
0 0.0101 320.3795552253723 -26.821384489536275 359.6648573875427 -7.304678022861472
