0 0.0479 589.8545837402344 273.7539539337158 638.75 298.32935905456543
0 0.0432 400.6044387817383 352.2965011596679 429.02515411376953 399.6124038696289
0 0.0423 585.3603744506836 299.71047973632807 624.8212051391602 332.406021118164
0 0.0412 395.72582244873047 418.77080535888666 434.49901580810547 453.2664260864257
0 0.0383 589.5059013366699 244.0292701721191 638.7500190734863 268.05751419067377
0 0.0378 405.8195495605469 458.4464797973633 444.4232940673828 493.56443023681635
0 0.0351 430.6431198120117 362.54815673828125 458.9785385131836 409.4058380126953
0 0.0348 574.3924140930176 475.8368072509765 638.7499809265137 525.7470092773436
0 0.0344 370.65013885498047 352.60564422607416 398.9701461791992 399.3607864379883
0 0.0343 589.6086883544922 333.94654846191406 638.75 358.13890075683594
0 0.0342 575.5772018432617 419.1950759887695 614.6266555786133 452.87732696533203
0 0.0337 535.5836868286133 229.1763458251953 574.6211624145508 262.89449310302734
0 0.0334 0.0 461.09803771972656 211.54129028320312 560.2982482910156
0 0.0329 588.900146484375 164.45411300659177 638.75 187.63415908813477
0 0.0328 515.7164001464844 388.79850006103516 554.5070648193359 423.24094390869135
0 0.0322 545.5576324462891 269.2447338104248 584.6440124511719 302.83186531066895
0 0.0322 385.7584762573242 318.6544189453125 424.4729995727539 353.3733520507812
0 0.0308 405.7944869995117 498.5324630737304 444.4437026977539 533.4853897094725
0 0.0306 589.153003692627 214.2838439941406 638.7499809265137 237.80438995361325
0 0.0306 598.765869140625 134.5417366027832 638.75 157.5463829040527
0 0.0302 535.7241439819336 428.7762222290038 574.5003890991211 463.2613906860351
0 0.0300 255.6534194946289 518.9744338989258 294.5616149902344 553.0795822143554
0 0.0298 599.155445098877 374.2825469970702 638.7499809265137 397.80572509765625
0 0.0294 355.5837631225586 409.1686401367187 394.6217727661133 442.9015502929687
0 0.0293 39.13618087768555 174.28327178955078 91.21175765991211 197.80328369140622
0 0.0292 535.4928588867188 189.40715408325192 574.7014617919922 222.68325424194333
0 0.0291 435.7315444946289 418.748908996582 474.49459075927734 453.2864913940429
0 0.0288 45.31193733215332 409.79310607910156 84.86773490905762 442.33071899414057
0 0.0284 555.5831527709961 379.1786727905273 594.6215438842773 412.8923568725586
0 0.0283 475.7288360595703 368.7556228637695 514.4970703125 403.28038787841797
0 0.0282 365.84129333496094 458.3557662963867 404.40704345703125 493.64797210693354
0 0.0275 430.63934326171875 312.5199279785156 458.9830780029297 359.42834472656244
0 0.0274 45.39578437805176 369.60961914062494 84.79124069213867 402.4982604980468
0 0.0272 39.110867977142334 144.30551147460938 91.2334656715393 167.78176879882812
0 0.0271 545.5350494384766 309.29746246337885 584.6643829345703 342.7836380004882
0 0.0270 445.79689025878906 458.5279235839843 484.4413757324219 493.4895477294922
0 0.0268 615.0909614562988 439.8291931152343 638.7499809265137 472.2992858886719
0 0.0267 49.18806076049805 204.24674606323242 101.16533279418945 227.83965682983396
0 0.0264 495.75897216796875 218.6649284362793 534.4715118408203 253.3636436462402
0 0.0264 385.5369186401367 279.29360961914057 424.6626663208008 312.78710937499994
0 0.0259 365.7738494873047 498.59918212890614 404.46083068847656 533.4240875244141
0 0.0257 598.9372444152832 104.42941284179688 638.7499809265137 127.65887832641603
0 0.0256 488.11859130859375 468.0982360839843 572.6026153564453 534.126220703125
0 0.0254 0.0 -28.99999999999998 638.75 310.48570251464844
0 0.0249 530.012321472168 163.618293762207 580.4339218139648 188.46234893798828
0 0.0249 205.40468215942383 519.6112213134766 244.7810173034668 552.4967346191406
0 0.0242 425.55992126464844 259.23193550109863 464.64263916015625 292.84359550476074
0 0.0242 512.8874015808105 540.6266937255859 638.7500190734863 609.75
0 0.0240 345.4989242553711 319.38264465332026 384.6969985961914 352.7057037353515
0 0.0237 505.65284729003906 268.986536026001 544.5610809326172 303.0684719085693
0 0.0235 515.7154083251953 348.80403137207026 554.5076751708984 383.23587036132807
0 0.0235 100.63054084777832 362.4620971679687 128.99367332458496 409.4757232666015
0 0.0234 5.32862663269043 399.7825775146484 44.849934577941895 432.34025573730463
0 0.0234 340.7078170776367 353.05570220947266 368.9009475708008 399.0061721801758
0 0.0234 495.8028793334961 428.510871887207 534.436149597168 463.5052261352539
0 0.0232 29.529495239257812 343.99751281738276 80.86097717285156 368.087173461914
0 0.0231 614.8932075500488 400.208984375 638.7499809265137 431.9532165527343
0 0.0231 295.7756042480469 518.6054000854491 334.45823669433594 553.418327331543
0 0.0230 445.7273483276367 498.7573013305664 484.4985580444336 533.2787857055664
0 0.0226 405.6586456298828 538.9671096801758 444.5564270019531 573.0862960815429
0 0.0222 95.32123565673828 169.79598617553714 134.85694885253906 202.3279914855957
0 0.0221 465.7038879394531 258.83226013183594 504.51805114746094 293.2100067138672
0 0.0220 385.47191619873047 239.451919555664 424.7207260131836 272.6423034667969
0 0.0218 345.39722442626953 279.6275100708007 384.7878646850586 312.481819152832
0 0.0214 465.58555603027344 329.17092895507807 504.61952209472656 362.89949035644526
0 0.0213 505.55912017822266 309.2352447509765 544.6432113647461 342.840591430664
0 0.0210 130.63570976257324 372.4948654174804 158.98743629455566 419.4486770629883
0 0.0210 425.5883026123047 219.15868377685544 464.61761474609375 252.91070556640622
0 0.0209 85.7520866394043 408.67036437988276 124.478759765625 443.35870361328125
0 0.0209 608.4826469421387 -15.703588962554916 638.7500190734863 7.730744838714614
0 0.0208 535.2201080322266 130.0100526809692 574.9496459960938 162.13276958465576
0 0.0207 305.62522888183594 429.0631256103515 344.5850372314453 462.9982147216797
0 0.0206 485.61214447021484 179.10039520263675 524.5962905883789 212.96407318115234
0 0.0205 38.96014213562012 114.40739727020264 91.36900901794434 137.67995929718015
0 0.0200 85.58818817138672 329.156509399414 124.61795806884766 362.9126892089844
0 0.0198 599.1033935546875 74.31758499145508 638.75 97.77066802978516
0 0.0195 349.37007904052734 -25.872115135192853 401.00032806396484 -2.040585517883288
0 0.0194 265.56713104248047 429.21937561035156 304.6356964111328 462.8550872802734
0 0.0194 125.69778442382812 418.8483581542968 164.52342987060547 453.19520568847656
0 0.0191 480.12535095214844 153.51672744750974 530.3360748291016 178.56162643432617
0 0.0190 310.69297790527344 362.92455291748047 338.91868591308594 409.10710906982416
0 0.0188 394.65137481689453 575.8036193847656 506.56055450439453 609.7499999999999
0 0.0188 99.6204662322998 213.9355239868164 150.7787799835205 238.14954376220703
0 0.0182 39.217023849487305 234.23322296142575 91.1379623413086 257.85405731201166
0 0.0181 99.82593536376953 143.7766227722168 150.5966567993164 168.3069190979004
0 0.0180 154.65133666992188 575.8036193847656 266.56055450439453 609.7499999999999
0 0.0179 34.6513557434082 575.8036193847656 146.56055450439453 609.7499999999999
0 0.0179 445.62339782714844 539.0646896362305 484.5869445800781 572.9968032836914
0 0.0178 345.2726364135742 239.90016555786133 384.9013900756836 272.232967376709
0 0.0178 165.49680709838867 429.3943557739258 204.69820022583008 462.69498443603504
0 0.0177 385.33504486083984 199.76325607299802 424.8446273803711 232.35789871215817
0 0.0176 225.53606033325195 439.2912445068359 264.66386795043945 472.78932189941406
0 0.0176 365.63785552978516 539.0228805541991 404.57462310791016 573.0351791381835
0 0.0175 255.6713104248047 478.93071746826166 294.5455551147461 513.1196365356445
0 0.0173 495.2599334716797 119.92839431762697 534.9128723144531 152.20721817016602
0 0.0171 280.6708335876465 372.7516326904297 308.94521713256836 419.24333190917963
0 0.0170 28.941195011138916 314.4231185913086 81.38540029525757 337.6646194458008
0 0.0169 279.0733337402344 94.32923889160156 331.26758575439453 117.75779342651369
0 0.0167 515.2499008178711 69.94721031188966 554.9222946166992 102.19006156921388
0 0.0166 10.765070915222168 143.5888442993164 38.83282661437988 188.60135650634766
0 0.0165 135.55557250976562 339.2499313354492 174.64580535888672 372.8271255493164
0 0.0165 445.5358123779297 179.2972717285156 484.6635437011719 212.7837905883789
0 0.0164 608.8595390319824 44.05439949035645 638.7500190734863 67.97432518005371
0 0.0164 274.65137481689453 575.8036193847656 386.56055450439453 609.7499999999999
0 0.0163 329.7048568725586 83.86838531494142 380.70438385009766 108.21574783325194
0 0.0162 160.67827224731445 372.80484771728516 188.93625259399414 419.20064544677734
0 0.0162 305.2930450439453 319.85757446289057 344.88258361816406 352.2718200683593
0 0.0161 598.7731170654297 14.539748191833509 638.75 37.548771858215346
0 0.0160 250.67998886108398 372.8247985839843 278.934268951416 419.1858825683594
0 0.0159 325.7441711425781 468.7074432373047 364.4842529296875 503.32460021972656
0 0.0154 349.7052764892578 3.8717565536499157 400.7032775878906 28.212872505187995
0 0.0154 89.53654289245605 244.0048370361328 140.85209846496582 268.0815658569336
0 0.0152 205.38917541503906 479.64105224609375 244.7956085205078 512.4694976806641
0 0.0150 278.93750190734863 124.42726230621338 331.38834953308105 147.6607427597046
0 0.0149 99.50542449951172 114.0290412902832 150.8795928955078 138.05766677856445
0 0.0148 38.79715919494629 84.51738929748537 91.51537895202637 107.5701961517334
0 0.0148 539.8293685913086 103.77093887329103 590.5942153930664 128.31216430664062
0 0.0146 0.0 433.7899551391601 40.62117576599121 458.29282379150385
0 0.0146 0.0 373.65605926513666 40.482163429260254 398.4243545532226
0 0.0145 345.16056060791016 200.13021087646482 385.0046920776367 232.02333068847656
0 0.0142 359.5437240600586 113.99586772918701 410.84644317626953 138.0900011062622
0 0.0141 305.4329299926758 49.538904190063484 344.7562789916992 82.56281471252441
0 0.0141 249.50799942016602 64.01453590393068 300.8799171447754 88.07043647766113
0 0.0141 90.07357597351074 303.5624847412109 140.38104057312012 328.51678466796875
0 0.0138 349.6433639526367 173.91849136352536 400.7583999633789 198.16646194458008
0 0.0137 345.30345916748047 49.833522796630874 384.8732376098633 82.29375457763672
0 0.0137 518.7629699707031 -25.457598209381086 571.5456390380859 -2.4544491767883168
0 0.0136 509.7570037841797 43.830069065094 560.6578063964844 68.25394964218141
0 0.0133 269.4696044921875 154.05572509765625 320.9114456176758 178.03121185302734
0 0.0132 135.17688274383545 170.09954071044922 174.9893617630005 202.0512542724609
0 0.0131 265.42348861694336 29.56052160263063 304.76476669311523 62.54304742813112
0 0.0130 28.514204025268555 54.698730468750014 81.77096366882324 77.38849258422852
0 0.0130 220.70995330810547 363.07389831542963 248.89842987060547 408.9920959472656
0 0.0130 369.61925506591797 143.9373931884766 420.7796859741211 168.14778900146484
0 0.0130 305.22608757019043 279.9924621582031 344.94465827941895 312.1488342285156
0 0.0129 99.15119171142578 84.28478813171387 151.19577407836914 107.80340766906738
0 0.0129 429.942626953125 153.6762580871582 480.4950714111328 178.4052619934082
0 0.0129 379.6977996826172 83.87488937377931 430.71044921875 108.20943450927734
0 0.0129 265.554141998291 339.2506942749023 304.6473503112793 372.8264389038086
0 0.0128 475.22106170654297 80.00594711303711 514.9489974975586 112.13653182983397
0 0.0128 190.71495056152344 383.1120071411133 218.89240264892578 428.9620742797851
0 0.0127 305.31436920166016 239.8052749633789 344.86377716064453 272.31954193115234
0 0.0126 455.2082824707031 120.03358459472656 494.96063232421875 152.11133575439453
0 0.0126 5.0816810131073 200.29019927978516 45.07729649543762 231.87768554687503
0 0.0125 409.0079879760742 -25.617255210876447 461.32434844970703 -2.294372558593736
0 0.0125 175.36455154418945 339.7041854858398 214.81714248657227 372.41178131103516
0 0.0124 139.86660480499268 313.74291992187494 190.56098461151123 338.340087890625
0 0.0124 305.4189968109131 9.581495285034192 344.7677707672119 42.52384757995606
0 0.0123 29.269113540649414 264.19149017333984 81.09237670898438 287.89495086669916
0 0.0122 219.2586898803711 94.20508003234863 271.1003875732422 117.88225746154787
0 0.0121 289.34950828552246 -25.856973171234113 341.01861000061035 -2.055608272552476
0 0.0121 555.228385925293 69.99458885192873 594.9418258666992 102.14686012268066
0 0.0120 0.0 110.10192489624023 34.99183654785156 142.04907989501953
0 0.0117 0.7240700721740723 563.2277069091797 28.881750106811523 608.8777313232421
0 0.0116 99.64484214782715 273.9220485687256 150.75608253479004 298.16355323791504
0 0.0114 149.1448974609375 134.2896041870117 201.20132446289062 157.79866790771482
0 0.0111 0.7694339752197266 323.64152526855463 28.827707767486572 368.5630187988281
0 0.0110 385.2618408203125 49.92382621765138 424.91119384765625 82.21138572692871
0 0.0110 305.2723026275635 179.90451431274414 344.9013423919678 212.22900009155273
0 0.0110 98.94963264465332 54.420734405517585 151.3771152496338 77.66748046875
0 0.0109 199.08184051513672 54.32052230834962 251.26056671142578 77.7660903930664
0 0.0109 179.01954650878906 164.3719253540039 231.3146209716797 187.71600341796872
0 0.0107 509.3654251098633 14.13109397888185 561.004524230957 37.956205368042
0 0.0107 158.69597911834717 94.58839988708496 211.60553455352783 117.49985313415529
0 0.0105 225.45658111572266 329.48949432373047 264.73438262939453 362.6079330444336
0 0.0104 209.26143646240234 124.19941997528076 261.0987091064453 147.88740253448483
0 0.0103 149.14073944091797 204.28813552856442 201.2059783935547 227.7995262145996
0 0.0103 459.67201232910156 53.894926071167006 510.73326110839844 78.18960762023926
0 0.0102 415.0959014892578 110.25806045532227 455.0645446777344 141.90692520141602
0 0.0101 28.128232955932617 -25.07042789459227 82.12207794189453 -2.844208717346178
0 0.0101 265.4139709472656 179.59230041503903 304.7724151611328 212.51397705078125
0 0.0101 28.369638919830322 24.789210319519054 81.90173864364624 47.29776477813722
0 0.0100 399.5795440673828 13.972068786621104 450.81398010253906 38.11400985717774
