0 0.1002 205.3348159790039 125.29855728149411 264.69974517822266 144.75847244262695
0 0.0932 205.59961318969727 145.19020080566406 264.45241928100586 164.87083435058594
0 0.0898 215.71775436401367 105.13259887695312 274.34423446655273 124.9288558959961
0 0.0645 236.78417205810547 84.63787078857422 293.3572769165039 105.4352569580078
0 0.0610 206.29648208618164 164.88277435302732 263.80502700805664 185.18711090087888
0 0.0591 156.27217769622803 104.89288330078125 213.827805519104 125.17654418945311
0 0.0567 277.82325744628906 104.09759521484375 332.40184783935547 125.98499298095702
0 0.0536 147.00193881988525 134.54469680786133 203.15297603607178 155.53289413452146
0 0.0514 175.6858253479004 85.15213012695312 234.37250137329102 104.90985870361328
0 0.0486 267.163782119751 134.4509124755859 323.00665855407715 155.62641143798828
0 0.0387 585.7901191711426 335.10093688964844 638.7499809265137 354.9613952636718
0 0.0359 147.71757125854492 164.16765213012695 202.49597549438477 185.91588973999023
0 0.0346 206.21896743774414 64.90676879882812 263.87964248657227 85.16035079956055
0 0.0332 596.3715934753418 314.83154296875 638.7500190734863 335.23658752441406
0 0.0328 226.53558731079102 184.76974487304685 283.5840034484863 205.302619934082
0 0.0326 266.5847110748291 164.73806381225583 323.540563583374 185.3335380554199
0 0.0319 596.5136909484863 354.7676086425781 638.7499809265137 375.3025817871093
0 0.0308 299.0445327758789 73.3457612991333 351.2941360473633 96.74087047576903
0 0.0254 0.0 219.8858642578125 638.75 558.75
0 0.0253 607.3626708984375 283.92692565917963 638.75 306.0893249511718
0 0.0229 0.0 -79.99999999999999 510.9122848510742 201.51496887207028
0 0.0229 146.90195083618164 64.59134578704834 203.24590682983398 85.48475742340088
0 0.0229 166.90813064575195 194.5802116394043 223.24209213256836 215.49470901489255
0 0.0213 256.8656539916992 204.60859298706052 313.27953338623047 225.46705245971677
0 0.0208 608.4414482116699 153.32054138183594 638.7500190734863 176.7061996459961
0 0.0206 536.2174987792969 314.91558074951166 593.8790130615234 335.15285491943354
0 0.0204 247.95026779174805 44.027156829833984 302.28551864624023 66.05642318725586
0 0.0189 186.30300521850586 44.87139701843262 243.80098342895508 65.19722938537596
0 0.0186 526.3997650146484 334.83226776123047 583.7100219726562 355.23838043212885
0 0.0178 607.6360893249512 253.78185272216794 638.7500190734863 276.2375259399414
0 0.0177 608.1551361083984 183.49199295043942 638.75 206.53264999389648
0 0.0164 297.01945304870605 184.5278549194336 353.13870429992676 205.54866790771482
0 0.0162 608.1108856201172 383.5215377807617 638.75 406.50325775146484
0 0.0160 546.1276626586914 294.95605468749994 603.9624404907227 315.1112365722656
0 0.0158 166.17778778076172 254.93328094482422 223.9159393310547 275.1346206665039
0 0.0155 165.82618713378906 225.08570671081543 224.24335479736328 244.9771595001221
0 0.0151 609.0010261535645 542.6308441162108 638.7499809265137 558.75
0 0.0150 608.6812019348145 123.16974639892577 638.7499809265137 146.85821533203122
0 0.0141 607.991943359375 213.58642578125 638.75 236.43680572509766
0 0.0139 609.6781158447266 512.4342727661133 638.75 537.5893783569335
0 0.0139 197.3453140258789 274.36309814453125 252.83836364746094 295.71678161621094
0 0.0135 166.84642791748047 24.614486694335938 223.29811096191406 45.46039581298828
0 0.0133 512.6921272277832 -80.0 638.7499809265137 -10.150761604309086
0 0.0131 257.35246658325195 234.3584060668945 312.8320121765137 255.72139739990232
0 0.0129 304.95970726013184 39.5128059387207 345.1918125152588 70.67531585693358
0 0.0128 27.963972091674805 204.0230560302734 82.27218627929688 226.06117248535153
0 0.0127 58.72732162475586 83.55865478515625 111.57928466796875 106.52828216552734
0 0.0126 48.14546346664429 123.91885757446289 102.1065354347229 146.1665153503418
0 0.0124 167.50194549560547 -5.721418857574463 222.69493103027344 15.802385807037352
0 0.0123 334.8381042480469 99.72841262817383 375.3063201904297 130.47960281372067
0 0.0122 477.5157928466797 314.2759704589843 532.6811218261719 335.8058166503906
0 0.0118 227.63761520385742 14.202117919921873 282.57131576538086 35.87942123413085
0 0.0114 28.998403549194336 53.38457107543945 81.33397102355957 76.70314788818358
0 0.0113 114.5389175415039 100.24410247802733 155.58792114257812 130.0124740600586
0 0.0113 609.1742134094238 472.8353881835937 638.7499809265137 497.1932220458984
0 0.0112 28.474702835083008 163.72329711914062 81.80675506591797 186.36383056640625
0 0.0111 317.66780853271484 214.1915512084961 372.5423049926758 235.89111328124997
0 0.0111 257.63694763183594 264.207763671875 312.57068634033203 285.87455749511713
0 0.0110 38.75906944274902 23.54535102844238 91.54906272888184 46.54265403747558
0 0.0109 88.62242698669434 153.63389968872067 141.67231559753418 176.45402908325195
0 0.0108 108.21997165679932 23.88010025024414 162.03752040863037 46.20637893676758
0 0.0107 197.7490234375 324.14375305175776 252.46864318847656 345.9390258789062
0 0.0106 27.520723342895508 234.26898956298822 82.67760276794434 255.81218719482416
0 0.0103 88.8676929473877 53.47768783569335 141.45037651062012 76.61088943481445
0 0.0102 27.38457679748535 304.3446731567383 82.8017807006836 325.7358932495117
0 0.0102 0.0 103.33978652954102 51.26658916473389 126.74860000610353
