0 0.1293 186.30304336547852 36.378625869751 243.7992286682129 56.691144943237326
0 0.1148 185.40771484375 16.772388458251974 244.63077545166016 36.28631973266604
0 0.0841 217.40942001342773 55.83256149291995 272.77875900268555 77.24836730957034
0 0.0751 246.34010314941406 26.359247207641623 303.7654113769531 46.71059989929201
0 0.0709 175.2512550354004 -3.1633744239806902 234.7767448425293 16.219870090484637
0 0.0575 147.80359268188477 55.62145614624025 202.41693496704102 77.46290588378908
0 0.0525 127.03130722045898 26.029123306274432 183.12610626220703 47.048620223999045
0 0.0505 245.7675552368164 6.614984512329123 304.2969512939453 26.447748184204123
0 0.0364 165.61336517333984 -23.315907478332495 224.43965911865234 -3.6229143142699973
0 0.0326 208.77216339111328 85.03813171386722 261.53697967529297 108.05006408691408
0 0.0287 235.4188346862793 -13.236089706420875 294.6213722229004 6.294311523437521
0 0.0267 117.04761981964111 -3.9817700386047146 173.11172008514404 17.05926561355593
0 0.0254 0.0 221.38586425781256 638.75 560.25
0 0.0254 598.7020874023438 25.085348129272482 638.75 48.00305747985842
0 0.0249 277.30313301086426 45.88694953918459 332.8766918182373 67.19285392761232
0 0.0229 0.0 -78.49999999999999 510.9122848510742 203.01496887207034
0 0.0217 148.85608196258545 84.98186492919923 201.46156787872314 108.10621643066408
0 0.0216 268.0579662322998 75.47443771362308 322.18525886535645 97.61112594604494
0 0.0215 609.4137382507324 214.15083312988284 638.7500190734863 238.87590789794922
0 0.0207 608.9702606201172 54.47971725463869 638.75 78.54919815063478
0 0.0190 609.3465423583984 184.20381927490237 638.75 208.82357025146487
0 0.0186 608.4683227539062 -5.194660186767557 638.75 18.221744537353537
0 0.0185 360.6638717651367 293.1961669921875 388.9535140991211 339.7868957519531
0 0.0182 605.4296684265137 240.0493087768555 638.7500190734863 273.0533065795899
0 0.0177 330.6724166870117 273.2601394653321 358.9432907104492 319.73604583740234
0 0.0175 156.02741241455078 -43.49761700630186 214.0550994873047 -23.43611216545103
0 0.0171 78.13566207885742 45.42923355102542 132.11441040039062 67.65674972534181
0 0.0170 565.791130065918 229.05377769470215 604.4454574584961 263.96575355529785
0 0.0168 258.8400650024414 104.99557876586915 311.47533416748047 128.09292221069336
0 0.0168 609.2430877685547 154.28322219848633 638.75 178.744930267334
0 0.0167 255.4517936706543 179.99699020385745 294.7390556335449 213.10112380981448
0 0.0167 300.6761837005615 273.2927169799805 328.9388370513916 319.7107925415039
0 0.0162 608.4939384460449 -65.21073436737058 638.7500190734863 -41.762062072753885
0 0.0161 315.6254577636719 239.56396484375 354.58473205566406 273.4974517822266
0 0.0154 525.7574462890625 219.16426086425784 564.4732666015625 253.86427307128906
0 0.0151 68.0246353149414 15.49176597595217 122.2160530090332 37.593320846557646
0 0.0150 295.5512237548828 199.75677871704102 334.6500778198242 233.32085037231445
0 0.0150 390.68275451660156 293.34070587158203 418.93089294433594 339.67249298095703
0 0.0149 250.18173217773438 153.9647903442383 300.2874755859375 179.11226654052734
0 0.0147 275.4328727722168 240.0401058197022 314.7561836242676 273.0616703033448
0 0.0145 565.4080200195312 50.107463836669936 604.7776031494141 83.00012969970705
0 0.0143 360.3310775756836 263.82311248779297 410.15926361083984 289.25028228759766
0 0.0140 495.45448303222656 39.99484443664553 534.7361755371094 73.10305976867679
0 0.0138 199.71368789672852 184.35928726196292 250.69707870483398 208.72448348999026
0 0.0137 608.4990692138672 -35.21341896057126 638.75 -11.759277343749977
0 0.0133 315.51513671875 319.83583831787115 354.6832275390625 353.2485427856446
0 0.0132 469.7854232788086 154.30681610107425 520.6328201293945 178.77684020996097
0 0.0132 609.6004486083984 273.9945831298828 638.75 299.0294494628907
0 0.0131 225.32535552978516 -33.19702720642088 284.7084426879883 -13.745981216430643
0 0.0131 574.3924140930176 86.3368263244629 638.7499809265137 136.2470283508301
0 0.0128 565.5942153930664 189.64960479736328 604.6117782592773 223.41898345947268
0 0.0128 239.940185546875 214.17229080200198 290.49842834472656 238.90846633911133
0 0.0128 156.72853469848633 -73.8317356109619 213.40784072875977 -53.09520339965818
0 0.0126 515.4851531982422 179.9213638305664 554.7087097167969 213.17026519775393
0 0.0123 28.042306900024414 65.48092269897462 82.2000789642334 87.60418319702151
0 0.0122 300.19808769226074 163.95147705078128 350.27302742004395 189.1254653930664
0 0.0122 539.8333358764648 24.270423889160178 590.5901718139648 48.813003540039084
0 0.0120 88.24682235717773 75.3613557815552 142.01374053955078 97.72485637664798
0 0.0119 419.55162048339844 164.49104690551758 470.8392333984375 188.59493637084964
0 0.0118 270.7249450683594 273.7108459472656 298.8805389404297 319.3874969482422
0 0.0118 475.37322998046875 180.179256439209 514.8097991943359 212.93457412719727
0 0.0117 118.7823486328125 195.0296440124512 171.5281867980957 218.05832290649417
0 0.0117 168.66073608398438 145.10408782958987 221.6388702392578 167.98311614990237
0 0.0115 178.84042739868164 114.98346710205078 231.47756576538086 138.10335540771487
0 0.0115 485.63751220703125 219.52191734313968 524.5751190185547 253.53606605529785
0 0.0115 340.0201416015625 214.11173248291018 390.42701721191406 238.9687957763672
0 0.0114 97.60749816894531 -34.27315330505368 152.59698867797852 -12.644277572631815
0 0.0113 485.1910400390625 80.56150817871095 524.9771881103516 112.5859298706055
0 0.0112 299.5896244049072 134.46396255493167 350.80512046813965 158.6219825744629
0 0.0111 455.2623748779297 50.4187002182007 494.91111755371094 82.71607303619386
0 0.0109 490.01625061035156 14.115766525268576 540.4302978515625 38.96493339538576
0 0.0108 469.5469284057617 124.49692153930664 520.8429336547852 148.58940505981448
0 0.0105 349.8304748535156 184.27080535888672 400.5931091308594 208.81239318847656
0 0.0104 530.6637573242188 253.2020416259766 558.9537048339844 299.7832336425782
0 0.0104 580.6842422485352 273.3607711791993 608.9291763305664 319.65792083740234
0 0.0102 609.4879913330078 304.0892639160156 638.75 328.9364471435547
0 0.0102 97.86312103271484 105.57968521118165 152.36440658569336 127.5038185119629
0 0.0102 18.19382667541504 35.394424438476584 72.06158638000488 57.691768646240256
0 0.0101 349.68143463134766 154.39117813110352 400.7242202758789 178.69377517700198
0 0.0100 38.06610345840454 95.46501541137697 92.17885732650757 117.61989974975587
