0 0.0283 247.18877792358398 -63.55562734603879 302.982234954834 -42.36586618423459
0 0.0254 0.0 171.88586425781253 638.75 510.75
0 0.0234 287.5300979614258 -83.73932170867917 342.6697540283203 -62.17991161346432
0 0.0229 0.0 -127.99999999999997 510.9122848510742 153.5149688720703
0 0.0220 207.6755142211914 -43.8106994628906 262.5347900390625 -22.106292724609347
0 0.0203 247.37838745117188 -23.653762817382784 302.80784606933594 -2.2659759521484095
0 0.0191 287.30224609375 -43.615234374999964 342.87811279296875 -22.30538177490231
0 0.0189 207.51216888427734 -83.72576999664304 262.68531799316406 -62.19301509857174
0 0.0170 246.9693374633789 6.554367065429714 303.18458557128906 27.521869659423853
0 0.0161 512.6921272277832 -127.99999999999997 638.7499809265137 -58.15076160430905
0 0.0132 246.64583206176758 136.7129249572754 303.48310470581055 157.36001205444336
0 0.0132 237.1497917175293 36.466800689697294 293.0175590515137 57.611743927001974
0 0.0128 188.05702209472656 -14.02672576904294 242.18647003173828 8.112041473388699
0 0.0126 338.6206817626953 -104.37166023254392 391.6753387451172 -81.54136466979978
0 0.0120 307.3374271392822 -3.636901855468721 362.8465938568115 17.716094970703153
0 0.0119 158.18302154541016 -64.09760284423825 212.07107543945312 -41.816022872924776
0 0.0119 187.7131462097168 16.166798591613794 242.5007438659668 37.91620922088626
0 0.0112 338.0904006958008 -64.05149507522579 392.1572494506836 -41.86379957199094
0 0.0109 511.90391540527344 -38.15819549560544 638.75 61.62707519531253
0 0.0104 297.2526454925537 26.41051483154299 352.9237461090088 47.6684494018555
0 0.0103 216.84743881225586 116.61421966552737 273.2971382141113 137.46070098876953
0 0.0100 226.6051483154297 156.7328567504883 283.52062225341797 177.3396987915039
0 0.0100 278.0849361419678 -114.0491061210632 332.16240882873535 -91.86634111404416
