0 0.3122 -10.274749755859348 210.09801864624023 210.54129028320312 309.2983055114746
0 0.1748 14.612411499023457 306.1783981323242 53.771919250488295 343.7382125854492
0 0.1708 68.41169738769533 310.98804473876953 119.80257415771486 358.8517379760742
0 0.1552 124.44950485229494 306.2619113922119 163.948787689209 343.6620235443115
0 0.1340 -45.09043312072752 236.92983627319336 -6.631284713745097 273.04059982299805
0 0.1334 14.915508270263693 176.87942504882812 53.36653137207033 213.087158203125
0 0.1146 164.8529853820801 306.29913330078125 203.4890403747559 343.62449645996094
0 0.1109 -35.201157093048074 187.48638153076172 3.4430470466613974 222.52784729003906
0 0.1085 -25.103288650512674 306.5087127685547 13.421024322509787 343.4300994873047
0 0.1044 204.93386650085452 266.6604423522949 243.36543464660647 303.2894706726074
0 0.1011 60.06752395629884 181.16806030273438 108.60683822631837 208.83525848388672
0 0.0851 204.9353256225586 306.6835403442383 243.36168670654297 343.2680892944336
0 0.0809 124.80684661865236 346.25308990478516 163.5453643798828 383.66748809814453
0 0.0803 244.82557678222662 267.4174499511719 283.41917419433594 302.59117126464844
0 0.0750 -80.99999999999999 247.36799240112305 -46.553822517395 282.6369285583496
0 0.0742 24.91671943664553 346.6788864135742 63.38319206237795 383.2725143432617
0 0.0694 204.89167594909668 227.0883560180664 243.37458992004395 262.89432525634766
0 0.0692 110.03836059570314 181.31147384643555 158.61116790771484 208.70622634887695
0 0.0663 -80.99999999999999 207.542724609375 -46.5279493331909 242.47615814208984
0 0.0637 294.73101043701166 527.7480697631836 333.49527740478516 562.2872543334961
0 0.0636 284.63526153564453 268.0363082885742 323.5762252807617 302.02281951904297
0 0.0618 244.88829040527347 307.1376037597656 283.3739318847657 342.84889221191406
0 0.0576 249.6117248535156 242.0195770263672 298.92469787597656 268.0428695678711
0 0.0569 -60.43418502807614 281.0791492462158 -31.92803001403806 328.7971782684326
0 0.0554 164.91674804687503 346.87076568603516 203.3659210205078 383.09513092041016
0 0.0522 284.86013793945307 307.27771759033203 323.39292907714844 342.71976470947266
0 0.0501 294.66947937011724 567.9331207275391 333.54742431640625 602.1174621582031
0 0.0492 254.70800781250003 527.8224945068359 293.5143127441406 562.2189331054688
0 0.0477 -20.365866184234598 151.98516845703125 28.907896518707293 178.07514190673828
0 0.0470 69.57296276092531 152.06261157989502 118.957013130188 178.00139904022217
0 0.0467 89.47424316406251 360.7058334350586 118.18365478515626 409.14356231689453
0 0.0452 94.44015884399415 548.5248947143555 133.74943161010745 581.5755844116211
0 0.0435 84.50466537475589 598.3697509765625 123.69171524047853 631.7174530029297
0 0.0434 204.87334632873538 347.1984100341797 243.38521385192877 382.7928924560547
0 0.0426 324.439453125 258.5328674316406 363.7494506835938 291.56829833984375
0 0.0414 234.4934024810791 608.3353996276855 273.70778465270996 638.7500190734863
0 0.0413 279.7020568847657 501.90906524658203 328.85137939453125 528.1484603881836
0 0.0411 194.65238952636722 187.98761367797852 233.56153869628906 222.0674705505371
0 0.0402 -15.145040512084941 347.2227096557617 23.40386772155764 382.7705764770508
0 0.0401 -75.25426959991452 167.70727157592773 -36.51751136779783 202.32473373413086
0 0.0373 334.73207855224615 547.7498626708984 373.49390411376953 582.2856140136719
0 0.0372 254.66570281982425 567.9521942138672 293.54982757568365 602.0999145507812
0 0.0371 124.52095413208009 598.3306503295898 163.67710494995117 631.7532730102539
0 0.0371 294.4594421386718 608.4284782409668 333.7370910644531 638.7500190734863
0 0.0356 164.5716133117676 598.1974411010742 203.63274002075195 631.8751907348633
0 0.0355 134.58330535888672 548.1656646728516 173.62261199951175 581.904296875
0 0.0351 334.69232940673834 597.859992980957 373.52846527099615 632.1845626831055
0 0.0344 249.12546539306638 212.5181007385254 299.33565521240234 237.56044387817383
0 0.0330 79.13847351074222 522.4982452392578 129.326042175293 547.5789642333984
0 0.0330 299.28144836425787 232.36583709716797 349.2027893066406 257.70816802978516
0 0.0330 324.6892013549806 297.8824520111084 363.5299148559571 332.1639347076416
0 0.0317 54.20092010498049 559.044075012207 93.9678421020508 591.1017990112305
0 0.0312 214.66802978515628 567.940788269043 253.54830169677737 602.1104049682617
0 0.0309 159.67440032958987 161.77785873413086 187.94092559814456 208.22240829467773
0 0.0297 44.343017578125014 598.746337890625 83.8372840881348 631.373291015625
0 0.0290 214.68938255310061 527.8775405883789 253.53019142150882 562.1684646606445
0 0.0287 244.86219787597656 347.26097106933594 283.3921661376953 382.73521423339844
0 0.0286 39.696582794189474 131.95337295532227 67.91433715820315 178.0845069885254
0 0.0272 284.5043029785156 468.37467193603516 323.6916198730469 501.7129898071289
0 0.0271 174.62021255493167 558.0743789672852 213.5896339416504 591.9879531860352
0 0.0266 189.11817932128906 162.52374649047852 239.34217834472656 187.5547981262207
0 0.0253 334.7469558715821 507.7037048339844 373.48146820068365 542.3280334472656
0 0.0252 304.36239624023443 198.70319366455078 343.8197174072266 231.4126968383789
0 0.0242 134.6698036193848 507.9368209838867 173.54668045043945 542.1140670776367
0 0.0240 234.6567859649658 487.97252655029297 273.55798149108887 522.0813369750977
0 0.0230 78.91991043090822 122.69767761230469 129.51446914672852 147.38447189331055
0 0.0230 -5.5252299308776625 118.44732284545898 33.717948436737075 151.6465187072754
0 0.0229 -80.99999999999999 357.0248603820801 429.9126281738281 638.7499809265137
0 0.0227 238.95617866516116 182.66681671142578 289.48281669616705 207.41477966308594
0 0.0227 4.146017074584982 609.1446113586426 44.01959800720217 638.7499809265137
0 0.0223 94.43493270874025 488.5352325439453 133.7543525695801 521.566162109375
0 0.0221 -80.99999999999999 327.7398681640625 -46.48525333404539 362.2949981689453
0 0.0218 364.37605285644537 258.6760711669922 403.8069763183595 291.4374542236328
0 0.0217 284.9157943725586 346.96720123291016 323.3582534790039 383.00601959228516
0 0.0215 324.82660675048834 337.41710662841797 363.4179916381836 372.59151458740234
0 0.0215 374.15556335449224 618.6226654052734 414.06126403808594 638.75
0 0.0200 14.054206848144556 569.3363952636719 54.10353088378908 600.8356475830078
0 0.0200 129.72540283203128 132.20500946044922 157.87996673583987 177.8907585144043
0 0.0197 -80.99999999999997 128.25368404388428 -46.3442049026489 161.8237543106079
0 0.0190 304.4748916625977 158.44102382659912 343.7184371948242 191.65228366851807
0 0.0183 354.2611541748047 218.92213821411133 393.91218566894537 251.21294021606445
0 0.0183 28.746685028076193 532.8368377685547 79.6671714782715 557.2470855712891
0 0.0181 -80.99999999999999 281.7343235015869 -61.97028017044065 328.3303737640381
0 0.0176 243.9726104736329 0.0 557.75 169.68856811523438
0 0.0166 174.65486907958987 517.9825592041016 213.55921173095706 552.0720672607422
0 0.0163 344.3355789184571 178.76304626464844 383.84401702880865 211.35807037353516
0 0.0157 374.6309890747071 578.0498504638672 413.5798110961914 612.0104217529297
0 0.0156 -51.49998998641965 613.018798828125 -0.11264657974241303 637.0659637451172
0 0.0153 158.92261886596683 132.69558906555176 209.5120658874512 157.38654136657715
0 0.0152 324.6771087646485 467.91576385498047 363.54040527343756 502.1333694458008
0 0.0151 244.44296264648435 448.52115631103516 283.7466278076172 481.57901763916016
0 0.0150 78.32878494262698 93.15859794616699 130.03700637817386 116.92898750305176
0 0.0149 119.61182022094728 391.35169982910156 148.0163230895996 438.56834411621094
0 0.0147 431.88740158081055 569.6266937255859 557.7500190734863 638.75
0 0.0147 54.203490257263205 489.04178619384766 93.96519565582277 521.1038589477539
0 0.0144 134.45701980590823 468.4925842285156 173.73356246948242 501.6051483154297
0 0.0144 424.17539978027344 239.10161972045898 463.9908447265625 271.04936599731445
0 0.0141 364.62007904052746 298.0804920196533 403.5891952514649 331.98229789733887
0 0.0141 34.297956466674826 98.84977340698242 73.87786293029787 131.27891540527344
0 0.0141 59.63638210296632 381.52069091796875 87.98676395416261 428.4312438964844
0 0.0138 384.3899765014649 188.64252090454102 423.79457855224615 221.4681053161621
0 0.0128 94.54792404174808 448.2618713378906 133.65330123901367 481.81617736816406
0 0.0124 -45.838929176330545 119.12569999694824 -5.995465278625467 151.02744102478027
0 0.0123 -41.99727630615232 583.3825302124023 10.329898834228535 606.7052841186523
0 0.0120 424.3437423706055 198.74597549438477 463.836540222168 231.37365341186523
0 0.0118 154.7533073425293 387.6641845703125 193.47797775268555 422.3643493652344
0 0.0117 199.67047119140628 381.75228118896484 227.94569396972656 428.24329376220703
0 0.0117 208.83397483825684 132.76310920715332 259.5910587310791 157.31940269470215
0 0.0115 -80.2789554595947 82.17582702636719 -52.114797592163065 127.91431427001953
0 0.0115 194.30170440673828 468.83838653564453 233.87476348876953 501.2893295288086
0 0.0114 128.63504791259766 102.92360305786133 179.76599121093753 127.16123580932617
0 0.0112 -80.99999999999997 0.0 80.92270278930665 83.84003639221191
0 0.0108 229.6528091430664 381.6182327270508 257.9668655395508 428.34964752197266
0 0.0102 374.68210601806646 537.9017639160156 413.5360946655274 572.1462249755859
