0 0.0411 466.89735412597656 154.5952606201172 523.2497406005859 175.48107147216797
0 0.0305 446.2574768066406 134.89826202392578 503.84178161621094 155.17078399658203
0 0.0300 406.97532653808594 154.5555877685547 463.1781005859375 175.52135467529294
0 0.0291 608.4198760986328 153.33513259887695 638.75 176.69164657592773
0 0.0259 457.6095962524414 184.2234230041504 512.5955581665039 205.85882186889648
0 0.0254 0.0 219.8858642578125 638.75 558.75
0 0.0241 506.04969024658203 134.9899673461914 564.0350723266602 155.07617950439453
0 0.0229 0.0 -79.99999999999999 510.9122848510742 201.51496887207028
0 0.0215 608.5929870605469 123.22647094726561 638.75 146.80114746093747
0 0.0192 526.8136215209961 154.62978363037107 583.3285903930664 175.44464111328122
0 0.0192 608.4582710266113 183.3126449584961 638.7499809265137 206.71451568603513
0 0.0192 278.8783359527588 153.46817016601562 331.4412593841553 176.62006378173828
0 0.0184 397.5126647949219 184.27642822265625 452.6842498779297 205.80516815185547
0 0.0175 455.9243392944336 115.04730224609375 514.1510391235352 135.01754760742188
0 0.0169 348.0474853515625 153.98149490356445 402.19459533691406 176.1041450500488
0 0.0168 219.31926727294922 153.16577911376953 271.04541778564453 176.92188262939453
0 0.0167 386.82838439941406 124.62804794311523 443.3136749267578 145.44736862182617
0 0.0166 155.34801483154297 148.7393569946289 194.83234405517578 181.37969970703122
0 0.0158 377.95928955078125 294.02839660644526 432.2758483886719 316.0562133789062
0 0.0147 115.17489433288574 149.09816741943357 154.99173164367676 181.0525131225586
0 0.0146 407.28092193603516 264.3981552124023 462.89722442626953 285.68141937255854
0 0.0143 517.1659469604492 184.4551658630371 573.0035018920898 205.62299728393555
0 0.0143 608.7354278564453 213.13787460327148 638.75 236.8907356262207
0 0.0142 257.67940521240234 284.1880416870117 312.53101348876953 305.89511871337885
0 0.0137 438.2194519042969 293.88240814208984 492.03758239746094 316.20433807373047
0 0.0135 288.5498046875 183.67530822753906 341.7389678955078 206.41181945800778
0 0.0133 608.6724853515625 303.1765365600586 638.75 326.85153961181635
0 0.0133 336.8356704711914 274.6232223510742 393.3072280883789 295.4520797729492
0 0.0130 268.5205841064453 123.69808197021483 321.7644500732422 146.38961791992185
0 0.0129 447.45269775390625 214.30202484130857 502.74078369140625 235.77812194824216
0 0.0128 447.1316909790039 244.47090148925784 503.03539276123047 265.606689453125
0 0.0126 185.14490127563477 179.15681838989255 225.01962661743164 210.9990882873535
0 0.0125 129.78246688842773 182.80046463012695 180.63722610473633 207.28204727172852
0 0.0121 229.0345573425293 183.36122512817383 281.3012504577637 206.72662734985352
0 0.0120 207.4030303955078 264.33620452880854 262.78453826904297 285.74474334716797
0 0.0120 516.2697982788086 114.88504409790036 573.8321304321289 135.18293380737302
0 0.0118 435.9611511230469 95.03047943115234 494.1169738769531 115.03475189208984
0 0.0117 608.7794494628906 93.10737609863281 638.75 116.9211196899414
0 0.0115 139.39201831817627 123.11157226562499 190.98083019256592 146.97559356689453
0 0.0115 608.9810180664062 242.97241210937497 638.75 267.0565032958984
0 0.0113 208.96968841552734 123.41041564941405 261.35841369628906 146.67823791503906
0 0.0113 608.9579772949219 542.6641082763672 638.75 558.7499999999999
0 0.0111 327.9911422729492 124.01447296142575 382.2458267211914 146.07093811035156
0 0.0111 198.6172866821289 293.64021301269526 251.6762924194336 316.44813537597656
0 0.0110 379.09297943115234 323.3211135864258 431.24881744384766 346.7666244506836
0 0.0109 267.1871566772461 254.44389343261716 322.98404693603516 275.6343841552734
0 0.0108 318.22896003723145 303.8773727416992 372.0287609100342 326.20952606201166
0 0.0107 512.6921272277832 -80.0 638.7499809265137 -10.150761604309086
0 0.0107 248.95841598510742 313.4163284301758 301.3688850402832 336.6720962524414
0 0.0106 608.9132690429688 273.016128540039 638.75 297.0124053955078
0 0.0106 366.9163131713867 244.57916259765622 423.2338333129883 265.4962921142578
0 0.0105 488.78971099853516 313.5271453857422 541.5210342407227 336.5611267089844
0 0.0103 58.67318153381348 163.59375 111.62812232971191 186.49314880371094
0 0.0103 167.64585494995117 244.2016983032226 222.56280899047852 265.8805465698242
0 0.0101 608.7773323059082 333.1095886230469 638.7499809265137 356.9190216064453
0 0.0101 387.4140930175781 214.32485580444333 442.77565002441406 235.75532913208008
