0 0.0874 505.4022979736328 -4.727361202239989 564.6363067626953 14.785668849945067
0 0.0765 495.7941436767578 15.104665756225588 554.2719268798828 34.9586009979248
0 0.0650 435.17528533935547 5.370359420776368 494.84691619873047 24.685544967651364
0 0.0637 18.3792781829834 23.783292770385742 71.89299583435059 46.30370140075683
0 0.0586 609.0104484558105 302.9520416259765 638.7500190734863 327.0768737792968
0 0.0559 505.0482177734375 -24.581346511840817 564.9662780761719 -5.365037918090821
0 0.0549 436.13391876220703 24.95784759521484 493.9554977416992 45.110244750976555
0 0.0544 67.75005340576172 44.147834777832024 122.46665954589844 65.93564987182617
0 0.0540 444.71710205078125 -14.44711446762085 505.2748107910156 4.496591091156006
0 0.0497 496.71783447265625 34.680328369140625 553.4160614013672 55.39369583129882
0 0.0477 18.324151039123535 -6.182956695556641 71.94298267364502 16.269798278808594
0 0.0473 8.831205368041992 53.50155830383301 61.4832878112793 76.58698081970215
0 0.0466 588.7403678894043 273.56006622314453 638.7500190734863 296.52828216552734
0 0.0414 77.80614852905273 14.115543365478514 132.41559982299805 35.96817016601562
0 0.0395 557.1434020996094 14.46989059448242 613.0234527587891 35.608558654785156
0 0.0394 588.0026435852051 244.005012512207 638.7499809265137 266.0800552368164
0 0.0390 185.76065063476562 35.12187957763671 244.30240631103516 54.941387176513665
0 0.0387 376.5898895263672 14.744739532470703 433.53363037109375 35.328369140625
0 0.0383 106.72090530395508 64.67851638793944 163.41333389282227 85.39548873901367
0 0.0374 126.52824401855469 44.7706413269043 183.59142303466797 65.3012466430664
0 0.0371 517.4867630004883 234.28993225097656 572.7080917358398 255.7913970947266
0 0.0342 385.60333251953125 -14.80969190597534 444.44854736328125 4.871051311492919
0 0.0333 186.41965866088867 54.82463836669922 243.6911964416504 75.24650573730469
0 0.0312 609.2388725280762 332.7869033813476 638.7500190734863 357.2413253784179
0 0.0311 8.28897476196289 163.839054107666 61.97476387023926 186.2477684020996
0 0.0310 9.173169136047363 83.27043533325195 61.17586612701416 106.8178367614746
0 0.0305 8.682861328125 133.59405517578122 61.61797046661377 156.49379730224607
0 0.0304 597.2456169128418 -5.591440200805664 638.7500190734863 15.669469833374022
0 0.0303 67.86144018173218 84.08817291259766 122.3642373085022 105.99643707275389
0 0.0290 185.2323341369629 15.345363616943361 244.79413986206055 34.7110366821289
0 0.0286 468.4159851074219 113.75673294067381 521.8605804443359 136.32978439331055
0 0.0281 407.56507873535156 44.25071716308594 462.6356506347656 65.83166122436523
0 0.0268 8.65443229675293 193.61732482910153 61.64255142211914 216.4712142944336
0 0.0267 527.8879547119141 264.068603515625 582.3410797119141 286.0154724121094
0 0.0266 434.7502136230469 -34.46149826049804 495.2442169189453 -15.488805770874023
0 0.0259 246.41626358032227 34.82050895690918 303.6956977844238 55.24968147277831
0 0.0257 507.66407012939453 204.1921043395996 562.5460433959961 225.89029312133786
0 0.0256 8.411169052124023 -36.233501434326165 61.86347007751465 -13.678998947143553
0 0.0254 0.0 219.8858642578125 638.75 558.75
0 0.0242 608.3831787109375 33.359737396240234 638.75 56.667118072509766
0 0.0237 587.5836372375488 214.23372268676758 638.7499809265137 235.84775924682617
0 0.0231 478.966064453125 143.4071159362793 531.3629150390625 166.68073654174805
0 0.0229 0.0 -79.99999999999999 510.9122848510742 201.51496887207028
0 0.0227 566.1629486083984 -25.061216354370117 623.9299774169922 -4.871282577514649
0 0.0227 538.6251831054688 293.62640380859375 591.6710662841797 316.46072387695307
0 0.0213 246.0695457458496 14.98023986816406 304.01681900024414 35.086021423339844
0 0.0204 147.38847732543945 84.34131622314453 202.79851913452148 105.73909759521484
0 0.0204 206.74846649169922 74.66798305511475 263.38722229003906 95.40674686431883
0 0.0202 458.31226348876953 223.82424354553223 511.95377349853516 246.26250267028806
0 0.0190 488.67420196533203 173.5978889465332 541.6261672973633 196.48969650268552
0 0.0189 406.99989318847656 114.54254150390625 463.1555938720703 135.53455352783203
0 0.0189 468.6526870727539 253.61652374267578 521.6445541381836 276.4717483520508
0 0.0187 609.7838592529297 512.3353958129882 638.75 537.6855850219727
0 0.0185 58.08321952819824 113.95755767822263 112.1627140045166 136.127815246582
0 0.0185 0.0 -66.88915014266968 40.978078842163086 -43.02353143692016
0 0.0185 78.07581901550293 -16.03464365005493 132.16866493225098 6.120493412017822
0 0.0183 306.6717529296875 24.702329635620117 363.4587097167969 45.37116050720215
0 0.0180 487.88028717041016 64.07361984252928 542.3479080200195 86.01053237915039
0 0.0180 505.1028823852539 -44.604825973510735 564.915657043457 -25.341033935546875
0 0.0171 529.0923690795898 113.32023620605467 581.2496566772461 136.76734924316406
0 0.0169 479.0276336669922 283.37162017822266 531.3062286376953 306.7170333862304
0 0.0165 609.0331268310547 542.6052856445312 638.75 558.7499999999999
0 0.0161 276.9950485229492 54.54207420349121 333.1607437133789 75.53450584411621
0 0.0159 437.1168899536133 84.4727897644043 493.0503463745117 105.60377120971678
0 0.0159 598.0975341796875 183.9437484741211 638.75 206.1408996582031
0 0.0159 67.65297889709473 184.20021057128906 122.55574226379395 205.88241577148438
0 0.0159 347.7111053466797 44.168405532836914 402.5025177001953 65.91465950012207
0 0.0155 608.6848258972168 133.1685638427734 638.7500190734863 156.8595504760742
0 0.0155 316.28284454345703 4.885120391845701 373.8186264038086 25.183963775634762
0 0.0154 554.6102142333984 40.12505531311036 595.5205535888672 70.12017250061035
0 0.0154 418.37474822998047 143.78705978393555 471.89685821533203 166.3000679016113
0 0.0151 538.8076400756836 143.50908279418945 591.506233215332 166.57831192016602
0 0.0151 597.2330474853516 -45.58898448944091 638.75 -24.333710670471188
0 0.0146 67.68069982528687 144.18434143066403 122.53051996231079 165.89839935302734
0 0.0145 117.62260437011719 114.21606063842772 172.58373260498047 135.86622238159177
0 0.0145 375.62705993652344 -34.821767807006836 434.4269561767578 -15.116872787475586
0 0.0143 599.2076873779297 103.2394790649414 638.75 126.84776306152345
0 0.0141 565.0579833984375 319.33170318603516 605.0997161865234 350.8399581909179
0 0.0139 185.1276969909668 -4.613687992095946 244.8921775817871 14.66837167739868
0 0.0138 489.4326400756836 313.08540344238276 540.9438705444336 337.0020294189453
0 0.0136 438.5349655151367 193.682804107666 491.75281524658203 216.40405654907227
0 0.0127 0.0 222.97064781188962 50.80942630767822 247.11571693420407
0 0.0126 609.0418243408203 62.93020248413086 638.75 87.09873199462889
0 0.0126 167.40571975708008 144.33113098144528 222.78291702270508 165.7492446899414
0 0.0125 236.89496994018555 94.59415435791014 293.2525062561035 115.48179626464842
0 0.0122 137.64760971069336 174.20179367065427 192.56097793579102 195.8806037902832
0 0.0120 245.91148376464844 -4.950122833251953 304.1637420654297 15.01432418823242
0 0.0120 609.7851753234863 482.3272323608398 638.7499809265137 507.6928329467773
0 0.0115 177.4126434326172 114.32487487792967 232.7771759033203 135.7551574707031
0 0.0113 326.1280059814453 -15.044488906860352 383.96217346191406 5.111713409423827
0 0.0112 539.2542266845703 83.20390701293944 591.1052703857422 106.88283920288086
0 0.0112 58.02095651626587 213.99494171142578 112.2191596031189 236.09027862548828
0 0.0111 0.0 2.6164627075195312 18.904415369033813 47.64793395996094
0 0.0111 218.57709884643555 173.66167068481445 271.71350479125977 196.42602920532227
0 0.0106 597.7985954284668 -75.89012145996092 638.7500190734863 -54.027690887451165
0 0.0105 133.65694046020508 11.530208587646483 176.43224716186523 38.85499954223632
0 0.0105 346.90185546875 114.59005355834961 403.2463073730469 135.48585891723633
0 0.0103 544.4302749633789 170.40950775146484 585.692024230957 199.86305236816406
0 0.0101 117.7721357345581 204.13408279418945 172.44682788848877 225.94934463500974
0 0.0101 237.71818161010742 124.16679382324216 292.4955177307129 145.9166717529297
0 0.0100 278.82960319519043 183.50069046020505 331.48518562316895 206.58758163452148
