0 0.0254 0.0 124.8858642578125 638.75 463.74999999999994
0 0.0229 0.0 -175.0 510.9122848510742 106.51496887207031
0 0.0177 512.6921272277832 -175.0 638.7499809265137 -105.15076160430907
0 0.0158 609.140453338623 397.8617858886719 638.7500190734863 422.1672058105469
0 0.0129 608.8960266113281 447.71100997924805 638.75 463.75001907348627
0 0.0128 511.90391540527344 -85.15819549560545 638.75 14.627075195312502
0 0.0126 207.45391845703125 -90.69534301757812 262.7389144897461 -69.22401428222655
0 0.0112 267.85511016845703 -90.91475486755371 322.3714828491211 -69.00164604187012
0 0.0108 217.43335723876953 -60.68398475646972 272.75768280029297 -39.23546791076661
0 0.0106 217.79281616210938 -120.88100910186769 272.42870330810547 -99.035964012146
