0 0.2036 7.756447792053223 244.14608001708984 62.460389137268066 265.9376907348633
0 0.1605 8.304085731506348 273.8331222534179 61.96033000946045 296.25423431396484
0 0.1549 7.796335220336914 214.12263870239258 62.424211502075195 235.96124649047852
0 0.1078 68.04926872253418 253.97399902343747 122.19437599182129 276.1106872558593
0 0.0770 18.913369178771973 303.44730377197266 71.4092493057251 326.64127349853516
0 0.0757 8.046460151672363 183.98069381713867 62.1958065032959 206.10475540161133
0 0.0726 67.91080474853516 224.05456542968747 122.32044219970703 246.02951049804685
0 0.0726 68.41802597045898 283.7580871582031 121.8581771850586 306.3288116455078
0 0.0543 8.193573951721191 153.89572143554688 62.06156253814697 176.19064331054688
0 0.0465 567.7034378051758 -75.82719802856445 622.5094985961914 -54.089760780334466
0 0.0408 5.514798164367676 328.35105895996094 44.682087898254395 361.7345428466797
0 0.0306 49.46603775024414 333.0569076538086 100.91492652893066 357.0298385620117
0 0.0306 19.44390296936035 363.0685043334961 70.93562126159668 387.017707824707
0 0.0263 587.8962898254395 -45.935096740722656 638.7499809265137 -23.98059844970703
0 0.0254 508.87020111083984 -76.52565479278564 561.4484786987305 -53.38601589202881
0 0.0254 0.0 219.8858642578125 638.75 558.75
0 0.0246 67.65619277954102 194.19540405273438 122.55350112915039 215.88680267333984
0 0.0232 8.425683975219727 123.75453948974611 61.85097694396973 146.33255004882812
0 0.0229 0.0 -79.99999999999999 510.9122848510742 201.51496887207028
0 0.0184 98.59559059143066 313.65116119384766 151.69651985168457 336.4367294311523
0 0.0179 529.222297668457 -46.76534175872802 581.1321640014648 -23.146681785583493
0 0.0172 67.65692710876465 164.19370651245114 122.55312919616699 185.88830947875977
0 0.0157 75.10859727859497 359.23679351806635 115.05240201950073 390.9262466430664
0 0.0138 574.3924140930176 -15.163183212280275 638.7499809265137 34.747018814086914
0 0.0132 19.33818817138672 393.14945220947266 71.02908134460449 416.93775177001953
0 0.0120 468.9610290527344 -46.587862968444824 521.3671112060547 -23.32405567169189
0 0.0120 448.5288619995117 -76.31006479263306 501.7576217651367 -53.60262870788574
0 0.0118 128.22759628295898 263.87306213378906 182.03115463256836 286.21307373046875
0 0.0116 0.0 93.22750091552734 51.12374305725098 116.86038970947266
0 0.0115 609.2568206787109 232.77167320251462 638.75 257.2562503814697
0 0.0113 398.6952590942383 243.58539581298825 451.60694122314453 266.50234222412104
0 0.0109 588.9253044128418 43.43775749206543 638.7500190734863 66.65057182312012
0 0.0106 575.4707145690918 524.7563171386718 638.7500190734863 558.75
0 0.0106 574.3924140930176 104.83682632446288 638.7499809265137 154.74702835083005
0 0.0106 79.614737033844 392.9451370239258 130.78277349472046 417.1406936645508
0 0.0105 609.0851593017578 162.89709091186523 638.75 187.13144302368164
0 0.0102 478.9180374145508 33.44301223754883 531.4052963256836 56.645374298095696
0 0.0100 0.0 -76.79838180541991 41.08754634857178 -53.113522529602044
