0 0.0887 49.93312549591067 568.5437393188477 89.2555494308472 601.5583419799805
0 0.0821 134.96773910522464 170.65977096557617 163.69145584106448 219.18107986450195
0 0.0805 104.97380447387698 150.68004608154297 133.6840171813965 199.16099548339844
0 0.0693 140.38134765625003 127.16926574707031 178.87889099121097 162.81970977783203
0 0.0687 90.03846359252933 588.2925415039062 129.16100692749026 621.7881011962891
0 0.0663 104.99365997314456 200.75241088867188 133.65977478027344 249.09141540527344
0 0.0646 50.048033714294455 528.2608413696289 89.15326786041263 561.8171310424805
0 0.0618 165.00111770629883 170.78327178955078 193.65067672729495 219.06288146972656
0 0.0610 9.883701324462919 568.656120300293 49.30030059814456 601.4557266235352
0 0.0598 74.988395690918 150.73232650756836 103.66622161865237 199.11046981811523
0 0.0597 34.89999008178714 602.2450256347656 84.6025199890137 627.8250885009766
0 0.0538 105.06587219238283 101.07942581176758 133.57188415527347 148.79693984985352
0 0.0525 135.02459716796875 220.8812713623047 163.6220855712891 268.9725112915039
0 0.0510 75.01580429077151 200.84100723266602 103.63278579711917 249.00869369506836
0 0.0494 90.03525924682619 548.2946395874023 129.1644401550293 581.7862319946289
0 0.0479 140.23982238769534 87.72578239440918 178.987419128418 122.30774879455566
0 0.0442 83.94431304931643 622.5597381591797 135.53931427001956 638.75
0 0.0439 10.008890151977566 528.3631134033203 49.187585830688505 561.7235565185547
0 0.0410 180.2571792602539 137.6648712158203 218.9735336303711 172.36370086669922
0 0.0405 129.99087524414062 588.4102249145508 169.20336914062503 621.6804122924805
0 0.0389 45.03035736083987 160.90585708618164 73.61506652832034 208.95002365112305
0 0.0385 105.08290481567386 251.17469787597656 133.55126571655276 298.71578216552734
0 0.0377 75.05774688720706 101.03730201721191 103.58176422119143 148.83353233337402
0 0.0355 180.15630912780762 97.97708511352539 219.05815315246582 132.07712173461914
0 0.0354 -15.257108688354464 602.4028015136719 34.735795974731474 627.6721954345703
0 0.0352 165.0711936950684 221.11011505126953 193.56545639038086 268.77098083496094
0 0.0337 75.09015274047854 251.2148094177246 103.54249191284181 298.681583404541
0 0.0333 45.057079315185575 211.03517532348633 73.58258438110354 258.8356590270996
0 0.0328 144.85802841186526 62.296142578125 194.63639450073245 87.77642250061035
0 0.0326 -30.276344299316378 568.9959716796875 9.447052001953155 601.1456298828125
0 0.0324 195.0699443817139 181.10002517700195 223.56697273254395 228.77897262573242
0 0.0303 -65.66231536865232 602.7593994140625 -14.912117004394503 627.322998046875
0 0.0278 135.10916900634768 271.3238716125488 163.51947021484378 318.58938217163086
0 0.0272 154.14763641357425 12.919201850891113 205.25374603271484 37.1662712097168
0 0.0265 -87.63537216186519 34.587135314941406 77.84039688110354 165.88314056396484
0 0.0258 100.15917968750001 57.97034978866577 139.0555114746094 92.08330392837524
0 0.0254 -105.49999999999997 299.8858642578125 533.25 638.75
0 0.0253 40.11092376708987 488.1005096435547 79.0976257324219 521.9639587402344
0 0.0249 15.062877655029325 171.06239318847656 43.57552719116214 218.81141662597656
0 0.0238 143.88858032226565 622.608642578125 195.58768463134766 638.75
0 0.0231 225.08837890625003 151.20201110839844 253.54464721679685 198.69190216064453
0 0.0224 195.21843147277832 52.14573860168457 223.38827323913574 97.93651580810547
0 0.0223 -30.1663689613342 528.756217956543 9.346918582916288 561.3643264770508
0 0.0218 105.1186866760254 301.3857650756836 133.50796890258792 348.5384750366211
0 0.0213 45.11809539794924 261.3819885253906 73.50867462158205 308.5416030883789
0 0.0210 195.11885833740234 231.38694763183594 223.50775909423828 278.5375213623047
0 0.0207 75.12589645385745 311.4325714111328 103.4992713928223 358.50006103515625
0 0.0203 -86.57843399047849 573.4399032592773 -34.09771728515622 596.6483688354492
0 0.0203 165.14340591430667 271.54842376708984 193.4781761169434 318.40538024902344
0 0.0195 90.09049606323244 508.1593322753906 129.11507797241214 541.9100952148438
0 0.0194 5.182325363159206 481.83990478515625 33.43143653869631 528.1735229492188
0 0.0192 15.09364318847659 221.23144149780273 43.538238525390646 268.6668586730957
0 0.0192 129.9709625244141 548.4553146362305 169.2214508056641 581.6392135620117
0 0.0177 45.143057823181174 331.54754638671875 73.47860050201419 378.4063720703125
0 0.0176 219.47261047363284 0.0 533.25 169.68856811523438
0 0.0169 255.0905914306641 171.21475219726562 283.54197692871094 218.68114471435547
0 0.0169 104.15530395507815 2.912719249725342 155.24707031250003 27.1726131439209
0 0.0165 135.16699981689456 321.7243194580078 163.44985198974612 368.2652282714844
0 0.0164 225.1320953369141 201.47363662719727 253.4917755126953 248.46647262573242
0 0.0163 -105.49999999999996 602.7275085449219 -64.93479537963863 627.3532867431641
0 0.0160 -14.908855438232392 171.22201919555664 13.541290283203153 218.67578506469727
0 0.0158 -105.49999999999996 528.8047790527344 -70.63682842254636 561.3199615478516
0 0.0156 15.112020492553741 271.3414001464844 43.51602745056155 318.57479095458984
0 0.0150 104.72891998291018 32.421380281448364 154.74673461914062 57.654675245285034
0 0.0144 45.17413806915285 441.7775344848633 73.44126415252688 488.2229232788086
0 0.0143 -105.49999999999996 488.60950469970703 -70.71618604660031 521.4982986450195
0 0.0139 169.97359466552734 588.452033996582 209.21881866455078 621.6421890258789
0 0.0136 -24.775236129760714 482.2182846069336 3.380815505981475 527.8829574584961
0 0.0134 105.1855392456055 351.86683654785156 133.42757415771487 398.1525421142578
0 0.0133 -104.77115917205808 442.24605560302734 -76.62409114837644 487.86060333251953
0 0.0133 15.126668930053738 341.4353561401367 43.49834632873537 388.49742889404297
0 0.0127 5.140487670898469 431.5299606323242 33.48168563842776 478.4206008911133
0 0.0126 -14.884679794311495 221.3689422607422 13.512079238891628 268.5531997680664
0 0.0126 80.04279327392581 468.28125 119.15721130371097 501.79847717285156
0 0.0124 -70.80407905578609 539.9779510498047 -30.060070037841772 570.2533721923828
0 0.0124 165.18929672241214 321.900634765625 193.42309188842773 368.12660217285156
0 0.0123 75.18567276000978 361.86695098876953 103.42744064331058 408.15235137939453
0 0.0123 -104.80055141448972 151.99541091918945 -76.58896970748899 198.05429458618164
0 0.0121 195.1576156616211 281.6509246826172 223.46106719970703 328.32313537597656
0 0.0120 285.1080627441406 151.31696701049805 313.52076721191406 198.59506607055664
0 0.0117 -76.21329355239865 3.1823253631591797 -24.42406225204465 26.904525756835938
0 0.0116 205.2932949066162 0.0 233.29952430725098 37.37401247024536
0 0.0116 225.14804077148438 251.58157348632812 253.4726257324219 298.3787536621094
0 0.0114 255.12282562255862 221.41435623168945 283.5030288696289 268.5153007507324
0 0.0110 -105.49999999999997 408.5777282714844 -70.72831916809079 441.52732849121094
0 0.0110 503.55799865722656 622.5856781005859 533.25 638.75
0 0.0107 -14.873273849487276 271.4436340332031 13.498308181762724 318.4919738769531
0 0.0106 -70.78098106384273 509.9376678466797 -30.081775665283175 540.2898406982422
0 0.0104 45.16697597503665 381.7182159423828 73.44983768463136 428.2691955566406
0 0.0103 -19.96038246154782 0.0 19.161092758178736 31.8011474609375
0 0.0103 -104.77511692047116 2.211475372314453 -76.61936569213864 47.88719177246094
0 0.0103 129.93567657470703 508.5422897338867 169.2528076171875 541.5597152709961
0 0.0103 75.18212509155275 421.83597564697266 103.43167495727542 468.17630767822266
0 0.0102 135.21319580078128 372.0964813232422 163.3945007324219 417.97393798828125
0 0.0101 -104.79078102111812 202.07639694213867 -76.60065937042233 247.99131393432617
0 0.0100 19.953605651855497 0.0 59.23712921142581 31.602346897125244
