0 0.3838 -106.99999999999999 170.09801864624023 104.54129028320312 269.2983055114746
0 0.2510 -106.99999999999999 50.098018646240234 104.54129028320312 149.2983055114746
0 0.2197 -106.99999999999999 271.31603240966797 57.049034118652344 348.7492370605469
0 0.0535 -106.99999999999999 346.8338394165039 -72.56198120117188 383.1296920776367
0 0.0421 110.86461830139159 34.587135314941406 276.340368270874 165.88314056396484
0 0.0390 63.36161422729493 270.4439926147461 92.32191848754883 319.44053649902344
0 0.0313 93.39985656738283 250.48940658569336 122.27474975585939 299.36838150024414
0 0.0311 -51.090061187744126 344.89124298095703 -13.153745651245108 404.88452911376953
0 0.0298 -106.99999999999999 17.613353729248047 -72.51444530487059 52.411203384399414
0 0.0270 -6.59889411926269 350.4975128173828 22.273252487182624 399.3616485595703
0 0.0269 52.6860694885254 592.8863906860352 103.72034835815431 617.198371887207
0 0.0269 -71.39671635627745 8.109374046325684 -32.39458155632018 41.95590019226074
0 0.0264 53.433712005615234 320.5723571777344 82.2331886291504 369.2762756347656
0 0.0259 103.4696273803711 200.6775665283203 132.18922424316406 249.16728973388672
0 0.0257 -67.72716712951659 593.1950759887695 -15.91225814819335 616.892204284668
0 0.0229 123.49518585205077 260.76343536376953 152.15794372558594 309.0824890136719
0 0.0225 -30.962469100952138 0.0 6.792753219604498 54.73173141479492
0 0.0221 93.4964828491211 300.7704830169678 122.15637969970702 349.07639503479004
0 0.0216 31.177642822265646 357.02497482299805 531.75 638.7500190734863
0 0.0209 -67.85263252258301 622.8068351745605 -15.700714111328118 638.7500190734863
0 0.0207 102.63960647583008 612.9091262817383 153.76421737670898 637.174186706543
0 0.0194 23.45627593994141 350.6379699707031 52.20557022094727 399.20814514160156
0 0.0193 52.484462738037124 563.0412292480469 103.89895248413086 587.0451354980469
0 0.0190 133.55484771728516 211.02947235107422 162.08531188964844 258.84185791015625
0 0.0189 -7.388813018798822 612.9324340820312 43.789108276367195 637.1513366699219
0 0.0189 -106.99999999999999 387.3626708984375 -72.55562973022461 422.64183044433594
0 0.0181 7.34864044189454 0.0 119.86927795410155 34.74421501159668
0 0.0172 -68.56234741210936 563.7435150146484 -15.159084320068356 586.3430786132812
0 0.0169 123.57624816894531 311.13983154296875 152.05933380126953 358.74595642089844
0 0.0166 57.979743957519524 619.0005683898926 98.22174835205078 638.7499809265137
0 0.0164 -106.99999999999999 582.8012084960938 -66.36956405639647 607.2820281982422
0 0.0157 282.11392211914057 0.0 531.75 140.70279121398926
0 0.0155 102.31976318359374 573.1649017333984 154.0450744628906 596.9226837158203
0 0.0154 153.57369232177734 261.1198425292969 182.0624237060547 308.7618637084961
0 0.0151 2.303016662597666 573.1729125976562 54.06088638305665 596.9142150878906
0 0.0150 62.30868148803711 533.1727600097656 114.05501174926758 556.9149017333984
0 0.0148 133.60379028320312 161.2912940979004 162.02595520019528 208.6165428161621
0 0.0147 163.645751953125 211.56509399414062 191.97533416748047 258.39195251464844
0 0.0144 127.34864044189453 0.0 239.8692779541016 34.74421501159668
0 0.0141 -106.99999999999999 542.6399993896484 -66.53275680541991 567.4399566650391
0 0.0141 162.38087463378906 613.1085968017578 213.99308013916016 636.9770812988281
0 0.0133 153.61141967773438 311.3441467285156 182.01676177978516 358.5736846923828
0 0.0129 163.6540870666504 161.62811279296875 191.96535873413086 208.34186553955078
0 0.0120 -106.99999999999999 508.46534729003906 -72.26946067810057 541.6300964355469
0 0.0116 -96.30252552032469 612.5393486022949 -68.0831308364868 638.7500190734863
0 0.0107 502.07133102416987 622.5748443603516 531.7500190734863 638.75
0 0.0107 183.62562942504883 261.428279876709 211.9995765686035 308.5031318664551
0 0.0103 -106.331636428833 431.7561340332031 -78.05167388916014 478.24317932128906
0 0.0102 121.93404006958008 543.4307861328125 174.39123916625977 566.6574096679688
