0 0.0449 587.1495056152344 -84.0439758300781 638.75 -62.87917232513425
0 0.0319 598.0110931396484 -54.50194454193112 638.75 -32.413254737853975
0 0.0273 527.1367263793945 -94.03209304809567 583.030891418457 -72.89035415649411
0 0.0254 0.0 201.38586425781253 638.75 540.25
0 0.0229 0.0 -98.49999999999996 510.9122848510742 183.01496887207028
0 0.0202 537.3110961914062 -64.11484456062314 592.8688049316406 -42.804922819137545
0 0.0192 598.1763458251953 225.40251159667963 638.75 247.68324279785156
0 0.0164 448.0939483642578 215.45083427429202 502.15301513671875 237.6345386505127
0 0.0158 378.6019515991211 215.1452865600586 431.69116973876953 237.94237518310547
0 0.0157 608.4075164794922 254.8429336547851 638.75 278.1837692260742
0 0.0157 598.1390571594238 195.42353057861328 638.7499809265137 217.6619186401367
0 0.0154 468.01307678222656 -94.50245952606198 522.2267913818359 -72.41264438629148
0 0.0151 128.26964855194092 145.34843826293945 181.99284076690674 167.73796463012698
0 0.0144 507.8741455078125 215.57535552978516 562.3538970947266 237.50849151611325
0 0.0141 148.7744665145874 225.03458404541018 201.535325050354 248.05330657958984
0 0.0138 608.9741706848145 524.1518249511719 638.7499809265137 540.25
0 0.0135 148.31237316131592 185.32257461547852 201.95404529571533 207.76398086547852
0 0.0133 608.6554718017578 -25.310963153839086 638.75 -1.6608080863952424
0 0.0130 378.0271911621094 185.48975372314453 432.2138214111328 207.59527587890625
0 0.0127 128.12448978424072 115.43476486206053 182.12480068206787 137.65102767944336
0 0.0127 198.5548973083496 205.17729187011716 251.73322677612305 227.91059875488278
0 0.0125 198.48047256469727 165.21971130371094 251.80150985717773 187.86741638183594
0 0.0124 318.33821296691895 205.30974769592285 371.9299602508545 227.77730369567868
0 0.0120 609.598388671875 494.00396728515625 638.75 519.0211334228516
0 0.0120 608.4030914306641 164.84415435791016 638.75 188.18235778808594
0 0.0117 574.3924140930176 86.33682632446289 638.7499809265137 136.24702835083008
0 0.0114 438.13587188720703 185.42484664916992 492.1152114868164 207.66052627563477
0 0.0114 467.9423522949219 245.53850555419922 522.2911834716797 267.54602813720703
0 0.0110 208.6370849609375 235.12350463867188 261.6592788696289 257.96430969238276
0 0.0107 609.5703315734863 424.0210189819336 638.7499809265137 449.00362396240234
0 0.0105 188.70662689208984 135.0759735107422 241.59709930419922 158.0114974975586
0 0.0104 608.3690071105957 284.8658599853515 638.7499809265137 308.16053771972656
0 0.0103 98.8819408416748 204.96683502197266 151.43784523010254 228.12155151367188
0 0.0103 328.64707946777344 235.11934661865232 381.6497802734375 257.9687728881836
0 0.0102 328.15147399902344 165.41790390014648 382.10044860839844 187.66785049438477
0 0.0101 98.7319564819336 245.06430053710935 151.57323837280273 268.0238952636719
0 0.0101 88.8364315032959 174.99880218505857 141.4784336090088 198.08981323242188
