0 0.0966 336.34376525878906 51.85401153564455 393.7628936767578 72.21530151367189
0 0.0810 276.4595031738281 61.802017211914084 333.65528106689453 82.26893615722658
0 0.0783 316.7708110809326 31.65019702911379 373.36819648742676 52.42369365692141
0 0.0779 336.00223541259766 72.0109672546387 394.07909393310547 92.05456924438478
0 0.0599 247.14567184448242 81.46975708007814 303.02114486694336 102.60886383056643
0 0.0594 257.1723747253418 31.45278167724612 312.99734115600586 52.62557220458986
0 0.0447 306.1090087890625 91.96583938598634 363.9794158935547 112.10145187377931
0 0.0435 208.3925437927246 50.776206970214865 261.88074111938477 73.31099700927736
0 0.0415 377.13916778564453 31.46233272552493 433.0295944213867 52.614571571350126
0 0.0340 366.0680389404297 91.98170852661134 424.0180206298828 112.08466720581055
0 0.0307 257.7161407470703 111.17024612426759 312.49683380126953 132.9135627746582
0 0.0291 327.6580810546875 1.1889762878418253 382.5530242919922 22.892429351806665
0 0.0265 396.97704315185547 61.54553604125979 453.17867279052734 82.53003311157228
0 0.0260 267.67810821533203 1.1807746887207315 322.5340270996094 22.90118408203127
0 0.0254 0.0 176.8858642578125 638.75 515.75
0 0.0249 198.68789672851562 20.592219352722193 251.61312103271484 43.495862007141135
0 0.0232 608.5406494140625 40.26004028320315 638.75 63.7674255371094
0 0.0229 0.0 -122.99999999999996 510.9122848510742 158.5149688720703
0 0.0228 189.10394668579102 80.31882476806642 241.23785018920898 103.76963806152347
0 0.0200 149.430251121521 40.08250427246096 200.946946144104 64.0043182373047
0 0.0199 608.6189460754395 10.210802078247099 638.7499809265137 33.81706428527834
0 0.0196 316.71424865722656 111.68463897705078 373.41880798339844 132.3897476196289
0 0.0187 608.4738349914551 70.30226898193361 638.7499809265137 93.72489166259767
0 0.0177 608.7527465820312 -39.875448226928675 638.75 -16.096170425415007
0 0.0150 199.06696319580078 110.34407806396487 251.27105712890625 133.74442291259768
0 0.0145 608.9309883117676 150.00657272338867 638.7499809265137 174.02234268188477
0 0.0141 388.36185455322266 0.7827205657959261 441.9112777709961 23.30259513854983
0 0.0132 512.6921272277832 -122.99999999999996 638.7499809265137 -53.15076160430904
0 0.0130 249.23301696777344 140.22704315185547 301.1225891113281 163.8608856201172
0 0.0128 376.8037796020508 111.63760375976564 433.3369827270508 132.43716430664062
0 0.0128 608.9672660827637 499.657299041748 638.7500190734863 515.7500190734862
0 0.0121 208.73981475830078 -9.442718505859345 261.56654357910156 13.530628204345728
0 0.0118 608.7464904785156 120.1297302246094 638.75 143.8988037109375
0 0.0117 139.1203498840332 10.304071426391626 191.22385025024414 33.78389549255373
0 0.0115 609.1181182861328 179.87470817565918 638.75 204.15390205383304
0 0.0115 145.1757001876831 66.09873962402345 184.99077320098877 98.05197906494142
0 0.0113 609.1883850097656 329.82432556152344 638.75 354.2041320800781
0 0.0100 329.3679428100586 210.1288146972656 381.00231170654297 233.9583892822266
