0 0.2780 389.28943634033203 225.16117095947263 481.18412017822266 264.7980117797851
0 0.2337 478.0802917480469 206.80652618408203 572.4089813232422 243.3018112182617
0 0.1758 479.19307708740234 243.256721496582 531.1579513549805 266.83155059814453
0 0.1726 320.48500061035156 239.73919868469238 389.94834899902344 270.33473014831543
0 0.1686 389.0309524536133 185.52724838256836 481.44519805908203 224.46409225463867
0 0.1671 519.3142318725586 183.15563201904297 571.0528182983398 206.93016052246094
0 0.1329 569.8701477050781 192.73929595947263 620.5580139160156 217.34355926513672
0 0.1302 338.6068344116211 213.64152908325192 391.68689727783203 236.44605636596677
0 0.1223 382.2998809814453 267.70751953124994 448.22357177734375 302.2412872314453
0 0.1055 329.7911834716797 272.7972793579101 380.6287384033203 297.28565216064453
0 0.0898 575.2065277099609 219.03931617736814 614.9620056152344 251.10610008239743
0 0.0858 468.98155212402344 163.40009689331055 521.3482666015625 186.68821334838864
0 0.0833 569.6554565429688 162.91259765624997 620.7469177246094 187.17273712158203
0 0.0826 449.9390411376953 272.6823806762695 500.4975891113281 297.3996353149414
0 0.0720 268.52627754211426 243.6930084228515 321.7595958709717 266.3945007324219
0 0.0669 529.4026565551758 253.0953598022461 580.9730911254883 276.9905471801757
0 0.0661 278.23710441589355 213.86850357055664 332.02229499816895 236.21786117553708
0 0.0526 378.7404251098633 163.5578727722168 431.5658187866211 186.53017044067383
0 0.0525 328.4501266479492 183.73676300048828 381.8294143676758 206.35002136230466
0 0.0524 524.979248046875 149.47738647460938 565.1734924316406 180.70751190185547
0 0.0509 268.9176273345947 273.44070434570307 321.40624046325684 296.6473388671875
0 0.0369 345.4353332519531 298.53687286376953 384.75372314453125 331.56467437744135
0 0.0356 268.27415466308594 183.84572982788083 321.9887161254883 206.2407112121582
0 0.0340 390.2928924560547 302.34375 440.1951599121094 327.7285003662109
0 0.0338 620.7175445556641 182.69874572753903 638.75 227.58480072021484
0 0.0336 579.5992660522461 132.9524993896484 630.7973861694336 157.13283538818357
0 0.0304 305.3731060028076 298.68045806884766 344.80984687805176 331.4334487915039
0 0.0294 498.81996154785156 283.50646972656244 551.4939880371094 306.58172607421875
0 0.0287 408.0914306640625 133.9540863037109 462.15492248535156 156.1315155029297
0 0.0284 318.34754943847656 153.8019752502441 371.9219207763672 176.2848091125488
0 0.0262 574.3924140930176 24.836816787719723 638.7499809265137 74.74701881408691
0 0.0255 234.7610855102539 209.87270355224607 275.37776947021484 240.34870147705078
0 0.0252 533.062572479248 304.91416931152344 638.7500190734863 354.5640563964843
0 0.0241 445.4773712158203 298.4429931640625 484.7154235839844 331.65046691894526
0 0.0233 468.8355255126953 133.49048614501953 521.4811706542969 156.59687042236328
0 0.0227 258.31010818481445 153.82486343383786 311.9558906555176 176.26180648803708
0 0.0220 614.8826789855957 229.22760963439939 638.7499809265137 260.93626976013184
0 0.0205 224.81651306152344 239.77489471435544 265.32569885253906 270.4373550415039
0 0.0195 529.249267578125 123.2120895385742 581.1087799072266 146.87530517578125
0 0.0188 324.97406005859375 389.9990081787109 638.75 558.75
0 0.0187 224.76062774658203 179.87316131591797 265.3782272338867 210.34828186035156
0 0.0178 579.814567565918 102.77870178222656 630.6081008911133 127.30400085449217
0 0.0174 0.0 113.75257492065428 305.6292533874512 558.7500190734862
0 0.0174 579.7495651245117 262.8378295898437 630.663948059082 287.2465515136719
0 0.0174 609.1114807128906 -7.120561599731444 638.75 17.14919090270996
0 0.0173 413.0625534057617 344.91416931152344 528.1914901733398 394.5640563964843
0 0.0164 265.02445220947266 299.39258575439453 305.1313018798828 330.7845687866211
0 0.0164 512.6921272277832 -80.0 638.7499809265137 -10.150761604309086
0 0.0163 348.19141387939453 123.89394760131835 402.06424713134766 146.19195938110352
0 0.0153 0.0 -80.0 320.47889709472656 89.69043731689452
0 0.0141 529.41162109375 363.08177947998047 580.9665679931641 387.00313568115234
0 0.0138 535.138053894043 49.158897399902344 575.0271224975586 80.997257232666
0 0.0136 288.3021545410156 123.82761001586913 341.9635772705078 146.2587547302246
0 0.0132 310.09202003479004 332.5432205200195 360.36559104919434 357.53536224365234
0 0.0132 398.199462890625 103.8857650756836 452.0576477050781 126.19968414306639
0 0.0123 224.81386184692383 279.7793197631836 265.3282356262207 310.4333877563476
0 0.0123 214.72944259643555 149.9260902404785 255.40773391723633 180.3003120422363
0 0.0121 529.3023681640625 83.16528320312499 581.0631561279297 106.92070007324217
0 0.0116 194.88847732543945 209.64698791503906 235.25808334350586 240.55343627929688
0 0.0112 535.2882766723633 8.854694366455078 574.8882675170898 41.274471282958984
0 0.0110 184.8151397705078 179.77691650390622 225.32703399658203 210.43556213378906
0 0.0107 228.6547088623047 123.61167907714842 281.6434860229492 146.47605895996094
