0 0.1174 88.8338851928711 81.49260330200195 141.48242950439453 104.59490585327148
0 0.0974 99.33237075805664 111.15256118774414 151.03450775146484 134.93452835083008
0 0.0836 78.43803405761719 51.74341011047364 131.8405532836914 74.34322166442871
0 0.0707 27.825851440429688 72.10406589508057 82.39768981933594 93.97970485687256
0 0.0685 38.0515193939209 101.97384643554689 92.19206809997559 124.1110305786133
0 0.0661 409.4454574584961 101.07182312011719 460.93334197998047 125.01499938964842
0 0.0625 139.79686737060547 70.79442310333253 190.62339782714844 95.2886610031128
0 0.0573 150.09450435638428 100.5380325317383 200.3640604019165 125.54005432128908
0 0.0533 17.99997329711914 42.00706291198731 72.2382926940918 64.07806205749512
0 0.0527 408.68019104003906 71.5986852645874 461.6197204589844 94.48958683013917
0 0.0498 133.0625343322754 132.91418838500977 248.19150924682617 182.56403732299808
0 0.0463 75.61354398727417 176.07062149047854 114.59754228591919 209.9914436340332
0 0.0457 68.23855400085449 21.865280151367198 122.02147483825684 44.22074127197266
0 0.0446 49.0328049659729 131.35657119750977 101.30405187606812 154.7304801940918
0 0.0444 409.8225784301758 130.77515411376953 460.60047149658203 155.3078536987305
0 0.0401 348.6943054199219 101.58734130859375 401.6075134277344 124.50062561035158
0 0.0361 8.456230163574219 11.737831115722665 61.82281017303467 34.34967803955079
0 0.0345 348.02989959716797 71.98914337158205 402.21118927001953 94.09603881835938
0 0.0332 115.80190658569336 185.5146484375 154.43693161010742 220.5017547607422
0 0.0327 139.26382541656494 41.20312500000001 191.09544277191162 64.88442230224611
0 0.0314 19.015464782714844 171.37482452392578 71.3182544708252 194.71314239501956
0 0.0296 0.0 218.09800910949707 211.54129028320312 317.2982769012451
0 0.0290 0.0 97.32050704956055 35.09340763092041 128.85012435913086
0 0.0286 338.4458541870117 159.31603240966797 524.0490341186523 236.74923706054685
0 0.0284 200.1449203491211 100.50102996826173 250.31875610351562 125.5771713256836
0 0.0281 189.88449096679688 70.72909164428711 240.5451202392578 95.35380172729494
0 0.0252 0.0 131.1176567077637 40.98792552947998 154.96954727172852
0 0.0247 365.0320053100586 127.38129425048827 405.12393951416016 158.79483032226562
0 0.0227 459.27845001220703 121.19696426391602 511.08150482177734 144.89111709594727
0 0.0218 58.10210943222046 -8.055202484130852 112.14588403701782 14.140422821044929
0 0.0208 574.3924140930176 172.8368263244629 638.7499809265137 222.74702835083008
0 0.0200 397.87689208984375 42.07663345336915 452.35076904296875 64.00765228271484
0 0.0199 128.42218399047852 11.757982254028327 181.85386657714844 34.329298019409194
0 0.0188 324.97406005859375 397.9990081787109 638.75 566.75
0 0.0186 0.0 -18.65729522705077 51.269073486328125 4.7458248138427805
0 0.0184 155.7598066329956 185.65813827514648 194.471173286438 220.36989974975586
0 0.0180 299.2646026611328 121.20386886596678 351.0945129394531 144.88386917114255
0 0.0174 588.2392692565918 141.86234283447266 638.7500190734863 164.22329711914062
0 0.0171 288.6091613769531 91.64234924316406 341.6843032836914 114.4455795288086
0 0.0169 337.52052307128906 42.27133560180665 392.67730712890625 63.810184478759766
0 0.0168 0.0 397.9971199035644 320.47874450683594 566.7499809265137
0 0.0164 464.69032287597656 87.99533176422119 505.4443359375 118.23759365081789
0 0.0162 574.3924140930176 232.83680725097656 638.7499809265137 282.7470092773438
0 0.0155 213.06254386901855 192.91418838500977 328.191499710083 242.56403732299808
0 0.0152 199.02334213256836 41.37532043457032 251.30990982055664 64.71346664428711
0 0.0147 318.4458541870117 239.31606101989746 504.04903411865234 316.74924659729004
0 0.0146 288.0537796020508 61.97682189941408 342.1890640258789 84.10872268676758
0 0.0139 574.3924140930176 292.83680725097656 638.7499809265137 342.7470092773438
0 0.0138 608.680591583252 -58.828522682189934 638.7499809265137 -35.14332962036132
0 0.0136 608.9535522460938 550.6673698425293 638.75 566.7500190734864
0 0.0127 255.09241104125977 117.26971435546875 295.06731033325195 148.89630126953125
0 0.0125 588.4527778625488 111.7333869934082 638.7499809265137 134.35316848754883
0 0.0123 528.7080764770508 151.57995986938477 581.5947341918945 174.50823593139648
0 0.0123 574.3924140930176 352.8368072509765 638.7499809265137 402.74700927734375
0 0.0113 0.0 -67.08583068847655 108.19150924682617 -17.435953140258782
0 0.0111 337.4147033691406 12.326477050781259 392.774658203125 33.75399398803712
0 0.0110 457.91194915771484 52.05604362487794 512.3189163208008 74.02835655212402
0 0.0105 277.6649475097656 32.193649291992195 332.54478454589844 53.889072418212905
0 0.0105 598.6659049987793 81.60492229461671 638.7500190734863 104.482892036438
0 0.0105 511.90391540527344 -22.158195495605465 638.75 77.6270751953125
0 0.0103 0.0 319.31607055664057 184.04903411865234 396.7492370605468
0 0.0103 397.6048278808594 12.224195480346685 452.60040283203125 33.85774421691895
0 0.0102 518.5781097412109 121.66043090820312 571.7127227783203 144.42719268798828
0 0.0102 208.11857223510742 245.0982360839844 292.60263442993164 311.12622070312506
0 0.0101 0.0 50.62672901153565 18.903203010559082 95.64026165008545
