0 0.0815 258.06602478027344 153.96892547607422 312.1780776977539 176.11656188964844
0 0.0493 267.9004383087158 184.06261444091797 322.32943534851074 206.021728515625
0 0.0479 198.4613800048828 153.7337875366211 251.8183135986328 176.35360717773438
0 0.0468 318.7466049194336 163.54307174682614 371.56253814697266 186.5434455871582
0 0.0360 348.19942474365234 223.8819980621338 402.0585250854492 246.2028408050537
0 0.0339 208.54862213134766 183.67906570434567 261.73938751220703 206.40851974487302
0 0.0325 218.09886932373047 343.9508819580078 272.1479034423828 366.1349487304687
0 0.0323 328.16795349121094 193.8966178894043 382.0880889892578 216.1875343322754
0 0.0323 247.71957397460938 124.16446685791014 302.4945831298828 145.91876983642575
0 0.0314 307.88387298583984 134.0707778930664 362.34485626220703 156.0132598876953
0 0.0302 408.92791748046875 233.43254089355463 461.3972473144531 256.65527343749994
0 0.0285 337.66483306884766 254.18762207031247 392.54627227783203 275.8941650390625
0 0.0269 287.3495864868164 224.35943603515622 342.83477783203125 245.72029113769528
0 0.0265 277.75824546813965 344.1420364379883 332.4594974517822 365.9413528442382
0 0.0260 398.5346984863281 203.68818283081055 451.75193786621094 226.39940261840817
0 0.0254 0.0 219.8858642578125 638.75 558.75
0 0.0242 207.8004264831543 314.1179275512695 262.42101669311523 335.9656143188476
0 0.0234 157.99274444580078 344.00928497314453 212.24533081054688 366.0754776000976
0 0.0230 378.8709259033203 173.47352981567383 431.4479064941406 196.61474227905273
0 0.0229 0.0 -79.99999999999999 510.9122848510742 201.51496887207028
0 0.0218 398.9520263671875 263.4157180786133 451.3756561279297 286.6720199584961
0 0.0210 188.45481872558594 123.73790740966795 241.8242645263672 146.3494873046875
0 0.0209 469.71282958984375 232.86616325378415 520.6965637207031 257.2184467315673
0 0.0206 267.366943359375 264.35543060302734 322.8176498413086 285.72521209716797
0 0.0192 228.14960479736328 213.91313552856445 282.10350036621094 236.17174148559567
0 0.0192 337.88421630859375 284.06810760498047 392.3450469970703 306.01558685302734
0 0.0192 217.67026901245117 284.18899536132807 272.5403022766113 305.8934783935547
0 0.0181 368.7315368652344 143.56746673583982 421.5729522705078 166.52111053466794
0 0.0178 267.93678283691406 314.0421676635742 322.29618072509766 336.04244232177734
0 0.0175 338.44398498535156 343.74202728271484 391.8346405029297 366.34494781494135
0 0.0172 459.08260345458984 203.32792282104492 511.2582015991211 226.75981521606445
0 0.0169 227.3438835144043 244.36027526855466 282.84048080444336 265.7190704345703
0 0.0159 465.2376174926758 258.97178649902344 504.9337387084961 291.1676788330078
0 0.0159 148.23299884796143 173.86798858642578 202.02666759490967 196.2179183959961
0 0.0153 147.50759601593018 314.278450012207 202.68908977508545 335.8030319213867
0 0.0152 512.6921272277832 -80.0 638.7499809265137 -10.150761604309086
0 0.0145 327.9439163208008 314.0343856811523 382.29053497314453 336.04969024658203
0 0.0141 156.9097089767456 284.5867156982422 213.23891162872314 305.4893493652344
0 0.0139 438.5441589355469 173.67965698242188 491.7439270019531 196.40758514404294
0 0.0133 97.92187690734863 344.0529251098633 152.30929374694824 366.0319137573242
0 0.0131 157.93068408966064 204.0413475036621 212.30273723602295 226.0425758361816
0 0.0128 138.357892036438 143.79322052001953 191.913104057312 166.2932586669922
0 0.0127 298.3504104614258 373.7986755371094 351.91967010498047 396.2879180908203
0 0.0124 238.35914611816406 373.7975311279297 291.9108200073242 396.28967285156244
0 0.0123 511.90391540527344 129.84180450439453 638.75 229.6270751953125
0 0.0122 286.9132614135742 104.5856475830078 343.2354736328125 125.49057006835936
0 0.0121 608.9717102050781 542.6534843444824 638.75 558.7500190734862
0 0.0121 399.26029205322266 293.20690155029297 451.0983657836914 316.8808364868164
0 0.0117 166.75395965576172 254.65961456298825 223.38348388671875 275.4143142700195
0 0.0117 217.93373107910156 94.04617309570312 272.29846954345703 116.03874206542969
0 0.0110 511.90391540527344 9.841804504394531 638.75 109.6270751953125
0 0.0110 525.1028442382812 229.2456817626953 565.0579833984375 260.91819763183594
0 0.0107 179.00300979614258 373.38493347167963 231.32909774780273 396.70326232910156
0 0.0106 389.4002151489258 323.10268402099604 440.97408294677734 346.9840621948242
0 0.0102 87.98526763916016 314.0156555175781 142.25168228149414 336.0694122314453
0 0.0102 428.40694427490234 143.7641716003418 481.86840057373047 166.32261276245114
0 0.0102 459.46216583251953 293.05328369140625 510.91968536376953 317.0326232910156
0 0.0100 158.29205989837646 93.83644104003905 211.97210788726807 116.25026702880858
0 0.0100 218.05965423583984 -76.03389739990233 272.1853256225586 -53.88161182403564
