0 0.3021 98.44585418701172 -61.68397712707516 284.04903411865234 15.749246597290066
0 0.1870 257.7426528930664 146.26664352416992 403.9835739135742 207.66011428833008
0 0.1550 280.1035404205322 -70.46238231658931 330.35468101501465 -45.45867490768429
0 0.1393 368.4114074707031 120.765926361084 421.8633270263672 143.32150650024414
0 0.1118 508.4662628173828 150.73235702514648 561.8135833740234 173.35526657104492
0 0.1117 308.8527202606201 120.48825454711913 361.46374702453613 143.60039901733398
0 0.1073 409.2486572265625 150.21683883666992 461.1083984375 173.87116622924805
0 0.1061 98.44585418701172 18.31602764129642 284.04903411865234 95.74924182891847
0 0.1023 48.95873785018921 -59.59094572067257 101.37012720108032 -36.32162141799923
0 0.0961 237.7426528930664 206.26665306091311 383.9836120605469 267.6601047515869
0 0.0803 49.67637062072754 -30.109732627868617 100.72968482971191 -5.805933952331514
0 0.0789 508.8199996948242 180.5070991516113 561.4937973022461 203.58117294311523
0 0.0722 209.69127655029297 179.87277221679688 260.7176971435547 204.21061706542966
0 0.0721 280.3248977661133 -40.67060279846188 330.1645278930664 -15.255811691284148
0 0.0698 367.0573043823242 91.51234817504884 423.10298919677734 112.56509017944337
0 0.0684 400.21461486816406 179.43549346923828 450.2588653564453 204.6409912109375
0 0.0639 241.4995002746582 115.68349075317384 308.9731788635254 148.32570266723636
0 0.0627 428.4499740600586 120.74088287353516 481.82865142822266 143.34647369384766
0 0.0614 238.44585418701172 278.31607055664057 424.04903411865234 355.7492370605469
0 0.0613 210.24635314941406 149.39444732666018 260.2338409423828 174.67982482910156
0 0.0584 518.1312942504883 120.92839431762697 572.1191787719727 143.15705490112305
0 0.0577 307.6543426513672 91.20223236083986 362.5538635253906 112.88081359863283
0 0.0457 195.70762634277344 114.81917572021486 234.5150375366211 149.2220230102539
0 0.0445 449.9106216430664 179.70639419555664 500.52242279052734 204.37600326538086
0 0.0429 0.0 -40.16159343719479 50.6603479385376 -15.75365352630612
0 0.0425 293.06254386901855 -8.08582115173337 408.191499710083 41.56404685974123
0 0.0404 464.9269104003906 146.58045959472656 505.22178649902344 177.6138229370117
0 0.0389 388.11859130859375 204.09827423095703 472.6026153564453 270.126220703125
0 0.0387 189.51641082763672 210.0168342590332 240.87066650390625 234.06926345825195
0 0.0353 427.5608825683594 91.250545501709 482.64007568359375 112.83143234252931
0 0.0342 509.0325164794922 210.3655548095703 561.3024139404297 233.72271728515625
0 0.0338 155.85149765014648 94.3118591308594 194.39958572387695 129.68836975097656
0 0.0329 8.118572235107422 4.098255157470737 92.60263442993164 70.12622070312501
0 0.0328 278.8618469238281 60.47385406494143 331.45729064941406 83.61361694335939
0 0.0320 437.7426528930664 266.2666625976562 583.9835739135742 327.66009521484375
0 0.0311 160.34164428710938 149.2934913635254 210.1540756225586 174.77708053588867
0 0.0277 5.05218505859375 -72.99999999999996 45.104570388793945 -42.175345897674525
0 0.0267 165.11646270751953 176.21052932739255 205.04623413085938 207.95022201538086
0 0.0261 337.4254608154297 61.316415786743185 392.76580810546875 82.76348304748538
0 0.0232 517.8317642211914 91.09875869750978 572.3927688598633 112.98474502563478
0 0.0215 560.8229446411133 150.25555801391602 588.764762878418 194.11511611938477
0 0.0214 329.74185943603516 -40.1553802490234 380.67066192626953 -15.760105133056609
0 0.0210 397.2284698486328 61.41949844360353 452.94677734375 82.65870285034181
0 0.0204 68.11857223510742 104.09827423095705 152.60263442993164 170.126220703125
0 0.0201 329.3737030029297 -69.87370300292964 380.9968566894531 -46.038868904113734
0 0.0195 574.3924140930176 211.83681678771973 638.7499809265137 261.7469997406006
0 0.0188 324.97406005859375 396.99900817871094 638.75 565.7499999999999
0 0.0186 417.7426528930664 326.2666625976562 563.9835739135742 387.66009521484375
0 0.0177 574.3924140930176 331.8368072509765 638.7499809265137 381.74700927734375
0 0.0168 0.0 396.9971199035644 320.47874450683594 565.7499809265136
0 0.0165 195.31675338745117 235.79959106445312 234.8616600036621 268.32476806640625
0 0.0155 519.2529296875 240.2088851928711 571.1055755615234 263.8783950805664
0 0.0153 512.6921272277832 -72.99999999999996 638.7499809265137 -3.150761604309052
0 0.0140 608.9711761474609 549.6539802551268 638.75 565.7499809265137
0 0.0134 480.7503890991211 209.44110107421872 508.85021209716797 254.7118682861328
0 0.0131 588.6067390441895 264.01847076416016 638.7499809265137 330.1960678100586
0 0.0127 144.8400115966797 206.72929000854492 185.30406951904297 237.47876358032227
0 0.0118 574.3924140930176 91.83682632446289 638.7499809265137 141.74702835083008
0 0.0115 467.4319839477539 71.31705951690675 522.7588272094727 92.76350688934326
0 0.0108 190.21156311035156 269.4228668212891 240.26458740234375 294.65167236328125
0 0.0106 490.8531951904297 100.63540649414062 518.7294006347656 143.84352874755862
0 0.0106 574.3924140930176 11.836816787719757 638.7499809265137 61.747018814086935
0 0.0104 124.97156143188477 176.48440551757812 165.1814079284668 207.70114135742188
