0 0.1279 88.11857223510741 457.0982360839844 172.60263442993164 523.126220703125
0 0.1057 73.06253433227539 404.91416931152344 188.19150924682617 454.5640563964844
0 0.0918 95.93313217163086 366.7021179199219 134.36250686645508 403.25096130371094
0 0.0827 45.925025939941406 456.8785858154297 84.35583114624023 493.0878448486328
0 0.0802 73.06253433227539 524.9141693115234 188.19150924682617 574.5640563964844
0 0.0785 135.93431472778317 366.7490768432617 174.35693740844724 403.20751190185547
0 0.0749 55.841183662414544 367.3305130004883 94.40951824188231 402.6712417602539
0 0.0697 85.8019256591797 327.49866485595703 124.43840026855467 362.51651763916016
0 0.0651 35.89261054992675 417.09449768066406 74.37294960021973 452.8886413574219
0 0.0645 188.1185817718506 477.0982360839844 272.6026248931884 543.126220703125
0 0.0619 125.88634490966798 327.1440124511719 164.3755340576172 362.843017578125
0 0.0588 185.9203338623047 426.4733123779297 224.39739227294922 463.46275329589844
0 0.0567 35.91584205627441 496.94713592529297 74.36003684997559 533.0245590209961
0 0.0564 175.93637466430664 366.7274856567383 214.35655593872067 403.22742462158203
0 0.0512 165.90833663940427 327.0193862915039 204.36197280883786 362.95787811279297
0 0.0484 45.5862283706665 328.1638717651367 84.61946010589598 361.9059371948242
0 0.0432 35.82937240600586 537.3930740356445 74.41713333129881 572.613639831543
0 0.0413 80.53098678588867 302.1024227142334 129.9932289123535 327.96250343322754
0 0.0396 15.665979385375975 377.93758392333984 54.55092430114746 412.1133804321289
0 0.0393 5.803976058959963 457.4787902832031 44.43793296813965 492.5347900390625
0 0.0360 88.70471954345703 596.9805908203125 171.95663452148438 638.75
0 0.0355 233.06254386901855 424.91416931152344 348.191499710083 474.5640563964844
0 0.0354 241.628532409668 335.7118606567383 308.6979293823242 394.0110397338867
0 0.0333 135.66696166992188 287.93700218200684 174.54986572265625 322.1139621734619
0 0.0333 188.1185817718506 557.0982360839844 272.6026248931884 623.126220703125
0 0.0324 45.68737506866455 577.8813171386719 84.53208446502686 612.1649932861328
0 0.0320 275.7693862915039 487.62500762939453 314.46346282958984 522.4003219604492
0 0.0282 210.60087203979492 321.2747573852539 239.02948379516602 368.6305618286133
0 0.0278 175.84552764892575 287.3284149169922 214.4047927856445 322.6731491088867
0 0.0272 315.6060028076172 348.11119079589844 354.6021270751953 381.9541931152344
0 0.0268 45.14253616333008 618.6512756347656 85.07308959960938 638.75
0 0.0264 5.512676239013672 598.3456802368164 44.68502044677734 631.7395401000977
0 0.0259 -4.31457757949829 497.8630065917969 34.536020755767815 532.1818542480469
0 0.0259 305.8180236816406 307.44153022766113 344.4255065917968 342.5690746307373
0 0.0257 305.7231903076172 387.77626037597656 344.5014953613281 422.2614288330078
0 0.0254 -79.99999999999999 0.0 558.75 339.48570251464844
0 0.0249 30.06062984466553 302.5725555419922 80.39259433746336 327.5067901611328
0 0.0240 -4.37673330307007 418.05164337158203 34.588353633880615 452.00878143310547
0 0.0236 79.85592365264891 272.7459716796875 130.571551322937 297.33638763427734
0 0.0236 270.546875 280.9819030761719 299.0949249267578 328.8818359375
0 0.0230 5.4218482971191415 338.5673522949219 44.765968322753906 371.5367889404297
0 0.0225 315.49636840820307 478.3955383300781 354.69856262207026 511.6938781738281
0 0.0211 345.48477172851557 308.4229278564453 384.7090148925781 341.6688537597656
0 0.0210 -4.3794631958007795 538.0586242675781 34.59077835083008 572.0024108886719
0 0.0204 150.325813293457 262.31807708740234 200.16578674316406 287.75413513183594
0 0.0204 240.5601119995117 281.0484981536865 269.07886505126953 328.8235569000244
0 0.0201 169.48385238647458 622.5239562988281 221.00519180297852 638.75
0 0.0195 355.39234161376953 268.6415672302246 394.7919845581054 301.4689826965332
0 0.0190 270.7994079589843 521.7801666259766 319.773941040039 548.2710266113281
0 0.0180 315.723648071289 267.777099609375 354.5008850097656 302.26062774658203
0 0.0179 339.37847137451166 223.12366485595703 390.9924697875976 246.9638442993164
0 0.0178 274.65137481689453 604.8036193847656 386.56055450439453 638.75
0 0.0175 355.29716491699213 348.8478088378906 394.87892150878906 381.28074645996094
0 0.0174 -9.720780849456785 572.3549652099609 40.207269191741936 597.7174377441406
0 0.0174 200.16407966613767 242.4757957458496 250.3036785125732 267.6009941101074
0 0.0173 328.0868911743164 163.95814895629883 382.1587753295898 186.12764358520508
0 0.0170 345.39798736572266 388.629150390625 384.7867965698242 421.48033142089844
0 0.0166 338.504638671875 193.7100601196289 391.7784881591797 216.3779067993164
0 0.0162 268.9036178588867 163.45407485961914 321.4179611206054 186.63454055786133
0 0.0160 249.92549896240237 232.6912498474121 300.5099105834961 257.39057540893555
0 0.0157 218.91395568847653 143.44370365142822 271.40937805175776 166.64437770843506
0 0.0152 199.39857482910156 213.1052017211914 250.97530364990232 236.98169708251953
0 0.0151 99.34329986572264 243.1453514099121 151.02462768554688 266.94177627563477
0 0.0148 350.03242492675776 432.5992202758789 400.4167175292969 457.4808883666992
0 0.0148 149.67945098876953 232.89188385009766 200.7261276245117 257.19295501708984
0 0.0147 320.31654357910156 512.3372268676758 370.1717376708984 537.7365493774414
0 0.0146 249.41913604736325 203.0913543701172 300.9567642211914 226.99562072753906
0 0.0141 -34.82952117919922 609.0922355651855 4.997320175170898 638.7500190734863
0 0.0141 278.3380126953125 133.80942344665527 331.93023681640625 156.2775707244873
0 0.0140 385.25527954101557 298.93802642822266 424.9171447753906 331.19842529296875
0 0.0139 337.85251617431635 134.08973693847656 392.37316131591797 155.99430084228516
0 0.0136 199.0993595123291 183.3163070678711 251.24312400817868 206.77139282226562
0 0.0135 218.60833168029782 103.63853454589844 271.6860103607177 126.44874572753906
0 0.0132 355.27339935302734 458.8996124267578 394.90055084228516 491.2334442138672
0 0.0132 35.05575180053711 269.33765411376953 75.10166168212889 300.8345031738281
0 0.0132 400.99014282226557 555.9811210632324 558.75 638.7500190734863
0 0.0123 149.19519424438474 203.25407028198242 201.15633010864258 226.83401107788086
0 0.0119 158.79877090454102 143.51905822753906 211.51334762573242 166.56892776489258
0 0.0117 278.37989807128906 103.78058433532715 331.89292907714844 126.30608558654785
0 0.0114 275.60890197753906 548.0996322631836 314.59999084472656 581.9648361206055
0 0.0112 109.12260055541991 123.30049514770508 161.22228622436523 146.7871856689453
0 0.0111 89.05416488647461 213.34735870361328 141.28374099731442 236.74041748046875
0 0.0110 238.93081665039062 73.43122720718384 291.3945007324219 96.65670156478882
0 0.0109 99.06309127807616 183.34205627441406 151.27553939819336 206.74579620361328
0 0.0109 310.7618713378906 222.55901336669922 338.8365936279297 267.6239013671875
0 0.0108 337.9072189331054 104.05678749084473 392.3236465454101 126.02728843688965
0 0.0107 158.77927780151367 103.53376388549805 211.53047561645508 126.55448913574219
0 0.0106 0.7729530334472662 292.6792907714844 28.82354736328125 337.5350570678711
0 0.0105 38.8747215270996 243.46935272216797 91.44483566284178 266.61869049072266
0 0.0103 -24.746904373168945 378.9297103881836 14.920492172241211 411.20609283447266
