0 0.0316 13.914152979850769 104.77729141712187 56.57156556844711 121.85080349445342
0 0.0292 14.040090143680573 128.14292311668396 56.45669251680374 145.36088705062863
0 0.0279 6.390668451786041 81.17496967315674 48.49516600370407 98.57997298240662
0 0.0254 0.0 171.78583145141602 499.0234375 436.5234375
0 0.0229 0.0 -62.499999999999986 399.15022253990173 157.43356943130493
0 0.0219 14.055334031581879 151.5718549489975 56.4427450299263 168.80707442760468
0 0.0208 247.69677966833115 206.65183663368225 291.4907708764076 223.0960428714752
0 0.0205 6.432585418224335 57.71249532699585 48.457056283950806 75.16762614250183
0 0.0193 247.3597228527069 183.38065594434738 291.8016016483307 199.48888570070267
0 0.0173 279.1293263435364 222.1843898296356 322.57258892059326 238.81533741950986
0 0.0165 254.88558411598206 167.89036989212033 299.8792827129364 183.7259829044342
0 0.0165 216.7939618229866 222.09945321083066 259.92094725370407 238.90194296836853
0 0.0159 301.49877071380615 160.19459068775177 346.9974398612976 175.79342424869537
0 0.0158 294.2293882369995 191.19355082511902 338.68205547332764 207.3005735874176
0 0.0157 399.9249339103699 70.18890976905821 499.0234375 148.1461524963379
0 0.0154 317.34007596969604 144.4690227508545 362.4225854873657 160.2710485458374
0 0.0147 200.95600187778473 198.77329468727112 244.49168145656586 215.3511941432953
0 0.0144 21.643243730068207 206.3837647438049 64.460888504982 223.36840629577634
0 0.0139 309.8490834236145 175.57183653116226 354.3117642402649 191.67234748601913
0 0.0139 60.875967144966125 120.35207450389862 103.36755216121674 137.52640783786774
0 0.0136 248.10168147087097 237.69119381904602 291.1185324192047 254.56032156944275
0 0.0135 246.994711458683 152.2996425628662 292.13979095220566 168.06554794311523
0 0.0133 400.5407243967056 -62.5 499.0234225988388 -7.930282503366474
0 0.0131 349.92849826812744 128.15871834754944 392.4417495727539 145.34297585487366
0 0.0131 0.0 33.96822512149811 40.196798741817474 52.0385205745697
0 0.0131 349.2722809314728 159.7680151462555 393.04181933403015 176.22962594032288
0 0.0131 239.85225707292557 269.1657841205597 283.70826691389084 285.58143973350525
0 0.0128 319.0551698207855 237.3242080211639 360.846072435379 254.93112206459043
0 0.0126 14.149263501167297 174.95420575141907 56.357286870479584 192.30011105537415
0 0.0124 326.52971148490906 214.08453583717346 368.9665496349335 231.2939465045929
0 0.0123 301.8167018890381 128.7962943315506 346.7037081718445 144.69479024410248
0 0.0122 373.0300962924957 206.4814567565918 416.18379950523376 223.2697606086731
0 0.0122 52.90491133928299 89.19000625610352 95.70016711950302 106.18728399276733
0 0.0121 170.21942138671875 221.9325602054596 212.77132630348206 239.0707433223724
0 0.0120 201.6323208808899 245.27671933174133 243.87270212173462 262.6025378704071
0 0.0117 200.57600736618042 175.5245104432106 244.84220147132874 191.72104448080063
0 0.0116 60.900770127773285 143.7757909297943 103.34483534097672 160.97787022590637
0 0.0116 475.73548555374146 423.96603524684906 499.0234375 436.5234524011612
0 0.0116 247.15164303779602 136.6013139486313 291.99472069740295 152.5154858827591
0 0.0115 341.76090359687805 190.86599349975586 384.95156168937683 207.63498544692993
0 0.0115 21.872058510780334 229.69439625740048 64.25140053033829 246.93456292152402
0 0.0109 373.614102602005 229.59277033805847 415.6496226787567 247.03755974769592
0 0.0109 380.77184557914734 175.26331543922421 424.0625202655792 191.986471414566
0 0.0107 326.92328095436096 18.541857600212097 368.6077892780304 36.21391952037811
0 0.0105 271.226704120636 284.7278416156769 314.84365463256836 301.27057433128357
0 0.0104 287.3251438140869 261.035680770874 330.0347328186035 278.09131145477295
0 0.0103 14.328457415103912 252.97382473945618 56.19402974843979 270.5315053462982
0 0.0102 153.96617352962494 198.82971048355103 197.72286713123322 215.29334783554077
0 0.0101 334.57401394844055 104.56757247447966 376.56936049461365 122.06114828586578
