0 0.1511 488.3091354370117 99.82835388183595 541.9561386108398 122.2587356567383
0 0.1341 198.71549606323242 -10.43004417419432 251.58918380737305 12.517496109008803
0 0.1259 578.7226867675781 109.56813430786134 631.58203125 132.51971817016604
0 0.1256 188.43664169311523 -40.252980232238755 241.8412208557129 -17.659996986389146
0 0.1243 488.04771423339844 69.97733211517335 542.1952819824219 92.10773563385011
0 0.1077 428.9732360839844 89.40908050537111 481.35498046875 112.67972564697266
0 0.1031 198.8916778564453 19.460931777954116 251.42894744873047 42.62751197814943
0 0.1021 249.46189880371094 -30.94280624389647 300.919189453125 -6.970809936523423
0 0.1010 508.67061614990234 129.6051368713379 561.628303527832 152.48317337036133
0 0.1003 238.67862701416016 -60.40248775482177 291.6216278076172 -37.50955963134764
0 0.0943 588.5241889953613 79.68930816650392 638.7499809265137 102.39747619628908
0 0.0935 569.0876007080078 139.32782745361328 621.2529754638672 162.76036834716797
0 0.0929 259.37923431396484 -0.8864059448242054 310.9937286376953 22.972618103027358
0 0.0883 177.93991088867188 -69.96130371093749 232.293701171875 -47.95433902740477
0 0.0882 428.8558578491211 59.4795093536377 481.46228790283203 82.60820960998535
0 0.0809 488.4221649169922 39.75591278076173 541.8543243408203 62.331062316894545
0 0.0735 309.2710494995117 -10.800343990325912 361.0886764526367 12.888101100921645
0 0.0729 154.80942249298096 -14.2095055580139 195.33206462860107 16.4232430458069
0 0.0691 439.52049255371094 119.01876068115236 490.8660125732422 143.067985534668
0 0.0672 544.4669723510742 76.35625934600833 585.656623840332 105.91111278533937
0 0.0665 258.9837646484375 29.39431762695314 311.34716033935547 52.693401336669936
0 0.0657 488.24974060058594 9.863430023193372 542.0101928710938 32.223335266113295
0 0.0633 128.52035522460938 -40.3009214401245 181.76446914672852 -17.611235618591294
0 0.0627 139.58110809326172 18.971076965332045 190.81253051757812 43.11502075195314
0 0.0586 429.2624282836914 29.20698738098146 481.09607696533203 52.880960464477546
0 0.0583 319.27348136901855 19.195362091064464 371.087007522583 42.89203262329103
0 0.0543 298.7757968902588 -50.46132349967955 351.5330410003662 -27.450051546096788
0 0.0512 369.04693603515625 59.35548400878908 421.2895202636719 82.73273086547853
0 0.0500 170.06994247436523 48.56700515747072 220.38393020629883 73.51251220703126
0 0.0496 588.6096000671387 49.632650375366225 638.7500190734863 72.45390510559083
0 0.0496 569.4253158569336 169.08927536010742 620.9507369995117 192.99800491333008
0 0.0487 380.0331115722656 98.59983062744142 430.41587829589844 123.48039245605469
0 0.0472 428.5041809082031 -0.2897109985351428 481.77886962890625 22.377677917480483
0 0.0470 78.20422172546387 -60.111612319946275 132.0521068572998 -37.80212783813475
0 0.0440 89.72536087036133 28.857570648193377 140.6852149963379 53.2270965576172
0 0.0428 68.96014928817749 -30.58426761627196 121.36722803115845 -7.32722187042235
0 0.0424 309.26258087158203 49.20280075073243 361.09683990478516 72.88459396362306
0 0.0403 519.2122650146484 159.24291229248047 571.1408996582031 182.84524536132812
0 0.0400 384.9846649169922 25.46762084960939 425.1683807373047 56.71636199951173
0 0.0398 190.17169952392578 118.47268676757814 240.29640197753906 143.6044464111328
0 0.0388 89.3531608581543 -0.8596839904785014 141.01537704467773 22.947078704834
0 0.0375 544.4452667236328 46.392036437988295 585.6771087646484 75.87880706787111
0 0.0360 125.59152603149414 114.15666198730469 164.61416244506836 147.91253662109375
0 0.0359 620.7257270812988 138.79722213745117 638.7499809265137 183.5132179260254
0 0.0354 125.37975311279297 54.6675262451172 164.80361938476562 87.44527435302736
0 0.0351 497.7848434448242 -19.87318420410155 552.435188293457 1.9566593170166158
0 0.0350 369.09629821777344 -0.6770458221435391 421.2449645996094 22.765375137329112
0 0.0343 588.9382743835449 19.419542312622085 638.7500190734863 42.6674327850342
0 0.0335 240.1805877685547 108.46437072753906 290.28873443603516 133.61253356933594
0 0.0327 85.34941673278809 54.7346124649048 124.83122825622559 87.38402462005617
0 0.0317 319.6885585784912 78.88444042205812 370.7181644439697 103.20028400421144
0 0.0316 179.942626953125 88.67580032348634 230.49514770507812 113.40564346313478
0 0.0308 249.31283950805664 59.169975280761726 301.0512351989746 82.91766738891603
0 0.0303 608.8054084777832 199.0888366699219 638.7499809265137 222.93954467773438
0 0.0287 145.46233654022217 174.47293853759768 184.7295045852661 207.62311553955078
0 0.0284 195.49036026000977 144.40953826904297 234.70399856567383 177.68106079101562
0 0.0283 185.33693313598633 194.75673294067383 224.84312057495117 227.36384963989258
0 0.0283 565.2645874023438 194.9214324951172 604.9083709716797 227.21356964111325
0 0.0279 579.0288162231445 269.36788177490234 631.3058090209961 292.7203903198242
0 0.0276 85.56380271911621 114.22547912597659 124.63887214660645 147.84951782226562
0 0.0273 120.26284694671631 88.38832473754884 170.21780490875244 113.68678665161134
0 0.0268 335.4065704345703 104.60181808471681 374.7798156738281 137.50529861450198
0 0.0259 395.4759979248047 124.44255447387698 434.71702575683594 157.65086746215823
0 0.0259 544.3735504150391 16.50380706787111 585.7453918457031 45.777889251709
0 0.0258 459.74803924560547 148.83939361572266 510.66524505615234 173.24502563476565
0 0.0258 18.287744522094727 -60.160655021667466 71.9759750366211 -37.752603530883775
0 0.0256 295.34016609191895 104.75732421875001 334.8394298553467 137.36329650878906
0 0.0255 608.6180877685547 229.210563659668 638.75 252.81716918945312
0 0.0254 0.0 225.8858642578125 638.75 564.75
0 0.0253 105.55794715881348 154.23762893676758 144.6443271636963 187.83839797973633
0 0.0252 134.40412521362305 -73.5447540283203 175.71638107299805 -44.17826557159422
0 0.0250 245.3864288330078 134.6501121520996 284.7978210449219 167.46120071411133
0 0.0245 45.039567947387695 25.363403320312514 85.11725425720215 56.811119079589865
0 0.0238 565.17333984375 235.10495758056643 604.9928283691406 267.04633331298834
0 0.0233 569.154052734375 299.2817077636719 621.1933898925781 322.80633544921875
0 0.0229 0.0 -74.0 510.9122848510742 207.5149688720703
0 0.0221 225.3865623474121 194.64862442016602 264.79780197143555 227.4625358581543
0 0.0219 105.38847923278809 194.6441802978516 144.79607582092285 227.4665985107422
0 0.0213 588.9382743835449 -10.57697439193724 638.7500190734863 12.664445400238051
0 0.0203 569.0422058105469 329.3564758300781 621.2942504882812 352.73141479492193
0 0.0201 70.16027450561523 88.48073577880861 120.30672073364258 113.59632110595703
0 0.0195 505.27393341064453 184.89585494995117 544.9003219604492 217.23689651489258
0 0.0175 289.7048568725586 138.86304473876953 340.70552825927734 163.22034454345703
0 0.0174 65.47094106674194 154.45071792602542 104.72193002700806 187.64342880249023
0 0.0173 145.39105892181396 214.64368438720703 184.79319095611572 247.4670562744141
0 0.0168 509.0491485595703 329.34911346435547 561.2886047363281 352.738395690918
0 0.0166 239.94077682495117 168.67995834350586 290.4962348937988 193.40186691284183
0 0.0162 509.3734359741211 219.1135368347168 560.9997940063477 242.97210311889648
0 0.0160 437.79747009277344 -29.88080406188963 492.4237823486328 -8.0357208251953
0 0.0160 358.66127014160156 -30.388897895812974 411.6368103027344 -7.522830009460432
0 0.0158 288.96305084228516 179.41318130493167 341.36474609375 202.67524337768555
0 0.0158 24.85772132873535 -34.295370817184434 65.28670310974121 -3.49887394905089
0 0.0151 29.387388229370117 -0.8868613243102891 80.98532676696777 22.973779201507583
0 0.0147 378.0726623535156 199.96268844604492 432.17254638671875 222.1224937438965
0 0.0142 535.0106048583984 265.41829681396484 575.1442718505859 296.76122283935547
0 0.0141 189.8822784423828 228.72724151611328 240.54779052734375 253.35519409179688
0 0.0139 598.8999938964844 -60.54752731323241 638.75 -37.3644390106201
0 0.0139 45.244083404541016 114.9510726928711 84.92851257324219 147.18656158447266
0 0.0136 509.1600036621094 299.2745361328125 561.1887359619141 322.81304931640625
0 0.0136 29.48714256286621 59.0385971069336 80.89669227600098 83.04767227172853
0 0.0132 568.754768371582 359.5472106933594 621.5531539916992 382.5406799316406
0 0.0132 5.406942367553711 24.609380722045913 44.77865219116211 57.49836540222169
0 0.0127 508.6208724975586 359.6272430419922 561.6753768920898 382.45957946777344
0 0.0123 339.95792388916016 138.64339447021484 390.48572540283203 163.43522644042972
0 0.0123 265.1416206359863 205.16894912719727 305.02206802368164 236.98802566528323
0 0.0122 428.33744049072266 219.8052558898926 481.93172454833984 242.28107070922852
0 0.0120 497.8166198730469 -49.89234352111814 552.4064636230469 -28.0241765975952
0 0.0118 465.2284622192383 174.98431777954104 504.9428176879883 207.15625381469727
0 0.0115 65.26927947998047 194.90071868896487 104.9051284790039 227.23249053955078
0 0.0112 478.7688446044922 249.5385894775391 531.5402984619141 272.54937744140625
0 0.0111 448.4000778198242 349.76220703125 501.8759536743164 372.32362365722656
0 0.0109 620.7268524169922 298.81150817871094 638.75 343.5028991699219
0 0.0108 288.39908599853516 -73.99999999999999 341.96056365966797 -57.346245288848856
0 0.0107 378.8832092285156 169.44717025756836 431.44073486328125 192.63854598999023
0 0.0106 449.0046691894531 319.38279724121094 501.32781982421875 342.7052459716797
0 0.0100 0.7105255126953125 128.08751678466797 28.89777898788452 173.98271179199222
