0 0.0329 279.0378928184509 -112.76986733078957 322.6569890975952 -96.23146340250969
0 0.0261 448.74407351017 -49.971240609884255 499.0234225988388 -10.978902727365485
0 0.0254 0.0 86.78583145141603 499.0234375 351.5234375
0 0.0246 248.6356496810913 50.82822680473328 290.63040018081665 68.30195426940918
0 0.0231 185.38162112236023 -128.44351217150688 228.82086038589478 -111.8070138990879
0 0.0229 0.0 -147.5 399.15022253990173 72.43356943130495
0 0.0215 287.5314950942993 -89.6996846795082 329.8448324203491 -72.42107301950453
0 0.0208 475.1991182565689 152.0590269565582 499.0234225988388 170.14861941337585
0 0.0201 475.6796956062317 190.81885457038882 499.0234375 209.5161759853363
0 0.0196 247.63429909944534 -128.31849422305822 291.5487214922905 -111.93451289087533
0 0.0195 209.98265594244003 34.9508160352707 251.19636207818985 52.930884957313545
0 0.0190 475.8041948080063 -74.89275097846985 499.0234524011612 -56.0223078727722
0 0.0189 256.7616105079651 74.07245874404909 298.1586456298828 91.93373560905458
0 0.0184 177.5488257408142 -104.99466493725775 221.02683782577515 -88.3809207379818
0 0.0176 256.27776980400085 27.489238381385807 298.59837889671326 44.7648698091507
0 0.0175 400.5407243967056 -147.49999999999997 499.0234225988388 -92.93028250336646
0 0.0170 475.08615255355835 128.68691325187683 499.0234375 146.6446602344513
0 0.0164 139.11660015583038 -128.77681016921994 181.3870519399643 -111.46904811263082
0 0.0160 475.5392074584961 -4.403597712516777 499.0234375 14.112913012504585
0 0.0157 295.4307794570923 50.87470352649689 337.5782370567322 68.25500071048737
0 0.0153 249.16201829910278 97.37146735191347 290.15403985977173 115.50993561744693
0 0.0150 100.54829716682434 -144.70139615237713 141.87559485435486 -126.79241321980952
0 0.0150 210.24209260940552 66.02656185626985 250.963032245636 84.35496032238007
0 0.0146 475.7661670446396 214.19710755348206 499.0234524011612 233.0129826068878
0 0.0143 232.16161876916885 -104.95604485273361 275.7830247282982 -88.42019647359848
0 0.0139 216.77270531654358 -144.14643406867978 259.94211435317993 -127.35344007611273
0 0.0136 169.74876821041107 -81.56371027231216 213.20290863513947 -64.93677109479904
0 0.0135 475.8431762456894 300.0822448730469 499.0234524011612 319.0029644966126
0 0.0131 217.60308742523193 11.631243824958807 259.18346643447876 29.37447369098664
0 0.0127 279.3805003166199 -144.20522660017014 322.34346866607666 -127.29391366243361
0 0.0125 475.3677248954773 19.143157601356513 499.0234375 37.44044244289399
0 0.0121 249.3194341659546 120.70299029350281 290.0124192237854 139.05341267585754
0 0.0118 53.73827368021011 -144.74482372403145 94.94224935770035 -126.74910672008991
0 0.0117 302.86455154418945 27.649917602539066 345.7370400428772 44.602104425430305
0 0.0117 131.23372197151184 -105.29895037412642 173.63879084587097 -88.07233631610869
0 0.0112 84.84455943107605 -113.4023880958557 126.32203102111816 -95.5917304754257
0 0.0110 303.59014868736267 74.10163521766663 345.0757563114166 91.90441012382509
0 0.0107 475.1509577035904 105.2110278606415 499.0234225988388 123.24602246284488
0 0.0105 475.6595492362976 339.0226745605469 499.0234375 351.5234375
0 0.0104 210.6633260846138 112.59127497673036 250.5880519747734 131.53786301612854
0 0.0100 202.82824337482452 89.17225241661072 242.79536306858063 108.08221340179445
0 0.0100 264.13583755493164 4.023604989051826 306.36972188949585 21.355503201484687
