0 0.0985 578.5377502441406 37.18343353271486 631.7498016357422 59.90375137329103
0 0.0943 526.9291305541992 18.06552505493165 583.223762512207 39.008937835693374
0 0.0903 496.39034271240234 38.33678817749024 553.7186813354492 58.733783721923835
0 0.0897 589.0017509460449 66.88653564453126 638.7500190734863 90.20177459716797
0 0.0816 527.6020050048828 -12.283586502075181 582.6050567626953 9.364095687866223
0 0.0798 588.7563896179199 7.043434143066419 638.7500190734863 30.044055938720714
0 0.0732 466.3067626953125 18.372322082519545 523.7968444824219 38.69676208496095
0 0.0716 527.3208618164062 57.87116622924806 582.8619384765625 79.2077980041504
0 0.0705 436.19266510009766 38.4259376525879 493.9023208618164 58.64202117919923
0 0.0678 588.931713104248 -23.0695285797119 638.7500190734863 0.15743827819825573
0 0.0593 466.76551818847656 58.154960632324226 523.3725738525391 78.9192352294922
0 0.0572 466.46263122558594 -1.7021121978759628 523.6530303955078 18.772684097290053
0 0.0551 375.6591033935547 38.662749290466316 434.3975830078125 58.39874362945558
0 0.0533 405.88626861572266 18.561931610107433 464.18689727783203 38.5020980834961
0 0.0512 589.3936347961426 96.60985565185548 638.7499809265137 120.47723388671876
0 0.0508 538.0634689331055 -42.53611230850218 592.1818923950195 -20.379373073577867
0 0.0448 385.9840774536133 58.52014160156251 444.0957260131836 78.5453567504883
0 0.0412 598.7203216552734 -52.92857551574705 638.75 -29.98331451416014
0 0.0399 476.7509460449219 -31.838022708892805 533.3860778808594 -11.087972164154037
0 0.0391 406.2266159057617 -1.591161727905259 463.8711929321289 18.65927314758302
0 0.0345 346.1021423339844 18.465543746948253 403.98658752441406 38.601099014282234
0 0.0341 326.21490478515625 58.4188804626465 383.88092041015625 78.64982223510742
0 0.0315 316.3436031341553 38.35815048217775 373.76206398010254 58.71181106567384
0 0.0294 416.4114761352539 -21.675275802612287 473.6996841430664 -1.2542667388915865
0 0.0268 346.1601257324219 78.44401931762695 403.93165588378906 98.62407302856447
0 0.0263 346.54308319091797 -1.7384185791015478 403.5782241821289 18.810153961181655
0 0.0260 528.2749176025391 87.33907318115234 581.9893646240234 109.74645233154297
0 0.0254 0.0 193.38586425781247 638.75 532.25
0 0.0242 608.9695930480957 126.47853469848634 638.7499809265137 150.55015182495117
0 0.0229 0.0 -106.49999999999999 510.9122848510742 175.01496887207034
0 0.0207 608.5807800292969 -93.26496744155881 638.75 -69.70734739303587
0 0.0202 287.09434509277344 17.993179321289077 343.0690002441406 39.08454513549806
0 0.0192 356.63700103759766 -31.781267166137678 413.4908676147461 -11.145662307739242
0 0.0191 406.7881774902344 78.14691162109376 463.3509826660156 98.92797088623047
0 0.0191 267.7081298828125 57.67266845703126 322.5046157836914 79.41075897216798
0 0.0188 416.3779067993164 -41.65829086303709 473.73043060302734 -21.271423339843736
0 0.0181 574.3924140930176 158.3368263244629 638.7499809265137 208.24702835083008
0 0.0180 496.56532287597656 -61.748451232910135 553.5575103759766 -41.179479598999
0 0.0175 287.43828773498535 -12.186740875244126 342.7531337738037 9.267307281494153
0 0.0174 609.464111328125 486.1145935058594 638.75 510.91218566894526
0 0.0168 5.469331741333008 201.95947265625 44.722900390625 235.13543701171875
0 0.0163 608.9653015136719 516.158519744873 638.75 532.2500190734863
0 0.0162 218.88898849487305 36.963854789733894 271.4311408996582 60.12476062774659
0 0.0154 287.92285919189453 87.55424118041992 342.30796813964844 109.53086471557616
0 0.0154 609.0528869628906 226.42125701904297 638.75 250.60750579833987
0 0.0149 228.43854904174805 -2.750810623168931 281.83874130249023 19.838319778442397
0 0.0139 169.23553466796875 56.723495483398445 221.1206817626953 80.3642044067383
0 0.0137 219.1893196105957 76.75958251953125 271.1612892150879 100.32872772216797
0 0.0136 297.67224311828613 -42.30959081649779 352.5379467010498 -20.607534885406476
0 0.0132 238.32313537597656 -32.683490753173814 291.9441604614258 -10.229839324951158
0 0.0132 467.11448669433594 87.98102951049806 523.0509185791016 109.09659957885742
0 0.0126 366.83074951171875 98.12579727172852 423.311767578125 118.94946670532225
0 0.0125 0.11733055114746094 176.02521514892578 50.34276008605957 201.0534439086914
0 0.0124 5.32841682434082 242.2789154052734 44.85053539276123 274.84361267089844
0 0.0124 547.5187683105469 -82.2306671142578 602.6795196533203 -60.68826103210448
0 0.0124 458.86383056640625 186.97406387329102 511.4551544189453 210.1136360168457
0 0.0122 376.3174819946289 -61.63062477111814 433.7864303588867 -41.29984283447264
0 0.0121 278.05922508239746 -102.52964401245116 332.1848392486572 -80.3852787017822
0 0.0118 168.85967254638672 16.978164672851573 221.45862579345703 40.10972595214845
0 0.0115 0.0 -103.28839206695555 41.09981060028076 -79.62344074249265
0 0.0112 436.1248016357422 -61.54254341125486 493.96507263183594 -41.39019393920897
0 0.0108 218.4837532043457 -102.78303050994872 271.7986869812012 -80.12993717193602
0 0.0105 248.26353073120117 -62.6466312408447 301.9980812072754 -40.26680374145506
0 0.0104 0.0 146.40323257446292 50.73260307312012 170.68233108520508
0 0.0103 609.1626739501953 256.3413391113281 638.75 280.6869659423828
0 0.0100 317.0096969604492 -71.96232700347898 373.1465530395508 -50.960492134094224
