0 0.0980 135.7491683959961 72.12111663818361 194.3144989013672 91.94106292724611
0 0.0935 126.29629135131836 51.87714767456057 183.80657196044922 72.19182205200197
0 0.0791 135.23005962371826 92.34400939941408 194.7968339920044 111.71199035644533
0 0.0771 186.25518798828125 51.89389419555667 243.84517669677734 72.17423629760744
0 0.0764 116.62191390991211 31.724388122558615 173.50521087646484 52.348281860351584
0 0.0729 195.47927856445312 72.23775100708009 254.56527709960938 91.82114791870119
0 0.0729 586.6500091552734 -8.295686721801728 638.75 12.367612838745144
0 0.0601 414.85328674316406 62.496788024902365 475.1482391357422 81.55417633056642
0 0.0576 597.3100471496582 -38.6274318695068 638.7499809265137 -17.294347763061495
0 0.0572 77.2987174987793 71.39020156860353 132.88053512573242 92.68971633911134
0 0.0571 566.3578414916992 11.850502014160181 623.7491226196289 32.21945953369143
0 0.0562 195.0916290283203 92.40098190307619 254.92584228515625 111.65322494506837
0 0.0559 526.3689804077148 -8.159940719604464 583.740119934082 12.22919654846194
0 0.0547 425.1253128051758 42.38564682006838 484.8948287963867 61.66871261596682
0 0.0544 414.8550796508789 82.49633026123048 475.14652252197266 101.55471038818361
0 0.0535 177.12034225463867 21.474239349365263 233.04643630981445 42.60285568237307
0 0.0499 496.0099411010742 12.006895065307644 554.072151184082 32.05864143371584
0 0.0485 354.46739196777344 72.64956665039064 415.5082702636719 91.39640045166017
0 0.0467 354.58221435546875 52.604400634765646 415.4011535644531 71.44301605224611
0 0.0458 245.9374237060547 52.03791809082033 304.1397476196289 72.02651214599611
0 0.0452 125.41263580322266 112.27145385742188 184.62591171264648 131.78748321533206
0 0.0449 485.71372985839844 32.1382637023926 544.3470001220703 51.923763275146506
0 0.0420 58.02060842514038 40.99551391601565 112.21941232681274 63.08978271484378
0 0.0419 415.03185272216797 102.42585372924806 474.9814224243164 121.62762832641602
0 0.0418 354.51900482177734 92.63076019287111 415.45970916748047 111.41612243652345
0 0.0414 425.65879821777344 22.15841484069827 484.3989562988281 41.90233421325686
0 0.0406 236.56436920166016 31.749455451965357 293.55899810791016 52.32218456268313
0 0.0402 255.5132293701172 72.22359848022462 314.5336151123047 91.83575820922853
0 0.0382 467.0526123046875 -8.491905212402314 523.1089019775391 12.568275451660181
0 0.0376 77.69148111343384 11.179592132568386 132.52038717269897 32.903396606445334
0 0.0372 546.5031051635742 31.781169891357443 603.6149978637695 52.2902412414551
0 0.0372 137.3230743408203 1.366426467895537 192.8607177734375 22.712003707885767
0 0.0363 485.6817626953125 52.15228271484377 544.3766784667969 71.90936279296876
0 0.0356 364.88338470458984 32.48332214355471 425.1205062866211 51.56779479980471
0 0.0346 608.0918121337891 40.53125095367434 638.75 63.493201255798354
0 0.0333 537.0830535888672 -38.503845214843714 593.0800628662109 -17.418964385986296
0 0.0332 475.7162094116211 72.13708114624025 534.3447494506836 91.92494583129884
0 0.0319 354.8442077636719 112.50403594970703 415.1557922363281 131.54738616943362
0 0.0318 185.19147872924805 112.36169052124026 244.8323631286621 131.6940803527832
0 0.0316 366.7496871948242 211.6587371826172 423.38809967041016 232.4146575927734
0 0.0298 98.44585418701172 -81.68397712707515 284.04903411865234 -4.250753402709935
0 0.0294 255.35518646240234 92.29174804687501 314.6803665161133 111.76585388183595
0 0.0286 295.6543254852295 32.16429424285891 354.40213203430176 51.89704608917238
0 0.0277 67.44729042053223 101.31240081787111 122.74399757385254 122.76881408691408
0 0.0256 217.80712127685547 1.1063880920410436 272.4166488647461 22.976047515869165
0 0.0254 0.0 186.8858642578125 638.75 525.75
0 0.0251 415.49251556396484 122.23485183715822 474.5522689819336 141.82465744018555
0 0.0247 476.1493682861328 91.94409561157228 533.9427947998047 112.12311935424806
0 0.0238 477.84191131591797 -38.90606451034542 532.3832321166992 -17.01022195816037
0 0.0227 597.5871276855469 -68.77461242675777 638.75 -47.14484977722165
0 0.0222 355.4102325439453 132.27225494384766 414.6282196044922 151.78664398193362
0 0.0217 406.4440155029297 1.8010635375976836 463.67156982421875 22.268421173095728
0 0.0216 8.653182983398438 60.613033294677756 61.644792556762695 83.47478103637697
0 0.0204 336.5370559692383 191.7619342803955 393.5843276977539 212.30932426452637
0 0.0204 106.41292572021484 131.82877731323242 163.69718551635742 152.24244308471683
0 0.0197 276.7688274383545 11.650411605834988 333.3702564239502 32.42334556579592
0 0.0193 428.2791519165039 210.84246826171875 481.98421478271484 233.24397277832034
0 0.0189 366.1228942871094 151.96082305908203 423.9662170410156 172.1068115234375
0 0.0183 376.8484878540039 171.61725234985352 433.29532623291016 192.4582405090332
0 0.0180 245.59255599975586 112.19300460815431 304.4590187072754 131.86791610717776
0 0.0179 306.30133628845215 211.8763656616211 363.8015079498291 232.19290924072266
0 0.0172 345.5968475341797 12.185556411743189 404.45640563964844 31.874505996704123
0 0.0167 0.0 30.225822448730494 51.120309829711914 53.86218261718752
0 0.0163 336.80042266845703 231.6414566040039 393.3395004272461 252.4336166381836
0 0.0158 476.6270446777344 111.72021102905273 533.5009002685547 132.35223007202148
0 0.0156 8.587894439697266 90.65617752075197 61.703453063964844 113.43175125122072
0 0.0156 608.3872222900391 70.35662841796876 638.75 93.67015075683595
0 0.0155 165.64525604248047 132.1715087890625 224.40975189208984 151.89025115966797
0 0.0152 426.0295867919922 141.9993133544922 484.05357360839844 162.06664276123047
0 0.0152 547.3575973510742 61.35609817504884 602.8271865844727 82.72381973266603
0 0.0142 598.311767578125 -99.18371486663814 638.75 -76.7306976318359
0 0.0132 18.494744300842285 0.7133598327637007 71.7880392074585 23.374168395996122
0 0.0124 306.8052673339844 171.63714599609375 363.3354949951172 192.43769836425778
0 0.0123 436.6304016113281 161.72240447998047 493.4968566894531 182.3506851196289
0 0.0121 608.9177131652832 509.69470214843744 638.7499809265137 525.7499999999999
0 0.0121 417.86476135253906 -28.92364311218258 472.3634338378906 -6.993196487426729
0 0.0111 47.98958778381348 -28.985555648803675 102.2474479675293 -6.929185867309541
0 0.0107 295.9864807128906 132.02162933349612 354.0928649902344 152.0442886352539
0 0.0103 226.04751586914062 131.9931907653809 284.0365219116211 152.07329940795898
0 0.0102 276.78730964660645 191.6437168121338 333.3526134490967 212.43059349060056
0 0.0100 136.75603866577148 151.66541290283203 193.37995529174805 172.40958404541016
