0 0.0394 239.27972793579102 143.1928825378418 291.0809898376465 166.89476013183594
0 0.0371 255.38623809814453 168.64652633666992 294.79835510253906 201.46448135375977
0 0.0322 295.67047119140625 187.93779373168945 334.5458221435547 222.1131706237793
0 0.0306 205.32304763793945 168.7949562072754 244.85498428344727 201.3289451599121
0 0.0303 299.96129035949707 162.66067504882812 350.4786968231201 187.4205780029297
0 0.0301 609.1702270507812 72.83616781234741 638.75 97.19219446182251
0 0.0297 238.24424743652344 113.86631965637207 292.0153045654297 136.22036933898926
0 0.0297 335.4487609863281 188.5115623474121 374.7410583496094 221.58777236938477
0 0.0279 299.1436290740967 133.28829765319824 351.2028980255127 156.79966926574707
0 0.0272 375.42102813720703 188.57208251953125 414.7664260864258 221.53247833251953
0 0.0272 189.4495391845703 133.07010650634766 240.92941284179688 157.0168685913086
0 0.0268 495.4579162597656 168.4851837158203 534.7332763671875 201.61190032958984
0 0.0265 350.09193420410156 162.54587173461914 400.36521911621094 187.53301620483398
0 0.0262 255.5426025390625 208.26984405517578 294.6585464477539 241.80892944335938
0 0.0254 0.0 299.8858642578125 638.75 638.75
0 0.0249 257.88442611694336 84.06735420227051 312.345027923584 106.01624488830566
0 0.0249 588.9663505554199 13.412060737609863 638.7500190734863 36.676506996154785
0 0.0243 599.3404388427734 43.153347969055176 638.75 66.9346284866333
0 0.0241 300.63514709472656 221.4914321899414 328.9881134033203 268.4515380859375
0 0.0239 609.2236518859863 102.79702186584473 638.7499809265137 127.23113059997559
0 0.0238 415.46863555908203 188.46323013305664 454.7233200073242 221.6319465637207
0 0.0236 515.5465698242188 268.2674217224121 554.6543121337891 301.8111228942871
0 0.0234 359.59983825683594 132.95522689819336 410.79627990722656 157.13050842285156
0 0.0232 399.96387481689453 162.66040802001953 450.47603607177734 187.42107391357422
0 0.0229 0.0 0.0 510.9122848510742 281.5149688720703
0 0.0228 574.3924140930176 244.8368263244629 638.7499809265137 294.7470283508301
0 0.0227 435.5181884765625 248.33784103393555 474.6795654296875 281.74665451049805
0 0.0227 389.5353317260742 612.99072265625 440.85628509521484 637.0936584472656
0 0.0225 455.2408218383789 468.9656066894531 494.9307632446289 501.17332458496094
0 0.0224 375.18531799316406 469.0782928466797 414.98199462890625 501.0706329345703
0 0.0223 395.44544219970703 228.51350784301758 434.7446060180664 261.5860176086426
0 0.0221 455.2585220336914 168.93123626708984 494.9142074584961 201.20464324951172
0 0.0219 475.5332946777344 268.29946517944336 514.6662139892578 301.78178787231445
0 0.0218 574.3924140930176 184.8368263244629 638.7499809265137 234.74702835083008
0 0.0217 415.2714538574219 468.9036560058594 454.90234375 501.2297821044922
0 0.0216 215.49585342407227 208.3993911743164 254.69877243041992 241.6903305053711
0 0.0215 449.64733123779297 612.9006576538086 500.7578659057617 637.1822738647461
0 0.0215 340.34088134765625 222.31163024902344 390.1512908935547 247.76123046875
0 0.0215 575.4707145690918 604.7563171386719 638.7500190734863 638.75
0 0.0214 338.77601623535156 103.53449821472168 391.5337371826172 126.55354499816895
0 0.0213 495.40210723876953 128.61604690551758 534.7834396362305 161.49229049682617
0 0.0209 335.16109466552734 469.13169860839844 375.0039291381836 501.02195739746094
0 0.0208 495.3619384765625 468.70555877685547 534.8199462890625 501.41056060791016
0 0.0208 270.6533432006836 241.6207504272461 298.9662170410156 288.3474349975586
0 0.0206 505.3271484375 598.7821578979492 544.8516082763672 631.3405990600586
0 0.0206 295.1993942260742 469.0512466430664 334.96883392333984 501.0952377319336
0 0.0205 495.67176818847656 207.93041229248047 534.5450592041016 242.11994171142578
0 0.0204 165.08737564086914 159.2745018005371 205.0724983215332 190.89197158813477
0 0.0201 335.5204391479492 248.3353042602539 374.67723846435547 281.7490005493164
0 0.0200 329.556884765625 612.9743194580078 380.83717346191406 637.1099090576172
0 0.0199 455.59165954589844 208.15372467041016 494.6142578125 241.91524505615234
0 0.0196 300.6707000732422 271.7491340637207 328.94535064697266 318.24506759643555
0 0.0195 435.4163360595703 288.57794761657715 474.7711181640625 321.52710914611816
0 0.0195 419.5014190673828 133.03016662597656 470.88356018066406 157.05631256103516
0 0.0194 88.99640083312988 333.38523864746094 141.33591651916504 356.7024230957031
0 0.0194 349.46136474609375 443.0564498901367 400.9198760986328 467.0297622680664
0 0.0193 439.2814254760742 573.1877517700195 491.08028411865234 596.8993759155273
0 0.0192 395.37731170654297 268.67176055908203 434.80594635009766 301.44142150878906
0 0.0191 439.79663848876953 442.79563903808594 490.6233596801758 467.28759765625
0 0.0188 505.2471160888672 558.9477920532227 544.9253845214844 591.1895370483398
0 0.0181 379.1334915161133 573.2933807373047 431.2124252319336 596.7943572998047
0 0.0181 609.3151092529297 132.72798538208008 638.75 157.29963302612305
0 0.0180 198.24811935424805 83.86456489562988 252.01166152954102 106.22221946716309
0 0.0180 269.56268310546875 612.9697799682617 320.8320617675781 637.114372253418
0 0.0180 220.65296173095703 251.61914825439453 248.9666748046875 298.3489227294922
0 0.0179 95.18997192382812 289.06280517578125 134.97831344604492 321.0847473144531
0 0.0179 270.69427490234375 291.94507598876953 298.9171600341797 338.09242248535156
0 0.0176 258.12305450439453 53.931050300598145 312.1271514892578 76.15405559539795
0 0.0175 348.4037780761719 73.76898765563965 401.8706512451172 96.31819725036621
0 0.0174 319.58075523376465 382.9695129394531 370.8132266998291 407.11631774902344
0 0.0173 455.1377487182617 539.1705703735352 495.02628326416016 570.9865951538086
0 0.0172 535.4415130615234 168.5285186767578 574.7475433349609 201.572265625
0 0.0170 269.5543956756592 372.9849624633789 320.83760261535645 397.1004104614258
0 0.0170 359.6644592285156 502.9022216796875 410.7396697998047 527.1825408935547
0 0.0169 285.30701637268066 338.8194274902344 324.87067222595215 371.3066101074219
0 0.0168 455.2901077270508 338.85982513427734 494.8856735229492 371.2697982788086
0 0.0168 175.3460693359375 198.73958587646484 214.8345184326172 231.3794708251953
0 0.0166 399.4098663330078 543.0935287475586 450.96595764160156 566.9928359985352
0 0.0166 105.3406810760498 148.7554693222046 144.83901023864746 181.3649606704712
0 0.0165 510.63011169433594 241.99071884155273 559.9110412597656 268.06989669799805
0 0.0165 340.2197265625 282.4281120300293 390.2550506591797 307.6479148864746
0 0.0163 69.69367027282715 612.8627014160156 120.7172679901123 637.2195434570312
0 0.0162 425.20626068115234 509.03564453125 464.96265411376953 541.1094665527344
0 0.0160 375.35831451416016 308.7129211425781 414.8233413696289 341.40380859375
0 0.0158 329.6080017089844 342.9451370239258 380.789794921875 367.14000701904297
0 0.0158 189.55299377441406 612.9776763916016 240.84056854248047 637.1066284179688
0 0.0158 335.33660888671875 308.7586307525635 374.8432922363281 341.3621425628662
0 0.0157 339.534912109375 413.0017852783203 390.8544158935547 437.08404541015625
0 0.0157 348.1884765625 43.8958215713501 402.06687927246094 66.19008541107178
0 0.0157 445.26905059814453 408.90575408935547 484.90489959716797 441.2278366088867
0 0.0157 485.3497314453125 508.73172760009766 524.8311614990234 541.3866806030273
0 0.0157 255.10160446166992 469.24625396728516 295.0593376159668 500.9177017211914
0 0.0157 139.21454906463623 123.24018478393555 191.1390733718872 146.84782028198242
0 0.0156 495.3529357910156 428.72493743896484 534.8281860351562 461.39286041259766
0 0.0156 309.7658443450928 502.82127380371094 360.6503391265869 527.2624206542969
0 0.0155 399.07005310058594 103.33934783935547 451.2688446044922 126.7487907409668
0 0.0155 535.6940078735352 207.86962509155273 574.5256423950195 242.1756935119629
0 0.0155 319.1810703277588 573.260612487793 371.1697292327881 596.8270492553711
0 0.0154 89.16156768798828 363.27476501464844 141.1870574951172 386.81304931640625
0 0.0154 29.010887145996094 333.37718963623047 81.3225269317627 356.71070098876953
0 0.0153 479.7787857055664 102.80801773071289 530.639533996582 127.27514266967773
0 0.0151 245.14690399169922 339.1522979736328 285.01781463623047 371.00318908691406
0 0.0150 349.55760955810547 532.9840850830078 400.83438873291016 557.1015167236328
0 0.0150 609.2399787902832 302.7825927734375 638.7499809265137 327.24517822265625
0 0.0149 129.6712875366211 612.8826522827148 180.7365608215332 637.2001266479492
0 0.0149 535.3797912597656 128.66670608520508 574.8036193847656 161.44601821899414
0 0.0149 225.46512603759766 298.4556198120117 264.72801208496094 331.6389846801758
0 0.0148 289.7616672515869 442.8257369995117 340.65375328063965 467.25818634033203
0 0.0147 415.2709197998047 328.90342712402344 454.9030303955078 361.2300109863281
0 0.0144 395.2394485473633 408.9693832397461 434.9319076538086 441.1698532104492
0 0.0144 545.2530288696289 568.9399719238281 584.919548034668 601.1966705322266
0 0.0142 485.38814544677734 368.6444091796875 524.7964096069336 401.46636962890625
0 0.0142 535.3937530517578 468.63468170166016 574.7910308837891 501.47525787353516
0 0.0142 190.70344924926758 252.01915740966797 218.90619277954102 298.03455352783203
0 0.0141 69.53902959823608 262.99373626708984 120.85180521011353 287.09136962890625
0 0.0140 338.23158264160156 3.8702940940856934 392.027587890625 26.21582269668579
0 0.0140 429.9358367919922 382.68028259277344 480.50132751464844 407.401123046875
0 0.0139 525.467414855957 308.4616947174072 564.7248458862305 341.63336753845215
0 0.0139 269.7129821777344 402.86407470703125 320.69679260253906 427.22023010253906
0 0.0139 385.2271270751953 358.9940643310547 424.9433135986328 391.1473846435547
0 0.0137 5.252251625061035 298.947057723999 44.91969108581543 331.19019508361816
0 0.0137 95.26634216308594 188.91061782836914 134.90745544433594 221.22343063354492
0 0.0135 28.94510269165039 363.42063903808594 81.38187408447266 386.66717529296875
0 0.0135 609.1072845458984 462.8814697265625 638.75 487.1470642089844
0 0.0135 609.1290473937988 402.8658676147461 638.7499809265137 427.16259002685547
0 0.0133 135.2743148803711 188.89848709106445 174.89967346191406 221.23449325561523
0 0.0133 54.93600845336914 299.55692291259766 95.21394729614258 330.6352233886719
0 0.0132 65.24063110351562 148.9621925354004 104.93127822875977 181.17643356323242
0 0.0132 135.35043716430664 278.7272262573242 174.83081817626953 311.39076232910156
0 0.0130 305.09982109069824 529.2474365234375 345.06123542785645 560.9165954589844
0 0.0129 278.4370803833008 23.745659589767456 331.84104919433594 46.34121060371399
0 0.0127 259.6468925476074 502.9164123535156 310.75510025024414 527.1685791015625
0 0.0127 9.66421127319336 612.8886795043945 60.742716789245605 637.1942520141602
0 0.0126 609.1378593444824 432.8596878051758 638.7500190734863 457.1687698364258
0 0.0126 240.7785415649414 602.7541923522949 268.81702423095703 638.7500190734863
0 0.0125 565.6400299072266 298.0189800262451 604.5725250244141 332.03877449035645
0 0.0125 259.2394828796387 573.2198715209961 311.1173439025879 596.8677139282227
0 0.0124 608.9938163757324 552.9610061645508 638.7500190734863 577.0676040649414
0 0.0124 609.0830230712891 492.8990936279297 638.75 517.1295166015625
0 0.0121 145.39472579956055 238.63210678100586 184.79021072387695 271.4776420593262
0 0.0120 95.35408020019531 108.72544288635254 134.8268699645996 141.39239311218262
0 0.0120 609.0795135498047 522.9014205932617 638.75 547.1271896362305
0 0.0120 149.29622173309326 333.17237854003906 201.06808185577393 356.9139862060547
0 0.0119 580.7202911376953 72.15849161148071 608.8860321044922 117.92627096176147
0 0.0119 185.3584098815918 298.70723724365234 224.82378005981445 331.4090347290039
0 0.0119 229.45695877075195 443.06018829345703 280.92370986938477 467.0261001586914
0 0.0118 525.4380798339844 518.5337066650391 564.7509002685547 551.5675354003906
0 0.0117 75.05005121231079 449.34486389160156 115.1073431968689 480.82794189453125
0 0.0117 525.3909301757812 348.6440658569336 564.7933197021484 381.46671295166016
0 0.0117 19.163789749145508 273.2745361328125 71.18478775024414 296.8134307861328
0 0.0116 490.2286148071289 402.4154281616211 540.2482223510742 427.65979766845703
0 0.0116 609.149169921875 332.8496551513672 638.75 357.1784973144531
0 0.0116 215.06032943725586 469.3272018432617 255.09756088256836 500.84400177001953
0 0.0114 535.457763671875 88.47922325134277 574.7340393066406 121.61736488342285
0 0.0112 205.0629997253418 339.3193817138672 245.0953483581543 370.85113525390625
0 0.0112 589.7635650634766 372.82623291015625 638.75 397.25791931152344
0 0.0112 79.48206901550293 573.0430603027344 130.90106010437012 597.0433044433594
0 0.0110 265.1222610473633 529.2056655883789 305.04016876220703 560.9546279907227
0 0.0110 69.41827774047852 233.0821990966797 120.95952987670898 257.0034408569336
0 0.0110 565.3816604614258 338.6579895019531 604.8024368286133 371.4540100097656
0 0.0110 139.03469562530518 93.36444854736328 191.30038738250732 116.72388076782227
0 0.0109 580.743408203125 132.37701416015625 608.8585662841797 177.76058197021484
0 0.0109 535.3934860229492 428.634033203125 574.7914505004883 461.4759063720703
0 0.0109 85.35927772521973 68.7122917175293 124.82230186462402 101.40439987182617
0 0.0108 69.30261850357056 393.1732177734375 121.06124639511108 416.9139099121094
0 0.0108 397.94185638427734 4.037020206451416 452.2920608520508 26.04726552963257
0 0.0107 199.1728973388672 573.265266418457 251.17725372314453 596.8222427368164
0 0.0107 219.55581665039062 382.98912048339844 270.8352279663086 407.0970153808594
0 0.0103 408.6445617675781 73.61823320388794 461.6526794433594 96.46950483322144
0 0.0103 49.013051986694336 423.37223052978516 101.32131576538086 446.71512603759766
0 0.0102 198.33587646484375 53.80790710449219 251.93279266357422 76.27867698669434
0 0.0102 485.2090835571289 69.02619123458862 524.9604415893555 101.11809968948364
0 0.0100 139.13841247558594 453.2911682128906 191.20773315429688 476.7967224121094
0 0.0100 209.44028854370117 513.0727767944336 260.9385108947754 537.0136642456055
