0 0.1920 142.08112716674805 30.841569900512695 228.69287490844727 78.78745079040527
0 0.1751 347.02598571777344 -45.471124649047844 403.1317138671875 -24.45162773132324
0 0.1442 142.06344604492188 80.86631774902344 228.69979858398438 128.76407623291013
0 0.1319 170.9842300415039 1.444549560546874 219.6432876586914 28.5838508605957
0 0.1313 357.4449920654297 -15.688228607177733 412.7465057373047 5.76915740966797
0 0.1233 356.9798278808594 -75.45516967773438 413.17596435546875 -54.469146728515625
0 0.1110 120.67667007446289 1.9273662567138683 169.87445831298828 28.129911422729492
0 0.1009 358.0034637451172 14.00592803955078 412.23487854003906 36.07933044433594
0 0.0935 105.87188720703125 57.19745635986328 144.3869972229004 92.79376983642577
0 0.0835 230.94804763793945 31.517477035522457 279.6676445007324 58.51618766784668
0 0.0827 297.7558135986328 -65.85296630859375 352.4608612060547 -44.06314849853515
0 0.0749 171.0734748840332 131.2053298950195 219.59379196166992 158.80310058593747
0 0.0744 349.1532897949219 43.28152656555176 401.1943054199219 66.80642127990723
0 0.0726 220.6749153137207 1.9423103332519536 269.8734474182129 28.116683959960934
0 0.0686 288.9612293243408 -36.5828800201416 341.36576652526855 -13.328313827514647
0 0.0605 231.06950759887695 61.19741439819335 279.5993995666504 88.80966186523438
0 0.0583 129.7677230834961 -27.181954383850098 180.64903259277344 -2.7345991134643546
0 0.0554 180.2528953552246 -27.608356475830078 230.22756576538086 -2.31710433959961
0 0.0490 70.8413028717041 31.715755462646484 119.74228858947754 58.33162307739258
0 0.0487 299.0160655975342 -6.62036657333374 351.3165760040283 16.70905828475952
0 0.0484 298.9783191680908 23.39985847473144 351.35165214538574 46.688127517700195
0 0.0453 125.76229095458984 127.63977050781249 164.4700813293457 162.38677978515625
0 0.0452 170.7958984375 161.7718505859375 219.77924346923828 188.27793121337888
0 0.0443 407.79056549072266 -45.87746620178222 462.4302291870117 -24.039182662963867
0 0.0424 230.5788230895996 91.16392135620117 259.05630111694336 138.72739791870117
0 0.0387 70.39891242980957 2.25083351135254 120.10252952575684 27.819948196411133
0 0.0382 230.28018951416016 -27.629728317260742 280.20320892333984 -2.2958087921142574
0 0.0371 350.013427734375 72.61602878570557 400.4331970214844 97.46442317962645
0 0.0369 90.85023880004883 101.7072296142578 139.73453521728516 128.33999633789062
0 0.0337 65.78499794006348 57.56681442260742 104.45120811462402 92.4538230895996
0 0.0322 220.15323638916016 142.46726989746094 270.3167724609375 167.60730743408203
0 0.0310 79.9092960357666 -27.294044494628906 130.52388191223145 -2.6237392425537105
0 0.0298 304.95760917663574 49.52339172363281 345.19307136535645 80.66566467285155
0 0.0273 125.76726913452148 167.63063430786133 164.46529388427734 202.3951530456543
0 0.0269 165.65635681152344 187.97494888305664 204.55825805664062 222.07910537719727
0 0.0263 239.7677230834961 -57.17697620391845 290.6480026245117 -32.73890972137452
0 0.0254 0.0 219.8858642578125 638.75 558.75
0 0.0229 417.7341079711914 -75.84941148757933 472.4826431274414 -54.068119525909424
0 0.0228 98.11579704284668 -76.06051445007324 152.1328067779541 -53.85379791259765
0 0.0228 418.4283447265625 -16.24917984008789 471.84898376464844 6.335992813110352
0 0.0219 219.36790466308594 173.12789916992185 271.00257873535156 196.95919036865232
0 0.0204 409.39598083496094 33.10781478881836 460.97747802734375 56.97919845581054
0 0.0200 85.82192420959473 137.43862152099607 124.42133903503418 172.5716781616211
0 0.0199 345.50289154052734 98.3787155151367 384.69287872314453 131.7092514038086
0 0.0189 125.67387104034424 207.92499542236328 164.54318523406982 242.12490081787107
0 0.0185 148.7930679321289 -56.47835850715637 201.51874542236328 -33.43382716178894
0 0.0179 205.3254508972168 198.7899398803711 244.8527717590332 231.33350372314453
0 0.0178 290.16390800476074 82.48176574707031 340.3027820587158 107.59578704833984
0 0.0177 85.84954261779785 177.32440948486328 124.40062522888184 212.67681121826172
0 0.0176 349.4880676269531 183.02701950073242 400.89813232421875 207.05774307250974
0 0.0175 355.3955841064453 148.62224578857422 394.7901916503906 181.48666381835935
0 0.0166 260.69005966186523 91.90910339355469 288.92221450805664 138.12030792236325
0 0.0159 165.48912048339844 228.4083080291748 204.7055435180664 261.6821765899658
0 0.0154 399.6741485595703 62.89503574371337 450.7310485839844 87.1897268295288
0 0.0149 512.6921272277832 -80.0 638.7499809265137 -10.150761604309086
0 0.0148 348.87012481689453 213.47063064575195 401.4493179321289 236.6171836853027
0 0.0147 315.17017364501953 149.10646438598633 354.99622344970703 181.04494094848633
0 0.0146 385.4277801513672 98.56163024902344 424.75982666015625 131.54201507568357
0 0.0145 60.659284591674805 91.67598724365234 88.95915031433105 138.30509185791016
0 0.0141 574.3924140930176 24.836816787719723 638.7499809265137 74.74701881408691
0 0.0140 305.32867431640625 108.77309799194335 344.85084533691406 141.3488960266113
0 0.0137 395.55206298828125 148.25443267822266 434.64935302734375 181.8230056762695
0 0.0136 205.2066993713379 239.0355396270752 244.96217727661133 271.1095714569092
0 0.0132 359.4425964355469 323.0735397338867 410.93589782714844 347.0132064819336
0 0.0131 275.14902114868164 139.1488265991211 315.01577377319336 171.00639343261716
0 0.0131 368.87672424316406 243.469123840332 421.4427947998047 266.61907196044916
0 0.0128 359.08843994140625 283.32702636718744 411.2522888183594 306.76116943359375
0 0.0123 165.23094177246094 268.98658752441406 204.93976593017578 301.1541748046875
0 0.0123 299.08172607421875 193.32902908325195 351.25885009765625 216.75878524780273
0 0.0120 125.5098009109497 248.35979461669922 164.68688488006592 281.7265701293945
0 0.0119 511.90391540527344 89.84180450439452 638.75 189.62707519531247
0 0.0118 309.7093868255615 302.86937713623047 360.69947242736816 327.2153091430664
0 0.0116 309.11248207092285 243.31134796142578 361.23053550720215 266.7769241333007
0 0.0115 85.80083847045898 217.51679420471189 124.43794250488281 252.49976158142087
0 0.0114 38.237154483795166 -76.13333702087401 92.0226263999939 -53.780570030212395
0 0.0114 609.3012237548828 242.73883819580075 638.75 267.2889328002929
0 0.0112 249.3535614013672 323.1361770629882 301.0158157348633 346.95072174072266
0 0.0112 10.690808296203613 301.9106674194336 38.921284675598145 348.1184768676758
0 0.0112 40.72983741760254 12.256832122802733 68.87473106384277 57.85261154174805
0 0.0109 309.1111469268799 343.30055236816406 361.2342357635498 366.78604125976557
0 0.0108 259.35699462890625 283.13255310058594 311.0129928588867 306.95411682128906
0 0.0106 248.85889053344727 -80.0 301.5431785583496 -63.05064916610717
0 0.0106 50.6514310836792 181.60865783691403 78.96852970123291 228.3574295043945
0 0.0105 209.46025848388672 273.0589294433593 260.92052459716797 297.0275115966797
0 0.0103 400.0313949584961 182.5796318054199 450.42171478271484 207.49776840209958
0 0.0102 40.677757263183594 291.8107604980468 68.93694877624512 338.19740295410156
0 0.0101 408.975830078125 303.4051513671875 461.3531494140625 326.683349609375
0 0.0100 609.200267791748 -7.185430526733398 638.7500190734863 17.213735580444336
0 0.0100 418.6984634399414 263.58497619628906 471.6036605834961 286.5030670166015
