0 0.0881 558.5172271728516 233.7047576904297 611.7665100097656 256.3835906982422
0 0.0811 559.8186492919922 262.78129577636713 610.6033325195312 287.3021697998047
0 0.0751 267.66037940979004 164.19393539428708 322.54942893981934 185.88842391967773
0 0.0636 550.7524108886719 292.95726776123047 638.75 336.82132720947266
0 0.0624 567.2695159912109 204.4059181213379 622.9072570800781 225.67380905151367
0 0.0586 509.63623046875 262.92720794677734 560.7640075683594 287.15824127197266
0 0.0532 267.55866050720215 194.24922943115232 322.64267921447754 215.83236694335938
0 0.0524 267.7591323852539 134.1411018371582 322.45872497558594 155.94221115112305
0 0.0511 499.630126953125 292.9252624511718 550.7707977294922 317.1593475341797
0 0.0474 499.32857513427734 233.16115379333493 551.0366439819336 256.926736831665
0 0.0423 508.15460205078125 203.9212608337402 562.0964813232422 226.1652946472168
0 0.0420 208.54358673095703 163.68432998657224 261.7435073852539 186.40352249145508
0 0.0400 498.50345611572266 323.69335174560547 551.783332824707 346.39209747314453
0 0.0334 614.6856689453125 249.57324981689456 638.75 280.6221389770508
0 0.0329 587.4947929382324 174.27793502807617 638.7500190734863 195.8022880554199
0 0.0324 208.43421936035156 193.75104904174802 261.8428421020508 216.33634567260742
0 0.0311 574.3924140930176 344.83680725097656 638.7499809265137 394.74700927734375
0 0.0305 208.53322982788086 133.6905860900879 261.7529106140137 156.3972282409668
0 0.0286 459.81597900390625 262.77904510498047 510.6065368652344 287.3038864135742
0 0.0262 267.53849029541016 224.26018714904785 322.6611328125 245.82121849060061
0 0.0261 527.422981262207 174.32174682617185 582.7671432495117 195.7587432861328
0 0.0254 0.0 -79.99999999999999 638.75 259.48570251464844
0 0.0251 449.34364318847656 223.14475059509277 501.02439880371094 246.94237709045407
0 0.0248 449.5613479614258 302.979736328125 500.83141326904297 327.1056365966797
0 0.0242 327.39288330078125 164.34022903442383 382.794189453125 185.74041366577146
0 0.0235 458.12416076660156 183.93686294555664 512.1247100830078 206.14919662475586
0 0.0234 258.15832138061523 103.91206741333008 312.09463119506836 126.17345809936523
0 0.0229 0.0 277.02486038208013 510.9126281738281 558.7499809265137
0 0.0227 574.3924140930176 404.83680725097656 638.7499809265137 454.74700927734375
0 0.0210 598.2705879211426 143.84283065795898 638.7499809265137 166.24284744262695
0 0.0195 327.9185104370117 194.05328750610352 382.31273651123047 216.03128433227536
0 0.0184 165.24944305419922 158.9487838745117 204.92267608642578 191.18862152099607
0 0.0181 517.5298690795898 354.2599105834961 572.6701736450195 375.8207321166992
0 0.0179 198.8825225830078 103.46414566040039 251.43779754638672 126.62389755249023
0 0.0172 327.2652816772461 134.40389633178708 382.91210174560547 155.6751441955566
0 0.0169 398.29044342041016 203.8376998901367 451.9735336303711 226.2490463256836
0 0.0163 409.4495391845703 253.06858062744135 460.9297180175781 277.0181655883789
0 0.0161 487.3851776123047 154.34232711791992 542.8016662597656 175.7379341125488
0 0.0159 224.4279670715332 220.42050361633298 265.693416595459 249.8530864715576
0 0.0156 288.15162658691406 253.9182662963867 342.1002197265625 276.1675643920898
0 0.0154 512.8874015808105 489.6266937255859 638.7500190734863 558.7499999999999
0 0.0149 0.0 48.97527694702148 34.935314655303955 81.164493560791
0 0.0147 397.49298095703125 174.28642272949216 452.7024841308594 195.7949447631836
0 0.0146 0.0 88.95139694213867 34.92476463317871 121.18623733520508
0 0.0145 155.31883239746094 118.80504608154295 194.8587417602539 151.3197326660156
0 0.0145 328.3711242675781 223.78607749938965 381.90086364746094 246.30059242248532
0 0.0143 175.08487701416016 69.2772102355957 215.07503509521484 100.88953018188475
0 0.0139 164.9461555480957 199.54042434692383 205.20421981811523 230.65023422241208
0 0.0138 19.024410247802734 23.368844985961914 71.31019592285156 46.71912193298339
0 0.0134 219.09740447998047 73.31711292266844 271.2450408935547 96.77051067352295
0 0.0132 405.3296661376953 278.7814331054687 444.84886169433594 311.3412475585937
0 0.0131 0.0 122.72552490234372 40.55168151855469 147.35633850097656
0 0.0129 454.80491638183594 329.7922897338867 495.3369140625 360.4216384887695
0 0.0125 598.9026641845703 113.44886779785153 638.75 136.63890838623044
0 0.0120 135.3387451171875 78.76182556152342 174.8405647277832 111.35917663574217
0 0.0120 39.42488670349121 103.07250976562499 90.95464706420898 127.0124053955078
0 0.0117 228.30066680908203 263.8300323486328 281.9645690917969 286.2565612792969
0 0.0115 349.1359329223633 253.29071044921875 401.21044158935547 276.796875
0 0.0115 387.21290588378906 144.43010330200195 442.96051025390625 165.64832687377927
0 0.0113 39.47114706039429 53.043994903564446 90.91228723526001 77.04147338867188
0 0.0113 145.33389568328857 38.7671947479248 184.84550952911377 71.35428428649902
0 0.0112 0.0 148.95967483520505 34.92919921875 181.1787223815918
0 0.0111 0.0 -20.9725546836853 34.95985507965088 11.116940975189207
0 0.0111 299.2805862426758 283.1912994384765 351.08043670654297 306.8962097167969
0 0.0110 278.4842777252197 73.71578693389893 331.7983913421631 96.37111186981201
0 0.0110 400.2157974243164 312.4321746826172 450.25829315185547 337.6439666748047
0 0.0109 538.0694961547852 133.9569854736328 592.1770858764648 156.1270523071289
0 0.0106 185.31352996826172 28.81108283996582 224.86412048339844 61.314229965209954
0 0.0104 125.27148723602295 178.8987350463867 164.9028444290161 211.23428344726562
0 0.0103 95.29984474182129 58.843364715576165 134.87635612487793 91.28477096557616
0 0.0102 39.436960220336914 133.06808471679685 90.94296455383301 157.01740264892578
0 0.0101 447.591552734375 134.22931671142578 502.6129913330078 155.85220336914062
0 0.0101 219.17587280273438 293.2618331909179 271.1748504638672 316.82552337646484
0 0.0101 317.8822708129883 104.06780242919922 372.3471450805664 126.01566314697267
0 0.0100 0.0 -67.05712795257568 40.78218936920166 -42.857270240783684
