0 0.1493 333.28568935394287 61.82518184185029 377.7494430541992 77.91944921016693
0 0.1096 310.1445138454437 46.05705618858338 354.0380299091339 62.44091272354127
0 0.0893 264.34624195098877 45.46463072299958 306.17755651474 63.04096758365631
0 0.0742 348.6649990081787 77.56293892860414 393.6023712158203 93.42853307723999
0 0.0664 287.3882055282593 69.12864327430727 329.9763798713684 86.24924302101135
0 0.0543 356.63220286369324 46.237345337867744 401.2725055217743 62.255318760871894
0 0.0519 325.0979781150818 30.747483968734745 370.2847957611084 46.49252772331238
0 0.0401 271.40432596206665 22.454361915588386 314.6789073944092 39.17161703109742
0 0.0384 333.51972699165344 92.96214163303377 377.5331676006317 109.2850524187088
0 0.0376 240.56252092123032 69.09946680068971 283.0565944314003 86.27853870391846
0 0.0329 217.14139729738235 45.653204917907715 259.6040293574333 62.84997940063478
0 0.0286 91.1194235086441 163.37596207857132 135.54266095161438 179.4936391711235
0 0.0254 0.0 151.785831451416 499.0234375 416.52343749999994
0 0.0247 225.00299662351608 22.19044744968415 267.37112551927567 39.438437223434455
0 0.0229 0.0 -82.49999999999999 399.15022253990173 137.43356943130493
0 0.0225 106.6628135740757 147.7875518798828 151.2436531484127 163.83079767227173
0 0.0210 255.73527812957764 92.78396844863892 299.0957498550415 109.4656991958618
0 0.0208 317.21845269203186 15.150535404682165 362.5350296497345 30.83832889795304
0 0.0174 60.61293184757233 178.62380623817444 103.60795259475708 195.5029475688934
0 0.0172 60.77331490814686 147.2847867012024 103.46135310828686 164.34301018714905
0 0.0161 178.3769726753235 61.10915124416352 220.26881575584412 78.6463874578476
0 0.0160 270.7129418849945 171.22934341430664 315.31795859336853 187.26364850997925
0 0.0150 106.50831460952759 179.11277294158936 151.38596296310425 195.0043249130249
0 0.0140 84.03290808200836 123.94336938858032 127.06208229064941 140.80790758132935
0 0.0140 255.55819272994995 116.31434738636017 299.258291721344 132.80894935131073
0 0.0137 380.54022192955017 61.63157105445863 424.27584528923035 78.11589121818542
0 0.0135 137.59496808052063 163.56135487556458 182.78759717941284 179.30359721183777
0 0.0135 300.1265227794647 90.01655459403992 332.7716290950775 112.41544365882874
0 0.0128 178.2720535993576 29.918696284294136 220.36491334438324 47.33591854572297
0 0.0128 153.3898562192917 140.04161536693573 198.2562392950058 155.94964802265167
0 0.0127 247.9848861694336 -0.9955358505248922 291.22549295425415 15.74623167514802
0 0.0125 475.4692167043686 -25.294501781463612 499.0234524011612 -6.871242523193349
0 0.0124 247.87750095129013 139.68398749828336 291.32453352212906 156.31550133228302
0 0.0123 14.293074607849121 61.12061023712158 56.226082146167755 78.63463044166565
0 0.0123 400.5407243967056 -82.49999999999997 499.0234225988388 -27.93028250336646
0 0.0122 475.754514336586 403.95173013210285 499.0234225988388 416.52345240116114
0 0.0114 294.5397198200226 186.66703581809998 338.39550614356995 203.0803668498993
0 0.0111 130.57288527488708 124.11614835262299 174.24550652503967 140.63179075717923
0 0.0108 0.0 -72.52317339181899 31.71291947364807 -53.349324017763124
0 0.0108 22.29371666908264 84.44253683090211 63.8679563999176 102.18829989433289
0 0.0106 22.35645055770874 107.83852219581605 63.811615109443665 125.66716551780699
0 0.0104 294.0938472747803 -0.6173443794250393 338.80746364593506 15.359948873519905
0 0.0103 294.57616806030273 155.39703845977783 338.36233615875244 171.850483417511
0 0.0102 201.8042355775833 84.55167293548585 243.71586740016937 102.07865715026855
0 0.0102 76.65156573057175 100.26444077491762 118.85539442300797 117.61475682258606
0 0.0102 0.0 -49.09119427204131 31.707994639873505 -29.90647822618483
