0 0.0254 0.0 219.8858642578125 638.75 558.75
0 0.0229 0.0 -79.99999999999999 510.9122848510742 201.51496887207028
0 0.0142 438.0419921875 313.9831161499023 492.19993591308594 336.1022567749023
0 0.0138 512.6921272277832 -80.0 638.7499809265137 -10.150761604309086
0 0.0128 398.6817932128906 243.59497070312503 451.61888122558594 266.492919921875
0 0.0125 408.5386276245117 283.6867904663086 461.74808502197266 306.4009475708007
0 0.0114 379.1438293457031 313.28941345214844 431.2024688720703 336.79870605468744
0 0.0108 497.75699615478516 314.14207458496094 552.4607467651367 335.941162109375
0 0.0107 609.0188598632812 542.6165008544922 638.75 558.7499999999999
0 0.0102 388.71131896972656 213.57501983642578 441.5924072265625 236.51275634765625
