0 0.0270 599.1354370117188 93.29702377319335 638.75 116.79140090942381
0 0.0254 0.0 219.8858642578125 638.75 558.75
0 0.0243 68.99841547012329 13.390665054321287 121.3326621055603 36.69791221618652
0 0.0239 609.0460205078125 122.92646408081053 638.75 147.10237503051758
0 0.0229 0.0 -79.99999999999999 510.9122848510742 201.51496887207028
0 0.0224 598.9132499694824 63.44747543334961 638.7500190734863 86.6411018371582
0 0.0216 465.4872131347656 118.41825485229491 504.70672607421875 151.6731071472168
0 0.0214 9.171018600463867 13.271656036376953 61.17785453796387 36.81659698486328
0 0.0213 425.5059814453125 128.36915969848633 464.69032287597656 161.71800613403317
0 0.0211 549.7863006591797 112.80820846557617 600.6316375732422 137.27571487426758
0 0.0197 28.29233407974243 -16.166372299194336 81.97246313095093 6.252698898315429
0 0.0197 505.3253936767578 108.78910064697264 544.8529052734375 141.33426666259763
0 0.0177 29.2421817779541 43.21372032165527 81.11580848693848 66.87323570251465
0 0.0175 565.3397750854492 138.7586975097656 604.8397445678711 171.3620376586914
0 0.0172 385.34488677978516 138.74248504638672 424.8355484008789 171.37683868408203
0 0.0163 0.0 -67.0389699935913 40.80302715301514 -42.8752326965332
0 0.0162 608.7310600280762 33.13840866088868 638.7500190734863 56.8898582458496
0 0.0160 609.2570686340332 152.7728271484375 638.7499809265137 177.25524902343747
0 0.0159 119.34857845306396 33.14514160156249 171.01915836334229 56.942481994628906
0 0.0157 555.1178359985352 79.21755313873292 595.0439834594727 110.94377040863036
0 0.0156 410.13500213623047 102.50286102294922 460.3287124633789 127.57461547851562
0 0.0151 574.3924140930176 184.8368263244629 638.7499809265137 234.74702835083008
0 0.0146 509.8567199707031 142.74602890014648 560.5706787109375 167.33640670776367
0 0.0141 430.4066467285156 162.24149703979492 480.0962829589844 187.82884597778317
0 0.0138 599.0985298156738 -66.67981386184692 638.7499809265137 -43.232028484344475
0 0.0137 359.69005584716797 112.88145065307616 410.71720123291016 137.20300674438474
0 0.0136 608.8751220703125 -36.95652961730957 638.75 -13.014774322509764
0 0.0132 380.05027770996094 172.58012771606442 430.40184020996094 197.49917984008786
0 0.0131 88.36532592773438 -16.20638847351074 141.9052505493164 6.293601989746093
0 0.0127 409.8074722290039 222.7909183502197 460.6130599975586 247.29269981384275
0 0.0125 499.6571350097656 82.91210174560545 550.7453155517578 107.17330932617188
0 0.0125 608.8195037841797 3.0802440643310542 638.75 26.94828987121582
0 0.0121 37.98966407775879 -45.98986744880676 92.24834442138672 -23.925493955612183
0 0.0116 0.7899761199951172 -37.14011192321777 28.80342960357666 7.401523590087891
0 0.0113 549.2589569091797 43.20767402648925 601.0995483398438 66.88004493713379
0 0.0113 609.0141296386719 542.6202583312988 638.75 558.7499809265137
0 0.0113 8.794441223144531 123.52558135986325 61.51644229888916 146.56291961669922
0 0.0112 609.1937255859375 242.81776428222656 638.75 267.2103118896484
0 0.0109 0.7675671577453613 42.62627124786377 28.829944133758545 87.57476329803465
0 0.0107 8.88282299041748 153.46609115600586 61.437082290649414 176.62225723266602
0 0.0106 8.674478530883789 93.5999870300293 61.6254186630249 116.48794174194336
0 0.0104 359.3702697753906 83.12437057495117 411.0008239746094 106.96245193481445
0 0.0102 345.2210998535156 139.0068244934082 384.9488067626953 171.1357307434082
0 0.0101 48.02610397338867 -76.01337432861328 102.21567153930664 -53.902153968811035
0 0.0100 489.2495346069336 43.21483612060547 541.1079025268555 66.87297821044922
