0 0.0684 166.24410018324852 286.50219291448605 213.5998998582363 306.3089647889138
0 0.0509 11.531768590211868 -48.00545990467074 113.16906675696373 -4.173927381634727
0 0.0500 157.5021031498909 259.96622532606125 204.6934261918068 279.87658649683004
0 0.0488 16.90013401210308 -5.304333791136757 62.859810292720795 15.459527745842921
0 0.0467 113.99260755628347 286.0315284132958 159.98518589884043 306.7794272303582
0 0.0440 166.70695170760155 312.69880115985876 213.18025544285774 333.0826556682587
0 0.0375 25.444701835513115 21.373639702796925 71.9423958659172 41.75082623958587
0 0.0332 105.63728973269463 259.204426407814 150.7349370419979 280.6358933448792
0 0.0329 113.4500139951706 312.87331342697144 160.47406524419785 332.9062575101853
0 0.0322 148.9461863040924 233.31016689538956 195.61905771493912 253.56443375349045
0 0.0302 316.4404806494713 -24.69757355749609 480.2932879328728 43.6614442616701
0 0.0301 210.0373676419258 269.04635250568396 258.05753976106644 288.45008254051214
0 0.0289 0.0 -67.37928930670024 36.02895334362984 -46.060508564114585
0 0.0283 219.02623116970062 295.43872296810156 266.73893570899963 315.0274723768235
0 0.0281 449.5112705230713 215.37547856569287 495.40840089321136 236.18588119745257
0 0.0270 105.41534394025803 215.2359563112259 150.93106970191002 236.3252687454224
0 0.0266 456.52776151895523 287.0722371339798 505.885434448719 305.7304340600968
0 0.0262 528.6313842236996 -58.06701652705671 563.8965012133121 -37.714536003768465
0 0.0254 0.0 194.74298954010013 563.896484375 493.896484375
0 0.0249 158.16649243235588 206.55594110488894 204.09585133194923 227.34876453876498
0 0.0238 4.788289777934551 43.50357245653867 39.517632722854614 72.6042254641652
0 0.0227 448.7487307190895 242.35119551420215 496.0973909497261 262.17756718397146
0 0.0222 61.40475280582905 232.793365418911 106.67519487440586 254.07928198575976
0 0.0213 61.25877305865288 206.41615785658362 106.80536344647408 227.4884130805731
0 0.0205 61.3300496339798 268.1588724255562 106.74221977591515 289.33884233236313
0 0.0205 492.50308483839035 304.3743437528611 540.5897346138954 323.7462830543519
0 0.0204 440.9305003285408 188.7176015973091 486.3584479689598 209.87463772296906
0 0.0198 201.38705521821976 242.45778203010562 249.06763225793839 262.07064390182495
0 0.0198 114.24564108252525 188.74568790197375 159.75816756486893 209.8461472988129
0 0.0189 60.70246048271656 295.07730543613434 107.30511613190174 315.39030432701117
0 0.0185 507.0808030664921 22.55125232040881 563.8964675366879 66.6126025468111
0 0.0184 510.5990168452263 277.634868323803 557.8449633717537 297.5196352601052
0 0.0178 75.27544714510441 8.478919193148599 110.2697030454874 37.02898465096949
0 0.0173 410.6691908836365 211.68510146439075 445.80704391002655 239.93061237037182
0 0.0172 34.446421414613724 180.16316652297976 80.61446338891983 200.7736310362816
0 0.0170 210.70685893297195 215.6713950634003 257.4498787522316 235.889829993248
0 0.0169 43.12396980822086 47.842927575111375 89.57788422703743 68.25030520558357
0 0.0165 507.0808030664921 -30.4174976795912 563.8964675366879 13.643860965967164
0 0.0163 413.4507790207863 268.8323038816452 460.7704100012779 288.66608440876007
0 0.0160 87.44584240019321 -67.03953215852383 133.55444513261318 -46.397897824645064
0 0.0160 219.80783194303513 321.43519103527075 266.0308510065079 342.00197696685797
0 0.0157 498.8453361392021 211.89797140657907 534.1851142048836 239.7368707507849
0 0.0155 4.768728921189904 78.85985627770422 39.535404508933425 107.87671342492102
0 0.0152 132.03775521367788 338.7199878692627 177.29409519582987 360.0269860029221
0 0.0150 25.553460493683815 153.72353091835978 71.8444137275219 174.24471870064735
0 0.0149 163.6313834786415 176.05293452739718 198.4826147556305 204.9096930027008
0 0.0148 451.91517531871796 79.9384680390358 563.896484375 168.03015232086184
0 0.0147 519.5764303207397 251.05892658233643 563.896484375 271.1273658275604
0 0.0144 17.053223736584187 215.2945199608803 62.72200133651495 236.26704186201098
0 0.0143 352.3414796590805 215.41235446929932 398.35425555706024 236.14839911460876
0 0.0141 60.149961784482 321.90444111824047 107.80563496053219 341.5305042266846
0 0.0138 25.742192715406418 109.45508629083632 71.67470879852772 130.23181229829788
0 0.0137 537.5130718946457 206.3640516996384 563.896484375 227.48926341533664
0 0.0135 176.4530846476555 338.50604027509695 221.19153708219528 360.23871093988424
0 0.0135 537.1872842311859 321.3405597209931 563.896484375 342.04286038875586
0 0.0134 366.93908393383026 42.99751382321118 401.2963801622391 73.06744743138552
0 0.0134 439.2099279165268 313.3875554800034 487.9164296388626 332.3879742622376
0 0.0133 396.91835165023804 179.79026526212692 442.10423171520233 201.14454537630084
0 0.0128 271.68835550546646 286.7852449417115 319.9875721335411 306.0228818655014
0 0.0128 396.23212307691574 242.0666953921318 442.71940261125565 262.46314495801926
0 0.0127 475.39360851049423 -66.72515876591208 522.4347338080406 -46.713338345289245
0 0.0126 4.699838124215603 237.92053043842316 39.59789253771305 266.64197623729706
0 0.0123 0.0 176.20412573218346 30.8078221231699 204.77170303463936
0 0.0123 494.18492913246155 188.4932479262352 539.0749937295914 210.09612888097763
0 0.0122 324.8088186979294 286.6982245445252 372.8180795907974 306.1105757951737
0 0.0122 352.8982889652252 188.5222266614437 397.85739064216614 210.0674869120121
0 0.0121 508.03274020552635 463.8864362239838 563.8965012133121 493.8964843750001
0 0.0120 202.50247552990913 188.76085922122002 248.06172832846642 209.83074024319652
0 0.0117 395.7693725824356 295.33223748207104 443.13695907592773 315.1349008083344
0 0.0116 78.98310877382755 162.22586825489998 124.40086923539639 183.39714959263802
0 0.0115 330.47965914011 -70.00000000000003 429.814250767231 -39.32737268507482
0 0.0113 43.33642931655049 83.01263868808746 89.38678411766887 103.70550990104674
0 0.0112 537.631276845932 170.97069412469864 563.896484375 192.25768834352496
0 0.0112 0.6540884450078011 117.47615098953246 25.479350872337818 157.56500661373138
0 0.0111 402.189080119133 43.160424493253224 436.66390776634216 72.91817579418421
0 0.0110 128.29062458127737 158.45898628234863 163.19584790617228 187.19656318426132
0 0.0110 342.5281450152397 242.5161772966385 390.4179885983467 262.0109689235688
0 0.0108 348.9939558506012 158.46900507807732 383.8976889848709 187.18738630414012
0 0.0108 331.7139074206352 42.73862898349761 365.9096232056618 73.30501496791838
0 0.0106 537.201984077692 347.81681865453726 563.8964675366879 368.5355535149575
0 0.0105 483.68058383464813 330.85952699184423 531.7555814981461 350.23052334785467
0 0.0104 254.14168924093246 251.40855729579928 302.23180770874023 270.77483892440796
0 0.0104 255.27121163904667 197.73445881903172 301.2086697667837 218.51446829736233
0 0.0103 287.42065995931625 25.51557824015616 321.90033704042435 55.251464992761605
