0 0.0634 585.9609222412109 209.52246856689453 638.75 229.54146575927734
0 0.0499 525.4431915283203 209.75047302246097 584.5995330810547 229.3075103759766
0 0.0490 586.3863945007324 189.32797622680664 638.7500190734863 209.74084091186523
0 0.0481 596.1721801757812 229.4207305908203 638.75 249.64465332031253
0 0.0327 526.147346496582 189.4411392211914 583.9456558227539 209.62542724609375
0 0.0319 535.2110290527344 229.84976959228516 594.8151397705078 249.2056198120117
0 0.0270 607.0545196533203 258.5835189819336 638.75 280.4287643432617
0 0.0254 0.0 194.38586425781253 638.75 533.25
0 0.0230 597.7480316162109 158.63627624511722 638.75 180.44532012939453
0 0.0229 0.0 -105.49999999999997 510.9122848510742 176.01496887207034
0 0.0228 466.2547302246094 219.39994049072268 523.8442230224609 239.66910552978513
0 0.0167 606.9744682312012 288.6231918334961 638.7500190734863 310.3880233764648
0 0.0155 407.3587417602539 218.85710906982422 462.8257369995117 240.22307586669925
0 0.0149 607.1645927429199 318.5303039550781 638.7500190734863 340.4837341308594
0 0.0138 466.92447662353516 189.07433700561523 523.2265090942383 210.00107955932617
0 0.0136 348.02738189697266 218.49093627929693 402.2134017944336 240.59428405761722
0 0.0121 475.9043884277344 239.5592803955078 534.1687774658203 259.50587463378906
0 0.0117 608.5649299621582 127.74367523193362 638.7499809265137 151.28375244140628
0 0.0114 537.2360229492188 158.914176940918 592.9401397705078 180.16387176513675
0 0.0110 0.0 -102.6498370170593 40.67890644073486 -78.26577711105344
0 0.0107 512.6921272277832 -105.49999999999996 638.7499809265137 -35.650761604309054
0 0.0102 369.0900421142578 57.825080871582045 421.2510681152344 81.26296234130862
