0 0.0474 587.4917602539062 197.773681640625 638.75 219.30562591552734
0 0.0410 247.60757446289062 57.71960830688477 302.59857177734375 79.36187362670898
0 0.0352 308.7961483001709 57.01722717285158 361.5164279937744 80.07024383544922
0 0.0317 588.2501411437988 167.3481330871582 638.7499809265137 189.7364387512207
0 0.0290 257.82405853271484 27.602010726928725 312.40001678466797 49.48130226135255
0 0.0290 597.1407890319824 227.95541381835935 638.7500190734863 249.12057495117185
0 0.0278 206.99853897094727 78.04010009765626 263.15759658813477 99.0364990234375
0 0.0254 0.0 193.38586425781247 638.75 532.25
0 0.0246 318.86962890625 26.968818664550795 371.4502716064453 50.118671417236335
0 0.0245 608.1184577941895 397.01600646972656 638.7499809265137 420.0087127685547
0 0.0237 268.0756378173828 87.45879745483398 322.1703338623047 109.62607955932619
0 0.0229 0.0 -106.49999999999999 510.9122848510742 175.01496887207034
0 0.0228 197.2038459777832 37.93447113037111 252.9688835144043 59.143844604492195
0 0.0190 608.9962005615234 476.4639816284179 638.75 500.5652389526368
0 0.0187 607.3713684082031 257.42150878906244 638.75 279.59466552734375
0 0.0186 365.2421569824219 52.4564085006714 404.93011474609375 84.6817216873169
0 0.0181 526.7113876342773 208.17946052551267 583.422966003418 228.8938579559326
0 0.0174 329.07684326171875 86.82569122314455 381.2646484375 110.26116943359376
0 0.0171 607.1708488464355 307.52626037597656 638.7500190734863 329.48770141601557
0 0.0157 512.6921272277832 -106.49999999999997 638.7499809265137 -36.65076160430907
0 0.0156 157.3234224319458 57.87551498413087 212.85823345184326 79.20432662963867
0 0.0155 217.61167526245117 107.7233657836914 272.5934410095215 129.35906982421878
0 0.0148 608.8720893859863 516.2285766601562 638.7499809265137 532.25
0 0.0139 258.1093215942383 -2.561468124389635 312.13977813720703 19.64642143249513
0 0.0138 375.32093048095703 12.286430358886733 414.8582077026367 44.836765289306655
0 0.0136 608.0273246765137 367.06639862060547 638.7500190734863 389.9571762084961
0 0.0134 467.89703369140625 207.56482696533203 522.3324584960938 229.51955413818357
0 0.0131 598.8016510009766 137.01694107055664 638.75 160.07102584838867
0 0.0126 278.4227657318115 117.25627517700198 331.85364723205566 139.83081436157227
0 0.0121 511.90391540527344 -16.658195495605455 638.75 83.12707519531251
0 0.0120 607.7526092529297 337.2224578857422 638.75 359.7987518310547
0 0.0120 299.46556091308594 196.5571746826172 350.9153747558594 220.52957153320312
0 0.0120 228.72222900390625 177.06462478637695 281.58329010009766 200.0226936340332
0 0.0119 197.69208908081055 7.67430877685548 252.5209617614746 29.407936096191417
0 0.0118 157.67947673797607 97.68878555297853 212.53078937530518 119.39448928833009
0 0.0117 318.9701461791992 -3.100170135498034 371.3602066040039 20.18737411499025
0 0.0114 608.3169555664062 426.8973693847656 638.75 450.12872314453125
0 0.0113 536.178092956543 228.4294281005859 593.9165878295898 248.63786315917966
0 0.0109 228.58245849609375 137.15949630737305 281.70841217041016 159.92839431762695
0 0.0109 527.2948837280273 177.88644409179688 582.8853988647461 199.19255828857422
0 0.0107 0.0 56.49644470214846 40.84719657897949 80.58942413330078
0 0.0105 359.58396911621094 196.46908378601074 410.8099365234375 220.61705207824707
0 0.0105 299.22916412353516 166.72969436645508 351.12606048583984 190.35823440551758
0 0.0102 409.1835021972656 206.76374053955078 461.1665344238281 230.32460784912107
