0 0.0772 196.77486419677734 218.15267181396484 253.36341857910156 238.92194366455075
0 0.0536 166.91686630249023 198.08231925964355 223.23251724243164 218.99366950988767
0 0.0448 226.71497344970703 198.1780490875244 283.4196090698242 218.8953456878662
0 0.0315 157.71349430084229 237.67030334472653 212.49959468841553 259.4132385253906
0 0.0278 237.56887435913086 237.7473602294922 292.6324653625488 259.3348846435547
0 0.0265 197.21429824829102 167.92691802978516 252.95976638793945 189.1511688232422
0 0.0254 0.0 193.38586425781247 638.75 532.25
0 0.0246 488.1037139892578 57.44660949707033 542.1437835693359 79.63903045654297
0 0.0229 0.0 -106.49999999999999 510.9122848510742 175.01496887207034
0 0.0168 107.90882587432861 207.55879020690918 162.32154369354248 229.52574348449704
0 0.0161 127.7349853515625 177.6544532775879 182.48083114624023 199.42866897583008
0 0.0153 478.59657287597656 87.14912033081055 531.6959381103516 109.93857955932617
0 0.0146 487.7197265625 27.661338806152354 542.4951171875 49.42144012451173
0 0.0145 27.67894744873047 217.68239593505857 82.53278732299805 239.3999252319336
0 0.0143 287.72250175476074 217.6580581665039 342.49302864074707 239.42449188232425
0 0.0139 267.7449893951416 177.64093017578122 322.4735164642334 199.4410858154297
0 0.0134 427.74288177490234 57.65172576904297 482.47325897216797 79.43170166015626
0 0.0134 157.79287338256836 147.62033081054688 212.42834091186523 169.46290588378906
0 0.0126 512.6921272277832 -106.49999999999997 638.7499809265137 -36.65076160430907
0 0.0123 0.0 156.74857711791992 51.149959564208984 180.33942794799802
0 0.0122 608.9771270751953 516.1492500305176 638.75 532.2499809265137
0 0.0118 237.76348114013672 147.63518905639648 292.45555877685547 169.44762802124023
0 0.0114 0.0 186.91501235961914 51.36735916137695 210.17341232299805
0 0.0104 0.0 126.4806900024414 40.832204818725586 150.6047210693359
0 0.0103 78.30022811889648 237.3311767578125 131.96477890014648 259.75549316406244
0 0.0102 448.9604949951172 216.9127044677734 501.36749267578125 240.1754150390625
0 0.0101 418.3740234375 87.28820419311523 471.89735412597656 109.79903793334962
0 0.0101 0.0 -103.23398017883298 41.16891860961914 -79.67762851715086
0 0.0100 58.348379135131836 187.29873275756836 111.92177772521973 209.78767013549805
