0 0.3918 248.7858235836029 50.3406503200531 393.78830790519714 110.83534145355225
0 0.2369 280.0358235836029 112.84065032005311 425.03830790519714 173.33534145355225
0 0.1176 211.50410175323486 -44.3609229326248 384.01663303375244 33.139301180839546
0 0.0553 227.09020972251892 35.185990571975715 265.5293047428131 55.67022943496705
0 0.0502 390.45044779777527 90.57332360744478 430.18803000450134 109.67959249019624
0 0.0490 422.00806736946106 121.55432784557344 461.17064356803894 141.19298541545868
0 0.0490 211.3974541425705 58.71526682376862 249.95757639408112 79.02078115940094
0 0.0464 448.74407351017 139.02876311540604 499.0234225988388 178.0210935473442
0 0.0386 433.85782837867737 95.21579527854918 464.7202789783478 120.69088006019592
0 0.0362 394.8363661766052 63.870472550392165 425.6208539009094 89.52791774272919
0 0.0346 258.3245038986206 113.0937316417694 280.44044971466064 149.572429895401
0 0.0337 465.088427066803 110.88928365707397 495.9873557090759 136.2715938091278
0 0.0336 274.00410175323486 174.38909196853638 446.51663303375244 251.88925647735593
0 0.0327 426.14835500717163 63.72853899002076 456.81482553482056 89.65763235092165
0 0.0322 258.2561671733856 151.72651195526123 280.52303194999695 188.99050140380862
0 0.0273 227.08448767662048 81.91948914527894 249.17849898338318 118.26234841346742
0 0.0272 381.34264945983887 7.983011841773994 447.3457932472229 59.56735992431641
0 0.0261 422.4039614200592 144.4665395617485 444.48259472846985 180.72417908906937
0 0.0257 457.2597146034241 71.85952150821686 488.1898760795593 97.17924678325653
0 0.0242 448.74407351017 185.90375566482544 499.0234225988388 224.89610099792478
0 0.0232 187.45437264442444 35.77668750286103 226.95043683052063 55.09920203685761
0 0.0208 172.1297651529312 58.94224131107331 211.06557548046112 78.80250895023346
0 0.0200 448.74407351017 14.028759390115745 499.0234225988388 53.02109727263451
0 0.0188 253.88598442077637 283.68672513961786 499.0234375 415.52343749999994
0 0.0182 261.2098753452301 -83.49999999999999 349.11659359931946 -56.35608202219008
0 0.0177 400.5407243967056 -83.49999999999999 499.0234225988388 -28.93028250336646
0 0.0174 0.0 67.86919915676118 238.77285420894623 415.5234524011612
0 0.0161 234.843909740448 144.06215929985046 257.05498456954956 181.05327868461612
0 0.0156 203.66671681404114 82.06946933269501 225.71730613708496 118.14360105991364
0 0.0154 475.8697599172592 -26.56414574384688 499.0234524011612 -7.60101741552352
0 0.0148 448.74407351017 248.4037556648254 499.0234225988388 287.39610099792475
0 0.0147 0.0 -34.16376030445098 39.864856749773026 -15.580358266830435
0 0.0147 0.0 -73.41785943508147 31.827792525291443 -54.453121781349175
0 0.0142 166.45511239767075 -79.6608052253723 256.39960914850235 -40.871838390827165
0 0.0137 223.11339527368546 118.19377326965332 253.6095604300499 144.54853320121765
0 0.0134 475.79918801784515 402.9168018102646 499.0234524011612 415.5234524011612
0 0.0125 4.166688770055771 56.166363596916206 35.03558039665222 81.61641442775726
0 0.0124 358.4515452384949 -80.7594529390335 399.60604906082153 -62.734147816896424
0 0.0112 0.0 -10.820480346679677 39.74822536110878 7.950929641723641
0 0.0111 402.75487303733826 -22.30955129861831 433.33736062049866 3.8121246695518574
0 0.0111 4.140716046094894 87.47145318984985 35.05941107869148 112.81615281105043
0 0.0111 183.69629979133606 9.615389347076425 214.86863493919373 34.44607341289521
0 0.0106 0.0 14.089198499917991 84.52461659908295 52.87816533446312
0 0.0106 180.22045493125916 81.99757122993468 202.29029655456543 118.19970393180847
0 0.0105 148.1553614139557 35.972473859786994 188.0951225757599 54.90672373771668
