0 0.0440 438.14491271972656 143.922119140625 492.1063995361328 166.1636734008789
0 0.0323 428.1577682495117 113.91576766967773 482.0943832397461 136.1702537536621
0 0.0296 197.04252243041992 234.51996803283689 253.1165885925293 255.55731773376462
0 0.0254 0.0 219.8858642578125 638.75 558.75
0 0.0246 448.10176849365234 173.94439697265625 502.1463394165039 196.14074707031247
0 0.0229 0.0 -79.99999999999999 510.9122848510742 201.51496887207028
0 0.0213 378.6011505126953 143.64383697509766 431.6923522949219 166.4435577392578
0 0.0212 187.07500457763672 204.5008087158203 243.08734893798828 225.57640075683594
0 0.0201 418.1980895996094 83.8912010192871 472.05787658691406 106.19489669799805
0 0.0192 187.92701721191406 264.051399230957 242.30426788330078 286.03366851806635
0 0.0179 137.57744312286377 234.2410659790039 192.62500286102295 255.84095001220706
0 0.0160 187.41981506347656 164.32580947875977 242.7695083618164 185.75502395629883
0 0.0155 108.9432144165039 323.42655181884766 161.38256072998047 346.66187286376953
0 0.0145 388.63086700439453 173.62764358520508 441.6648483276367 196.46017074584958
0 0.0142 246.90603256225586 214.58435058593747 303.24331283569336 235.49102783203125
0 0.0139 512.6921272277832 -80.0 638.7499809265137 -10.150761604309086
0 0.0138 169.6175193786621 342.9378128051758 220.7813835144043 367.14725494384766
0 0.0136 128.11729907989502 63.93983364105224 182.13115215301514 86.14603519439697
0 0.0132 368.43265533447266 113.74664306640625 421.8454360961914 136.33995056152344
0 0.0130 128.10381412506104 263.94763946533203 182.14345455169678 286.13819122314453
0 0.0129 458.34835052490234 203.79825592041016 511.92195892333984 226.28807067871094
0 0.0129 408.12294006347656 53.93434524536132 462.1265411376953 76.15123748779297
0 0.0126 227.15648651123047 184.46035385131833 283.0120849609375 205.61777114868164
0 0.0123 247.13502883911133 254.47223663330075 303.0316352844238 275.60581207275385
0 0.0119 608.9981842041016 542.6328277587891 638.75 558.75
0 0.0116 219.81372833251953 342.78682708740234 270.60733795166016 367.29686737060547
0 0.0114 177.16554641723633 134.45590972900388 233.00371170043945 155.62232971191403
0 0.0111 177.69414901733398 44.177894592285156 232.51798629760742 65.90507507324217
0 0.0110 127.97836303710938 94.01817321777344 182.25830078125 116.0666275024414
0 0.0110 108.70445728302002 293.58226776123047 161.5980100631714 316.5059280395508
0 0.0109 127.82187938690186 204.1057777404785 182.40143299102783 225.97787857055664
0 0.0108 574.3924140930176 4.836816787719727 638.7499809265137 54.747018814086914
0 0.0105 498.27293395996094 233.84613037109375 551.9898986816406 256.240234375
0 0.0105 99.48129653930664 353.0466079711914 150.90112686157227 377.0402145385742
0 0.0102 238.62951278686523 313.63216400146484 291.66528701782227 336.456184387207
0 0.0102 68.92715692520142 63.43631744384764 121.397225856781 86.65199279785156
0 0.0101 237.67425537109375 284.1905212402344 292.5358200073242 305.8925628662109
