0 0.0467 38.31418991088867 73.82404804229736 91.95180892944336 96.26288890838622
0 0.0416 430.7252502441406 90.09801864624022 638.75 189.29830551147458
0 0.0410 438.4458541870117 -68.6839771270752 624.0490341186523 8.749246597290037
0 0.0387 97.80118942260742 74.12071228027344 152.41958618164062 95.96332550048828
0 0.0368 27.75263786315918 44.14649963378906 82.46427536010742 65.9370231628418
0 0.0338 39.083824157714844 103.32986831665039 91.25650405883789 126.75825119018555
0 0.0264 87.3973274230957 44.3379020690918 142.79008865356445 65.74275970458984
0 0.0254 0.0 219.8858642578125 638.75 558.75
0 0.0253 157.30234146118164 64.38488006591797 212.8780174255371 85.69454193115234
0 0.0245 17.655277252197266 14.200210571289064 72.55335807800293 35.88262557983398
0 0.0235 98.73590469360352 103.56388092041016 151.5692138671875 126.52462005615234
0 0.0211 438.4458541870117 11.316027641296385 624.0490341186523 88.74924182891844
0 0.0203 0.0 69.1954231262207 35.033884048461914 100.96391677856445
0 0.0202 197.33062744140625 44.37142372131348 252.85171508789062 65.70843696594238
0 0.0185 395.4435348510742 108.5216522216797 434.74597930908203 141.57855987548828
0 0.0182 218.14590454101562 73.92343521118163 272.1050262451172 96.16262435913085
0 0.0182 158.20306777954102 93.88572692871094 212.05389022827148 116.2000274658203
0 0.0164 389.32445526123047 83.15927505493164 441.04137420654297 106.92800521850586
0 0.0164 17.60927677154541 -15.776023864746094 72.59579181671143 5.858325958251952
0 0.0160 275.7826232910156 217.57283210754392 314.4533157348633 252.4483013153076
0 0.0159 237.39501953125 24.335575103759762 292.79300689697266 45.74453353881835
0 0.0153 297.9687213897705 44.02637481689453 352.26649284362793 66.0587692260742
0 0.0151 0.0 108.99520874023439 34.94473457336426 141.1463165283203
0 0.0146 156.89220428466797 24.592828750610355 213.2556915283203 45.48266410827637
0 0.0144 395.5582809448242 148.23925018310547 434.6437454223633 181.83689117431638
0 0.0141 328.09566497802734 73.95313739776611 382.15076446533203 96.1327314376831
0 0.0138 297.7622604370117 14.14133071899414 352.45540618896484 35.94228744506836
0 0.0130 235.58122634887695 218.1700801849365 274.62453842163086 251.90026283264157
0 0.0130 608.9752388000488 542.6508903503418 638.7499809265137 558.7500190734863
0 0.0128 315.67389488220215 217.9159164428711 354.54407691955566 252.1332550048828
0 0.0127 77.4355411529541 14.316167831420898 132.7553653717041 35.76458930969238
0 0.0125 338.97743225097656 103.40034484863281 391.3524627685547 126.68762207031249
0 0.0121 0.0 -66.86082839965819 41.01338863372803 -43.05172920227051
0 0.0115 247.34859466552734 -5.639750957489013 302.8356170654297 15.719497203826904
0 0.0113 388.29837799072266 53.831014633178704 441.9667434692383 76.25548362731932
0 0.0113 285.74657440185547 177.6987648010254 324.4823455810547 212.33255386352536
0 0.0110 148.8029670715332 123.51682662963864 201.50945663452148 146.57121658325195
0 0.0109 279.30413246154785 93.17575454711914 331.05910301208496 116.91186904907225
0 0.0109 355.2967834472656 128.8457679748535 394.8796081542969 161.28259658813477
0 0.0109 307.4417018890381 -15.686616897583008 362.74956703186035 5.767498016357422
0 0.0104 357.6272964477539 14.212388992309569 412.5796890258789 35.869779586791985
0 0.0102 39.40178871154785 133.09982299804685 90.97307205200195 156.98665618896484
0 0.0100 265.4394340515137 258.5133361816406 304.75141525268555 291.58622741699213
