0 0.0254 0.0 105.38586425781251 638.75 444.25
0 0.0229 0.0 -194.5 510.9122848510742 87.01496887207031
0 0.0211 214.4101333618164 -88.82688713073729 275.5613708496094 -70.12766075134277
0 0.0204 234.30530548095703 -108.78873062133788 295.6598663330078 -90.16757202148436
0 0.0190 205.00051498413086 -69.05726623535156 265.0095558166504 -49.88896560668945
0 0.0182 244.5193099975586 -128.87190771102905 305.46009063720703 -110.08164834976195
0 0.0181 274.56448554992676 -88.88907623291016 335.41773796081543 -70.06381225585936
0 0.0177 174.94293212890625 -109.03615188598631 235.0638198852539 -89.91118621826172
0 0.0176 264.6986389160156 -68.93968772888184 325.2920150756836 -50.01106452941894
0 0.0170 225.51727294921875 20.724418640136726 284.5292282104492 40.335433959960945
0 0.0165 155.60619354248047 -89.31042861938477 214.44576263427734 -69.62809753417969
0 0.0165 215.8983039855957 40.56042480468751 274.1747856140137 60.504386901855476
0 0.0157 255.24572372436523 -49.15863704681395 314.7812843322754 -29.784523963928216
0 0.0157 216.4077377319336 60.32929229736328 273.70243072509766 80.74154663085938
0 0.0156 609.0331840515137 378.4379272460937 638.7500190734863 402.59121704101557
0 0.0154 294.9116897583008 -109.02775001525877 355.09403228759766 -89.9207134246826
0 0.0153 184.8830795288086 -129.0136547088623 245.12004852294922 -109.93474197387695
0 0.0153 245.63886642456055 0.6705741882324286 304.41659927368164 20.390499114990245
0 0.0151 196.0331153869629 -49.496943473815904 254.04901504516602 -29.436223030090325
0 0.0148 254.8836898803711 -149.01626300811768 315.1200866699219 -129.93252468109128
0 0.0142 146.25869750976562 -69.5999355316162 203.84002685546875 -49.33063697814941
0 0.0142 265.6564235687256 -19.335186004638665 324.39988136291504 0.3967933654785231
0 0.0137 608.8940238952637 428.2125358581543 638.7500190734863 444.25001907348627
0 0.0130 185.48622131347656 0.7350616455078196 244.55875396728516 20.323951721191413
0 0.0128 305.2396011352539 -129.1623992919922 364.7885513305664 -109.78188705444335
0 0.0128 236.7567253112793 80.16341018676759 293.3797264099121 100.91131973266602
0 0.0124 206.3010025024414 -29.6237678527832 263.80191802978516 -9.306995391845698
0 0.0121 325.8243179321289 -69.41065025329588 384.24442291259766 -49.52604484558105
0 0.0121 195.08499145507812 -149.09660530090332 254.93209838867188 -129.84934043884277
0 0.0119 512.6921272277832 -194.5 638.7499809265137 -124.65076160430908
0 0.0117 315.8790111541748 -49.434864044189446 374.1936206817627 -29.501182556152337
0 0.0117 335.8538055419922 -89.4241256713867 394.21714782714844 -69.51230239868164
0 0.0115 165.72484970092773 20.63740539550782 224.33568954467773 40.42542266845704
0 0.0113 197.12387084960938 99.97692871093751 253.04214477539062 121.10089111328125
0 0.0113 226.5827178955078 120.24292755126955 283.54148864746094 140.82924652099612
0 0.0110 146.77988052368164 -29.852439880371087 203.35943222045898 -9.073287963867179
0 0.0108 306.37192726135254 0.34272003173828924 363.7364101409912 20.72720336914063
0 0.0105 286.2363052368164 20.40404129028321 343.8623046875 40.66412734985352
0 0.0103 326.3844680786133 -29.6656150817871 383.7253952026367 -9.264690399169915
0 0.0101 276.13247871398926 40.451801300048835 333.95846366882324 60.6152229309082
