0 0.1494 264.7984313964844 38.021836280822754 325.19859313964844 57.02889919281006
0 0.1102 254.78029251098633 18.026485443115234 315.2161979675293 37.02360153198242
0 0.0978 205.29544830322266 37.81946659088135 264.7352981567383 57.237792015075684
0 0.0927 265.32336235046387 57.807979583740234 324.7092914581299 77.24966049194336
0 0.0737 205.56123733520508 57.707939147949226 264.4877815246582 77.35282897949219
0 0.0704 195.63846588134766 17.67200469970703 254.41665649414062 37.389278411865234
0 0.0627 325.65704345703125 37.66213893890381 384.3998718261719 57.39908695220948
0 0.0596 245.34975051879883 -2.207107543945312 304.6856880187988 17.264442443847656
0 0.0534 315.2762508392334 17.820882797241214 374.7548007965088 37.23505973815918
0 0.0442 216.05594635009766 77.49191284179686 274.02809143066406 97.5750732421875
0 0.0427 186.419677734375 -2.6799678802490225 243.6922836303711 17.75038719177246
0 0.0402 326.1643600463867 57.4382209777832 383.9286422729492 77.62929916381836
0 0.0345 276.0545063018799 77.49078750610352 334.02979850769043 97.57589340209961
0 0.0331 448.08990478515625 56.45135879516602 502.1571350097656 78.63370895385742
0 0.0326 226.0443115234375 -22.506732940673828 284.03980255126953 -2.427043914794922
0 0.0296 305.5105495452881 -2.278709411621093 364.5369815826416 17.337474822998047
0 0.0290 457.84778594970703 86.58767700195311 512.3785781860352 108.49563598632812
0 0.0254 0.0 192.3858642578125 638.75 531.25
0 0.0245 508.0859375 56.45502090454102 562.1604156494141 78.6302375793457
0 0.0229 467.6231384277344 116.71388626098634 522.5836944580078 138.3681297302246
0 0.0229 0.0 -107.5 510.9122848510742 174.01496887207034
0 0.0224 438.05450439453125 26.472148895263675 492.1893310546875 48.61276626586914
0 0.0214 237.01223373413086 97.03853607177734 293.1437110900879 118.03901672363281
0 0.0214 147.24927425384521 36.91661357879639 202.92582035064697 58.16296100616455
0 0.0205 285.65606117248535 -22.337980270385742 344.4008541107178 -2.6009082794189458
0 0.0194 609.5234680175781 485.0665664672852 638.75 509.95952606201166
0 0.0191 387.3215866088867 46.87375545501709 442.8605270385742 68.20566654205322
0 0.0185 157.27701663970947 76.90364837646483 212.89998531341553 98.17638397216797
0 0.0181 167.38832473754883 -33.156538009643555 222.79817581176758 -11.762742996215822
0 0.0179 518.0698776245117 86.46261215209961 572.1754837036133 108.6223030090332
0 0.0175 377.0888900756836 16.99056625366211 433.0752944946289 38.086280822753906
0 0.0170 498.1893539428711 26.394729614257816 552.0661544799805 48.69110107421875
0 0.0160 228.2540512084961 176.3563346862793 282.00733184814453 198.72980117797852
0 0.0153 608.9764404296875 515.1499938964844 638.75 531.25
0 0.0144 397.2793960571289 76.89582824707031 452.89928436279297 98.18325042724611
0 0.0143 226.19775772094727 -42.575645446777344 283.8973808288574 -22.356214523315433
0 0.0135 512.6921272277832 -107.5 638.7499809265137 -37.65076160430909
0 0.0130 279.33608055114746 195.65138816833496 331.03089332580566 219.43589210510254
0 0.0126 407.26768493652344 106.90601348876953 462.90916442871094 128.1735610961914
0 0.0124 467.69187927246094 146.67692184448242 522.5205993652344 168.40570449829102
0 0.0122 399.30572509765625 215.67424774169922 451.0578155517578 239.41333770751953
0 0.0117 489.1472625732422 215.78704833984372 541.1994171142578 239.3010711669922
0 0.0117 288.8465881347656 165.98466873168945 341.4708709716797 189.1029167175293
0 0.0116 178.0179214477539 106.49902343750001 232.2214126586914 128.58654022216797
0 0.0113 128.10441970825195 -3.554563522338867 182.1433448791504 18.640089035034176
0 0.0112 337.2695541381836 86.90414428710938 392.90760040283203 108.1753158569336
0 0.0110 229.26677703857422 205.69838523864743 281.09336853027344 229.3888187408447
0 0.0105 0.0 55.630035400390625 41.000471115112305 79.45751190185547
0 0.0102 238.6180305480957 146.13134384155273 291.6774559020996 168.9558219909668
0 0.0101 438.3420181274414 -3.6996841430664062 491.92806243896484 18.785724639892578
0 0.0101 0.0 25.643825531005863 41.017699241638184 49.44377899169922
0 0.0100 609.0601921081543 365.41694641113276 638.7500190734863 389.6118927001953
