0 0.1999 566.9276428222656 -5.419559478759765 623.2217407226562 15.4962158203125
0 0.1677 556.0073089599609 -24.987812042236325 614.0735626220703 -4.946031570434569
0 0.1520 568.3796691894531 23.787717819213867 621.8916320800781 46.29996299743652
0 0.1291 265.4810047149658 35.241403579711914 324.5625591278076 54.81823921203613
0 0.1197 506.56917572021484 -5.244743824005126 563.5525894165039 15.317718982696531
0 0.0999 586.1302947998047 -45.05319118499755 638.75 -24.88077640533447
0 0.0997 264.6182632446289 15.5914306640625 325.3671646118164 34.45667266845703
0 0.0934 508.56895446777344 23.668956756591793 561.7204284667969 46.419048309326165
0 0.0891 276.83043479919434 54.62688446044922 333.3118534088135 75.44853210449217
0 0.0849 95.28029441833496 195.3255844116211 154.7494411468506 214.7314453125
0 0.0803 327.0406723022461 34.51807975769043 383.11901092529297 55.558786392211914
0 0.0802 95.61944961547852 215.18312454223633 154.43361282348633 234.8784065246582
0 0.0775 95.17067909240723 175.37076950073242 154.85159873962402 194.68481063842773
0 0.0762 204.84464645385742 25.504961013793945 265.155086517334 44.54667091369629
0 0.0677 496.0083770751953 -24.98735427856445 554.0723419189453 -4.946317672729491
0 0.0607 96.39630317687988 234.83638763427734 153.7126064300537 255.23464202880862
0 0.0597 525.5078506469727 -44.772109985351555 584.5381546020508 -25.168256759643555
0 0.0594 85.38488388061523 155.28194427490234 144.65204238891602 174.77645874023435
0 0.0592 205.6999969482422 45.149698257446296 264.35840606689453 64.91305351257324
0 0.0535 586.2480163574219 -65.10984420776367 638.75 -44.82321262359619
0 0.0533 608.7645721435547 53.118581771850586 638.75 76.91008567810057
0 0.0512 204.5730209350586 5.609264373779295 265.4093933105469 24.43824768066406
0 0.0479 264.45125579833984 -4.345595836639403 325.523681640625 14.39110517501831
0 0.0434 337.91187286376953 64.05296802520752 392.3196792602539 86.03095531463622
0 0.0417 325.9521484375 5.03284454345703 384.12574768066406 25.03200531005859
0 0.0376 389.10316467285156 203.30545425415036 441.2415313720703 226.78106307983396
0 0.0342 369.43424224853516 173.07577133178708 420.94417572021484 197.0105171203613
0 0.0332 85.4993724822998 135.23262023925778 144.5457363128662 154.8270797729492
0 0.0332 145.75347900390625 25.124998092651364 204.30908203125 44.938173294067376
0 0.0325 398.68289947509766 233.58208656311035 451.62052154541016 256.50404930114746
0 0.0323 565.1218414306641 49.2122459411621 605.0399780273438 80.94860076904297
0 0.0317 609.1923713684082 82.82102584838867 638.7499809265137 107.20739364624022
0 0.0313 448.3775329589844 13.786811828613281 501.8940734863281 36.30054473876953
0 0.0306 216.88299179077148 64.60162639617919 273.26318740844727 85.47443866729736
0 0.0274 288.2887935638428 83.8419723510742 341.97434425354004 106.24523162841797
0 0.0269 127.06897735595703 254.50839996337888 183.09181213378906 275.5694198608398
0 0.0266 388.2783508300781 33.842802047729485 441.9850158691406 56.24358177185058
0 0.0266 36.99173927307129 174.54938888549805 93.16247940063477 195.52804946899414
0 0.0265 525.5268096923828 -64.78151321411133 584.5207977294922 -45.15882968902588
0 0.0265 204.88309860229492 -14.515047073364256 265.1203727722168 4.5664119720458975
0 0.0260 145.6946563720703 5.149211883544922 204.36405181884766 24.913024902343746
0 0.0257 156.06919765472412 194.9794006347656 214.01739597320557 215.08670806884766
0 0.0254 0.0 219.8858642578125 638.75 558.75
0 0.0244 156.3660430908203 214.84344482421872 213.7423324584961 235.2260971069336
0 0.0243 319.15602684020996 183.27615737915036 371.19256019592285 206.8113136291504
0 0.0233 525.1951599121094 49.0627098083496 564.9724578857422 81.08478546142577
0 0.0233 609.3447113037109 112.70469665527344 638.75 137.32261657714844
0 0.0232 146.1372184753418 44.95384216308594 203.9530372619629 65.11388778686523
0 0.0230 387.4730682373047 4.295234680175782 442.72117614746094 25.785675048828125
0 0.0229 0.0 -79.99999999999999 510.9122848510742 201.51496887207028
0 0.0224 37.58425712585449 204.24156188964844 92.6177978515625 225.8411407470703
0 0.0220 437.3414611816406 -15.631582736968992 492.8411102294922 5.711958408355712
0 0.0216 359.32979583740234 143.15792083740234 411.0361099243164 166.92966461181638
0 0.0213 155.78726291656494 175.10440826416013 214.27911281585693 194.9582290649414
0 0.0208 398.07777404785156 263.9542388916015 452.1691131591797 286.130142211914
0 0.0208 448.82991790771484 213.50067138671875 501.4847946166992 236.58760070800778
0 0.0206 338.18511962890625 223.895263671875 392.0704650878906 246.19026184082034
0 0.0203 419.4207763671875 163.09267044067383 470.9547424316406 186.9946479797363
0 0.0197 264.6926498413086 -24.439811706542965 325.29823303222656 -5.511436462402345
0 0.0196 325.69427490234375 -14.855108261108397 384.36553955078125 4.9166011810302725
0 0.0193 459.72755432128906 42.852106094360344 510.6840515136719 67.23202705383301
0 0.0187 58.04563522338867 253.98376464843744 112.19596862792969 276.10206604003906
0 0.0186 37.718467712402344 34.16469573974609 92.49569892883301 55.91848373413085
0 0.0184 309.4405746459961 153.07571411132812 360.93761444091797 177.01114654541016
0 0.0183 26.941585540771484 144.57229614257812 83.20919990539551 165.5043029785156
0 0.0177 145.39508819580078 155.27275085449216 204.64378356933594 174.78496551513672
0 0.0174 574.3924140930176 144.8368263244629 638.7499809265137 194.74702835083008
0 0.0172 108.0197525024414 283.9972686767578 162.21988677978516 306.08818054199213
0 0.0170 348.24832916259766 93.85921478271483 402.0126724243164 116.22680664062499
0 0.0168 145.99836349487305 -14.985675811767578 204.08231735229492 5.051431655883788
0 0.0164 529.5964050292969 102.9490280151367 580.8010864257812 127.13554382324217
0 0.0163 598.5844421386719 203.65612030029297 638.75 226.43146514892578
0 0.0155 76.19220733642578 114.92357254028319 133.90335083007812 135.143985748291
0 0.0154 37.790842056274414 64.12187576293944 92.43009567260742 85.96139907836914
0 0.0150 466.3921356201172 -45.163226127624505 523.7168121337891 -24.766058921813965
0 0.0147 418.52970123291016 133.69390487670896 471.75586700439453 156.3940620422363
0 0.0145 87.06217765808105 14.510135650634766 143.09847831726074 35.567378997802734
0 0.0145 458.3988571166992 243.77265930175776 511.87496185302734 266.3146209716797
0 0.0139 468.82747650146484 183.49721908569333 521.4880752563477 206.59036636352536
0 0.0138 608.7239074707031 233.14497947692865 638.75 256.8835544586181
0 0.0133 535.24658203125 128.94784927368164 574.9259948730469 161.18951797485352
0 0.0133 396.8846893310547 -35.40257930755615 453.2624053955078 -14.521870613098145
0 0.0129 398.74290466308594 63.55213165283203 451.5644836425781 86.53533935546874
0 0.0127 27.4005126953125 4.335088729858397 82.78742790222168 25.74543952941894
0 0.0127 97.10853576660156 64.48712825775146 153.0556869506836 85.59092044830322
0 0.0127 469.2176818847656 153.23047637939453 521.1378479003906 176.85646057128906
0 0.0125 205.34626007080078 -34.70479488372803 264.688720703125 -15.23778438568115
0 0.0124 337.5957489013672 254.23042297363284 392.60841369628906 275.85166931152344
0 0.0123 609.0135955810547 542.6210021972655 638.75 558.75
0 0.0121 308.89137268066406 123.46256256103514 361.4289093017578 146.62609100341797
0 0.0120 0.0 -66.89893245697021 40.96712112426758 -43.01390171051026
0 0.0119 580.7362747192383 82.3048210144043 608.8669967651367 127.81469345092772
0 0.0119 37.17928171157837 94.44618225097655 92.99169301986694 115.63179016113281
0 0.0117 468.8921356201172 103.4540557861328 521.4299774169922 126.63345336914062
0 0.0116 156.50957107543945 64.78008270263672 213.6085319519043 85.29170989990233
0 0.0114 0.0 112.92547225952148 40.75932025909424 137.16020584106445
0 0.0113 275.0035285949707 179.429874420166 315.1510429382324 210.75067520141602
0 0.0111 128.4831953048706 313.72249603271484 181.79810047149658 336.36531829833984
0 0.0106 609.1989135742188 342.8172302246094 638.75 367.2113037109375
0 0.0105 0.0 169.31001663208008 35.088021755218506 200.85966110229492
0 0.0105 398.22967529296875 293.87065887451166 452.0294952392578 316.21532440185547
0 0.0104 408.5569763183594 343.67607116699213 461.73133850097656 366.41181945800776
0 0.0103 0.0 49.468231201171875 35.16540050506592 80.71578979492186
0 0.0103 146.37256622314453 -35.15653133392334 203.73554229736328 -14.773364067077637
0 0.0102 0.0 363.4133529663086 51.360435485839844 386.67545318603516
0 0.0102 0.0 -36.70821189880371 41.206488609313965 -13.203716278076172
0 0.0102 466.5351104736328 -75.23767948150633 523.5862731933594 -54.69114780426025
