0 0.0968 426.22474670410156 134.91058349609372 483.8727569580078 155.15762329101562
0 0.0862 416.22989654541016 114.90850448608396 473.86791229248047 135.15981674194333
0 0.0800 446.50299072265625 154.78157043457028 503.6150360107422 175.28987884521484
0 0.0744 487.3085403442383 134.37688827514646 542.873420715332 155.70184707641602
0 0.0574 406.1377716064453 94.95149612426758 463.95301818847656 115.11590957641602
0 0.0567 386.97437286376953 154.55732345581055 443.17867279052734 175.5198097229004
0 0.0482 477.0992660522461 104.48747634887695 533.0652236938477 125.58980941772461
0 0.0470 477.1896743774414 174.44234848022458 532.9817581176758 195.63592910766602
0 0.0455 357.14420318603516 124.47052001953125 413.02249908447266 145.60810089111328
0 0.0351 447.3741149902344 224.3487548828125 502.8117370605469 245.73150634765622
0 0.0313 417.1453094482422 184.46802139282224 473.0219268798828 205.610294342041
0 0.0313 346.9261932373047 94.58002090454102 403.2233428955078 115.49642562866211
0 0.0299 487.64244079589844 204.20284271240232 542.5661468505859 225.8792495727539
0 0.0298 406.00475311279297 75.01100540161133 464.07649993896484 95.05475997924805
0 0.0261 387.5695037841797 234.24952507019043 442.6313018798828 255.833101272583
0 0.0256 448.0897521972656 253.95534515380857 502.1563720703125 276.13033294677734
0 0.0254 0.0 219.8858642578125 638.75 558.75
0 0.0229 0.0 -79.99999999999999 510.9122848510742 201.51496887207028
0 0.0223 466.8482971191406 74.61286067962646 523.2965850830078 95.46194553375243
0 0.0208 377.33489990234375 204.36599731445312 432.8485107421875 225.71342468261716
0 0.0208 328.36421966552734 153.7953948974609 381.90601348876953 176.29196166992185
0 0.0204 28.268280029296875 -66.15295171737671 81.99455261230469 -43.76096487045288
0 0.0203 298.3540344238281 113.80172729492188 351.9152069091797 136.28562927246094
0 0.0196 508.42803955078125 233.74958038330078 561.8495941162109 256.3370132446289
0 0.0190 145.24860382080078 28.950195312499996 184.92347717285156 61.1873435974121
0 0.0183 468.9842987060547 283.39729309082026 521.3459777832031 306.69090270996094
0 0.0178 538.6715316772461 153.59600067138672 591.6293716430664 176.49105072021484
0 0.0177 388.90811920166016 263.4516906738281 441.4137649536133 286.636962890625
0 0.0173 39.02350425720215 -36.63361549377441 91.31166458129883 -13.278846740722658
0 0.0170 185.1662254333496 19.120054244995114 224.99929428100586 51.032552719116204
0 0.0170 608.7371063232422 203.13535690307617 638.75 226.89306259155273
0 0.0166 346.60179138183594 64.7370719909668 403.5231018066406 85.33584594726561
0 0.0163 608.7083435058594 173.1534767150879 638.75 196.87475204467773
0 0.0161 287.9668140411377 84.0269088745117 342.26832389831543 106.05812072753906
0 0.0158 538.5171890258789 183.69443893432617 591.7687606811523 206.3924217224121
0 0.0157 608.8432312011719 233.065185546875 638.75 256.9635009765625
0 0.0155 405.94451904296875 55.03695487976074 464.1326141357422 75.02793312072752
0 0.0153 0.0 -41.29971504211425 34.818596839904785 -8.584632873535154
0 0.0151 129.75579738616943 2.828369140624999 180.6593942642212 27.25530624389648
0 0.0149 574.3924140930176 -55.16318321228027 638.7499809265137 -5.252971649169921
0 0.0147 519.246711730957 263.20980072021484 571.1118698120117 286.8770217895508
0 0.0145 229.2176628112793 13.235473632812502 281.1367988586426 36.85216903686523
0 0.0145 29.15170431137085 223.2768726348877 81.19690179824829 246.81025505065915
0 0.0143 608.7669372558594 143.11506271362305 638.75 166.91335678100583
0 0.0142 528.1610870361328 83.90674591064453 582.0929718017578 106.1782455444336
0 0.0139 179.78837966918945 -7.1971893310546875 230.63055038452148 17.280597686767578
0 0.0136 19.168567657470703 193.26889038085938 71.18099212646484 216.818733215332
0 0.0134 105.12999534606934 29.190769195556637 145.03296852111816 60.968170166015625
0 0.0134 327.93582916259766 234.04621124267575 382.29625701904297 256.03885650634766
0 0.0133 538.6354064941406 113.62209320068358 591.661376953125 136.46533966064453
0 0.0132 408.84605407714844 293.4899520874023 461.4702606201172 316.59832000732416
0 0.0131 189.5585060119629 52.98624992370605 240.83303451538086 77.09973335266112
0 0.0129 328.47156524658203 183.7225341796875 381.81018829345703 206.36417388916013
0 0.0128 525.436897277832 298.53111267089844 564.7525405883789 331.56990051269526
0 0.0128 9.293956756591797 163.18298339843747 61.06823444366455 186.90464019775388
0 0.0128 469.8255920410156 312.77069091796875 520.5982208251953 337.31201171874994
0 0.0126 285.5199432373047 308.33839416503906 324.67750549316406 341.74613952636713
0 0.0124 95.1218032836914 -40.79047203063965 135.04030227661133 -9.04891014099121
0 0.0121 608.993091583252 542.6368522644042 638.7499809265137 558.7500190734862
0 0.0120 307.66621589660645 44.19278144836425 362.54366874694824 65.88992118835449
0 0.0120 339.4438934326172 283.0741882324218 390.9344482421875 307.0127868652344
0 0.0120 608.885326385498 53.036422729492195 638.7500190734863 76.99226379394531
0 0.0120 608.9976501464844 262.96024322509766 638.75 287.06859588623047
0 0.0120 235.10231018066406 -20.75472831726074 275.05863189697266 10.918569564819336
0 0.0118 268.8673782348633 143.47469329833982 321.4513397216797 166.6134262084961
0 0.0118 419.2878723144531 323.1862258911133 471.07391357421875 346.90128326416016
0 0.0117 248.71761322021484 43.57122421264648 301.58668518066406 66.51660919189453
0 0.0117 129.60232257843018 62.94548034667967 180.79566478729248 87.13916778564453
0 0.0114 608.8625335693359 113.05149078369139 638.75 136.97711944580078
0 0.0114 608.9190673828125 83.0142593383789 638.75 107.01457977294922
0 0.0113 609.0378570556641 22.929706573486325 638.75 47.09878921508788
0 0.0113 228.6941909790039 83.58846664428711 281.60736083984375 106.49965286254883
0 0.0112 79.6182918548584 -7.064645290374756 130.7810878753662 17.149465084075928
0 0.0112 135.18486499786377 -30.91703414916992 174.98202800750732 1.0663414001464855
0 0.0110 288.6161422729492 13.635416030883789 341.6785430908203 36.45215034484863
0 0.0109 507.7952575683594 54.11262512207032 562.4275970458984 75.96967697143555
0 0.0108 325.4533004760742 308.50173950195307 364.73690032958984 341.5967559814453
0 0.0103 185.07606506347656 79.29689407348631 225.0829315185547 110.87160110473631
0 0.0102 279.62470054626465 282.9361343383789 330.7742404937744 307.1493911743164
0 0.0102 254.8036766052246 109.80066299438477 295.3374671936035 140.41399002075195
0 0.0102 49.24813270568848 23.21174621582031 101.11001968383789 46.87551498413085
0 0.0101 79.74611282348633 212.83813476562497 130.66749572753906 237.24590301513672
0 0.0100 0.7821035385131836 -79.99999999999999 28.81270408630371 -42.53355503082275
0 0.0100 89.04446601867676 -66.64276838302611 141.2917423248291 -43.26899766921997
0 0.0100 564.8237228393555 209.76192474365232 605.3189468383789 240.44914245605466
