0 0.1063 -100.76745414733885 327.74932861328125 -62.00655364990233 362.28614807128906
0 0.0922 69.19400787353517 227.86775588989258 108.02587127685548 262.1774101257324
0 0.0767 -100.75029754638669 367.6922607421875 -62.020596504211404 402.33856201171875
0 0.0766 109.02305221557617 218.32439422607422 148.17535018920896 251.75899505615234
0 0.0754 79.26904296875 267.63097763061523 117.96327209472656 302.39484786987305
0 0.0718 -86.39154815673827 302.52891540527344 -36.148694992065415 327.5493621826172
0 0.0682 -61.09862709045408 328.61366271972656 -21.71547317504881 361.49452209472656
0 0.0667 53.978038787841804 202.17073440551758 103.53538131713867 227.89762496948242
0 0.0606 69.38228225708009 307.1703243255615 107.87772750854492 342.8187656402588
0 0.0599 119.20470809936525 257.8289794921875 158.0174217224121 292.21302032470703
0 0.0584 39.269634246826186 267.6165199279785 77.96393966674806 302.4081611633301
0 0.0556 29.20579528808595 227.82474517822266 68.0166015625 262.21691131591797
0 0.0551 103.93880462646484 192.20232009887695 153.5702667236328 217.86615371704102
0 0.0504 109.3127784729004 307.4732208251953 147.92846298217773 342.53990173339844
0 0.0474 29.249359130859393 317.68924713134766 67.98007583618164 352.34134674072266
0 0.0463 -61.08503723144529 368.5820770263672 -21.727708816528303 401.5233612060547
0 0.0411 59.02474975585939 168.3272933959961 98.17315673828125 201.7563247680664
0 0.0388 -100.9133102893829 268.1683921813965 -61.881497144699075 301.901798248291
0 0.0379 154.10256958007812 291.2843704223633 182.5274429321289 338.6224365234375
0 0.0372 149.17575454711914 217.9231834411621 188.0412254333496 252.12656021118164
0 0.0363 -106.49999999999997 408.0794143676758 -71.89707660675047 441.9833755493164
0 0.0362 94.13417434692383 341.4936065673828 122.48935317993164 388.45123291015625
0 0.0335 -20.857700347900373 318.0113983154297 18.07067489624025 352.04566955566406
0 0.0321 98.970027923584 158.4544563293457 138.22261428833008 191.63999557495117
0 0.0302 124.15454483032228 341.6325378417969 152.46478652954102 388.3384704589844
0 0.0288 64.17502975463867 351.79821014404297 92.44025802612305 398.20858001708984
0 0.0283 4.148622512817397 261.5862846374512 32.471891403198256 308.3750343322754
0 0.0283 -61.23505973815915 268.9077377319336 -21.59067535400389 301.22608184814453
0 0.0278 24.22779655456544 182.2294807434082 52.3771152496338 227.87240982055664
0 0.0275 169.28083038330078 257.5900077819824 207.95377349853513 292.43249893188477
0 0.0271 -77.56056451797483 593.4284591674805 -25.11388921737669 616.6598892211914
0 0.0258 32.646161079406745 613.2773971557617 84.70257854461671 636.8092727661133
0 0.0258 159.2904052734375 337.5469970703125 197.94694519042972 372.4720764160156
0 0.0257 -20.92872047424315 358.2064437866211 18.1322536468506 391.86695098876953
0 0.0256 154.20436477661133 172.01812744140625 182.40504837036133 218.03417205810547
0 0.0254 -106.49999999999997 299.8858642578125 532.25 638.75
0 0.0250 34.19547176361085 351.95545196533203 62.41577243804933 398.0844497680664
0 0.0246 184.1239128112793 291.41685485839844 212.5016746520996 338.5124969482422
0 0.0240 -66.52464056015012 402.63916015625 -16.031672000884992 427.4406433105469
0 0.0229 93.12394714355469 612.9213714599609 144.27804565429688 637.1620941162109
0 0.0229 -106.49999999999997 0.0 404.4122848510742 281.5149688720703
0 0.0213 189.11573028564453 208.08765411376953 228.0934295654297 241.9757843017578
0 0.0210 -78.64229583740232 564.0870666503906 -24.131616592407212 585.9970855712891
0 0.0199 -10.842756271362289 227.97351837158203 28.057390213012706 262.08038330078125
0 0.0194 214.14975738525388 261.59446716308594 242.47052764892578 308.3684539794922
0 0.0192 -67.45001459121703 622.8819274902344 -15.114480495452868 638.75
0 0.0180 214.148307800293 311.58312797546387 242.47228240966797 358.37742805480957
0 0.0179 153.17058181762698 612.8823471069336 204.23736190795898 637.2003555297852
0 0.0177 91.48181533813477 554.0187835693359 145.75458145141602 576.0664367675781
0 0.0166 183.87315368652344 182.2769546508789 233.62435913085938 207.79464721679688
0 0.0163 -18.052047729492177 573.7400817871094 35.330940246582045 596.3469696044922
0 0.0160 244.1524658203125 271.6128349304199 272.46728515625 318.3535575866699
0 0.0160 405.4039154052735 169.84180450439453 532.25 269.6270751953125
0 0.0159 234.19274902343747 201.92083358764648 262.4189147949219 248.10972213745117
0 0.0154 264.1996917724609 201.982421875 292.4106750488281 248.06232452392578
0 0.0153 406.19212722778315 0.0 532.2499809265136 69.84923839569092
0 0.0152 43.826962471008315 142.32660293579102 93.66292095184328 167.74682998657227
0 0.0152 -105.78936958312985 222.08759307861328 -77.60234975814818 267.98255920410156
0 0.0150 274.15242767333984 251.61270141601562 302.4673233032226 298.3536911010742
0 0.0149 -105.78278446197507 442.1461486816406 -77.61020565032958 487.9376220703125
0 0.0149 -15.773452758789045 392.21961975097656 12.37861251831056 437.8800964355469
0 0.0146 244.1435775756836 321.5511703491211 272.4780044555664 368.40343475341797
0 0.0146 173.27641105651855 142.81649112701416 224.14030647277832 167.26758480072021
0 0.0145 102.54003143310548 583.3609008789062 154.79558563232422 606.7274475097656
0 0.0143 -5.777572631835923 182.17756271362305 22.383495330810558 227.91166305541992
0 0.0141 42.4139747619629 573.4426879882812 94.90962600708008 596.6452789306641
0 0.0140 294.1842803955078 201.85361862182617 322.4290618896485 248.16247940063477
0 0.0139 -106.49999999999997 532.8427886962891 -65.82718276977536 557.2412872314453
0 0.0135 154.21022033691406 372.0825958251953 182.39812469482422 417.98622131347656
0 0.0135 93.60299682617189 132.53385543823242 143.85602569580078 157.54453659057617
0 0.0134 172.86119079589844 113.1329345703125 224.5085296630859 136.9542121887207
0 0.0133 -105.73004388809203 562.643928527832 -77.67292881011961 607.5608444213867
0 0.0132 274.14186096191406 311.53773307800293 302.4800262451172 358.41404914855957
0 0.0131 -71.43797302246091 429.31774139404297 -31.403373718261705 460.85262298583984
0 0.0125 468.97071456909174 604.7563171386719 532.2500190734863 638.75
0 0.0125 90.88096237182619 524.3436813354492 146.30576705932617 545.7364273071289
0 0.0125 238.97649383544925 168.44478607177734 278.21622467041016 201.6488265991211
0 0.0124 -76.87582159042356 242.93109893798828 -25.724188327789292 267.15370178222656
0 0.0124 199.20042610168457 357.8429412841797 238.02097892761228 392.2001647949219
0 0.0123 213.19680786132812 612.8607559204102 264.21441650390625 637.221565246582
0 0.0122 304.1578063964843 251.6509246826172 332.46080017089844 298.3229064941406
0 0.0116 279.05511474609375 168.2470703125 318.1466064453125 201.8297576904297
0 0.0113 -11.599239349365218 619.1576385498047 28.794837951660167 638.75
0 0.0112 324.1914520263672 201.91192626953125 352.42051696777344 248.11691284179688
0 0.0111 -106.49999999999997 622.6898193359375 -74.92331886291502 638.75
0 0.0110 98.81457901000978 388.7948989868164 138.36455917358398 421.3290786743164
0 0.0109 467.8924140930175 104.83681678771973 532.2499809265137 154.7470188140869
0 0.0108 223.4552536010742 142.6666259765625 273.9838180541992 167.41483688354492
0 0.0107 144.25428009033203 122.47894763946533 172.34559631347653 167.68340587615967
0 0.0107 162.4983367919922 83.39008331298828 214.83285522460935 106.69841766357422
0 0.0107 -17.875074386596662 543.6299133300781 35.170560836792006 566.4576721191406
0 0.0105 152.25993728637698 553.5408401489258 205.04912948608398 576.5465927124023
0 0.0104 334.174934387207 251.7799186706543 362.4402389526367 298.2204246520996
0 0.0101 304.1816864013672 311.8345546722412 332.43218994140625 358.1776523590088
0 0.0101 414.0931091308594 271.23640060424805 442.5389251708985 318.66418838500977
