0 0.5184 167.49425888061523 181.0893440246582 214.42071914672852 208.1266212463379
0 0.5073 158.1966209411621 76.79452419281006 214.10333633422852 99.51609134674071
0 0.4548 151.5774154663086 114.5651626586914 212.15442657470703 142.03563690185547
0 0.4419 244.20673370361328 108.99465560913085 298.0718994140625 141.50766372680664
0 0.4014 228.59416961669922 191.6373634338379 273.7297821044922 219.00842666625977
0 0.3758 526.8838119506836 358.7669372558593 572.5323104858398 386.83319091796875
0 0.3631 466.71398162841797 388.4381103515625 569.8336410522461 423.34663391113276
0 0.3594 339.68212127685547 370.9413528442383 481.46488189697266 411.81026458740234
0 0.2123 292.1004104614258 194.32365417480466 339.8385238647461 219.6908950805664
0 0.2024 231.3011360168457 71.65328979492188 284.7157859802246 97.20123291015624
0 0.1735 161.97317123413086 48.99086952209473 225.1588249206543 73.15381050109863
0 0.1679 473.7883758544922 363.27934265136713 521.4151000976562 398.3488464355468
0 0.1530 419.13516998291016 406.67278289794916 494.5100784301758 436.2137222290039
0 0.1477 168.26921463012695 138.63670349121094 207.43841171264648 172.73757934570312
0 0.1431 253.1201171875 148.2647705078125 321.2130355834961 185.33870697021484
