0 0.1202 254.84888076782227 -51.00233459472655 315.1525688171387 -31.946920394897447
0 0.1081 536.321907043457 -101.6420974731445 593.7846755981445 -81.28981494903562
0 0.1052 265.0680446624756 -71.09195137023924 324.9485111236572 -51.85459518432615
0 0.0914 193.60851287841797 -40.53124809265135 256.31214141845703 -22.43466758728026
0 0.0894 15.680875778198242 -1.3423576354980327 74.37625885009766 18.404823303222667
0 0.0818 255.37851333618164 -31.21799135208128 314.65864181518555 -11.724120616912828
0 0.0812 25.25554656982422 -21.165813446044904 84.77292060852051 -1.7777481079101423
0 0.0811 134.19018268585205 -30.74171447753905 195.76663494110107 -12.215579986572251
0 0.0791 326.396484375 -81.66682624816892 383.7132263183594 -61.26266384124753
0 0.0753 536.1244201660156 -81.54415035247801 593.9658355712891 -61.38887310028074
0 0.0722 346.41319274902344 -101.68055915832518 403.6991882324219 -81.24967956542967
0 0.0712 265.2722644805908 -91.17766284942626 324.75855827331543 -71.76648521423337
0 0.0683 16.2176513671875 18.4202060699463 73.87775421142578 38.648954391479506
0 0.0647 194.05885696411133 -20.694259643554673 255.88994979858398 -2.26513290405272
0 0.0643 134.04706954956055 -50.690135002136216 195.90105056762695 -32.26946735382079
0 0.0636 193.69361877441406 -60.56381607055662 256.23291015625 -42.40125083923338
0 0.0631 75.1164436340332 -41.1072483062744 134.9022102355957 -21.837915420532212
0 0.0609 356.32694244384766 218.3637390136719 413.77796173095703 238.7056884765625
0 0.0599 85.2427864074707 -11.15849876403807 144.78429794311523 8.215108871459975
0 0.0530 15.865564346313477 -41.42568016052244 74.20533180236816 -21.510013580322248
0 0.0505 475.72193145751953 -101.3726201057434 534.3411636352539 -81.56643533706664
0 0.0450 405.7944869995117 -101.40219831466672 464.2732620239258 -81.53561973571776
0 0.0448 316.81297302246094 -51.869052886962876 373.3290100097656 -31.056407928466783
0 0.0439 75.87882995605469 8.570333480834972 134.19256210327148 28.494440078735362
0 0.0424 356.34254455566406 238.35816955566403 413.76312255859375 258.7117156982422
0 0.0408 536.6562652587891 -61.79191493988035 593.4734344482422 -41.13502407073973
0 0.0395 385.9283447265625 -81.4510860443115 444.14649963378906 -61.48345851898191
0 0.0393 327.34180450439453 197.8639373779297 382.84183502197266 219.21578979492188
0 0.0376 145.1100730895996 -1.1011734008788923 204.90728378295898 18.15650558471681
0 0.0367 204.20202255249023 -80.75183773040769 265.7570457458496 -62.20626735687254
0 0.0365 597.8574371337891 -102.42200279235838 638.75 -80.4952516555786
0 0.0344 26.455552577972412 38.30762958526613 83.65803003311157 58.76385784149171
0 0.0324 35.448458194732666 -61.247447967529276 94.59352254867554 -41.69375801086424
0 0.0311 386.7587661743164 198.1534824371338 443.3799362182617 218.91983604431152
0 0.0298 475.47618865966797 -81.25676059722899 534.5671463012695 -61.68369674682616
0 0.0288 256.0088348388672 -11.492561340332017 314.0731430053711 8.558078765869153
0 0.0255 134.36618328094482 -70.81208133697507 195.60299396514893 -52.143420219421365
0 0.0254 0.0 193.38586425781247 638.75 532.25
0 0.0250 376.7387008666992 -61.82789230346678 433.3963394165039 -41.097568511962876
0 0.0239 597.8359985351562 -72.40638041496275 638.75 -50.510487794876084
0 0.0237 205.19742965698242 -101.15265333652493 264.82980728149414 -81.79345929622649
0 0.0229 0.0 -106.49999999999999 510.9122848510742 175.01496887207034
0 0.0218 297.87487030029297 227.5785980224609 352.35240936279297 249.5057830810547
0 0.0210 0.0 -83.01079654693602 41.463565826416016 -59.90041160583495
0 0.0205 416.9961929321289 218.0384216308594 473.16043853759766 239.0377197265625
0 0.0196 357.9671859741211 167.51624679565433 412.27039337158203 189.56725692749023
0 0.0174 136.3217544555664 18.37055778503419 193.78173828125 38.69951820373536
0 0.0171 45.6381630897522 -81.32956886291502 104.41735982894897 -61.60942459106443
0 0.0168 36.359803676605225 -101.65933513641355 93.7494683265686 -81.2720909118652
0 0.0167 205.34086227416992 8.800722122192397 264.6929359436035 28.257165908813487
0 0.0165 0.0 67.07921600341798 51.5915584564209 90.00917053222658
0 0.0159 577.891960144043 -42.43356132507322 632.3373794555664 -20.482305526733384
0 0.0150 376.7041778564453 258.1861267089844 433.4288787841797 278.8876495361328
0 0.0149 316.9932174682617 -21.959899902343732 373.1631088256836 -0.9639778137206887
0 0.0132 269.13002014160156 196.79391479492188 321.21593475341797 220.2935562133789
0 0.0132 608.9819526672363 516.1456451416016 638.7499809265137 532.25
0 0.0132 86.93113327026367 38.07561492919923 143.21928024291992 59.000583648681655
0 0.0131 476.3850402832031 -61.65806198120115 533.7229919433594 -41.271013259887674
0 0.0129 299.10247802734375 166.8139991760254 351.2403869628906 190.27366256713867
0 0.0128 145.48810958862305 -101.27294921874997 204.55881118774414 -81.66917943954465
0 0.0124 56.595704555511475 58.234611511230476 113.5300087928772 78.83740997314453
0 0.0119 0.0 97.21982574462892 51.79295539855957 119.86806488037112
0 0.0117 609.6220207214355 485.9835968017578 638.7500190734863 511.0410461425782
0 0.0116 507.01969146728516 -41.966516017913804 563.1371688842773 -20.956083774566636
0 0.0110 277.35936164855957 47.85691356658937 332.82519340515137 69.2232713699341
0 0.0107 338.9668655395508 136.90688705444336 391.3621139526367 160.18100357055667
0 0.0107 427.80906677246094 177.60686492919922 482.41455078125 199.47579956054685
0 0.0106 56.59365653991699 88.23932266235353 113.53100776672363 108.83327102661134
0 0.0102 167.5939178466797 87.73126220703125 222.61009216308594 109.35075378417969
