0 0.0499 119.25521278381346 463.29107880592346 159.36001920700073 482.08901286125183
0 0.0395 158.28674072027206 471.12587094306946 198.45021301507953 489.8792803287506
0 0.0388 118.97496664524078 486.5557998418808 159.68824708461761 499.0234524011612
0 0.0356 80.0107845067978 447.7989971637726 120.45971834659578 466.33192896842957
0 0.0353 80.49207711219789 470.8627164363861 120.0340964794159 490.13885855674744
0 0.0339 204.8258163928986 471.3664948940277 245.62525534629822 489.6399676799774
0 0.0323 33.066255688667304 447.84799218177795 73.64697539806366 466.2831127643585
0 0.0314 87.6627244949341 424.4733452796936 128.41614866256714 442.7828788757324
0 0.0300 25.81612551212312 150.5407989025116 65.33641898632051 169.83568668365479
0 0.0285 157.67306619882584 448.1106400489807 199.0009450316429 466.02046489715576
0 0.0284 41.45741248130799 470.83792090415955 80.94751620292664 490.163117647171
0 0.0277 40.65073812007905 424.5656430721283 81.66436636447908 442.6906406879425
0 0.0270 -8.987227737903586 139.5905166864395 21.817689478397376 165.18567502498627
0 0.0262 30.034983247518543 124.05188754200935 60.91711083054543 149.48184415698051
0 0.0257 -82.95070967078208 126.57895684242249 -60.91668298840522 162.52633929252625
0 0.0254 -83.49999999999999 234.28583145141602 415.5234375 499.0234375
0 0.0253 29.99285766482354 171.01813852787018 60.955540925264366 196.2735801935196
0 0.0252 204.2293229103088 448.3046233654022 246.16566085815427 465.82499146461487
0 0.0238 -8.94979602098464 108.25714096426964 21.783640325069438 134.01183858513832
0 0.0229 -1.1993072032928365 170.89466750621796 29.652578473091136 196.38623297214508
0 0.0229 -83.49999999999997 0.0 315.6502225399017 219.93356943130493
0 0.0221 79.66427290439606 401.16086602211 120.77091419696806 419.2204773426056
0 0.0219 -83.49999999999999 162.76729106903076 -56.40272638201712 188.86154890060425
0 0.0216 2.0605639517307353 478.90958189964294 42.18130716681481 497.7189004421234
0 0.0213 25.897467225790027 103.59405726194382 65.26586571335793 123.03084880113602
0 0.0212 64.59247851371767 150.77057480812073 104.65088272094727 169.60909962654114
0 0.0210 -83.49999999999999 100.22905468940735 -56.41612625122069 126.3965368270874
0 0.0207 -40.46717500686645 132.24126398563385 -9.219447433948508 156.9509357213974
0 0.0196 -13.148987948894492 87.95686066150665 26.18903452157975 107.4180155992508
0 0.0193 61.12091028690338 171.26688361167908 92.31798136234283 196.04694843292236
0 0.0192 392.59579563140863 463.01954984664917 415.52343749999994 482.31446743011475
0 0.0189 -32.56282983720302 163.31112384796143 -1.4922286421060462 188.36495280265808
0 0.0186 61.21760392189026 124.19678270816803 92.22864890098573 149.34967458248138
0 0.0185 32.733676671981826 401.1967182159424 73.94617581367493 419.18450593948364
0 0.0185 -44.86866509914397 478.9513051509857 -4.645714819431296 497.6777136325836
0 0.0184 -52.961470842361436 111.96424067020416 -12.207741200923909 130.29079139232635
0 0.0184 392.2360368967056 486.46603524684906 415.52342259883875 499.0234524011612
0 0.0175 -6.235020518302909 432.3851466178894 34.799096822738655 450.4961371421814
0 0.0175 25.537578105926528 197.6374387741089 65.58212423324585 216.49184823036194
0 0.0174 245.398549079895 460.33772826194763 298.8912143707275 485.0081503391266
0 0.0174 -82.93873845040797 189.18031454086304 -60.93099369108675 224.94789958000183
0 0.0173 134.27445077896118 424.64813590049744 175.5283155441284 442.6080286502838
0 0.0168 -82.94746121764182 64.10546600818634 -60.920574054121964 100.00567138195038
0 0.0160 -9.12861740589141 202.38977670669556 21.947351932525645 227.41270065307617
0 0.0160 298.4358944892883 479.268342256546 339.5021238327026 497.36252427101135
0 0.0158 -13.905102670192708 455.7284116744995 26.85814136266709 474.0280508995056
0 0.0158 30.026493310928352 77.19659060239792 60.92473649978638 102.58883982896805
0 0.0155 110.8170428276062 96.53724730014801 152.10851812362668 114.46906626224518
0 0.0150 71.71332621574402 377.81259417533875 113.08347964286804 395.69351077079773
0 0.0149 -8.97525465488433 61.43650412559509 21.80702769756318 87.08716928958893
0 0.0146 -53.23376721143721 190.2698576450348 -11.962408483028401 208.23508501052856
0 0.0145 64.72834730148315 103.79048436880112 104.53060054779053 122.83807247877121
0 0.0143 64.20983159542084 205.73486387729645 104.99228322505952 224.0215390920639
0 0.0143 -61.42787849903106 448.3267068862915 -19.430699110031117 465.8031463623047
0 0.0139 103.28072094917297 119.79147791862488 144.047287940979 138.0898952484131
0 0.0138 -83.49999999999999 470.94619274139404 -43.94229716062545 490.05699157714844
0 0.0138 -53.079495489597306 80.79472929239273 -12.101764142513264 98.96046668291092
0 0.0135 22.040499091148387 218.17617118358612 53.27217066287996 242.89076030254364
0 0.0130 -82.9454253464937 25.05967766046524 -60.923010393977144 60.930170118808746
0 0.0129 -82.92946434020995 329.88691329956055 -60.942059665918336 365.5102252960205
0 0.0128 317.0407243967056 0.0 415.5234225988388 54.56971749663353
0 0.0127 48.42042708396912 307.40830302238464 89.5150580406189 325.47321915626526
0 0.0127 110.87783956527711 143.37030053138733 152.05418848991394 161.38571500778198
0 0.0126 64.66546440124512 80.40191978216171 104.58624148368835 99.3521586060524
0 0.0126 24.92578113079072 377.7550160884857 66.12975680828094 395.751029253006
0 0.0124 -82.93111091852187 228.30995917320251 -60.940092712640755 263.9588415622711
0 0.0123 110.87718391418457 73.05905967950821 152.05460572242737 91.07208997011185
0 0.0122 -53.87763893604277 354.72437739372253 -11.378089249134057 371.9033896923065
0 0.0121 126.20325917005539 2.9347725212574005 167.95024806261063 20.570602267980576
0 0.0120 -83.49999999999999 2.02043354511261 -51.92813119292258 21.478820592164993
0 0.0120 -83.49999999999999 416.1215126514435 -51.89083731174469 435.50363183021545
0 0.0119 -53.43944235146046 213.83804082870483 -11.776447579264632 231.54151439666748
0 0.0117 71.84546971321106 354.2884886264801 112.9644193649292 372.3426163196564
0 0.0117 103.10216033458711 166.78670048713684 144.2078479528427 184.84479188919067
0 0.0116 -82.92901358008383 290.8284366130829 -60.94259983301161 326.4446556568146
0 0.0116 -13.921665310859671 408.8628888130188 26.873407602310188 427.1433353424072
0 0.0116 -53.809689640998826 331.24789595603943 -11.440070629119864 348.5052287578583
0 0.0114 71.93265640735626 330.795019865036 112.88548791408539 348.96138310432434
0 0.0114 40.678647994995124 283.9225232601166 81.63913869857788 302.083820104599
0 0.0114 -82.92831322550772 376.77255272865295 -60.94343057274818 412.37714886665344
0 0.0114 126.54412323236465 401.1557102203369 167.6419281363487 419.2253351211548
0 0.0113 56.679589390754714 228.97328436374664 96.92708933353425 247.65737354755402
0 0.0112 -1.34067451953887 319.6265399456024 29.782561302185066 344.5553481578827
0 0.0110 -9.318055868148793 351.1919975280762 22.123573064804088 375.5183815956116
0 0.0109 -9.168574869632712 233.7213084101677 21.98415035009385 258.58844071626663
0 0.0108 -45.85941350460051 378.0425190925598 -3.753098011016834 395.4613208770752
0 0.0108 -83.49999999999999 267.5483524799347 -52.02297335863112 287.19887137413025
0 0.0108 102.93343448638917 190.3306543827057 144.36074876785278 208.17524194717407
0 0.0106 25.388730406761177 252.43476033210754 65.71472966670991 271.070271730423
0 0.0106 -53.77119249105453 307.78783559799194 -11.475095808506001 325.0904679298401
0 0.0105 -53.06643275916575 57.34829045832157 -12.113485768437377 75.53187571465969
0 0.0103 25.244740486145023 354.1012704372406 65.84319257736206 372.52941727638245
0 0.0103 29.823885947465904 327.60825753211975 61.11163803935052 352.2138297557831
0 0.0102 385.62932395935053 358.9545786380768 415.52343749999994 383.2636773586273
0 0.0100 -45.17731471359729 2.610187977552414 -4.370108529925338 20.895101130008698
