0 0.0431 144.91488039493558 428.4375309944153 175.55011808872223 454.44512367248535
0 0.0425 209.91715788841248 276.2395441532135 251.25625729560852 294.141560792923
0 0.0401 160.59572249650952 467.36061573028564 191.12550467252728 493.63523721694946
0 0.0378 144.7460949420929 366.32439494132996 175.7025122642517 391.59175753593445
0 0.0375 191.91008806228635 467.186838388443 222.31942415237427 493.7944710254669
0 0.0372 176.19305849075315 412.751168012619 206.77423477172852 438.8762414455414
0 0.0366 156.11711144447327 291.22692346572876 195.77637314796448 310.40048599243164
0 0.0363 217.11063385009763 253.17639112472534 259.63085889816284 270.32744884490967
0 0.0359 208.45749974250793 214.55436944961548 252.59074568748474 230.817049741745
0 0.0356 156.13266825675964 314.64993953704834 195.76305150985718 333.85205268859863
0 0.0351 140.3757631778717 346.0066020488739 180.25410175323483 364.99693989753723
0 0.0351 210.1241648197174 299.54272508621216 251.0692775249481 317.71373748779297
0 0.0339 163.7626066803932 267.9251730442047 203.7355527281761 286.8293821811676
0 0.0338 144.89641785621643 397.23750948905945 175.56610703468323 423.149436712265
0 0.0317 116.91918969154358 291.3370132446289 156.83284401893616 310.29212474823
0 0.0313 176.109105348587 381.7002773284912 206.84966444969174 407.44417905807495
0 0.0310 116.16012454032898 198.11907410621643 157.5126051902771 216.01203083992004
0 0.0309 113.47125470638275 428.87455224990845 144.47550475597382 454.0460705757141
0 0.0306 128.97677719593048 483.41357707977295 160.25026142597198 499.0234375
0 0.0300 231.80881142616272 230.22021353244781 276.1081159114837 246.4001327753067
0 0.0299 116.56396090984344 268.16263794898987 157.14891254901886 286.5935266017914
0 0.0298 113.35502564907073 366.6091561317444 144.5828527212143 391.33238792419434
0 0.0297 117.02820658683777 314.68600034713745 156.7370593547821 333.8167667388916
0 0.0283 116.20506644248961 221.52724862098694 157.47210383415222 239.47885632514954
0 0.0276 171.25412076711655 244.72591280937195 211.83345466852188 263.15560936927795
0 0.0276 183.76608937978745 335.1635932922363 214.8040309548378 360.2604269981384
0 0.0274 163.07491064071652 213.722363114357 204.35082912445066 231.65933787822723
0 0.0269 231.77102208137512 198.9843100309372 276.14399790763855 215.13499319553375
0 0.0265 116.26194417476654 174.61523413658142 157.4207693338394 192.64093041419983
0 0.0265 179.67247217893598 361.4412546157837 219.1105559468269 380.80960512161255
0 0.0260 124.14094805717467 244.88326907157898 165.1735007762909 262.9978358745575
0 0.0258 117.16140806674956 455.1982283592224 156.62072598934174 474.5524525642395
0 0.0257 180.11477589607236 439.1365945339203 218.73280405998227 459.3521058559418
0 0.0254 -62.499999999999986 234.28583145141602 436.5234375 499.0234375
0 0.0247 207.3507308959961 412.97104954719543 238.1070256233215 438.675194978714
0 0.0245 113.41220140457153 397.7449834346771 144.52999830245972 422.68630862236023
0 0.0244 101.18038952350616 338.2948637008667 141.30960404872894 357.08457231521606
0 0.0240 116.40892922878265 151.08069777488708 157.2882682085037 169.30055618286133
0 0.0240 256.3479244709015 276.51455998420715 298.5336482524872 293.86547207832336
0 0.0236 223.13049435615537 467.2739505767822 253.5945475101471 493.7146306037903
0 0.0234 85.7471227645874 478.75815629959106 125.5175769329071 497.8678822517395
0 0.0229 -62.499999999999986 0.0 336.6502225399017 219.93356943130493
0 0.0223 185.77003479003903 190.72282314300537 228.464663028717 207.77976512908936
0 0.0220 255.2906572818756 214.5712971687317 299.505203962326 230.79913854599
0 0.0217 218.42649579048157 322.62977957725525 258.4441602230072 341.49983525276184
0 0.0207 256.7861080169678 299.6837794780731 298.1361150741577 317.5727427005768
0 0.0203 77.79508829116821 283.5692763328552 117.825448513031 302.4349808692932
0 0.0203 38.69254887104034 478.9045751094818 78.80006730556488 497.72390723228455
0 0.0200 -54.9142099916935 470.9923267364502 -15.079010277986526 490.01145362854004
0 0.0199 77.78695225715637 307.0124685764313 117.83277988433838 325.86678862571716
0 0.0195 201.7606198787689 143.64206790924072 243.75513195991516 161.11332178115845
0 0.0195 82.1852833032608 428.9478361606598 113.25870454311371 453.9792835712433
0 0.0193 263.2759809494018 253.5519301891327 307.1575164794922 269.94583010673523
0 0.0189 218.77434849739075 439.5328462123871 258.13862681388855 458.9674174785614
0 0.0189 277.59838104248047 467.8020477294922 308.47859382629395 493.2316541671753
0 0.0188 -62.5 447.6901888847351 -22.73757010698318 466.44020080566406
0 0.0186 285.7038676738739 113.3938729763031 331.53030276298523 128.84201109409332
0 0.0183 77.79738306999207 455.443412065506 117.8232431411743 474.310964345932
0 0.0182 82.07680284976959 358.8530719280243 113.35887014865875 383.46853852272034
0 0.0181 -16.010724008083344 478.9171814918518 24.126417934894558 497.71153926849365
0 0.0181 218.5888886451721 345.9359109401703 258.3014965057373 365.06667733192444
0 0.0181 116.50477349758148 127.57709622383118 157.20234811305997 145.9289789199829
0 0.0178 285.87144613265986 97.69406169652939 331.37500286102295 113.29367011785507
0 0.0178 163.10644894838333 166.82152450084686 204.32352274656296 184.80946123600006
0 0.0174 207.3569893836975 381.7065358161926 238.10142278671265 407.4384570121765
0 0.0173 201.57727599143982 120.31008303165436 243.92256140708923 137.56908476352692
0 0.0171 277.8701186180115 129.02866303920746 323.73738288879395 144.45705711841583
0 0.0168 209.6887230873108 167.00518131256104 251.4636516571045 184.62499976158142
0 0.0165 257.51009583473206 447.61234521865845 297.4882423877716 466.51691198349
0 0.0165 262.53989338874817 144.5261687040329 307.83811211586 160.21354496479034
0 0.0165 77.56443321704865 252.4941861629486 118.02984774112701 271.01197838783264
0 0.0164 193.96188855171204 65.50662219524384 235.93059182167053 82.99849927425385
0 0.0159 278.3884406089782 81.91949129104614 323.2570290565491 97.82209992408752
0 0.0150 201.57206058502197 96.87627851963043 243.92712116241455 114.12796378135681
0 0.0149 264.83815908432007 322.96493649482727 305.7324290275574 341.16682410240173
0 0.0147 257.2283744812012 361.88191175460815 297.73926734924316 380.3737759590149
0 0.0147 82.1486860513687 389.96315002441406 113.29211294651031 414.84588384628296
0 0.0145 308.83121490478516 467.83870458602905 339.7442698478699 493.1982159614563
0 0.0144 81.96158707141876 163.75230252742767 113.46681416034698 187.96361982822418
0 0.0144 263.18299770355225 66.09480828046799 307.2440028190613 82.40149170160294
0 0.0144 -62.5 424.106627702713 -30.710205435752872 443.1464970111847
0 0.0143 278.8645625114441 198.87949526309967 322.81678915023804 215.242400765419
0 0.0143 262.9841566085815 159.94618833065033 307.42645263671875 176.04877054691315
0 0.0142 81.86028897762299 195.18518447875977 113.56167495250702 219.0476953983307
0 0.0141 278.75763177871704 230.18203675746918 322.9154944419861 246.43872678279877
0 0.0140 160.04618257284162 140.3885930776596 191.62962585687634 164.45915400981903
0 0.0138 81.94412291049957 226.28840804100037 113.48269879817963 250.43082237243652
0 0.0138 238.49833011627197 413.1934642791748 269.45060491561884 438.4722113609314
0 0.0136 62.059704214334495 330.52757382392883 102.29846462607384 349.2274582386017
0 0.0135 155.6042805314064 111.92777752876282 196.23132795095444 130.32840192317963
0 0.0133 38.319289684295654 447.92890548706055 79.1320949792862 466.2019610404968
0 0.0127 387.0864957571029 472.4658727645874 436.52345240116114 499.0234375
0 0.0126 194.2216157913208 41.908930987119675 235.69512367248532 59.72197279334068
0 0.0126 338.04072439670557 0.0 436.5234225988388 54.56971749663353
0 0.0125 77.81200110912323 135.11957228183746 117.81032383441924 154.0096551179886
0 0.0125 280.51701188087463 385.4271173477173 321.30929827690125 403.7044644355774
0 0.0124 108.87882113456726 104.0077805519104 149.22288060188293 122.62275815010071
0 0.0124 -62.5 400.5352258682251 -30.85209429264069 419.8406934738159
0 0.0119 302.6680052280426 292.44568943977356 345.9167182445526 309.1801702976227
0 0.0117 310.0540339946747 261.4094316959381 354.1226089000702 277.7118384838104
0 0.0115 -62.5 369.2513406276703 -30.887670814990997 388.62404227256775
0 0.0115 155.5650234222412 80.70512115955353 196.26656174659726 99.05114769935608
0 0.0114 309.3080520629882 144.57139372825623 354.8128604888916 160.16662120819092
0 0.0113 310.0236654281616 214.5494520664215 354.150652885437 230.82152009010315
0 0.0112 -62.5 337.99901604652405 -30.889827758073807 357.3763072490692
0 0.0111 333.92876386642456 308.06198716163635 377.1575093269348 324.81351494789124
0 0.0109 294.72821950912476 50.317779183387756 338.2227420806885 66.93091988563538
0 0.0108 326.7972469329834 338.93290162086487 368.72178316116333 356.4476668834686
0 0.0108 50.83126202225685 421.33939266204834 82.10524544119833 445.980966091156
0 0.0107 238.4883165359497 381.9689154624939 269.4593071937561 407.198965549469
0 0.0107 -16.248807311058044 455.66311478614807 24.336591362953186 474.09310936927795
0 0.0104 286.52238845825195 175.52019655704498 330.7715058326721 191.7254477739334
0 0.0103 160.16656160354614 54.231107234954834 191.51684641838074 78.72144877910614
0 0.0101 50.7107675075531 351.25166177749634 82.21781253814697 375.46420097351074
