0 0.0905 255.37670135498047 -21.71496582031249 314.6597671508789 -2.2267837524413996
0 0.0854 609.5489501953125 45.539143562316895 638.75 70.4858045578003
0 0.0775 316.2264156341553 -22.089006423950188 373.87085914611816 -1.842557907104486
0 0.0754 254.86555099487305 -41.506089687347405 315.13628005981445 -22.4424500465393
0 0.0727 246.0856819152832 -2.0227355957031183 304.0007972717285 18.08987426757813
0 0.0714 135.09337902069092 -21.597015380859368 194.9235200881958 -2.3483200073242116
0 0.0692 195.01092910766602 -21.563417434692376 255.00036239624023 -2.382986068725579
0 0.0681 125.72144031524658 -1.8609352111816335 184.33879375457764 17.923744201660163
0 0.0642 615.2243041992188 71.54202270507812 638.75 104.5614700317383
0 0.0639 306.6970443725586 -2.310964584350579 363.43563079833984 18.384550094604496
0 0.0603 315.52433013916016 -41.7786235809326 374.52266693115234 -22.161447525024403
0 0.0599 533.062572479248 -2.085821151733393 638.7500190734863 47.56404685974122
0 0.0588 185.7737159729004 -1.8833084106445235 244.29014205932617 17.946823120117195
0 0.0544 194.6725082397461 -41.42991018295287 255.31654357910156 -22.521280765533437
0 0.0513 134.86098766326904 -41.50424194335936 195.14050006866455 -22.44435501098632
0 0.0463 528.1185913085938 50.09826946258546 612.6026153564453 116.12622547149658
0 0.0446 116.6221809387207 17.728651046752937 173.50393295288086 38.344705581665046
0 0.0437 438.74141693115234 156.55455398559567 491.56543731689453 179.53310775756836
0 0.0393 227.0619773864746 17.51204299926758 283.09823989868164 38.565757751464844
0 0.0383 76.26849174499512 -22.105133056640618 133.831148147583 -1.825439453124992
0 0.0366 348.04840087890625 16.979263305664066 402.1941375732422 39.10614776611329
0 0.0353 388.68778228759766 136.59397888183597 441.6128921508789 159.49433135986328
0 0.0333 254.83963012695312 -61.497871398925774 315.1609802246094 -42.451374053955064
0 0.0292 376.90269470214844 -22.409955978393548 433.24546813964844 -1.5140743255615159
0 0.0284 287.5532817840576 27.255847930908207 342.64676094055176 48.826263427734375
0 0.0275 76.06914520263672 -42.01522064208983 134.01611328125 -21.917821884155263
0 0.0258 495.62355041503906 21.051738739013675 534.5880126953125 55.00872421264649
0 0.0254 0.0 192.88586425781247 638.75 531.75
0 0.0251 608.5223388671875 -23.727390289306634 638.75 -0.24510574340819596
0 0.0248 458.76522064208984 186.53572845458984 511.54468536376953 209.55147552490234
0 0.0245 194.82786178588867 -61.49367523193359 255.17210006713867 -42.45580863952636
0 0.0241 57.22649574279785 7.428539276123054 112.94672966003418 28.650863647460948
0 0.0238 379.2470169067383 166.21666717529297 431.11011505126953 189.87114715576172
0 0.0231 135.0466775894165 -61.58119392395018 194.96785640716553 -42.36528587341308
0 0.0229 315.2606201171875 -61.66996192932129 374.7686767578125 -42.273866653442376
0 0.0229 609.4606781005859 105.6093101501465 638.75 130.41640090942383
0 0.0229 0.0 -107.00000000000001 510.9122848510742 174.5149688720703
0 0.0223 448.8717269897461 126.468017578125 501.44824981689453 149.61956787109375
0 0.0211 388.35296630859375 106.79566192626955 441.9176483154297 129.29070281982422
0 0.0211 329.37591552734375 136.12463760375977 380.994873046875 159.9627571105957
0 0.0208 509.12574768066406 -23.699275970458974 561.2189483642578 -0.21271896362303933
0 0.0206 338.56353759765625 46.667225837707534 391.72645568847656 69.42001628875732
0 0.0198 77.9292106628418 37.04985427856446 132.30234146118164 59.035194396972656
0 0.0196 485.49144744873047 61.38510513305665 524.7051620483398 94.70347213745117
0 0.0173 158.0158567428589 36.998923301696784 212.2235918045044 59.08644962310792
0 0.0163 328.7010192871094 106.58312606811525 381.6014099121094 129.50484085083008
0 0.0162 494.8957824707031 152.6339225769043 535.2512359619141 183.5653190612793
0 0.0161 479.59590911865234 95.94422149658203 530.8026504516602 120.1396255493164
0 0.0158 512.6921272277832 -106.99999999999999 638.7499809265137 -37.15076160430907
0 0.0157 398.9017105102539 196.45314979553225 451.42017364501953 219.63512229919436
0 0.0154 319.95853424072266 165.66563415527344 370.4805374145508 190.4160385131836
0 0.0152 328.45794677734375 76.73170852661133 381.8223571777344 99.35507583618164
0 0.0151 408.41663360595703 16.757066726684577 461.85985565185547 39.32956504821778
0 0.0146 17.466435432434082 -12.697097778320304 72.72627353668213 8.77857971191407
0 0.0146 76.09379768371582 -62.02811908721923 133.9936923980713 -41.90491390228271
0 0.0141 277.9443073272705 57.034538269042976 332.2900676727295 79.04961395263673
0 0.0140 198.71896743774414 106.57275009155275 251.5849494934082 129.51540756225586
0 0.0139 128.8585615158081 116.4809112548828 181.45920276641846 139.60724639892578
0 0.0137 376.2147903442383 -52.08580684661864 433.8821792602539 -31.846234321594228
0 0.0133 388.8374710083008 76.48783493041991 441.4796829223633 99.59933090209961
0 0.0132 609.0039253234863 515.6286315917968 638.7499809265137 531.75
0 0.0132 398.9906692504883 46.391456604003906 451.3405990600586 69.6965103149414
0 0.0132 459.1543960571289 -3.7233085632324143 511.1941146850586 19.81068420410157
0 0.0131 255.29220581054688 -81.6842575073242 314.7395706176758 -62.25935173034666
0 0.0129 267.9320240020752 97.04695510864258 322.30006217956543 119.03792190551756
0 0.0122 17.153525352478027 -42.534973144531236 73.01408290863037 -21.386444091796864
0 0.0119 78.20157051086426 96.88555526733398 132.0555019378662 119.20004653930664
0 0.0118 279.35132026672363 126.14229965209961 331.0168743133545 149.9452095031738
0 0.0117 98.61298561096191 66.63847732543947 151.68116569519043 89.44922256469727
0 0.0117 0.0 16.466472625732433 51.43288612365723 39.62229537963868
0 0.0116 218.45605850219727 46.738536834716804 271.8228340148926 69.34904861450195
0 0.0115 0.0 -93.9355010986328 40.921220779418945 -69.97743797302245
0 0.0109 125.68691730499268 -81.85180377960204 184.37232494354248 -62.08677482604979
0 0.0108 199.8331069946289 135.76905059814453 250.59070587158203 160.3141860961914
0 0.0106 148.3259916305542 86.81298065185547 201.9419527053833 109.27342224121094
0 0.0105 195.38873672485352 -81.72524166107176 254.6498680114746 -62.21722316741943
0 0.0104 256.24507904052734 -102.10724067687987 313.8559341430664 -81.8256492614746
0 0.0103 106.78997039794922 -102.36334276199341 163.3515167236328 -81.56321477890013
0 0.0102 450.75958251953125 45.545161247253425 478.83941650390625 90.63527393341064
0 0.0100 609.0328979492188 135.93209075927734 638.75 160.09625244140625
