0 0.0373 26.84581756591797 58.114486694335945 83.29874992370605 78.96035766601564
0 0.0336 16.86631202697754 88.10891723632814 73.27877998352051 108.9668426513672
0 0.0324 86.72971725463867 58.17281341552735 143.40553283691406 78.90107727050783
0 0.0288 76.38635635375977 98.33592987060547 133.72304916381836 118.73414611816406
0 0.0278 26.82870864868164 118.12873458862306 83.31315994262695 138.94683456420898
0 0.0271 574.3924140930176 -1.6631832122802588 638.7499809265137 48.24701881408693
0 0.0254 0.0 193.38586425781247 638.75 532.25
0 0.0241 17.356367111206055 27.858749389648448 72.82787322998047 49.22145462036134
0 0.0240 116.60513401031494 78.23175048828125 173.52086544036865 98.84061431884767
0 0.0239 609.1967964172363 -33.68161582946776 638.7499809265137 -9.289907455444322
0 0.0231 86.4784049987793 118.29419708251953 143.63752365112305 138.77713775634766
0 0.0229 0.0 -106.49999999999999 510.9122848510742 175.01496887207034
0 0.0179 76.94405555725098 28.06852912902833 133.20752143859863 49.00770759582521
0 0.0168 608.5996246337891 216.72303771972656 638.75 240.3047332763672
0 0.0162 0.0 146.84365844726562 51.26883506774902 170.2449951171875
0 0.0154 512.6921272277832 -106.49999999999997 638.7499809265137 -36.65076160430907
0 0.0152 146.80145263671875 58.13752746582031 203.33938598632812 78.93704986572267
0 0.0148 147.0707893371582 97.99913024902345 203.09209823608398 119.07743072509767
0 0.0145 574.3924140930176 58.33682632446291 638.7499809265137 108.24702835083008
0 0.0145 608.8301849365234 186.57138442993167 638.75 210.4569206237793
0 0.0140 57.334489822387695 147.87250137329104 112.84743309020996 169.2078742980957
0 0.0135 517.6562881469727 207.69455528259277 572.553596496582 229.3875370025635
0 0.0131 608.5330390930176 246.76488494873044 638.7499809265137 270.2625045776367
0 0.0129 116.69448375701904 138.1906280517578 173.4379243850708 158.88299560546875
0 0.0125 0.0 -2.8934898376464706 51.63002014160156 19.981800079345714
0 0.0120 565.3186798095703 -37.69875669479368 604.8593139648438 -5.176788806915269
0 0.0120 0.0 -103.53012466430663 40.811119079589844 -79.38378715515135
0 0.0118 608.9251899719238 516.1890754699707 638.7499809265137 532.2499809265137
0 0.0111 608.9410591125488 346.5002975463867 638.7499809265137 370.52869415283203
0 0.0110 0.0 176.9418869018555 51.40488624572754 200.14642333984375
0 0.0105 188.9277458190918 216.93261718749997 241.39738082885742 240.15519714355472
0 0.0104 289.72415924072266 216.3559875488281 340.6867980957031 240.7283172607422
0 0.0103 198.3133888244629 77.32244110107422 251.9529914855957 99.76419067382812
0 0.0102 0.0 -63.38947677612303 40.979909896850586 -39.523414611816385
0 0.0100 574.3924140930176 118.3368263244629 638.7499809265137 168.24702835083008
