0 0.0729 353.40694427490234 -14.95816087722776 416.50074005126953 2.989670276641867
0 0.0653 363.85498046875 4.881719589233418 426.08062744140625 23.156179428100607
0 0.0611 333.2860565185547 -34.91584873199461 396.6142272949219 -17.05435848236082
0 0.0502 384.5356750488281 24.62464714050295 445.44403076171875 43.42250251770022
0 0.0461 425.43060302734375 4.255661010742208 484.6112823486328 23.80216979980471
0 0.0443 294.8183345794678 -5.483633041381814 355.17937660217285 13.535074234008809
0 0.0407 333.38409423828125 -54.9518642425537 396.5226745605469 -37.01725578308103
0 0.0392 414.75830078125 -25.46838378906248 475.23765563964844 -6.482425689697245
0 0.0359 395.46566009521484 44.246448516845724 454.5772171020508 63.81275558471682
0 0.0353 305.16900062561035 14.373468399047875 364.8526668548584 33.682435989379904
0 0.0352 446.4820861816406 23.78834152221681 503.6351013183594 44.28240203857424
0 0.0336 393.9735412597656 -45.16700839996336 455.9709930419922 -26.794329643249487
0 0.0305 275.06507873535156 -25.58292007446287 334.94922637939453 -6.3623580932616965
0 0.0297 325.1774215698242 34.36734580993654 384.84546661376953 53.68823432922365
0 0.0280 385.9039306640625 64.05485534667972 444.17030334472656 84.00951766967775
0 0.0275 334.46311950683594 -75.36001718044278 395.51513671875 -56.595985054969766
0 0.0271 366.01905822753906 94.00318527221681 424.0635681152344 114.06250381469728
0 0.0257 345.9396743774414 114.03862380981447 404.1372299194336 134.02611160278323
0 0.0254 0.0 218.88586425781253 638.75 557.75
0 0.0243 457.50736236572266 53.27566528320314 512.6899337768555 74.80533981323244
0 0.0241 324.5416259765625 64.61764240264894 385.43968200683594 83.42878246307374
0 0.0231 274.78991508483887 -45.47298526763914 335.2061176300049 -26.476069450378397
0 0.0229 0.0 -80.99999999999996 510.9122848510742 200.5149688720703
0 0.0217 304.3382263183594 84.70011138916017 365.6287384033203 103.34425354003909
0 0.0212 245.77119827270508 14.113306045532246 304.29357528686523 33.94944572448732
0 0.0211 427.5736999511719 83.2413902282715 482.6287841796875 104.84035873413087
0 0.0201 215.82067489624023 34.09345054626467 274.24718856811523 53.97019767761232
0 0.0189 508.07613372802734 32.96190643310549 562.169075012207 55.12346649169923
0 0.0189 236.3094139099121 -6.128173828124978 293.7942314147949 14.197410583496113
0 0.0184 346.3453674316406 133.85446929931643 403.7611389160156 154.21507263183594
0 0.0183 394.33162689208984 -65.30441319942473 455.63671112060547 -46.65249979495999
0 0.0179 407.73563385009766 113.15231704711915 462.4806594848633 134.93053817749023
0 0.0166 609.1304206848145 101.86615371704103 638.7499809265137 126.16249465942386
0 0.0163 275.5650329589844 -75.80406761169431 334.4868469238281 -56.13681411743161
0 0.0156 186.74850463867188 13.66336250305178 243.38825225830078 34.410661697387724
0 0.0155 127.88415908813477 143.06944274902344 182.3448371887207 165.01444244384768
0 0.0154 609.0744018554688 71.90604114532472 638.75 96.12268352508546
0 0.0147 569.2850875854492 42.18671226501466 621.0766983032227 65.9005870819092
0 0.0142 215.69208145141602 54.150499343872085 274.366397857666 73.91171836853029
0 0.0141 128.2543182373047 112.8546943664551 182.00738906860352 135.23121261596683
0 0.0140 487.4386978149414 3.310979843139669 542.7532577514648 24.769281387329123
0 0.0131 284.7836685180664 104.527458190918 345.21244049072266 123.52304840087892
0 0.0130 518.611946105957 62.63843917846681 571.682243347168 85.4491653442383
0 0.0129 608.9718437194824 11.977962493896504 638.7500190734863 36.050876617431655
0 0.0128 609.1285705566406 131.8665924072266 638.75 156.16190338134768
0 0.0126 157.632155418396 43.21512603759768 212.57399082183838 64.86788177490236
0 0.0126 326.53831481933594 153.7658729553223 383.5820770263672 174.30614852905273
0 0.0122 478.277587890625 102.84077072143556 531.9862365722656 125.24525070190431
0 0.0116 565.005989074707 88.42878723144533 605.1483535766602 119.75164794921876
0 0.0116 128.355712890625 82.79680633544923 181.91455841064453 105.28997802734376
0 0.0116 207.25046157836914 -26.5857181549072 262.9251289367676 -5.334945678710914
0 0.0116 285.30643463134766 124.31375885009766 344.725341796875 143.74346160888672
0 0.0114 608.8853645324707 -17.962597370147684 638.7499809265137 5.991436481475852
0 0.0111 608.9804840087891 541.6467704772949 638.75 557.7500190734863
0 0.0108 137.60425567626953 173.22588348388672 192.60059356689453 194.8562469482422
0 0.0105 548.6546325683594 2.6064529418945526 601.6446685791016 25.480541229248065
0 0.0104 167.07870483398438 223.5010757446289 223.0834197998047 244.57647705078128
0 0.0103 306.63451194763184 173.71851348876953 363.49350929260254 194.35430908203125
