0 0.1192 425.3215026855469 169.80794143676763 484.7112274169922 189.24954605102542
0 0.1041 435.1645278930664 149.8704643249512 494.8580551147461 169.18458175659183
0 0.1012 415.90457916259766 189.55840301513675 474.16881561279297 209.50659942626956
0 0.0785 365.4691696166992 169.74724960327148 424.57340240478516 189.31237411499026
0 0.0761 416.7094421386719 209.1864700317383 473.4233856201172 229.88780212402347
0 0.0715 375.2488708496094 149.83617019653326 434.77935791015625 169.22005844116214
0 0.0626 435.3585433959961 129.78926849365237 494.6774673461914 149.26818084716797
0 0.0573 356.5529251098633 189.26434707641604 413.5673141479492 209.80866622924808
0 0.0530 486.8894958496094 169.0925331115723 543.2585906982422 189.98269271850586
0 0.0482 375.5288314819336 129.7167320251465 434.51915740966797 149.34281539916995
0 0.0444 477.1582794189453 198.95850372314456 533.0106353759766 220.11950683593756
0 0.0429 417.45670318603516 238.80678367614746 472.73548126220703 260.27446937561035
0 0.0380 425.56346893310547 109.70496368408206 484.48619842529297 129.35549926757815
0 0.0377 418.04264068603516 268.4857482910156 472.1986770629883 290.600082397461
0 0.0371 598.9831733703613 77.89794158935551 638.7499809265137 101.19023513793948
0 0.0360 316.3132095336914 119.37220764160159 373.79024505615234 139.6974105834961
0 0.0360 316.31378173828125 139.37348556518555 373.78929138183594 159.69639968872073
0 0.0351 418.9849090576172 297.90091705322266 471.3445281982422 321.18781280517584
0 0.0343 599.0326118469238 47.86433410644534 638.7499809265137 71.22378540039065
0 0.0319 598.9859771728516 107.89605331420901 638.75 131.19210433959964
0 0.0319 326.2312316894531 99.40942001342776 383.86627197265625 119.65916824340823
0 0.0318 496.8068313598633 139.13171005249023 553.3351516723633 159.94240951538086
0 0.0309 358.1859588623047 218.4012145996094 412.06825256347656 240.68526458740237
0 0.0306 358.26465606689453 288.3474655151367 411.99825286865234 310.73836517333984
0 0.0283 368.6097717285156 318.1336135864258 421.68556213378906 340.95313262939453
0 0.0275 357.74829864501953 258.6429901123047 412.46959686279297 280.43963623046875
0 0.0265 588.8745880126953 137.96355438232425 638.75 161.12364959716797
0 0.0255 429.1230773925781 327.80383300781256 481.22108459472656 351.2843627929688
0 0.0254 0.0 234.38586425781253 638.75 573.25
0 0.0247 385.90946197509766 89.55348205566409 444.16492462158203 109.51113891601565
0 0.0241 307.03819274902344 169.02554702758792 363.11981201171875 190.05223464965823
0 0.0241 477.6759719848633 228.68413162231448 532.535514831543 250.3981513977051
0 0.0237 599.1034698486328 17.81647872924808 638.75 41.27162170410159
0 0.0229 0.0 -65.49999999999997 510.9122848510742 216.0149688720703
0 0.0229 486.5509033203125 109.25620269775392 543.5713958740234 129.81536102294922
0 0.0228 598.6845588684082 -51.90704393386838 638.7499809265137 -29.00510358810422
0 0.0226 445.61126708984375 89.68108367919925 504.4425964355469 109.37941741943362
0 0.0224 326.2920379638672 79.38197803497317 383.809814453125 99.68737316131593
0 0.0221 588.8719177246094 197.96519470214844 638.75 221.12200927734378
0 0.0218 378.7648391723633 348.0387420654297 431.5444564819336 371.04884338378906
0 0.0216 588.9494323730469 167.91438293457034 638.75 191.17293548583987
0 0.0213 267.07592010498047 99.00273513793947 323.0859375 120.07485580444339
0 0.0212 477.9270935058594 298.5482711791993 532.3049163818359 320.5363388061524
0 0.0203 609.3284606933594 517.2214050292969 638.75 541.8065948486327
0 0.0200 227.45914459228516 118.80530548095706 282.7333068847656 140.27590942382818
0 0.0193 477.78018951416016 268.62681579589844 532.440071105957 290.4562683105469
0 0.0180 206.90067291259766 89.08976745605472 263.2476043701172 109.98599243164065
0 0.0179 307.6243495941162 308.71485900878906 362.5821781158447 330.36738586425787
0 0.0179 228.56494903564453 328.17053985595703 281.7242431640625 350.91735076904297
0 0.0177 438.86600494384766 357.97503662109375 491.45267486572266 381.1130065917969
0 0.0173 297.2401809692383 278.91707611083984 352.93514251708984 300.16181182861334
0 0.0169 167.6952362060547 118.67882919311525 222.51667022705078 140.40436935424808
0 0.0169 318.3130645751953 338.32469177246094 371.95281982421875 360.76220703125
0 0.0167 307.5767135620117 238.73484802246097 362.6272201538086 260.34617614746094
0 0.0167 599.0410041809082 227.8600616455078 638.7499809265137 251.22824859619143
0 0.0167 488.22547912597656 328.3751602172852 542.0329284667969 350.7111282348633
0 0.0166 599.0788269042969 -12.16411876678464 638.75 11.252610206604032
0 0.0164 158.43982696533203 158.2468719482422 211.83792114257812 180.840446472168
0 0.0158 297.75017738342285 198.64669036865237 352.4668025970459 220.43662261962893
0 0.0156 608.9354133605957 557.1811408996582 638.7499809265137 573.2499809265137
0 0.0155 108.34225177764893 138.3076210021973 161.9261884689331 160.77950668334964
0 0.0154 385.9342575073242 69.54176139831546 444.1421127319336 89.52303123474123
0 0.0153 238.76882553100586 358.0389709472656 291.54027938842773 381.049072265625
0 0.0153 107.59972095489502 108.73116683959962 162.60406017303467 130.3513450622559
0 0.0150 507.2351837158203 78.9130897521973 562.9412841796875 100.16471099853518
0 0.0149 388.5514831542969 378.1720657348633 441.73797607421875 400.91475677490234
0 0.0147 98.64129066467285 168.11871719360354 151.65595054626465 190.96879196166995
0 0.0147 237.8915023803711 298.57001495361334 292.3370361328125 320.5145950317383
0 0.0146 608.8673400878906 487.54996490478516 638.75 511.47887420654297
0 0.0145 445.86761474609375 69.56745338439944 504.20494079589844 89.49590873718265
0 0.0144 247.03250885009766 69.02310562133793 303.12625885009766 90.05381774902347
0 0.0144 178.3662223815918 188.29302978515628 231.90446853637695 210.79417419433597
0 0.0143 508.23726654052734 -61.635523319244356 562.0229721069336 -39.278691291809054
0 0.0140 146.89563751220703 89.09280490875247 203.25210571289062 109.98299312591556
0 0.0139 217.7867889404297 148.626091003418 272.43335723876953 170.45745086669922
0 0.0132 328.66859436035156 368.10107421875 381.6313171386719 390.98643493652344
0 0.0132 538.5439300537109 218.18289947509768 591.7434692382812 240.90480041503906
0 0.0131 179.23986434936523 347.71964263916016 231.11696243286133 371.3679428100586
0 0.0130 326.3730239868164 59.34336853027347 383.7350845336914 79.7267646789551
0 0.0125 257.3417091369629 258.8661880493164 312.8413963317871 280.2138442993164
0 0.0125 218.45706939697266 388.23153686523443 271.8233108520508 410.8551330566407
0 0.0123 176.7902374267578 69.14347839355472 233.34964752197266 89.93104171752933
0 0.0123 179.04054641723633 307.8628463745117 231.29465103149414 331.22580718994146
0 0.0123 87.52790451049805 78.76807403564456 142.67034530639648 100.31361770629886
0 0.0121 599.0569305419922 257.84861755371094 638.75 281.2395782470703
0 0.0118 497.6234436035156 48.70928955078128 552.5843811035156 70.37205886840823
0 0.0117 108.65233898162842 198.11131668090823 161.64604663848877 220.9761543273926
0 0.0117 198.26791763305664 268.35093688964844 251.99407577514648 290.7356567382813
0 0.0114 198.42798233032227 238.25382423400882 251.84873580932617 260.83337974548346
0 0.0114 498.4519577026367 358.23790740966797 551.827278137207 380.84922027587896
0 0.0110 37.56110191345215 58.74722671508792 92.64059066772461 80.33427429199222
0 0.0109 554.4172668457031 104.93186187744143 595.7041931152344 134.34287261962893
0 0.0108 237.66916275024414 178.69055938720703 292.5411033630371 200.39206695556643
0 0.0107 588.8352203369141 337.98884582519537 638.75 361.0982818603516
0 0.0106 278.486852645874 388.214714050293 331.7959690093994 410.87226104736334
0 0.0106 47.878475189208984 108.57375335693362 102.34976768493652 130.5102462768555
0 0.0104 206.93231582641602 49.07134246826175 263.219051361084 70.00430297851564
0 0.0104 608.8009452819824 457.59314727783203 638.7500190734863 481.43538665771484
0 0.0103 436.2150573730469 49.41127014160159 493.8825988769531 69.65625000000003
0 0.0103 588.9681816101074 287.9028244018555 638.7500190734863 311.18460845947266
0 0.0102 448.53885650634766 388.18309020996094 501.74869537353516 410.9041900634766
0 0.0101 544.5061111450195 184.79205322265628 585.6196212768555 214.46913909912112
0 0.0100 338.42750549316406 398.2538528442383 391.8492126464844 420.8333511352539
