0 0.0254 0.0 193.38586425781247 638.75 532.25
0 0.0229 0.0 -106.49999999999999 510.9122848510742 175.01496887207034
0 0.0173 608.7852478027344 -43.396800994873026 638.75 -19.57471275329588
0 0.0153 574.3924140930176 -101.66318321228025 638.7499809265137 -51.75297164916991
0 0.0149 608.9686584472656 516.156021118164 638.75 532.25
0 0.0143 5.536198616027832 51.7972288131714 44.66313362121582 85.28383350372316
0 0.0142 5.434226989746094 12.047439575195323 44.75392818450928 45.0549659729004
0 0.0140 609.5723152160645 486.02601623535156 638.7499809265137 510.9994659423828
0 0.0135 511.90391540527344 63.34180450439453 638.75 163.1270751953125
0 0.0133 5.446023941040039 92.01465225219727 44.74382400512695 125.0849494934082
0 0.0132 608.7802886962891 -13.392776489257798 638.75 10.421348571777358
0 0.0130 60.642690658569336 25.054369926452647 88.97909164428711 71.90233325958253
0 0.0118 0.0 -13.682712554931626 50.63723564147949 10.767169952392592
0 0.0118 39.09990310668945 216.81405639648435 91.24308586120605 240.27337646484375
0 0.0117 5.31923770904541 132.30264282226562 44.8585319519043 164.82190704345703
0 0.0115 90.6120491027832 24.84088516235353 119.0159797668457 72.0750961303711
0 0.0113 0.0 -103.57689762115477 40.75982093811035 -79.33773899078366
0 0.0109 45.60105323791504 71.61094284057619 84.60779190063477 105.4544792175293
0 0.0108 270.12608528137207 56.01483917236329 320.3356456756592 81.06332397460938
0 0.0107 89.53845977783203 206.49819946289062 140.85147857666016 230.5874786376953
0 0.0105 549.0246200561523 -43.12970304489134 601.309700012207 -19.782120227813706
0 0.0104 239.98319625854492 16.14314651489259 290.45934677124023 40.937934875488295
0 0.0103 5.216569900512695 182.52020454406738 44.952592849731445 214.62353324890137
0 0.0102 518.9466857910156 -103.07779693603513 571.3798522949219 -79.8340501785278
0 0.0101 0.0 -43.621019363403306 40.715699195861816 -19.29466629028319
0 0.0101 315.3738784790039 212.17548942565918 354.80945587158203 244.93803596496585
0 0.0100 59.360618591308594 176.6289100646973 111.00997924804688 200.4576072692871
