0 0.2069 177.72274017333984 -2.3335876464843603 232.4908447265625 19.41739654541017
0 0.1782 217.10941314697266 17.99147224426271 273.0537414550781 39.087301254272475
0 0.1527 158.5807466506958 27.158456802368175 211.7103910446167 49.92912864685059
0 0.1406 246.46347045898438 38.3035764694214 303.6507797241211 58.767987251281745
0 0.1394 136.99583053588867 -21.9551315307617 193.15927505493164 -0.9677925109863149
0 0.1360 215.92899322509766 -21.450933456420884 274.1457748413086 -1.4835300445556487
0 0.1359 235.8757209777832 -1.428579330444321 294.195499420166 18.49327659606935
0 0.1332 256.44758224487305 58.308158874511726 313.6661720275879 78.76275634765625
0 0.1239 276.5723419189453 78.24727630615234 333.5512161254883 98.82470703125
0 0.1162 108.06116104125977 7.473007202148451 162.1822166442871 29.61263275146485
0 0.0992 166.1985206604004 -41.573032379150376 223.89596939086914 -21.358350753784165
0 0.0916 198.27342987060547 57.34382247924805 251.98989868164062 79.74227523803712
0 0.0906 256.6836738586426 98.19669342041016 313.4476661682129 118.8769302368164
0 0.0685 225.40033340454102 -41.22488164901731 284.6377372741699 -21.71658182144163
0 0.0666 98.59723091125488 37.14915847778322 151.6952610015869 59.938617706298835
0 0.0657 317.1709728240967 57.95270538330079 372.99878120422363 79.12553405761719
0 0.0647 275.8167266845703 18.595853805542003 334.2506790161133 38.46787071228029
0 0.0639 317.6968765258789 97.67249679565433 372.51636505126953 119.40990066528322
0 0.0589 106.63795948028564 -41.77941942214964 163.48945140838623 -21.147128582000718
0 0.0513 154.56710815429688 53.69081115722657 195.56198120117188 83.56069183349611
0 0.0473 197.20251083374023 87.9346809387207 252.97021865844727 109.14355850219727
0 0.0473 257.33407974243164 127.8710708618164 312.8481864929199 149.20903778076172
0 0.0428 67.70586252212524 -22.32684516906737 122.50688314437866 -0.5898418426513536
0 0.0397 275.6631374359131 -21.33938217163084 334.39393043518066 -1.599143981933579
0 0.0358 155.8985710144043 -61.440395355224595 214.17470932006836 -41.49491691589354
0 0.0349 197.53843307495117 117.76401138305664 252.6603126525879 139.3180046081543
0 0.0319 48.40259552001953 17.269216537475597 101.87180519104004 39.81789207458497
0 0.0299 98.4925365447998 67.21059417724611 151.79095268249512 89.8763427734375
0 0.0280 317.95265197753906 127.52999877929688 372.28240966796875 149.55422973632812
0 0.0259 8.830394744873047 46.999565124511726 61.48456573486328 70.08859252929689
0 0.0256 208.7527847290039 147.05504989624023 261.5535354614258 170.03375625610352
0 0.0254 0.0 193.38586425781247 638.75 532.25
0 0.0254 368.41552734375 77.25951766967775 421.8604278564453 99.82738113403322
0 0.0243 215.3926658630371 -61.22365856170652 274.6454048156738 -41.718224525451646
0 0.0230 8.682923316955566 77.09670639038087 61.617326736450195 99.99152755737305
0 0.0229 0.0 -106.49999999999999 510.9122848510742 175.01496887207034
0 0.0218 295.75671195983887 -1.3812580108642443 354.307222366333 18.443685531616225
0 0.0218 267.7821350097656 157.6293716430664 322.4374771118164 179.4542465209961
0 0.0186 219.24034118652344 176.7242202758789 271.1155319213867 200.36401367187503
0 0.0180 608.3129692077637 76.9002685546875 638.7500190734863 100.12582397460939
0 0.0177 4.96455192565918 13.01237678527833 45.186405181884766 44.17566871643067
0 0.0167 285.8014678955078 -41.40140676498412 344.2658233642578 -21.535707950592027
0 0.0162 8.545198440551758 -12.815374374389632 61.741743087768555 9.903436660766616
0 0.0162 96.78671836853027 -71.85324931144712 153.35251808166504 -51.07202076911924
0 0.0157 336.6933822631836 28.190380096435554 393.4391403198242 48.883110046386726
0 0.0156 154.3583106994629 84.02984237670898 195.75963973999023 113.25439071655273
0 0.0145 608.2919311523438 46.912241935729995 638.75 70.11362171173097
0 0.0145 527.7526092529297 77.64188385009767 582.4653625488281 99.44093322753908
0 0.0142 229.22405242919922 206.73042869567874 281.13121032714844 230.35715675354007
0 0.0140 117.1270751953125 -102.02973508834836 173.04035186767578 -80.89319610595702
0 0.0137 156.00624561309814 -81.49114155769347 214.0755033493042 -61.44332194328306
0 0.0132 608.4002494812012 106.84794998168944 638.7500190734863 130.17882919311523
0 0.0131 608.9796257019043 516.1475715637207 638.7500190734863 532.2499809265137
0 0.0130 0.0 106.69293975830078 51.075682640075684 130.3952178955078
0 0.0130 47.56505012512207 -52.25316429138182 102.63656616210938 -30.66503906249998
0 0.0128 278.5838031768799 187.15867614746094 331.707181930542 209.92921447753906
0 0.0124 149.0800666809082 136.8363914489746 201.2590217590332 160.25230026245117
0 0.0124 159.78271484375 166.30939102172852 210.63514709472656 190.77434158325195
0 0.0122 512.6921272277832 -106.49999999999997 638.7499809265137 -36.65076160430907
0 0.0120 98.93552780151367 96.92676162719728 151.39055252075195 120.16097640991214
0 0.0118 0.0 -43.36278343200682 41.01404666900635 -19.55006980895995
0 0.0116 609.027271270752 236.43937683105472 638.7499809265137 260.58946228027344
0 0.0115 176.65550231933594 -101.79928922653195 233.47599029541016 -81.1288704872131
0 0.0114 377.7513885498047 47.64711475372315 432.46543884277344 69.4363889694214
0 0.0111 289.30908203125 216.67291259765625 341.0545349121094 240.41474914550784
0 0.0108 57.828121185302734 -102.40096712112425 112.39646911621094 -80.51580333709715
0 0.0107 608.4573173522949 16.810804367065444 638.7500190734863 40.21601295471193
0 0.0106 0.0 -73.58057403564452 40.75547218322754 -49.334091186523416
0 0.0106 609.6037483215332 485.99912261962896 638.7499809265137 511.0258255004883
0 0.0102 0.0 -103.52290773391721 40.81941604614258 -79.39092779159543
0 0.0101 70.8481502532959 47.08338832855225 98.73536109924316 90.38162326812744
0 0.0101 608.7712287902832 -33.38752889633177 638.7499809265137 -9.584013462066636
