0 0.1406 126.7104959487915 74.68470096588135 183.42267513275146 95.38938045501709
0 0.1137 146.50503635406494 54.77966308593749 203.61337184906006 75.29167175292969
0 0.1048 87.40221977233887 54.337987899780266 142.78498649597168 75.74313163757323
0 0.0845 68.44790458679199 83.74542236328125 121.82982444763184 106.3424301147461
0 0.0839 126.4221715927124 34.81834411621094 183.69009494781494 55.25201797485351
0 0.0816 127.71137237548828 104.1725730895996 182.5012969970703 125.91115951538086
0 0.0628 186.91341400146484 74.58223342895508 243.23612213134766 95.49345016479492
0 0.0581 116.50102615356445 14.782409667968748 173.6168670654297 35.28900146484375
0 0.0543 18.21563720703125 63.882026672363274 72.0416259765625 86.20433807373045
0 0.0522 18.885316848754883 103.46454620361327 71.43481254577637 126.62380218505858
0 0.0500 28.424646854400635 133.75202178955078 81.85260534286499 156.33460998535153
0 0.0499 186.90662384033203 34.58390235900879 243.2427978515625 55.49145698547363
0 0.0476 589.1114044189453 153.31100463867188 638.75 176.77707672119138
0 0.0470 589.1791534423828 203.25057983398435 638.75 226.83551788330078
0 0.0430 27.886686325073242 164.07007217407224 82.3420524597168 186.01411819458005
0 0.0419 58.12077522277832 23.937540054321293 112.1280574798584 46.1483097076416
0 0.0398 84.86650466918945 109.68881607055663 125.27847290039062 140.51546096801758
0 0.0390 588.853931427002 233.47003936767575 638.7499809265137 256.6161727905273
0 0.0356 87.08837509155273 -5.5004096031188965 143.07371139526367 15.57859182357788
0 0.0350 0.7375049591064453 132.32589721679688 28.86559009552002 177.79987335205075
0 0.0328 589.0213775634766 123.36811065673825 638.75 146.71947479248047
0 0.0327 187.38380432128906 104.34385299682617 242.80277252197266 125.73652267456055
0 0.0303 176.9967269897461 4.539690017700194 233.15956115722656 25.536680221557617
0 0.0301 359.5560073852539 302.99171447753906 410.83446502685547 327.0948028564453
0 0.0291 88.74162673950195 143.5465431213379 141.56700134277344 166.54001235961914
0 0.0287 529.293327331543 143.1822395324707 581.0690689086914 166.90523147583005
0 0.0276 78.08089256286621 183.9602279663086 132.16452598571777 206.12533569335935
0 0.0270 0.0 33.26790809631348 51.17440700531006 56.82021141052246
0 0.0258 609.0536499023438 262.92179107666016 638.75 287.1071243286133
0 0.0254 0.0 219.8858642578125 638.75 558.75
0 0.0243 148.5336685180664 133.69163513183594 201.7522430419922 156.39636993408203
0 0.0242 309.45483207702637 313.06186676025385 360.92556953430176 337.02449798583984
0 0.0235 18.728313446044922 193.56836318969724 71.57614707946777 216.5200614929199
0 0.0229 0.0 -79.99999999999999 510.9122848510742 201.51496887207028
0 0.0224 588.9087677001953 93.44419479370116 638.75 116.64350509643555
0 0.0223 309.10797119140625 283.3095169067383 361.23565673828125 306.77806854248047
0 0.0219 528.0067825317383 223.9969158172607 582.2334671020508 246.08731269836426
0 0.0209 519.0751266479492 113.3346939086914 571.264533996582 136.7532730102539
0 0.0205 539.3834686279297 173.11548233032224 590.9889221191406 196.971378326416
0 0.0204 358.8970184326172 263.45821380615234 411.4239501953125 286.6303634643554
0 0.0193 28.134536743164062 -6.071100234985352 82.11565971374512 16.156930923461914
0 0.0185 146.5742063522339 -15.253248214721678 203.54942798614502 5.325326919555663
0 0.0183 178.73102188110352 183.56338500976562 231.57442092895508 206.5245819091797
0 0.0178 409.1259002685547 313.3028411865234 461.2183380126953 336.78550720214844
0 0.0175 368.6274719238281 233.62625122070312 421.668701171875 256.4610290527344
0 0.0174 365.1386260986328 329.17270660400385 405.0251007080078 360.98461151123047
0 0.0171 227.4062156677246 54.32888031005859 282.7829170227051 75.7512092590332
0 0.0165 479.67140197753906 152.89884567260742 530.7331085205078 177.18614578247067
0 0.0164 508.75316619873047 83.54949951171875 561.5542984008789 106.53854370117186
0 0.0148 129.01116847991943 203.37972640991208 181.321702003479 226.70850753784177
0 0.0147 308.853759765625 243.48384857177737 361.4635467529297 266.6042709350586
0 0.0147 208.51917266845703 133.6948585510254 261.7666244506836 156.39226913452148
0 0.0147 538.3737945556641 253.7865829467773 591.8979644775391 276.3003921508789
0 0.0144 588.7345123291016 63.55623722076416 638.75 86.53100490570067
0 0.0143 259.3043899536133 303.17588806152344 311.0588073730469 326.9117736816406
0 0.0142 408.68831634521484 283.58890533447266 461.6134262084961 306.4986801147461
0 0.0141 189.05096054077148 213.35206985473633 241.28606796264648 236.7360496520996
0 0.0134 469.56600189208984 122.98320770263673 520.8258438110352 147.10308074951172
0 0.0132 237.57509231567383 14.236345291137695 292.62853622436523 35.84475517272949
0 0.0132 489.3678283691406 183.12444686889648 541.00341796875 206.9621467590332
0 0.0132 599.3147468566895 293.16951751708984 638.7499809265137 316.91822052001953
0 0.0125 258.93810272216797 263.4297561645508 311.38721466064453 286.6586685180664
0 0.0125 325.1736831665039 339.1055679321289 364.9923324584961 371.0457229614257
0 0.0124 239.13955688476562 193.29044342041013 291.20670318603516 216.79744720458984
0 0.0124 508.5000991821289 333.70418548583984 561.7844772338867 356.38248443603516
0 0.0123 69.15536880493164 213.28157424926758 121.19209289550781 236.806583404541
0 0.0123 589.6617889404297 332.9087829589843 638.75 357.17666625976557
0 0.0119 258.6904716491699 223.58970642089844 311.61096572875977 246.49822235107425
0 0.0116 488.55918884277344 53.67365837097168 541.7295837402344 76.41411781311035
0 0.0116 478.4539031982422 243.74038696289062 531.8246459960938 266.34727478027344
0 0.0116 608.453540802002 -66.68635129928589 638.7499809265137 -43.2867693901062
0 0.0115 398.800048828125 -16.479127407073975 451.51161193847656 6.56747579574585
0 0.0114 134.573974609375 170.18207550048825 175.5552101135254 200.06858825683594
0 0.0113 405.05096435546875 339.34566497802734 445.106201171875 370.8272171020508
0 0.0112 378.6040496826172 -46.35420799255371 431.6888427734375 -23.55785369873047
0 0.0110 0.0 218.4168243408203 34.7121000289917 251.6744232177734
0 0.0106 229.21485900878906 163.2351303100586 281.13983154296875 186.85218811035156
0 0.0106 86.83428764343262 -35.375657081604004 143.3084011077881 -14.548983573913572
0 0.0105 0.0 82.43761062622069 18.924503326416016 127.78081893920897
0 0.0104 429.5470428466797 222.9948902130127 480.84320068359375 247.09116935729978
0 0.0103 0.7844829559326172 -17.201557159423828 28.809900283813477 27.44657516479492
0 0.0102 408.9955139160156 13.39292526245117 461.33522033691406 36.695709228515625
0 0.0101 419.12498474121094 253.29315185546878 471.2213134765625 276.7937469482422
0 0.0100 575.4707145690918 524.7563171386718 638.7500190734863 558.75
0 0.0100 285.2245616912842 339.0023422241211 324.94542121887207 371.13979339599604
