0 0.2039 116.34453116357327 266.55184149742126 170.33511497080326 308.7478504180908
0 0.1654 119.42382733523846 240.76252579689026 160.7863543778658 264.02371430397034
0 0.1418 85.26956737041472 256.34706085920334 117.94494825601576 286.6885852217674
0 0.1236 86.28853154182434 288.09899175167084 117.32310658693312 306.2056325674057
0 0.1211 93.12226870656012 99.01758677512407 135.79592165350914 137.19609456509352
0 0.1138 114.94961094856262 311.0396056175232 139.50414139032364 334.3839728832245
0 0.1001 92.64833018183708 77.55106469988823 123.68392911553383 95.01026663184166
0 0.0923 136.39342159032822 102.97760692238808 169.0709233880043 133.3084535896778
0 0.0897 140.49964754283428 311.1948222517967 165.06679375469685 334.24060410261154
0 0.0807 89.38545322418213 311.07183372974396 113.94061750173569 334.35418260097504
0 0.0802 172.41852712631226 279.4409898519516 197.0404635667801 302.10373985767365
0 0.0800 121.27047744393349 215.62820625305176 145.93295499682426 238.1114832162857
0 0.0794 86.28426533937453 237.25073421001434 117.27756792306899 254.8365570306778
0 0.0785 73.15397903323174 90.05940877646208 91.41573897004128 120.74033392220736
0 0.0781 130.62312680482864 134.61282670497894 148.98808008432388 165.645085811615
0 0.0774 130.9963098168373 83.93113389611244 162.02518033981323 101.41059419512749
0 0.0774 102.15227127075195 138.30478611588478 126.75782549381255 162.0111467540264
0 0.0738 66.76373189687729 268.99913024902344 85.02466297149658 299.675953745842
0 0.0723 165.92409932613373 247.85863441228867 190.73272478580475 269.8097818493843
0 0.0699 92.42461052536964 58.744248643517494 123.84970155358315 75.49588261544704
0 0.0624 166.07324576377866 304.6983466744423 190.62624037265778 327.9477360844612
0 0.0606 146.73740841448304 215.94722068309784 171.5736666768789 237.8184072971344
0 0.0583 149.83493345975876 134.7668853700161 168.1111984848976 165.49958392977715
0 0.0566 124.48426260054109 64.99207775294781 155.71836183965206 82.02217285335064
0 0.0537 60.61476898193359 71.31939840316772 91.78554558753966 88.4719822704792
0 0.0529 73.16533932089806 122.06876537203789 91.40194085240364 152.6440288722515
0 0.0521 108.55458566546439 164.11821195483208 133.11284598708153 187.3414190709591
0 0.0489 98.74269789457321 205.22213399410248 116.94638872146606 235.65644216537476
0 0.0489 63.800781160593026 304.868165910244 88.38632079958916 327.79098361730576
0 0.0475 54.016733407974236 90.23939681053162 72.20184797048569 120.58418786525726
0 0.0456 66.79755678772925 237.2207489013672 84.98359772562979 267.5710006952286
0 0.0435 137.07690988481045 166.82778683304787 155.30174888670444 197.35636588931084
0 0.0404 85.96839570999144 160.5276906490326 104.15672820806503 190.88827884197235
0 0.0389 165.9913590550423 81.47731176018715 190.67775171995163 103.86030858755112
0 0.0389 197.8791989684105 286.19619232416153 222.68421643972394 308.1592363715172
0 0.0389 148.837056517601 8.571879461407661 182.32557559013367 23.437727011740208
0 0.0379 108.30905961990356 37.23985792696476 133.3035208582878 58.669992342591286
0 0.0367 169.05612576007843 109.45710301399231 187.22322475910184 139.71710634231567
0 0.0366 156.3054949045181 52.14211142063141 174.40506601333615 82.0370740890503
0 0.0361 63.66620075702666 49.774265453219414 88.48930692672728 71.67746077477932
0 0.0350 121.27601131796837 337.01607352495193 145.92983457446098 359.5646843314171
0 0.0325 47.64624488353729 275.695385992527 65.78691780567169 305.80668169260025
0 0.0322 236.1875029206276 260.73712944984436 261.0582442879677 282.50183165073395
0 0.0319 191.57950502634048 311.43633806705475 216.22079783678052 334.0180058479309
0 0.0317 156.2815310359001 186.1855402737856 174.43395429849625 216.3705437630415
0 0.0312 79.55908474326134 205.15953052043915 97.78876283764839 235.71041572093964
0 0.0303 54.018183916807175 122.19968903064728 72.20008054375648 152.53102326393127
0 0.0299 197.8220562338829 228.84343874454498 222.73336309194562 250.4942455291748
0 0.0298 172.2346903681755 222.51851326227188 197.1926572918892 244.04343050718307
0 0.0298 223.36417597532272 286.41340297460556 248.3136592507362 307.96006566286087
0 0.0286 95.71791160106658 336.9946693778038 120.3643238544464 359.5843819975853
0 0.0280 133.80125260353088 31.02341130748391 158.92847806215286 52.12003534659743
0 0.0264 120.8894933760166 5.74690380692482 146.26610884070396 26.29650927335024
0 0.0252 197.93648797273636 260.44790530204773 222.63687378168106 282.7673600912094
0 0.0251 63.747331738471985 330.68527287244797 88.4234367609024 353.1189643740654
0 0.0249 47.66797813773155 243.88860392570496 65.76072332262991 273.73441994190216
0 0.0242 73.07081246376038 33.38993018120527 104.82791155576706 49.733550645411015
0 0.0240 166.04642963409424 330.4523869752884 190.6392583847046 353.3334690332413
0 0.0238 159.23591279983523 31.303034976124763 184.60748195648193 51.86482045054436
0 0.0236 66.81703504920006 160.64949682354927 84.96004828810692 190.78612157702446
0 0.0231 232.96135187149048 244.14467358589172 264.48922181129456 260.75512063503265
0 0.0230 217.04497939348218 311.779048204422 241.86106461286545 333.7030382156372
0 0.0224 169.07397067546844 141.5254642367363 187.20167434215546 171.5754241347313
0 0.0217 175.41220670938495 65.24495385587215 207.00136369466782 81.78131525218487
0 0.0207 34.880740217864506 90.4668097794056 52.98665577918291 120.39638963341713
0 0.0204 37.985103376209736 350.4396429657936 63.031508676707745 371.7565158009529
0 0.0203 191.39052444696426 88.35831844806671 216.37847667932508 109.80097112059593
0 0.0199 95.34710547327995 5.702828602865338 120.68534949421881 26.33669918589294
0 0.0194 261.63576620817184 261.0332770347595 286.72128039598465 282.23064744472504
0 0.0194 38.03652635216712 49.95607881247997 62.98540017008781 71.51079852879047
0 0.0193 -10.502202685922388 391.69206541776657 22.181427206844084 407.18935054540634
0 0.0193 60.407078057527535 205.27327966690063 78.59282645583153 235.6140239238739
0 0.0193 38.10483434796333 305.38759434223175 62.92664846777915 327.313193321228
0 0.0181 175.48473215103147 192.7885246425867 193.5680673122406 222.58849726617336
0 0.0179 63.62473326921462 356.63358384370804 88.52580124139784 378.32724767923355
0 0.0173 63.40476787090302 389.0995063781738 88.72414308786392 408.201171875
0 0.0172 184.8307384252548 44.016598626971245 210.1402891874313 64.70779021084309
0 0.0171 -54.56710234284401 320.69397300481796 -36.50716120749712 350.32911175489426
0 0.0167 28.440444432198994 71.62004987895489 60.00681380182504 88.1867500692606
0 0.0167 27.94635724276304 391.60293835401535 60.43393380194902 407.27662485837936
0 0.0164 -54.54674341529608 359.2024715542793 -36.531539507210255 388.5440955758095
0 0.0161 155.0915530920028 0.0 353.201171875 287.8435071706772
0 0.0158 188.27168667316437 109.75260457396507 206.3424426317215 139.47674849629402
0 0.0155 223.31210392713547 222.6414286494255 248.3594904541969 243.93090027570724
0 0.0154 -55.00000000000001 397.91702768206596 -22.319984190165997 408.20118406414986
0 0.0153 264.5318107008934 244.52339047193527 296.76801651716227 260.3876665234566
0 0.0150 219.29811936616898 8.458276584744453 252.47523003816602 23.55097335577011
0 0.0150 34.87736687064171 122.39857938885689 52.99072390794754 152.36711576581
0 0.0146 -54.571968860924244 288.703963637352 -36.50131955742836 318.4052163362503
0 0.0141 201.04457491636273 333.5597181916237 232.50837868452072 350.274406850338
0 0.0141 219.54190236330032 91.35783663392067 252.2579706311226 106.80647486448288
0 0.0138 88.9669875204563 389.10101783275604 114.28680154681206 408.201171875
0 0.0134 28.522431701421738 276.04158222675323 46.55724185705184 305.52918350696564
0 0.0132 12.135472714900965 363.8415400981903 37.73105406761169 383.97153103351593
0 0.0130 248.6809427142143 223.07102304697037 274.0980505347252 243.53870218992233
0 0.0128 118.92307877540586 364.13100802898407 258.21424746513367 408.201171875
0 0.0128 272.7671050727367 364.02705895900726 353.2011840641498 408.201171875
0 0.0126 69.79377171397209 5.6845715418457985 95.11434146761894 26.35334423184395
0 0.0125 248.95146870613095 286.34877610206604 273.854340672493 308.0192805528641
0 0.0123 225.7823814153671 40.34052777290344 258.7829931974411 55.57409454882145
0 0.0123 41.27841664105654 33.208979204297066 72.74165361374615 49.907462388277054
0 0.0122 -55.00000000000001 0.0 27.7379258275032 44.65729995816946
0 0.0121 47.669611483812325 160.81858471035957 65.75874868035316 190.6492374241352
0 0.0121 -13.39546957612038 370.1749492287636 12.138824731111521 390.4142037034035
0 0.0121 184.61598998308182 6.094163544476032 210.33953303098676 25.98053603619337
0 0.0120 197.8159372806549 203.2999477237463 222.73840939998627 224.91429676115513
0 0.0118 178.6269487142563 171.39102667570114 203.58164894580838 192.92067331075668
0 0.0113 15.7210696041584 90.55241417884827 33.80007761716842 120.32736247777939
0 0.0113 187.50837773084638 27.512440964579582 220.37617653608322 42.8399373292923
0 0.0111 28.398233406245705 333.67568576335907 60.04324717074632 350.1632661819458
0 0.0111 -54.57337975502015 256.7401121854782 -36.49962221831084 286.4605749845505
0 0.0110 89.10021492838861 363.2488548755646 114.16495880484581 384.5121442079544
0 0.0110 28.537576720118523 244.21975874900818 46.53915925323963 273.4747910499573
0 0.0108 213.19879066944122 72.14877863228321 245.8253418207169 87.67133186757565
0 0.0107 225.75086027383801 110.6627562046051 258.8106138110161 125.84609758853912
0 0.0104 44.26007162779569 5.6225287690758705 69.52552814036608 26.40994454920292
0 0.0101 270.2748505473137 161.93536680936813 303.7332867980003 176.82412081956863
0 0.0100 263.4837144613266 111.06415709853172 297.70514273643494 125.4443066418171
