0 0.0866 498.23097229003906 -103.63046169281006 552.0284271240234 -81.28358840942383
0 0.0585 208.64675521850586 -103.88563394546509 261.6512107849121 -81.02697134017944
0 0.0574 437.1837615966797 -103.06138277053833 492.9888153076172 -81.86142683029175
0 0.0542 268.60755920410156 -103.8571572303772 321.6858673095703 -81.05500936508179
0 0.0515 498.26255798339844 -73.64718556404114 551.9992065429688 -51.26641154289245
0 0.0480 200.53735733032227 14.603090286254885 249.9864387512207 40.46252250671387
0 0.0374 249.54961776733398 -4.503459930419922 300.8401679992676 19.589996337890625
0 0.0356 200.12298583984375 -14.981603622436522 250.3382110595703 10.059919357299805
0 0.0340 205.62061309814453 40.57281494140625 244.5893096923828 74.48936462402344
0 0.0329 250.2322769165039 24.919118881225586 300.2436828613281 50.156965255737305
0 0.0324 258.5824394226074 -43.84002923965454 311.7083168029785 -21.072003841400146
0 0.0320 376.6726303100586 -102.80555248260498 433.4596633911133 -82.1221113204956
0 0.0316 437.25414276123047 -73.09045791625977 492.92240142822266 -51.83060646057129
0 0.0316 258.5226058959961 -73.80450129508972 311.76292419433594 -51.10797047615051
0 0.0313 148.34460735321045 -103.69865417480469 201.9251298904419 -81.21491432189941
0 0.0296 598.7290954589844 -33.935039043426514 638.75 -10.976955890655518
0 0.0282 308.61255645751953 -3.855838775634765 361.68033599853516 18.944320678710938
0 0.0274 198.49308013916016 -73.78711700439453 251.7898941040039 -51.12557411193848
0 0.0272 498.4156036376953 -43.739004135131836 551.8600463867188 -21.173887252807617
0 0.0269 155.46754837036133 10.96616744995117 194.7242546081543 44.129276275634766
0 0.0257 199.1128158569336 -44.188356399536126 251.2301254272461 -20.72333335876465
0 0.0254 0.0 192.3858642578125 638.75 531.25
0 0.0246 608.7997436523438 -4.405460357666015 638.75 19.43410873413086
0 0.0244 245.54719924926758 50.76718807220459 284.6536064147949 84.31131839752197
0 0.0237 368.20068359375 -3.6107540130615225 422.0555877685547 18.696813583374023
0 0.0229 0.0 -107.5 510.9122848510742 174.01496887207034
0 0.0225 299.5818614959717 25.472536087036133 350.81143379211426 49.61382865905762
0 0.0224 598.4321594238281 -63.75097751617431 638.75 -41.162123680114746
0 0.0223 317.6978588104248 -33.32158088684082 372.514009475708 -11.595029830932617
0 0.0208 598.4260559082031 -93.74966621398926 638.75 -71.16380214691162
0 0.0206 165.55309295654297 50.75427532196044 204.64820861816406 84.32316303253174
0 0.0200 438.29944610595703 -43.668975830078125 491.9655990600586 -21.244421005249023
0 0.0188 428.8177490234375 -3.9964103698730455 481.49688720703125 19.08397674560547
0 0.0187 149.71134185791016 -14.63459014892578 200.6982421875 9.718952178955078
0 0.0185 377.51216888427734 -43.22328567504883 432.6847457885742 -21.695117950439453
0 0.0181 508.64673614501953 156.11688613891602 561.6506576538086 178.97085189819336
0 0.0176 317.2179889678955 -63.06780815124512 372.954740524292 -41.85297966003418
0 0.0168 285.3413391113281 51.25288009643555 324.8385238647461 83.86735916137695
0 0.0164 519.3026733398438 185.67623138427734 571.0605621337891 209.41131591796875
0 0.0161 376.55433654785156 -72.74078249931335 433.5670471191406 -52.18688130378723
0 0.0151 225.38713455200195 211.1457061767578 264.79745864868164 243.9652252197266
0 0.0150 0.0 -94.47674751281737 40.87348937988281 -70.43665885925293
0 0.0147 358.5643768310547 26.169033050537106 411.72515869140625 48.91855239868164
0 0.0145 554.3898010253906 -107.02328205108644 595.7301330566406 -77.6976490020752
0 0.0144 205.43828964233398 81.02962493896483 244.7511100769043 114.07127380371094
0 0.0138 574.3924140930176 157.3368263244629 638.7499809265137 207.24702835083008
0 0.0138 265.44363021850586 211.02249145507812 304.7457695007324 244.07775878906247
0 0.0137 488.91063690185547 -14.050569534301758 541.4116287231445 9.139165878295898
0 0.0136 115.3641414642334 11.199731826782225 154.81806755065918 43.91587257385254
0 0.0136 608.9758110046387 515.1505851745604 638.7500190734863 531.2500190734863
0 0.0135 608.9219856262207 25.512495040893555 638.7499809265137 49.5163631439209
0 0.0133 339.2849349975586 115.68788528442383 391.07662200927734 139.39958572387695
0 0.0132 185.3494644165039 211.23114585876465 224.83150482177734 243.88718605041504
0 0.0131 47.859156131744385 -103.42039585113525 102.36854314804077 -81.49646759033203
0 0.0130 209.8276710510254 165.27044296264648 260.5961036682129 189.81245040893555
0 0.0130 329.33631896972656 55.653553009033196 381.0301971435547 79.4340705871582
0 0.0127 458.8521194458008 175.9856986999512 511.46488189697266 199.10253524780273
0 0.0125 487.8458786010742 126.59278869628906 542.3794174194336 148.49109649658206
0 0.0122 548.5961532592773 -13.849449157714844 601.6960525512695 8.937320709228516
0 0.0122 609.114990234375 215.37563323974607 638.75 239.65282440185547
0 0.0122 245.20545959472656 91.53207778930665 284.96395111083984 123.61272811889648
0 0.0121 130.6855583190918 44.36765670776368 158.92757415771484 90.65202713012695
0 0.0121 509.47898864746094 215.54306030273432 560.9043121337891 239.54299926757812
0 0.0120 329.1505432128906 85.78107833862305 381.19720458984375 109.30654525756836
0 0.0119 438.37650299072266 146.28484725952148 491.8955612182617 168.80212783813477
0 0.0119 209.87102508544922 135.2372169494629 260.55755615234375 159.8454475402832
0 0.0116 0.0 -64.43746566772461 40.921287536621094 -40.475711822509766
0 0.0116 554.3971252441406 -67.03142166137695 595.7228088378906 -37.69031524658203
0 0.0115 309.5581340789795 215.48706054687497 360.83325386047363 239.59899902343747
0 0.0115 609.4281196594238 345.1413345336914 638.7499809265137 369.8855209350586
0 0.0115 8.991503715515137 -4.104280471801758 61.338791847229004 19.192914962768555
0 0.0112 59.710633754730225 15.365991592407228 110.69887399673462 39.71837043762207
0 0.0111 389.3122863769531 125.6721305847168 441.05140686035156 149.41576004028317
0 0.0110 324.1365432739258 -106.64198398590086 365.9720993041992 -78.04137229919434
0 0.0110 419.024658203125 25.866365432739254 471.3105010986328 49.22127723693848
0 0.0110 85.4634952545166 50.96935272216797 124.72851753234863 84.12639617919922
0 0.0108 339.73876953125 145.34490585327146 390.673828125 169.73936080932617
0 0.0107 160.02357482910156 165.1084327697754 210.4241180419922 189.97201919555664
0 0.0106 459.3482208251953 205.6418514251709 511.02020263671875 229.44527626037598
0 0.0106 260.0771713256836 185.0611686706543 310.3775405883789 210.01829147338867
0 0.0106 609.158935546875 125.34517288208006 638.75 149.68332290649414
0 0.0105 379.00089263916016 215.882453918457 431.33182525634766 239.20520782470703
0 0.0104 609.0199279785156 245.44406890869138 638.75 269.5846939086914
0 0.0104 389.4451904296875 165.57271957397458 440.9333801269531 189.51417922973633
0 0.0104 165.44240951538086 91.0226058959961 204.74714279174805 124.07768249511717
0 0.0102 609.6258544921875 484.9803924560547 638.75 510.0442504882812
0 0.0101 309.65721130371094 185.40807723999023 360.74607849121094 209.6767997741699
0 0.0101 549.4123458862305 125.58731079101562 600.9646224975586 149.49844360351562
0 0.0101 259.614315032959 135.44256210327148 310.783748626709 159.6428489685059
0 0.0100 389.01458740234375 95.87934494018555 441.3182067871094 119.20915603637695
0 0.0100 138.88452529907227 -44.03511047363281 191.43556594848633 -20.87655067443848
