0 0.0341 225.36814689636225 608.6534881591797 264.81808662414545 638.75
0 0.0324 185.33607482910156 608.7286376953125 224.84691619873047 638.75
0 0.0312 145.30344009399414 608.8049125671387 184.87615585327146 638.7500190734863
0 0.0308 265.3518295288086 608.6930656433105 304.83264923095703 638.7500190734863
0 0.0292 85.61403274536131 388.09383392333984 124.59474563598633 421.97010040283203
0 0.0282 85.31641006469727 558.8016510009766 124.86181259155272 591.3228607177734
0 0.0281 125.61643600463869 388.08727264404297 164.5926856994629 421.9761276245117
0 0.0279 105.27250289916994 608.8739776611328 144.90415573120117 638.75
0 0.0254 165.47428131103516 408.4487533569336 204.7183609008789 441.6451644897461
0 0.0254 -79.99999999999999 299.8858642578125 558.75 638.75
0 0.0253 175.51429748535156 568.3455276489258 214.68318939208984 601.739616394043
0 0.0247 125.5044937133789 428.37127685546875 164.69177246093747 461.71607971191406
0 0.0247 85.49737930297852 428.3849334716797 124.69846725463866 461.7035675048828
0 0.0245 105.56196212768555 348.231201171875 144.64040756225583 381.84425354003906
0 0.0244 305.32936096191406 608.7449645996094 344.85282897949213 638.75
0 0.0243 135.44654846191403 568.5114288330078 174.74353790283203 601.5879058837891
0 0.0242 49.606475830078125 612.9319381713867 100.79412460327148 637.1512985229492
0 0.0240 45.488567352294915 388.4086227416992 84.70613479614256 421.6819381713867
0 0.0238 225.58665275573728 568.1622695922852 264.61911201477045 601.9073867797852
0 0.0231 65.5611038208008 348.2323455810547 104.64126586914061 381.84326171875
0 0.0229 -79.99999999999999 0.0 430.91228485107416 281.5149688720703
0 0.0225 165.4773712158203 448.43944549560547 204.71576690673828 481.6537094116211
0 0.0224 265.5649185180664 568.2217025756836 304.6379470825195 601.8529891967773
0 0.0222 165.4755401611328 368.4476852416992 204.71702575683594 401.64615631103516
0 0.0222 79.84468460083008 532.7556991577148 130.58130264282227 557.3268508911133
0 0.0219 130.3048324584961 542.3429107666016 180.18283843994138 567.7304077148438
0 0.0217 169.43748474121094 183.07397842407227 220.94120025634766 207.01234817504883
0 0.0215 45.02666473388672 559.3868255615234 85.12939453125 590.789794921875
0 0.0215 185.62873840332028 528.0527114868164 224.58206176757812 562.0077896118164
0 0.0203 145.506477355957 328.3728790283203 184.68936920166016 361.7146301269531
0 0.0202 -10.480215549468996 613.0023193359375 40.87013483047485 637.0821380615234
0 0.0201 169.77447509765625 152.8104019165039 220.6435394287109 177.2726821899414
0 0.0201 225.68495750427243 527.8923416137695 264.5337772369385 562.1548843383789
0 0.0201 109.99940872192381 462.6210403442383 160.44683456420898 487.4586868286133
0 0.0200 45.30178546905517 428.82747650146484 84.875750541687 461.29932403564453
0 0.0200 259.78446960449213 142.80925273895264 310.633316040039 167.27463245391846
0 0.0199 345.3374099731445 608.7288665771484 384.84539031982416 638.75
0 0.0194 105.40861129760742 308.60169410705566 144.7775077819824 341.5054225921631
0 0.0194 145.47780990600586 508.43502044677734 184.7157096862793 541.6577529907227
0 0.0193 259.3471145629883 273.1418228149414 311.0213851928711 296.9451904296875
0 0.0189 159.384765625 213.11412811279297 210.98785400390622 236.97269439697266
0 0.0188 205.50548553466797 428.37066650390625 244.69070434570312 461.71661376953125
0 0.0186 175.39611816406247 118.62642288208008 214.78919982910153 151.48283004760742
0 0.0182 385.30212402343744 608.8086128234863 424.8772430419922 638.7499809265137
0 0.0181 250.01808166503903 172.61005401611328 300.4295349121093 197.47005462646484
0 0.0180 160.44939041137692 482.1952819824219 210.06055831909177 507.8733825683594
0 0.0179 105.19832611083983 489.0504837036133 144.97013092041016 521.0959243774414
0 0.0179 205.41203498840332 378.59317779541016 244.77450370788574 411.51317596435547
0 0.0179 65.3172492980957 308.80433082580566 104.86063003540039 341.3204097747803
0 0.0179 259.40029144287104 103.10477256774902 310.97362518310547 126.98224067687988
0 0.0177 265.64220428466797 528.0180358886719 304.57012176513666 562.0395660400391
0 0.0177 175.5245018005371 78.32260370254517 214.67390060424802 111.76061391830444
0 0.0177 185.38244247436523 328.6609649658203 224.80123519897458 361.4512634277344
0 0.0176 209.59717750549316 282.95812606811523 260.79840660095215 307.127742767334
0 0.0175 210.6763648986816 471.79187774658203 238.93857955932614 518.2111740112305
0 0.0173 125.10793685913085 179.23334121704102 165.05350112915036 210.9294319152832
0 0.0172 225.2912425994873 198.85833740234375 264.884614944458 231.27113342285156
0 0.0171 225.35445213317868 308.7251663208008 264.82651710510254 341.3926315307617
0 0.0168 269.74193572998047 302.84443855285645 320.67058563232416 327.2400188446045
0 0.0168 265.40439605712885 198.60956192016602 304.78153228759766 231.49824142456055
0 0.0168 59.7608757019043 462.8208923339844 110.65561294555664 487.26226806640625
0 0.0167 25.356941223144528 348.7165069580078 64.82452392578124 381.40052795410156
0 0.0167 125.30271530151366 138.83361339569092 164.87409591674805 171.293683052063
0 0.0166 309.58038330078125 262.9666328430176 360.814208984375 287.11877822875977
0 0.0165 249.5633697509765 242.97513961791992 300.8302307128906 267.1097755432129
0 0.0165 5.340785980224609 388.7495803833008 44.83949661254883 421.37035369873047
0 0.0165 89.7773551940918 282.8117370605469 140.64027786254883 307.2718048095703
0 0.0163 220.76416969299316 152.58724212646484 248.83391380310056 197.60337829589844
0 0.0162 280.6861114501953 411.8701934814453 308.9268493652343 458.14971923828125
0 0.0161 135.45299530029297 98.49684715270996 174.73770141601562 131.60122871398926
0 0.0161 305.47473907470703 568.4466552734375 344.7180557250976 601.6471099853516
0 0.0161 245.48580169677732 378.4211730957031 284.70806121826166 411.6704559326172
0 0.0160 215.3217315673828 118.79501342773438 254.8564910888672 151.32888793945312
0 0.0159 189.46709632873532 253.05282592773438 240.91467857360837 277.03346252441406
0 0.0157 109.30324554443358 223.17352294921875 161.0605239868164 246.91368103027344
0 0.0156 160.12889862060544 302.51415252685547 210.3328704833984 327.56420135498047
0 0.0154 250.6940460205078 411.9352340698242 278.91738891601557 458.0990219116211
0 0.0154 310.6992721557617 401.9757080078125 338.91109466552734 448.0670928955078
0 0.0153 19.031448364257812 533.3606338500977 71.30460739135742 556.7268753051758
0 0.0152 109.55831527709962 252.98580169677734 160.83330154418945 277.10010528564453
0 0.0150 215.43784141540527 78.53489875793457 254.75106239318848 111.56643867492676
0 0.0150 65.05382537841797 499.33841705322266 105.10375976562499 530.833854675293
0 0.0148 240.683708190918 461.84810638427734 268.9297103881836 508.16661834716797
0 0.0148 85.36884307861328 138.69028091430664 124.81369018554689 171.42450332641602
0 0.0146 95.46152114868164 98.47771644592285 134.72993850708005 131.61871910095215
0 0.0146 290.1905822753906 372.4580383300781 340.279541015625 397.6190185546875
0 0.0146 319.73682403564453 292.84509658813477 370.6757736206054 317.2389793395996
0 0.0145 305.4988861083984 528.3890533447266 344.69635009765625 561.6998291015625
0 0.0145 425.31684875488276 608.7774658203125 464.8637390136718 638.75
0 0.0144 309.6797943115234 152.89289474487305 360.7255554199219 177.19213485717773
0 0.0144 85.21907806396486 179.01042938232422 124.95075225830077 211.13243103027344
0 0.0144 230.28784751892084 352.3601531982422 280.1972293853759 377.7137756347656
0 0.0143 432.69212722778315 0.0 558.7499809265137 69.84923839569092
0 0.0143 340.7124710083008 392.0933151245117 368.89537811279297 437.97679901123047
0 0.0141 190.6906700134277 31.90847396850586 218.92145156860352 78.12003135681152
0 0.0140 135.4793357849121 58.43565225601196 174.71391677856445 91.65717840194702
0 0.0139 -10.946424007415771 573.3500671386719 41.28375768661498 596.7380523681641
0 0.0138 285.30593872070307 328.8311004638672 324.87068176269526 361.2959289550781
0 0.0138 305.2669525146484 228.90731811523438 344.9070739746094 261.2264633178711
0 0.0137 309.4728469848632 123.04969787597656 360.90930938720703 147.03670501708984
0 0.0136 285.4536437988281 458.49571228027344 324.7370910644531 491.6022491455078
0 0.0136 25.17580986022949 309.10022735595703 64.99049186706542 341.0506057739258
0 0.0136 305.3368759155273 178.76527786254883 344.84233856201166 211.35602951049805
0 0.0136 255.1041793823242 69.23961877822876 295.05710601806635 100.9237265586853
0 0.0135 349.5601654052734 182.9852294921875 400.8315277099609 207.1007537841797
0 0.0133 325.2840805053711 318.87370109558105 364.89109039306635 351.2571430206299
0 0.0130 359.72240447998047 152.85278797149658 410.6892776489258 177.2309446334839
0 0.0127 325.47973632812494 448.43414306640625 364.7135925292969 481.65855407714844
0 0.0127 39.4474983215332 273.0689811706543 90.93177795410156 297.01765060424805
0 0.0126 345.21705627441406 229.01456832885742 384.95262145996094 261.1286735534668
0 0.0125 160.77114105224607 252.65188217163086 188.82564544677732 297.55449295043945
0 0.0125 -70.50641059875488 613.025016784668 -19.107217788696286 637.0599746704102
0 0.0124 345.45402526855463 548.4954071044922 384.73663330078125 581.6025543212891
0 0.0122 220.70168495178223 31.99735164642334 248.90822410583496 78.05051326751709
0 0.0121 370.6791687011719 391.8190383911133 398.9352416992187 438.1904983520508
0 0.0120 -14.781303405761717 349.01050567626953 24.951171874999996 381.1323928833008
0 0.0118 5.107202529907226 429.23046112060547 45.05463600158691 460.93204498291016
0 0.0117 59.4040298461914 243.10077667236328 110.9705352783203 266.98604583740234
0 0.0117 95.46329498291016 58.474998474121094 134.72820281982422 91.6211986541748
0 0.0116 495.47071456909174 604.7563171386719 558.7500190734862 638.75
0 0.0113 45.34144878387451 138.75028610229492 84.83868122100829 171.36972427368164
0 0.0113 -14.855000972747803 309.1603183746338 25.019147396087643 340.9959316253662
0 0.0112 55.43073654174805 98.54879379272461 94.75774765014647 131.5537452697754
0 0.0112 345.4243469238281 358.5626983642578 384.7635650634765 391.5410614013672
0 0.0111 270.4276657104492 492.2244644165039 320.07762908935547 517.8458023071289
0 0.0111 59.60094451904297 212.9509162902832 110.79601287841795 237.13434219360352
0 0.0110 365.4122924804687 318.59230041503906 404.7743225097656 351.51397705078125
0 0.0110 369.60235595703125 262.9519462585449 420.79429626464844 287.1335792541504
0 0.0110 45.25580883026122 178.93489837646484 84.91692066192626 211.20128631591797
0 0.0108 385.4448318481445 548.5153579711914 424.7450637817383 581.5842819213867
0 0.0106 309.439582824707 93.07319641113281 360.93914031982416 117.01324462890625
0 0.0106 -10.357723236083986 282.9205513000488 40.75908660888672 307.1645927429199
0 0.0105 350.2116012573242 582.4374771118164 400.2616500854492 607.6389694213867
0 0.0105 365.1890182495117 119.07184600830078 404.9784469604492 151.07648849487305
0 0.0103 365.55652618408203 438.23951721191406 404.6457290649414 471.8367004394531
0 0.0102 249.9195861816406 42.6909065246582 300.5162048339844 67.39030838012695
0 0.0101 160.72811126708984 12.233381271362305 188.87676239013672 57.86956787109375
0 0.0100 -79.27686214447021 132.19542980194092 -51.1172866821289 177.89944171905518
