0 0.0343 336.2279510498047 99.90978240966797 393.86962890625 120.15857696533203
0 0.0331 326.21517181396484 119.9155044555664 383.8814926147461 140.152702331543
0 0.0261 346.2284851074219 79.90949630737303 403.8690948486328 100.15886306762695
0 0.0259 306.1201858520508 139.95830535888672 363.96961212158203 160.1087188720703
0 0.0254 0.0 194.88586425781247 638.75 533.75
0 0.0242 275.9452819824219 100.03549575805664 334.13219451904297 120.02920150756835
0 0.0241 265.8080291748047 120.09771347045898 324.2592239379883 139.96557235717773
0 0.0229 0.0 -105.0 510.9122848510742 176.5149688720703
0 0.0228 516.14501953125 79.94342803955078 573.9474487304688 100.123291015625
0 0.0217 515.9682083129883 100.02490997314453 574.1109848022461 120.0400161743164
0 0.0202 526.144905090332 119.94441986083983 583.9473342895508 140.12245178222656
0 0.0196 286.3017177581787 79.8733139038086 343.80188941955566 100.1955032348633
0 0.0195 296.30356788635254 159.87642288208008 353.7992000579834 180.19304275512695
0 0.0189 516.5364456176758 59.761390686035156 573.585090637207 80.30975341796875
0 0.0185 396.24603271484375 99.90009307861327 453.8531494140625 120.16826629638672
0 0.0172 386.21768951416016 119.9140739440918 443.8792037963867 140.15409469604492
0 0.0169 246.10231399536133 139.96967315673828 303.9853858947754 160.09765625
0 0.0167 536.2852096557617 139.8793792724609 593.8175582885742 160.18901824951172
0 0.0166 597.9311370849609 59.03976440429687 638.75 81.0439682006836
0 0.0163 316.40509605407715 59.827995300292976 373.705530166626 80.24242401123047
0 0.0157 406.37733459472656 79.83901977539061 463.731689453125 100.23078918457031
0 0.0157 366.2040710449219 139.92029190063474 423.89183044433594 160.14772415161133
0 0.0154 376.1296844482422 59.954662322998054 433.9606475830078 80.11255264282227
0 0.0153 256.4692687988281 59.79518890380859 313.6467742919922 80.2755355834961
0 0.0150 17.906498908996582 209.0619945526123 72.32324123382568 231.0227680206299
0 0.0145 608.9395141601562 517.6782226562499 638.75 533.75
0 0.0140 609.5218658447266 487.56813049316406 638.75 512.4580383300781
0 0.0138 608.4042549133301 28.343620300292965 638.7499809265137 51.68291091918945
0 0.0138 226.5974998474121 79.73867416381837 283.5271644592285 100.33414840698242
0 0.0133 276.87533378601074 179.60430145263672 333.27054023742676 200.47149658203128
0 0.0127 236.67804718017578 159.70272064208984 293.4520721435547 180.3713607788086
0 0.0124 608.5578918457031 -31.749563217163086 638.75 -8.222723007202148
0 0.0123 18.31984519958496 238.81950378417966 71.94692611694336 261.26731872558594
0 0.0121 456.32896423339844 59.8625373840332 513.7761688232422 80.20689010620117
0 0.0121 577.3739242553711 99.3454360961914 632.8126907348633 120.73429107666016
0 0.0120 286.90526008605957 39.585442543029785 343.24381828308105 60.490012168884284
0 0.0119 512.6921272277832 -105.0 638.7499809265137 -35.150761604309075
0 0.0117 17.76144504547119 179.14024353027344 72.45652675628662 200.94314575195312
0 0.0115 557.3819351196289 169.34165954589844 612.8052139282227 190.73822021484375
0 0.0113 608.609619140625 -1.7832946777343752 638.75 21.81110382080078
0 0.0112 226.9662094116211 39.555931091308594 283.18748474121094 60.52028656005859
0 0.0112 609.3874359130859 387.67444610595703 638.75 412.3529434204102
0 0.0111 356.3925552368164 159.83427047729492 413.71700286865234 180.23607254028317
0 0.0111 206.7868423461914 119.64645385742188 263.3524703979492 140.42823791503906
0 0.0101 486.7050552368164 39.68289852142333 543.4287643432617 60.390419960021966
0 0.0100 608.3492279052734 218.37856292724607 638.75 241.647834777832
