0 0.1996 254.88529205322266 -58.01366424560544 315.11775970458984 -38.93455123901365
0 0.1816 264.7197723388672 -37.94825172424314 325.27233123779297 -19.002252578735334
0 0.1797 245.16345977783203 -78.12743520736691 304.85862731933594 -58.8172707557678
0 0.1721 274.77054595947266 -17.96811676025388 335.2248764038086 1.0183372497558811
0 0.1355 285.55644035339355 1.7097511291504124 344.49231147766113 21.350921630859396
0 0.1112 186.7850685119629 -78.85094261169431 243.3536720275879 -58.07410812377926
0 0.1035 315.3754138946533 -58.21866607666013 374.6620464324951 -38.72380828857419
0 0.0965 245.66617965698242 -98.3432111740112 304.3916893005371 -78.5956869125366
0 0.0959 305.2893352508545 -78.18381881713864 364.7424793243408 -58.75995254516599
0 0.0938 325.69847106933594 -38.35768318176267 384.36180114746094 -18.58090019226072
0 0.0911 466.6883087158203 -78.80609369277951 523.4435272216797 -58.120301723480196
0 0.0858 336.15787506103516 -18.562017440795874 393.93543243408203 1.6289653778076387
0 0.0837 196.72348022460938 -48.81930923461912 253.41014862060547 -28.106132507324197
0 0.0702 496.9253158569336 -58.92146682739255 553.2246017456055 -38.00237274169919
0 0.0690 518.3268737792969 40.31071090698244 571.9415283203125 62.77546310424807
0 0.0646 406.53900146484375 -78.73620367050167 463.58192443847656 -58.192060947418184
0 0.0623 216.35944366455078 -18.645587921142557 273.7465286254883 1.716312408447286
0 0.0610 437.04864501953125 -58.98285484313961 493.1108856201172 -37.939725875854464
0 0.0573 498.2820129394531 10.340312957763695 551.9817352294922 32.7460517883301
0 0.0562 376.5220260620117 -58.726707458496065 433.5972213745117 -38.20151901245114
0 0.0536 286.93522453308105 21.074241638183615 343.2153797149658 42.002090454101584
0 0.0527 187.2411346435547 -109.08378696441646 242.93437957763672 -87.8374109268188
0 0.0523 436.7959976196289 -98.86166191101071 493.34484100341797 -78.06411361694333
0 0.0516 508.56937408447266 70.16607666015626 561.7206192016602 92.92154693603517
0 0.0512 496.8333435058594 -98.88074016571044 553.310546875 -78.04476833343503
0 0.0499 509.5029830932617 109.529842376709 560.8819961547852 133.5567512512207
0 0.0493 305.86899757385254 -98.43507385253903 364.20409202575684 -78.5018501281738
0 0.0491 487.9036331176758 -19.436908721923807 542.3260116577148 2.5215950012207244
0 0.0432 128.09236526489258 -79.54550361633298 182.1538543701172 -57.368741989135714
0 0.0406 537.352409362793 -79.14352273941036 592.8325271606445 -57.77695989608762
0 0.0395 347.5434112548828 10.757869720459006 402.65655517578125 32.32365036010744
0 0.0372 598.5430717468262 -69.8207149505615 638.7500190734863 -47.09219551086424
0 0.0355 138.48464488983154 -49.7772464752197 191.79649829864502 -27.134805679321268
0 0.0353 501.76517486572266 134.87564468383792 568.722038269043 168.11455154418945
0 0.0350 227.16276168823242 10.964001655578631 283.0047035217285 32.11522960662844
0 0.0331 376.6566467285156 -98.79543876647946 433.47389221191406 -78.1320247650146
0 0.0324 68.0507755279541 -79.52472305297849 122.19252586364746 -57.3902378082275
0 0.0321 537.7838134765625 -39.37495803833005 592.4366760253906 -17.541919708251932
0 0.0298 397.32166290283203 -29.124179840087866 452.85999298095703 -7.7960739135741965
0 0.0281 158.71854782104492 -19.923454284667944 211.58456802368164 3.0121269226074427
0 0.0277 128.18517684936523 -109.60230922698972 182.06987380981445 -87.31181240081783
0 0.0276 588.4108734130859 -99.74620437622069 638.75 -77.16816520690917
0 0.0269 246.51988983154297 -118.7313947677612 303.60057830810547 -98.19774723052977
0 0.0262 18.060245513916016 -59.52651596069333 72.18306541442871 -37.38784408569333
0 0.0254 0.0 156.38586425781256 638.75 495.25
0 0.0242 548.4344863891602 -9.75007629394529 601.8428421020508 12.837318420410174
0 0.0237 438.5205841064453 0.19832992553713114 491.7643737792969 22.88942718505861
0 0.0229 458.7872314453125 40.02918624877931 511.52320861816406 63.05916213989259
0 0.0229 0.0 -143.49999999999997 510.9122848510742 138.0149688720703
0 0.0225 78.89350891113281 -50.04182434082029 131.42763137817383 -26.869941711425753
0 0.0215 568.7381744384766 20.061820983886737 621.5673065185547 43.02656555175783
0 0.0213 68.03001642227173 -109.51464748382566 122.21187353134155 -87.40071392059323
0 0.0207 598.3427238464355 -39.69931221008299 638.7500190734863 -17.214532852172827
0 0.0197 18.529024124145508 -29.80743026733396 71.75686836242676 -7.104869842529275
0 0.0190 158.22267532348633 -139.62442493438718 212.0357322692871 -117.28950119018553
0 0.0189 0.0 -90.39727306365964 50.97364902496338 -66.51596164703366
0 0.0188 98.46588134765625 -139.77150058746335 151.81480407714844 -117.14144802093503
0 0.0178 579.324951171875 49.66062927246096 631.0405731201172 73.42687988281251
0 0.0171 459.21546936035156 89.73423385620119 511.1393737792969 113.35304641723636
0 0.0165 0.0 39.91434478759768 51.366310119628906 63.174079895019545
0 0.0161 588.7088012695312 -129.93043756484983 638.75 -106.98279237747191
0 0.0159 8.948116302490234 -0.07787322998044638 61.37840270996094 23.16614532470705
0 0.0151 169.23351287841797 9.729598999023459 221.12152099609375 33.35874938964846
0 0.0150 306.70536041259766 -118.8223657608032 363.42967987060547 -98.10510730743405
0 0.0150 238.6247444152832 40.13426208496096 291.66982650756836 62.95393371582033
0 0.0144 487.4797058105469 -129.2116913795471 542.7158355712891 -107.70784711837767
0 0.0140 37.81090021133423 -139.3936762809753 92.41273641586304 -117.5235590934753
0 0.0140 608.3740997314453 -10.13682937622068 638.75 13.163322448730487
0 0.0139 79.48880195617676 -20.464082717895486 130.89550971984863 3.55014228820803
0 0.0135 574.3924140930176 81.3368263244629 638.7499809265137 131.24702835083008
0 0.0134 0.0 -120.66267466545102 40.66373348236084 -96.2530205249786
0 0.0134 510.1544952392578 168.9880218505859 560.3113555908203 194.08941650390625
0 0.0117 449.54833984375 119.49144744873048 500.84259033203125 143.59426879882815
0 0.0116 608.9655876159668 479.1583862304688 638.7500190734863 495.25
0 0.0113 0.0 69.91594696044923 51.36404037475586 93.17285919189453
0 0.0110 69.04593467712402 9.84676742553713 121.29244804382324 33.24013137817384
0 0.0108 609.5404052734375 429.05275726318365 638.75 453.9731826782227
0 0.0107 239.3179702758789 139.65738677978516 291.04854583740234 163.42901611328125
