0 0.1750 70.66979360580444 86.60541474819183 108.58758640289305 108.68285596370697
0 0.1596 70.64075124263763 63.5092556476593 108.55618965625762 84.94195342063904
0 0.1566 70.6321085691452 109.95161533355713 108.64336144924162 132.19702243804932
0 0.1143 70.66417586803436 133.46543908119202 108.59615457057953 155.57047724723816
0 0.1071 35.33773598074913 83.7550237774849 65.42634692788124 111.55115813016891
0 0.0990 70.4047019481659 40.496401488780975 108.7240810394287 61.108216643333435
0 0.0989 109.61467874050142 79.33040708303452 147.6751948595047 100.38574784994125
0 0.0900 31.305962324142456 56.16851896047592 69.69054889678955 76.68837159872055
0 0.0882 109.46046662330627 56.131983175873756 147.79161763191223 76.72328315675259
0 0.0863 109.67397046089174 102.64131426811218 147.63655614852905 123.9403635263443
0 0.0842 46.7930371761322 117.91735887527466 69.11667537689209 155.41106462478638
0 0.0746 78.48840308189392 157.13930130004883 116.3537437915802 178.801029920578
0 0.0714 177.7163679599762 49.95248466730118 219.9153835773468 67.30200350284576
0 0.0702 109.6921796798706 126.03713572025299 147.62517166137695 147.4163383245468
0 0.0572 147.6539085507393 72.59964942932129 187.59621781110764 91.5297120809555
0 0.0555 117.1595538854599 149.45000410079956 139.36362516880038 186.4164173603058
0 0.0549 109.22265899181366 32.97436237335205 147.98659932613373 53.01762372255325
0 0.0545 194.2703063488007 72.79269397258759 234.70109057426453 91.33826196193695
0 0.0541 4.003116011619569 76.28286629915237 34.24058210849762 103.4255102276802
0 0.0498 162.37071257829666 2.912696450948715 204.0358344912529 20.59340476989746
0 0.0489 162.6518006324768 26.16816759109497 203.7823433876038 44.21302676200867
0 0.0477 54.6537424325943 157.23422169685364 76.87068831920624 194.2538022994995
0 0.0468 23.413659155368805 110.41423305869102 45.60868543386459 147.33195677399635
0 0.0457 148.24916523694992 95.50848603248596 187.0801160931587 115.4843121767044
0 0.0453 224.7408862113953 49.864521250128746 266.65415716171265 67.39077903330326
0 0.0449 89.93744206428526 185.65881252288818 120.18158388137817 212.79966831207275
0 0.0429 208.69907093048096 3.229111433029175 251.40955400466922 20.27365192770958
0 0.0418 30.97822991013527 33.09277445077896 69.96326622366905 52.90265381336212
0 0.0394 116.55216765403748 9.982410818338394 156.2153036594391 29.145512729883194
0 0.0393 70.02217423915864 17.485689371824265 109.0416396856308 37.260234355926514
0 0.0388 144.53709971904755 154.68977391719818 174.9419058561325 181.29174411296844
0 0.0371 191.29552793502805 92.4954041838646 221.91920232772827 118.51184815168381
0 0.0371 148.18804812431335 134.63489711284637 187.13145804405212 154.4850915670395
0 0.0357 240.4516274929047 73.25172424316406 282.20092606544495 90.87914228439331
0 0.0357 121.11988019943237 185.8757734298706 151.48755264282227 212.6004695892334
0 0.0349 209.0988392829895 26.437584310770035 251.04459476470947 43.94267871975899
0 0.0344 124.01477348804474 478.994756937027 164.33916342258456 497.63503670692444
0 0.0342 7.844292640686034 40.48841446638107 29.91669726371765 76.7069086432457
0 0.0336 225.4118854999542 96.30777686834335 266.04794812202454 114.69864100217819
0 0.0328 77.17580449581146 478.9649248123169 117.43278157711028 497.664213180542
0 0.0326 0.0035102367401114234 102.78172418475151 22.138186812400818 139.3720991909504
0 0.0316 170.829639852047 479.03817892074585 211.26788955926898 497.59185314178467
0 0.0314 175.71836066246033 154.87372875213623 206.25197243690488 181.12319707870483
0 0.0304 131.2366063594818 448.1482803821564 172.68183183670044 465.98246693611145
0 0.0293 22.41792631149292 479.0191352367401 62.807434320449836 497.6107180118561
0 0.0293 191.30262088775635 123.72482940554619 221.91318225860599 149.78067949414253
0 0.0281 21.551330655813217 440.52445888519287 63.58870592713355 457.98003673553467
0 0.0271 84.63180911540985 447.9728639125824 125.56291472911835 466.1582410335541
0 0.0270 255.60873103141785 3.2072290778160095 298.25341057777405 20.295387133955956
0 0.0262 58.629998087882996 193.6517208814621 88.97958052158356 220.44651210308075
0 0.0261 225.67289423942566 119.55584585666656 265.81513237953186 138.3243352174759
0 0.0257 152.23571014404297 186.2332820892334 182.85485458374023 212.27294206619263
0 0.0255 30.5266949236393 10.050956159830093 70.35573300719261 29.077645391225815
0 0.0254 -62.99999999999998 234.28583145141602 436.0234375 499.0234375
0 0.0247 21.67793464660645 417.0092046260834 63.473978161811836 434.62058901786804
0 0.0243 217.76884150505066 478.9915680885315 258.0856020450592 497.63816595077515
0 0.0235 222.41648387908938 139.66695964336395 253.28572940826416 165.11587798595428
0 0.0235 100.33983838558197 424.4799315929413 141.11311089992526 442.77623295783997
0 0.0234 -24.48862130939961 479.04184460639954 15.96059937775135 497.5881278514862
0 0.0234 23.45719289779663 149.78019893169403 45.556270599365234 186.14913523197174
0 0.0229 -63.00000000000002 0.0 336.1502225399018 219.93356943130493
0 0.0220 147.47239750623703 424.2900311946869 187.75925141572955 442.9643452167511
0 0.0217 101.27351534366608 212.78907358646393 140.29205691814423 232.58079588413239
0 0.0217 178.4129078388214 455.7647407054901 219.2848856449127 473.99142384529114
0 0.0214 21.547054022550583 370.2179491519928 63.591820269823074 387.66202330589294
0 0.0209 13.946109533309935 393.5253322124481 55.58759820461273 411.2301766872406
0 0.0203 295.85488986968994 479.0181517601013 336.2456793785096 497.61152267456055
0 0.0191 65.70842218399048 421.7895567417145 97.46246886253357 445.57222723960876
0 0.0187 140.15013825893402 212.96367049217224 179.51414835453033 232.41078853607178
0 0.0187 21.423881024122238 346.8509912490845 63.70438364148139 364.15308713912964
0 0.0186 84.71991968154907 369.79055404663086 125.48320841789246 388.0908489227295
0 0.0185 61.23160299658775 401.07113122940063 102.09220376610756 419.30973529815674
0 0.0179 183.42313271760943 186.3807886838913 214.16111391782763 212.1380716562271
0 0.0176 -27.482672512531284 76.92250609397888 3.1959797143936144 102.83924639225006
0 0.0175 255.6278343200684 26.636064052581787 298.23549938201904 43.74198615550995
0 0.0175 131.87634301185608 268.02656054496765 172.10685563087466 286.72870993614197
0 0.0175 -17.200955107808117 455.9656083583832 24.243350222706795 473.79085421562195
0 0.0172 139.63426005840302 354.00059819221497 179.96872317790985 372.6294934749603
0 0.0171 210.52631092071533 166.03484749794006 249.77084350585935 185.5887770652771
0 0.0170 155.30663084983826 236.78042739629745 195.5510611534119 255.4747238755226
0 0.0168 186.59457665681836 432.06122517585754 226.7680327296257 450.8182108402252
0 0.0167 108.24918103218079 400.97442269325256 148.838960647583 419.4064438343048
0 0.0166 256.7663426399231 471.23241424560547 297.2047562599182 489.7734522819519
0 0.0166 253.54217839241025 139.92580771446228 284.650021314621 164.87988829612732
0 0.0164 84.54635095596312 346.4687168598175 125.6395215988159 364.53762650489807
0 0.0162 271.188312292099 50.10920763015747 313.91959738731384 67.14335083961487
0 0.0161 271.94043350219727 96.53974324464798 313.23465061187744 114.46677893400192
0 0.0161 147.65223217010498 330.40502667427063 187.59941411018372 349.3482172489166
0 0.0160 -63.0 471.06605768203735 -23.309498012065884 489.93873596191406
0 0.0160 120.65034461021423 233.8271141052246 151.9115800857544 258.4921717643738
0 0.0160 159.8274941444397 397.66600728034973 190.867506980896 422.7582514286041
0 0.0159 29.557266354560856 323.21909070014954 71.22565162181854 340.91106057167053
0 0.0158 -15.573282644152641 40.659286081790924 6.455398246645928 76.5746682882309
0 0.0155 140.04620265960693 291.1827564239502 179.60380864143372 310.44405698776245
0 0.0154 225.14998269081116 448.04316759109497 266.284280538559 466.08787775039673
0 0.0154 139.76018977165222 377.3455023765564 179.8564727306366 396.15893363952637
0 0.0152 -4.080750897526742 6.708651781082153 26.663984254002568 32.43652731180191
0 0.0152 97.33923625946044 264.8301124572754 128.3566291332245 289.9670600891113
0 0.0152 78.18736982345581 220.43579816818237 100.19265961647032 256.1931312084198
0 0.0149 342.9080183506012 478.8841903209686 382.9625780582428 497.74423241615295
0 0.0147 171.08844321966168 260.0997984409332 211.03674274683 279.0292799472809
0 0.0147 412.76218843460083 486.4457994699478 436.0234375 499.0234225988388
0 0.0145 -25.302744388580322 432.70131945610046 16.694248735904694 450.1785337924957
0 0.0145 -63.0 447.75816798210144 -30.966821044683456 466.37263894081116
0 0.0143 27.081140398979183 202.20449566841125 57.99531292915345 227.58165001869202
0 0.0143 179.14646220207214 306.7757785320282 218.63334727287292 326.1004388332367
0 0.0142 37.91322660446167 299.4236648082733 78.54845476150513 317.8316056728363
0 0.0139 -25.377287447452545 378.05625796318054 16.762466251850128 395.4479992389679
0 0.0139 84.73741364479065 322.8972256183624 125.46884369850159 341.2332832813263
0 0.0138 178.9370412826538 213.19250762462616 218.8182110786438 232.1857064962387
0 0.0138 178.84394627809525 361.70488595962524 218.9000408053398 380.54949045181274
0 0.0137 0.03604692220687877 142.09158718585968 22.09913831949234 178.23843657970428
0 0.0137 179.0923337340355 283.3833396434784 218.68080002069476 302.6185929775238
0 0.0136 66.07132506370544 272.6760506629944 97.12346744537352 297.7491021156311
0 0.0136 -62.462470412254326 71.79895043373108 -40.40258648991585 107.91149735450745
0 0.0134 -25.287859991192818 409.2540144920349 16.680921509861946 426.7507791519165
0 0.0134 295.3815097808838 455.90946078300476 336.6695876121521 473.8466441631317
0 0.0134 105.18104684352875 296.01356387138367 136.1427093744278 321.27776741981506
0 0.0133 -63.0 424.2284893989563 -31.074440956115723 443.0263042449951
0 0.0132 272.49007773399353 119.59857121109962 312.7416307926178 138.2819376885891
0 0.0130 -62.46178495883942 32.74165838956833 -40.4034097790718 68.84487718343735
0 0.0129 -23.37634462118149 103.2511405646801 -1.3683055639266966 139.0051729977131
0 0.0128 -25.330251932144165 354.5899987220764 16.71987128257751 372.0393180847168
0 0.0125 -63.0 400.6139636039734 -31.2721346616745 419.76356506347656
0 0.0124 54.770995944738395 228.45330089330673 76.7300697863102 263.8509050011635
0 0.0124 34.745250910520554 265.0177776813507 65.94364073872566 289.7961437702179
0 0.0124 214.50936150550842 186.73841655254364 245.56034159660337 211.81173622608185
0 0.0121 -17.238565638661385 330.98363876342773 24.27863617241383 348.77192974090576
0 0.0120 -9.083612740039825 307.32211470603943 31.782330095767975 325.5586326122284
0 0.0120 186.8483583331108 338.115930557251 226.54309970140457 357.2615385055542
0 0.0119 190.99979948997498 405.63446283340454 222.1893603801727 430.428683757782
0 0.0119 -63.0 369.2839741706848 -31.35677325725556 388.5922431945801
0 0.0117 -63.0 9.577658027410507 -31.653440475463864 29.539301991462708
0 0.0117 198.78547739982605 233.81128907203674 230.02677512168887 258.50653648376465
0 0.0116 249.29895353317264 166.28120839595795 289.08654403686523 185.34688651561737
0 0.0113 -63.0 345.80063819885254 -31.40177476406098 365.1995658874512
0 0.0107 3.475346684455871 280.6786596775055 34.71239757537842 305.388480424881
0 0.0107 19.110174000263214 233.7866649031639 50.32806199789047 258.5289850831032
0 0.0106 217.88676929473877 267.9729461669922 257.97935676574707 286.78202629089355
0 0.0106 -63.0 322.3019242286682 -31.46080198884011 341.82190895080566
0 0.0103 295.27386379241943 432.5364828109741 336.76775646209717 450.3438472747803
