0 0.1695 110.72525024414062 170.09803771972656 331.5412902832031 269.2982864379882
0 0.0631 70.72525024414062 50.09801864624023 291.5412902832031 149.2983055114746
0 0.0597 465.89988708496094 177.07483291625977 504.3665313720703 212.90674209594727
0 0.0585 420.5063247680664 200.8010101318359 449.14432525634766 249.04544830322263
0 0.0527 80.75759887695312 151.8241500854492 129.80941772460938 178.2283020019531
0 0.0519 205.83696365356445 266.2518310546875 244.51135635375977 303.6684417724609
0 0.0491 75.7465648651123 177.69353866577148 114.48283195495605 212.3373985290527
0 0.0486 450.5540084838867 211.01928710937497 479.08626556396484 258.8494110107422
0 0.0460 425.90198516845703 157.05163955688477 464.3662643432617 192.92814254760742
0 0.0457 390.5427551269531 200.96423149108887 419.09996032714844 248.89798164367676
0 0.0446 165.88119506835938 266.31790161132807 204.45545196533203 303.60694885253906
0 0.0445 245.84409713745117 266.25988006591797 284.5025444030762 303.66092681884766
0 0.0416 505.8017349243164 157.5141716003418 544.437141418457 192.50219345092773
0 0.0389 330.47069549560547 270.66944122314453 359.1878128051758 319.1714096069336
0 0.0382 485.84739685058594 217.33314514160153 524.4022369384766 252.66876220703122
0 0.0364 300.48030853271484 270.70262908935547 329.17606353759766 319.13890838623047
0 0.0360 465.8134460449219 137.46702194213864 504.42832946777344 172.54556655883786
0 0.0358 75.81801414489746 217.44627952575684 114.42505836486816 252.56470680236814
0 0.0356 360.53150177001953 220.90915679931635 389.11365509033203 268.9465713500976
0 0.0350 360.4906463623047 290.74024200439453 389.16343688964844 339.10274505615234
0 0.0329 390.5223083496094 250.86818695068357 419.1248321533203 298.9835739135742
0 0.0328 330.50880432128906 220.8119201660156 359.1413116455078 269.0355682373047
0 0.0326 125.92480182647705 266.53411865234375 164.38693523406982 303.40644836425776
0 0.0325 390.4969024658203 310.76431274414057 419.1558074951172 359.07997131347656
0 0.0306 270.4490280151367 310.60276031494135 299.21436309814453 359.2393112182617
0 0.0295 420.5541229248047 251.01867675781247 449.0861511230469 298.84971618652344
0 0.0293 574.3924140930176 284.83680725097656 638.7499809265137 334.74700927734375
0 0.0289 385.83343505859375 157.38719940185547 424.41307067871094 192.6190185546875
0 0.0288 240.43678283691406 310.5675506591797 269.22935485839844 359.27604675292963
0 0.0286 574.3924140930176 224.83680725097656 638.7499809265137 274.74700927734375
0 0.0285 574.3924140930176 164.83682632446286 638.7499809265137 214.74702835083005
0 0.0274 330.52452087402344 320.8816909790039 359.1221618652344 368.97228240966797
0 0.0265 35.443220138549805 178.5128021240234 74.7471809387207 211.58668518066403
0 0.0261 210.44876098632812 330.60237884521484 239.21470642089844 379.2398452758789
0 0.0255 300.50578117370605 320.8011245727539 329.14502143859863 369.04598236083984
0 0.0239 29.923830032348633 152.6865005493164 80.51262855529785 177.39452362060547
0 0.0238 85.89814186096191 257.07454681396484 124.36850547790527 292.9070663452148
0 0.0235 574.3924140930176 104.83682632446288 638.7499809265137 154.74702835083005
0 0.0229 0.0 277.02486038208013 510.9126281738281 558.7499809265137
0 0.0226 574.3924140930176 344.83680725097656 638.7499809265137 394.74700927734375
0 0.0214 350.58509826660156 171.1819076538086 379.0485382080078 218.70861053466794
0 0.0214 180.47103881835938 330.6715393066406 209.18743133544922 379.169692993164
0 0.0205 525.7505035400391 197.69037246704102 564.4786834716797 232.34025955200195
0 0.0201 574.3924140930176 44.836812019348145 638.7499809265137 94.74700450897215
0 0.0195 420.5331039428711 310.9193420410156 449.1117477416992 358.9381408691406
0 0.0185 505.7161331176758 117.8007125854492 544.5071792602539 152.23896026611328
0 0.0184 35.16744136810303 119.11449432373045 74.9984884262085 151.03763580322263
0 0.0182 465.7960510253906 257.5306701660156 504.4420623779297 292.4870300292969
0 0.0174 35.61059832572937 218.09165954589844 74.59884762763977 251.9721221923828
0 0.0171 150.48982620239258 330.73757171630854 179.16444778442383 379.1054153442383
0 0.0170 275.8798599243164 137.15929031372067 314.38148498535156 172.8289222717285
0 0.0168 0.0 178.6930465698242 34.82022523880005 211.422004699707
0 0.0168 574.3924140930176 -15.163183212280275 638.7499809265137 34.747018814086914
0 0.0162 574.3924140930176 404.83680725097656 638.7499809265137 454.74700927734375
0 0.0157 19.536643028259277 93.00159454345702 70.85267543792725 117.08438873291016
0 0.0155 0.7427501678466797 132.38103866577148 28.85939121246338 177.75876998901367
0 0.0151 120.50097465515137 310.78304290771484 149.15087699890137 359.06322479248047
0 0.0149 425.7263946533203 117.7692222595215 464.49851989746094 152.2678565979004
0 0.0149 530.6435775756836 231.55147552490232 558.9779281616211 278.4031295776367
0 0.0143 49.78971481323242 32.79391288757325 100.63097953796387 57.288427352905266
0 0.0141 360.5514907836914 341.00460052490234 389.08931732177734 388.86180877685547
0 0.0139 105.47893524169922 18.43518257141113 144.71441268920898 51.657609939575195
0 0.0139 19.383459091186523 63.11508178710936 70.98902702331543 86.97174072265625
0 0.0139 320.60298919677734 141.28728866577148 349.0269088745117 188.62001419067383
0 0.0138 608.9958381652832 -67.0390510559082 638.7499809265137 -42.93217182159423
0 0.0137 50.632476806640625 251.48193359374997 78.99138450622559 298.460693359375
0 0.0132 145.70001602172852 17.845754623413082 184.52116012573242 52.19761848449706
0 0.0129 10.64140796661377 311.53842926025385 38.98059844970703 358.41411590576166
0 0.0126 90.54737091064453 310.9872817993164 119.0943717956543 358.8777542114258
0 0.0125 0.0 218.52276802062988 34.756059646606445 251.57755851745605
0 0.0120 450.6080627441406 291.3176345825195 479.02076721191406 338.5946273803711
0 0.0118 535.7009124755859 317.83985137939453 574.5207214355469 352.2030258178711
0 0.0116 385.72845458984375 117.7621078491211 424.49684143066406 152.27439880371094
0 0.0115 185.64855575561523 17.99927711486816 224.56476211547852 52.056779861450195
0 0.0111 0.0 32.955913543701165 40.80069541931152 57.129497528076165
0 0.0111 512.8874015808105 489.6266937255859 638.7500190734863 558.7499999999999
0 0.0109 0.0 -80.0 129.46765899658203 -10.12060642242432
0 0.0109 10.61396598815918 361.36081695556635 39.013710021972656 408.5599899291992
0 0.0108 480.6410217285156 291.5318298339844 508.98101806640625 338.4187316894531
0 0.0108 40.60671806335449 311.3130187988281 69.02244567871094 358.5991668701172
0 0.0107 0.0 278.26229095458984 34.66611385345459 311.81591033935547
0 0.0105 350.63648223876953 121.50047302246092 378.9864730834961 168.44417572021484
