0 0.1801 0.0 -92.85298538208006 52.458810806274414 -71.06295776367186
0 0.0953 55.52320718765259 -91.78186845779419 114.52464818954468 -72.15882730484009
0 0.0870 0.0 -63.533584594726555 51.433396339416504 -40.37769508361816
0 0.0618 278.4458541870117 -95.6839771270752 464.04903411865234 -18.250753402709957
0 0.0609 55.769805908203125 -71.8826217651367 114.29401397705078 -52.05407333374022
0 0.0296 56.74698829650879 -52.32998085021971 113.38826179504395 -31.59508895874022
0 0.0295 335.89759826660156 -19.91620254516601 374.3682861328125 15.898502349853523
0 0.0254 0.0 192.88586425781247 638.75 531.75
0 0.0226 295.75304985046387 -19.330865859985344 334.47781562805176 15.35980033874512
0 0.0217 0.025644302368164062 -34.39273071289062 50.42217254638672 -9.52677917480468
0 0.0207 5.33183217048645 -8.227989196777337 44.847363233566284 24.349887847900394
0 0.0204 388.94954681396484 116.4182357788086 441.3777542114258 139.66961669921878
0 0.0202 375.7939147949219 -19.46422767639159 414.4440460205078 15.482366561889656
0 0.0196 293.06254386901855 17.914174079895023 408.191499710083 67.5640516281128
0 0.0189 338.51078033447266 136.69932174682617 391.77440643310547 159.38765335083008
0 0.0182 116.56400203704834 -102.25510787963866 173.560471534729 -81.67398405075073
0 0.0174 438.39839935302734 136.77185821533203 491.87557220458984 159.3152313232422
0 0.0163 388.83785247802734 156.49491119384766 441.47777557373047 179.59328460693357
0 0.0162 339.10572052001953 96.30499649047852 391.23889923095703 119.78171157836913
0 0.0153 288.3176040649414 156.82003784179688 341.94915771484375 179.26663208007812
0 0.0149 399.29473876953125 86.17935943603517 451.0681915283203 109.90784454345703
0 0.0141 288.5486125946045 116.67534637451172 341.74023628234863 139.41170501708984
0 0.0137 448.48243713378906 106.71767044067384 501.7999267578125 129.36934280395508
0 0.0137 338.7628173828125 176.54230880737308 391.54579162597656 199.5456199645996
0 0.0132 358.9828872680664 216.39691162109375 411.34754180908203 239.6910552978516
0 0.0132 512.6921272277832 -106.99999999999999 638.7499809265137 -37.15076160430907
0 0.0130 49.02785301208496 6.366079330444342 101.30719184875488 29.721830368042
0 0.0129 0.0 157.91418838500977 108.19150924682617 207.56403732299805
0 0.0129 116.17632389068604 -82.06741523742674 173.9176321029663 -61.86494541168212
0 0.0123 511.90391540527344 22.841804504394542 638.75 122.62707519531251
0 0.0123 295.10082244873047 72.23995971679688 335.0608444213867 103.92342376708984
0 0.0122 255.3952980041504 -8.385059356689446 294.7912788391113 24.493358612060554
0 0.0119 448.50059509277344 166.70983123779297 501.7826843261719 189.37771606445312
0 0.0118 58.35080146789551 -23.19521141052245 111.91792488098145 -0.7172794342040941
0 0.0116 398.8860321044922 186.4632301330566 451.434326171875 209.62500381469727
0 0.0114 575.4707145690918 497.7563171386718 638.7500190734863 531.75
0 0.0114 0.0 126.08441162109375 50.94426155090332 150.00286865234375
0 0.0113 608.6831665039062 -33.82926416397093 638.75 -10.142449855804434
0 0.0111 69.09012794494629 116.32273483276366 121.25144004821777 139.76496505737305
0 0.0110 299.196081161499 216.2524871826172 351.1557102203369 239.83547973632815
0 0.0109 254.9251937866211 32.56043720245362 295.2257537841797 63.63209056854248
0 0.0106 0.0 25.793397903442386 50.616302490234375 50.290239334106445
0 0.0105 238.59134674072266 136.64870071411133 291.7014694213867 159.4384651184082
0 0.0102 278.7593078613281 186.5458755493164 331.54869079589844 209.5422439575195
0 0.0102 608.7741851806641 -3.8894863128662034 638.75 19.91794395446778
0 0.0102 239.09673690795898 76.3212661743164 291.24486923217773 99.76685333251953
