0 0.0926 -44.30782318115234 417.8586196899414 -5.471210479736328 452.1858596801758
0 0.0913 -34.163761138916016 367.3773193359375 4.4108009338378915 402.6280975341797
0 0.0875 -44.41777229309082 458.16783905029297 -5.376405715942385 491.90235137939453
0 0.0861 -4.436020851135253 458.22620391845703 34.6386194229126 491.84886932373047
0 0.0795 -34.16043281555176 327.3675537109375 4.407949447631834 362.63710021972656
0 0.0786 -4.36145782470703 418.0253219604492 34.57359313964843 452.0328903198242
0 0.0716 5.746288299560548 367.7031707763672 44.48225021362305 402.3284912109375
0 0.0655 0.17431259155273326 492.46788024902344 50.29458999633788 517.6088714599609
0 0.0615 -34.207048416137695 287.54638671875 4.44411277770996 322.47257232666016
0 0.0601 5.649027824401855 327.99869537353516 44.56429004669189 362.0573043823242
0 0.0601 -44.50701713562011 498.39202880859375 -5.297231674194336 531.6970825195312
0 0.0564 -74.5532774925232 368.4918975830078 -35.2547287940979 401.6058349609375
0 0.0506 -74.51415300369263 328.39969635009766 -35.28992414474487 361.69010162353516
0 0.0488 5.577297210693357 288.1904983520508 44.62697982788085 321.8815612792969
0 0.0477 -84.87327575683594 429.18636322021484 -44.96289253234863 460.97225189208984
0 0.0470 -4.6381139755249015 518.7075424194336 34.81980800628662 551.4087295532227
0 0.0460 35.353069305419915 458.7270736694336 74.82786178588867 491.39087677001953
0 0.0414 -84.9683380126953 469.37347412109375 -44.874858856201165 500.802001953125
0 0.0404 35.466365814208984 418.46405029296875 74.7258186340332 451.63124084472656
0 0.0389 -44.67446327209473 538.7750244140625 -5.145826339721677 571.3471984863281
0 0.0388 -74.55938339233398 288.511266708374 -35.24972915649413 321.58814430236816
0 0.0370 -24.33918952941894 247.96625137329102 14.554052352905272 282.08703994750977
0 0.0357 -100.46098470687866 402.9914093017578 -49.147703647613525 427.0934295654297
0 0.0331 45.753326416015625 377.6666259765625 84.47772979736328 412.3621368408203
0 0.0324 35.28799057006836 518.8638305664062 74.88771438598633 551.2660980224609
0 0.0322 -0.26882171630859375 552.8485488891602 50.68096160888672 577.2354507446289
0 0.0304 -85.02748727798462 509.4872283935547 -44.819943904876716 540.6985473632812
0 0.0294 9.67323303222656 612.8812026977539 60.734825134277344 637.2015762329102
0 0.0280 -64.56554412841795 248.53055953979492 -25.24465560913086 281.5704536437988
0 0.0267 15.543136596679684 248.2807731628418 54.65686798095703 281.79887771606445
0 0.0260 50.20652770996093 492.4310302734375 100.26824951171872 517.64404296875
0 0.0258 -60.42557716369629 572.9695129394531 -9.180154800415039 597.1157073974609
0 0.0256 -0.43512821197509877 582.9827117919922 50.827088356018066 607.1034240722656
0 0.0254 -139.99999999999997 299.8858642578125 498.74999999999994 638.75
0 0.0245 -100.78558206558226 543.2363128662109 -48.85997533798218 566.8511199951172
0 0.0245 45.65950393676758 337.9637908935547 84.55575942993164 372.0893096923828
0 0.0229 -139.99999999999997 0.0 370.9122848510742 281.5149688720703
0 0.0215 69.66934204101562 612.8836822509766 120.73837280273438 637.1990966796875
0 0.0211 45.4707145690918 298.45038414001465 84.72223281860352 331.643762588501
0 0.0210 -80.01382827758789 602.6370239257812 -29.54254150390625 627.4435424804688
0 0.0204 -139.31568145751953 421.8728256225586 -111.07085704803467 468.15006256103516
0 0.0198 -139.32231426239014 341.8227767944336 -111.0628890991211 388.18973541259766
0 0.0193 -139.30265426635742 501.9786834716797 -111.08644962310791 548.0673980712891
0 0.0183 75.50350189208984 458.37318420410156 114.69272613525389 491.7143249511719
0 0.0182 -139.99999999999997 388.04954528808594 -105.4086399078369 422.01072692871094
0 0.0182 -139.99999999999997 468.1254196166992 -105.38588523864746 501.9411849975586
0 0.0180 -139.32100296020508 291.83281898498535 -111.06446266174316 338.18182945251465
0 0.0178 -105.03859043121338 569.5122146606445 -64.8100233078003 600.6758499145508
0 0.0170 -139.3150281906128 241.8780517578125 -111.0716390609741 288.14598083496094
0 0.0169 -104.9210739135742 259.2905044555664 -64.91963386535645 290.8774185180664
0 0.0166 -109.24430727958679 342.5034713745117 -81.15599751472472 387.6662063598633
0 0.0165 -130.09317874908447 602.707633972168 -79.473876953125 627.3745346069336
0 0.0163 49.43681716918945 573.071403503418 100.94240188598631 597.0145034790039
0 0.0160 -139.31291341781616 191.89449310302734 -111.07417345046997 238.13304901123047
0 0.0160 75.43888092041016 418.52699279785156 114.75067138671875 451.57371520996094
0 0.0157 125.24547576904297 608.9325141906738 164.92881774902344 638.7499809265137
0 0.0157 -29.238510131835938 602.5794792175293 -1.1627578735351574 638.7500190734863
0 0.0155 -9.765086174011232 222.4163818359375 40.241427421569824 247.65960693359375
0 0.0155 175.3021240234375 608.8079071044922 214.87731933593747 638.75
0 0.0154 75.49633026123047 518.3922576904297 114.69894409179688 551.6968536376953
0 0.0152 -139.99999999999997 548.6621475219727 -105.19174814224243 581.4502334594727
0 0.0152 90.62149047851561 361.40289306640625 119.0045928955078 408.5242462158203
0 0.0149 115.58784484863281 408.1378936767578 154.62013244628906 441.9297790527344
0 0.0147 55.56581497192383 258.2221031188965 94.63693618774413 291.85258865356445
0 0.0143 -139.30854320526123 141.92867279052734 -111.07941150665283 188.1061553955078
0 0.0138 -39.283618927001946 202.12997436523438 -11.109256744384766 247.9489517211914
0 0.0138 372.6921272277832 0.0 498.7499809265136 69.84923839569092
0 0.0138 215.2893829345703 608.8367462158203 254.88883972167966 638.75
0 0.0136 -109.24346446990965 292.5112533569336 -81.15700244903563 337.66029357910156
0 0.0129 115.53955078125 488.28624725341797 154.66041564941403 521.7938613891602
0 0.0127 -90.4420280456543 222.9789924621582 -39.16491508483887 247.10596084594727
0 0.0121 155.5799102783203 488.1795120239258 194.62509155273438 521.8915939331055
0 0.0118 85.66856384277344 327.9414367675781 124.54765319824219 362.1098327636719
0 0.0117 120.61742782592772 361.37622833251953 149.0094947814941 408.54610443115234
0 0.0116 255.3097915649414 608.7906646728516 294.8704147338867 638.75
0 0.0114 195.72872161865232 467.75264739990234 234.4974899291992 502.2830581665039
0 0.0113 -139.30266857147214 91.97568893432617 -111.08644962310791 138.0693244934082
0 0.0109 115.50930023193361 448.3638000488281 154.68708038330078 481.7228698730469
0 0.0106 105.40084838867186 238.61923217773438 144.7845458984375 271.48937225341797
0 0.0103 468.9461517333984 622.6734733581543 498.74999999999994 638.7500190734863
0 0.0101 434.3924140930175 84.83681678771973 498.7499809265136 134.7470188140869
0 0.0100 95.57844161987305 278.19005966186523 134.62575912475583 311.88196182250977
