0 0.2852 5.48649787902832 65.24433135986328 64.55615997314453 84.81624603271484
0 0.2738 6.031770706176758 85.00720977783202 64.04941082000732 105.06019592285156
0 0.2443 0.0 44.75496292114258 53.552236557006836 65.31801223754883
0 0.2285 15.88329792022705 105.0724983215332 74.18739795684814 124.99300003051758
0 0.1785 5.794572830200195 25.107202529907227 64.27084922790527 44.956502914428704
0 0.1651 16.733455657958984 124.6781539916992 73.40038299560547 145.39688110351562
0 0.1233 6.243305206298828 4.905290603637696 63.85475158691406 25.163660049438477
0 0.1070 64.38167333602905 65.68117618560791 125.58870553970337 84.36337947845458
0 0.1027 54.312801361083984 45.70587158203125 115.65351486206055 64.33748245239258
0 0.0987 64.53609466552734 85.62301635742186 125.44404983520508 104.42390441894531
0 0.0825 36.2600040435791 144.89788055419922 93.8392162322998 165.17131805419922
0 0.0793 183.43372344970703 -23.9688777923584 246.47598266601562 -5.999460220336913
0 0.0755 243.77948760986328 95.90959548950194 306.1512756347656 114.12733078002928
0 0.0746 193.58745574951172 -4.022657871246337 256.3315963745117 14.056627750396727
0 0.0732 173.60673904418945 -44.031596183776855 236.31406784057617 -25.934519767761234
0 0.0709 254.3613624572754 115.6938362121582 315.60644149780273 134.35129165649414
0 0.0686 243.59350204467773 75.97457885742188 306.32612228393555 94.05937194824217
0 0.0682 15.811009407043457 -14.901952743530273 74.2560625076294 4.965553283691406
0 0.0618 203.86896133422852 15.875291824340819 266.0679054260254 34.162588119506836
0 0.0593 74.9998688697815 105.44025421142578 135.01086950302124 124.61303710937499
0 0.0591 233.75446319580078 55.916280746459954 296.1753463745117 74.11986351013182
0 0.0558 36.50523900985718 164.78265762329102 93.61244440078735 185.28917312622067
0 0.0545 255.24164199829102 135.34391403198242 314.7848701477051 154.7130012512207
0 0.0539 223.92961502075195 35.85189819335937 286.0114097595215 54.18663024902344
0 0.0526 174.24577713012695 -64.27066385746001 235.71672439575195 -45.687236189842224
0 0.0462 75.55463790893555 125.21024703979491 134.49403762817383 144.85036849975586
0 0.0405 304.8581027984619 85.49089431762694 365.14472007751465 104.5594596862793
0 0.0392 0.0 149.45257186889648 35.157470703125 180.73003768920896
0 0.0384 265.8244323730469 155.09307861328122 324.2433547973633 174.97081756591797
0 0.0383 27.372281551361084 194.35262680053708 82.81273126602173 215.72805404663086
0 0.0381 7.043619155883789 -35.480356216430664 63.11553955078125 -14.44228172302246
0 0.0380 64.82913970947266 25.50464630126953 125.17122268676758 44.54568862915038
0 0.0341 305.0157165527344 65.42694091796874 364.99786376953125 84.62543487548827
0 0.0328 315.4698181152344 105.23941040039062 374.5746612548828 124.8189926147461
0 0.0314 185.0576400756836 85.41898727416992 244.95643615722656 104.63544845581055
0 0.0288 195.8721923828125 115.07558822631836 254.19815063476562 134.9894905090332
0 0.0281 174.83816146850586 65.50498962402342 235.16180038452148 84.54612731933592
0 0.0278 125.12226104736328 85.39030075073242 184.89681243896484 104.66459274291992
0 0.0275 244.24631118774414 -34.2673635482788 305.7153129577637 -15.689921379089355
0 0.0273 254.45798873901367 -14.347934722900389 315.51733016967773 4.393587112426758
0 0.0272 315.75345039367676 125.11756896972656 374.310941696167 144.94441986083982
0 0.0269 164.72803115844727 45.54877281188965 225.26456832885742 64.50087547302246
0 0.0264 376.50157928466797 -45.217934846878045 433.61637115478516 -24.710654020309445
0 0.0263 294.9020290374756 45.473766326904304 355.10361671447754 64.57725524902344
0 0.0263 276.09283447265625 174.97108459472653 333.9949035644531 195.09567260742188
0 0.0262 264.6479320526123 5.57742118835449 325.34008979797363 24.470663070678707
0 0.0254 0.0 219.8858642578125 638.75 558.75
0 0.0251 234.32785034179688 -54.299201965332024 295.63926696777344 -35.657119750976555
0 0.0240 124.5036506652832 -14.360487461090086 185.47334671020508 4.407637119293213
0 0.0230 135.65200805664062 105.16733169555664 194.4037628173828 124.89431381225585
0 0.0229 0.0 -79.99999999999999 510.9122848510742 201.51496887207028
0 0.0228 396.62513732910156 -65.27923583984375 453.5027313232422 -44.64839458465576
0 0.0226 284.8719024658203 25.48665046691894 345.13153076171875 44.56410408020019
0 0.0224 114.36840057373047 -34.30954933166503 175.60001373291016 -15.645341873168947
0 0.0222 134.79360580444336 5.525588989257811 195.20261764526367 24.52541351318359
0 0.0217 65.08388757705688 5.4028892517089835 124.93335485458374 24.65099334716797
0 0.0215 114.40898895263672 -54.327737092971795 175.56276321411133 -35.62704920768738
0 0.0215 144.82309818267822 25.512027740478512 205.1755666732788 44.539070129394524
0 0.0214 265.9797191619873 195.0190734863281 324.10054206848145 215.04589080810544
0 0.0206 235.2977180480957 -74.69457149505615 294.7364616394043 -55.25028944015503
0 0.0203 86.84791564941406 194.61769104003906 143.29580307006836 215.45780181884763
0 0.0202 96.10766410827637 144.96690750122067 153.98051261901855 165.10042190551758
0 0.0196 0.0 -66.75975799560547 41.139469146728516 -43.152265548706055
0 0.0196 356.5656280517578 -25.24852752685547 413.5572052001953 -4.679393768310548
0 0.0193 115.41873455047607 -74.74426031112671 174.62353229522705 -55.198867321014404
0 0.0190 196.4654541015625 134.80222702026367 253.6490249633789 155.2692604064941
0 0.0184 266.1570644378662 214.93949890136716 323.9359378814697 235.12760162353516
0 0.0174 326.35852813720703 144.84390258789062 383.75003814697266 165.22506713867188
0 0.0171 135.99092483520508 125.01701354980467 194.08937454223633 145.0485610961914
0 0.0171 367.42618560791016 64.31770324707031 422.7647018432617 85.7624626159668
0 0.0167 96.48693084716797 164.79167938232422 153.6292839050293 185.27999877929688
0 0.0162 335.39623260498047 -64.72968995571135 394.6432113647461 -45.212889313697815
0 0.0159 314.9724578857422 -44.550524950027466 375.03692626953125 -25.39684176445007
0 0.0157 266.4886951446533 234.78710174560544 323.6284923553467 255.28400421142575
0 0.0157 377.2684860229492 4.403343200683594 432.90889739990234 25.675907135009766
0 0.0156 176.4462661743164 -80.0 233.76235961914062 -64.39896583557127
0 0.0155 357.1647644042969 34.453191757202156 413.00514221191406 55.62457084655761
0 0.0153 287.3163604736328 264.37961578369135 342.8646469116211 285.7002639770508
0 0.0147 206.43648147583008 154.81225967407227 263.676700592041 175.25835037231445
0 0.0144 38.405911922454834 223.7676906585693 91.86868906021118 246.31951332092285
0 0.0139 417.5221252441406 -25.731391906738278 472.6762390136719 -4.187355041503907
0 0.0138 599.4041442871094 -66.89536571502686 638.75 -43.01727294921874
0 0.0137 45.71035623550415 -54.86087799072265 104.35027837753296 -35.07722854614258
0 0.0133 517.1921539306641 204.43906784057617 572.9799652099609 225.63894271850586
0 0.0130 609.1383171081543 -37.139873504638665 638.7500190734863 -12.83156394958496
0 0.0129 46.46501541137695 -75.2085542678833 103.65208625793457 -54.7216796875
0 0.0128 215.89405059814453 175.0572967529297 274.17999267578125 195.0066375732422
0 0.0127 608.8528442382812 293.0590438842773 638.75 316.96971893310547
0 0.0127 517.3685455322266 174.3491554260254 572.8174591064453 195.73068618774414
0 0.0126 327.108154296875 244.48505401611322 383.0565643310547 265.59261322021484
0 0.0124 97.1038818359375 224.49169158935547 153.05944442749023 245.58662414550778
0 0.0124 326.8251037597656 194.62457656860352 383.31787109375 215.45003890991208
0 0.0118 327.7400588989258 284.1545104980469 382.47554779052734 305.92910766601557
0 0.0114 377.5783920288086 94.23892974853514 432.62447357177734 115.84285736083983
0 0.0113 608.9896392822266 542.6396179199219 638.75 558.7499999999999
0 0.0112 517.3775863647461 234.34543609619135 572.8088760375977 255.73459625244135
0 0.0112 418.0546569824219 33.97263526916503 472.18910217285156 56.112356185913086
0 0.0105 608.9926147460938 322.9637908935547 638.75 347.06504821777344
0 0.0105 0.0 188.9979362487793 25.205235481262207 221.1454963684082
0 0.0104 527.657356262207 144.1925048828125 582.5529861450195 165.8893585205078
0 0.0102 268.26053619384766 293.85643005371094 322.0005416870117 316.2303161621094
