0 0.0254 0.0 193.38586425781247 638.75 532.25
0 0.0229 0.0 -106.49999999999999 510.9122848510742 175.01496887207034
0 0.0218 225.37961959838867 12.163997650146499 264.8041343688965 44.94851684570313
0 0.0199 597.1406555175781 207.96063995361325 638.75 229.11611175537107
0 0.0179 185.15310287475586 12.639709472656262 225.01211166381836 44.51469039916993
0 0.0174 607.5550079345703 237.32568359375 638.75 259.6927795410156
0 0.0174 219.8362922668457 46.26216506958009 270.5887794494629 70.82046127319337
0 0.0171 209.79084014892578 -13.698657989501939 260.62828063964844 10.782104492187514
0 0.0154 269.61902618408203 56.43960571289064 320.77945709228516 80.64588165283203
0 0.0139 328.7623977661133 57.04560852050782 381.54552459716797 80.04273986816406
0 0.0136 587.1275520324707 177.96842193603516 638.7499809265137 199.10840606689453
0 0.0136 608.5073852539062 406.7820510864258 638.75 430.2454147338867
0 0.0135 607.1526336669922 317.5353012084961 638.75 339.47843170166016
0 0.0131 269.6389102935791 26.425643920898448 320.7615566253662 50.65986251831056
0 0.0129 169.40776824951172 56.596237182617195 220.96759796142578 80.49031829833984
0 0.0126 512.6921272277832 -106.49999999999997 638.7499809265137 -36.65076160430907
0 0.0125 608.8960075378418 516.211009979248 638.7500190734863 532.2500190734862
0 0.0124 319.2954635620117 86.68084716796875 371.0670852661133 110.40662384033205
0 0.0122 219.7195053100586 76.36075592041016 270.69068908691406 100.72377777099611
0 0.0120 607.2163391113281 287.5017700195313 638.75 309.5125732421875
0 0.0117 159.04706954956055 -23.145069122314435 211.28950119018555 0.2332267761230607
0 0.0109 259.2028999328613 -23.249153137207017 311.1489677429199 0.33753967285157577
0 0.0107 269.54909324645996 96.49215316772461 320.84168434143066 120.5937156677246
0 0.0103 249.25207138061523 156.7112693786621 301.106014251709 180.37627792358398
0 0.0103 289.58903312683105 216.46302795410153 340.80594062805176 240.62272644042966
0 0.0101 5.166263580322266 202.6241455078125 44.9988317489624 234.52882385253903
0 0.0100 607.6951599121094 347.25392913818354 638.75 369.7666702270508
0 0.0100 608.2979011535645 376.9103775024414 638.7499809265137 400.1157913208008
