0 0.1251 496.2520980834961 144.89896774291992 553.8471603393555 165.16973495483396
0 0.1031 486.6439437866211 164.7151184082031 543.4845352172852 185.35797119140622
0 0.0911 496.11576080322266 124.95903015136717 553.9740371704102 145.10772705078122
0 0.0833 435.75775146484375 145.12319564819336 494.30511474609375 164.9400520324707
0 0.0669 435.53409576416016 125.21644592285156 494.5138168334961 144.84348297119138
0 0.0585 426.68529510498047 164.70039367675778 483.4450912475586 185.37395477294922
0 0.0510 486.1580276489258 104.94029998779297 543.9347457885742 125.12702941894533
0 0.0491 457.0680236816406 184.50912475585938 513.0926513671875 205.568733215332
0 0.0425 425.6510925292969 105.16649246215819 484.4049072265625 124.89492416381836
0 0.0390 527.9604339599609 184.02706146240232 582.2749328613281 206.05743408203125
0 0.0292 178.44696044921875 83.73983383178711 231.83204650878906 106.34710311889648
0 0.0282 469.68448638916016 272.88631439208984 520.7220077514648 297.19829559326166
0 0.0272 188.69800567626953 113.58276367187497 241.60465240478516 136.50489807128903
0 0.0268 445.71834564208984 85.13648986816406 504.34268951416016 104.92565155029295
0 0.0266 376.87915802001953 144.6028137207031 433.2668685913086 165.4730987548828
0 0.0266 498.26290130615234 213.85238647460935 551.9989395141602 236.23397827148438
0 0.0254 0.0 219.8858642578125 638.75 558.75
0 0.0234 419.1529083251953 283.2775115966797 471.1955261230469 306.8098449707031
0 0.0229 0.0 -79.99999999999999 510.9122848510742 201.51496887207028
0 0.0228 469.99176025390625 302.63072967529297 520.452880859375 327.4495315551758
0 0.0227 506.41963958740234 84.81817245483398 563.692741394043 105.2519416809082
0 0.0219 489.0256881713867 243.36921691894528 541.3087844848633 266.7189025878906
0 0.0218 198.4165382385254 143.7584686279297 251.85964584350586 166.32835388183594
0 0.0216 519.9393463134766 272.6778411865234 570.4981231689453 297.403564453125
0 0.0201 419.5338821411133 313.0002975463867 470.85582733154297 337.0852279663086
0 0.0197 525.3819274902344 298.6600875854492 564.8018646240234 331.45206451416016
0 0.0187 418.15155029296875 253.91540527343747 472.1009826660156 276.16996765136713
0 0.0183 218.03159713745117 183.98900985717773 272.209415435791 206.09632492065427
0 0.0181 178.00703048706055 54.001522064208984 232.2321891784668 76.08341217041016
0 0.0176 387.686767578125 184.18037414550778 442.5251007080078 205.90229034423825
0 0.0174 386.15856170654297 84.94270324707031 443.93360137939453 105.12504577636719
0 0.0172 557.667121887207 154.1895294189453 612.5434494018555 175.89275360107422
0 0.0167 366.58203125 114.74653244018553 423.5413360595703 135.32617568969724
0 0.0166 565.4441070556641 298.52012634277344 604.7454833984375 331.5799713134765
0 0.0153 469.74510192871094 332.8335952758789 520.6694793701172 357.24971771240234
0 0.0153 238.95156860351562 93.41934204101562 291.3753890991211 116.66885375976561
0 0.0148 519.8476409912109 332.7493286132812 570.5795288085938 357.3326873779297
0 0.0147 409.2467498779297 343.2108306884765 461.11167907714844 366.8761444091797
0 0.0145 545.178337097168 239.09262657165527 584.9884414672852 271.0575199127197
0 0.0144 228.16633224487305 213.91210556030273 282.08627700805664 236.1741828918457
0 0.0143 438.2931900024414 213.83655548095703 491.97093963623047 236.2502670288086
0 0.0142 570.1598739624023 272.48638153076166 620.3060531616211 297.5913619995117
0 0.0141 248.66600036621094 123.60328674316403 301.63352966308594 146.4842987060547
0 0.0138 559.2174530029297 213.23854446411133 611.1363983154297 236.84949874877927
0 0.0137 425.78468322753906 65.10803699493407 484.2809295654297 84.95498180389403
0 0.0131 127.99652099609375 104.00775909423828 182.2417449951172 126.07715606689453
0 0.0129 608.9616394042969 542.6611137390136 638.75 558.7500190734862
0 0.0127 258.208065032959 153.88214111328122 312.049503326416 176.2035369873047
0 0.0125 608.6688041687012 -66.82066440582275 638.7500190734863 -43.15120220184326
0 0.0124 138.1811761856079 133.89781951904297 192.07398891448975 156.18770599365234
0 0.0119 609.256420135498 302.77168273925776 638.7500190734863 327.25616455078125
0 0.0119 277.7524185180664 184.14302825927734 332.4652862548828 205.93994140625
0 0.0118 359.0574645996094 323.3476257324219 411.28021240234375 346.74049377441406
0 0.0118 238.2740592956543 243.84742736816403 291.98843002319336 266.23924255371094
0 0.0117 609.080638885498 242.90176391601562 638.7500190734863 267.12699890136713
0 0.0116 486.2205505371094 64.91077423095703 543.8770294189453 85.15712738037108
0 0.0114 609.4890022277832 512.5939178466797 638.7499809265137 537.4324798583983
0 0.0114 158.560471534729 173.66876602172852 211.72929286956787 196.41843795776364
0 0.0113 238.72705459594727 63.56792449951172 291.5775489807129 86.52030944824219
0 0.0110 569.8923492431641 332.7154922485351 620.5397033691406 357.36637115478516
0 0.0108 358.6453628540039 293.61915588378906 411.65157318115234 316.46881103515625
0 0.0108 547.2595977783203 104.40250396728516 602.9183197021484 125.67584991455077
0 0.0105 118.00821304321289 74.00146484375 172.2309684753418 96.08356475830077
0 0.0103 337.45628356933594 164.30545806884763 392.7362823486328 185.77552795410156
0 0.0102 168.78639221191406 203.52842330932617 221.52423858642578 226.5597343444824
0 0.0101 178.70744705200195 243.5786437988281 231.5956687927246 266.50932312011713
