0 0.1454 125.79555988311768 35.10631561279296 184.27005290985107 54.957332611083984
0 0.1396 125.48343181610107 15.238819122314451 184.56074237823486 34.820594787597656
0 0.1225 126.74417495727539 54.66997146606445 183.3911895751953 75.40470123291014
0 0.1113 115.55543899536133 -4.790658950805665 174.49344635009766 14.851179122924805
0 0.0834 186.56856536865234 24.748859405517575 243.5547637939453 45.323066711425774
0 0.0779 176.1028289794922 -5.034627914428711 233.98590087890625 15.101308822631836
0 0.0734 115.34887313842773 -24.70320224761963 174.68563079833984 -5.238900184631347
0 0.0658 167.41483688354492 74.3286943435669 222.77399063110352 95.7521390914917
0 0.0563 107.93854236602783 84.04186248779297 162.2944211959839 106.04282379150389
0 0.0549 67.04405069351196 14.522256851196289 123.11448812484741 35.55554389953613
0 0.0507 175.91384887695312 -24.94883060455322 234.16095733642578 -4.986567497253419
0 0.0478 67.34444618225098 44.36833381652831 122.83804893493652 65.71228981018066
0 0.0426 115.20044326782227 -44.642696380615234 174.82416152954102 -25.30152320861816
0 0.0371 158.0716323852539 103.9663314819336 212.17281341552734 126.11927032470703
0 0.0334 357.82543182373047 -55.89634895324707 412.3982620239258 -34.01998043060303
0 0.0286 175.70928573608398 -44.859127998352044 234.35094833374023 -25.0787878036499
0 0.0281 138.592267036438 183.64843368530273 191.70058727264404 206.43877029418945
0 0.0278 98.05680274963379 113.97401809692383 152.18653678894043 136.11139297485352
0 0.0273 148.50627422332764 133.70244979858398 201.77841663360596 156.38456344604492
0 0.0265 56.90323829650879 -15.40710687637329 113.24419975280762 5.483572483062744
0 0.0254 0.0 219.8858642578125 638.75 558.75
0 0.0251 207.5516128540039 54.25168991088867 262.64942169189453 75.82963943481445
0 0.0239 105.51093578338623 -64.77574110031128 164.535870552063 -45.164964199066155
0 0.0235 48.01692724227905 73.99663925170898 102.2229790687561 96.0884666442871
0 0.0229 0.0 -79.99999999999999 510.9122848510742 201.51496887207028
0 0.0227 348.3195114135742 -26.182675361633297 401.94774627685547 -3.7308740615844727
0 0.0213 609.3028450012207 12.736787796020508 638.7499809265137 37.29083061218262
0 0.0211 128.76427173614502 213.54248046874997 181.54426097869873 236.54560089111328
0 0.0209 98.18553924560547 153.89900207519528 152.06920623779297 176.18709564208984
0 0.0199 78.53396415710449 183.69068145751953 131.75213813781738 206.39720916748047
0 0.0194 28.269634246826172 143.84885787963867 81.99274063110352 166.23762130737305
0 0.0191 189.3661117553711 163.12721252441406 241.00460052490234 186.95960998535153
0 0.0189 38.30904006958008 103.82320404052734 91.95736885070801 126.26312255859375
0 0.0188 296.95289611816406 -55.43692111968994 353.1996154785156 -34.486918449401855
0 0.0183 168.93068313598633 303.43273162841797 221.39432907104492 326.65538787841797
0 0.0181 189.02183532714844 203.36847305297852 241.3129425048828 226.71918869018552
0 0.0178 8.061084747314453 33.975553512573235 62.18172073364258 56.1104679107666
0 0.0173 118.88599395751953 283.46202850341797 171.43465042114258 306.62601470947266
0 0.0169 128.97964477539062 243.39950561523435 181.35034561157227 266.68853759765625
0 0.0169 56.326026916503906 -45.13219714164733 113.77796173095703 -24.797793626785275
0 0.0168 19.010820388793945 173.3821868896484 71.32152557373047 196.70639038085935
0 0.0164 178.94752502441406 263.41976165771484 231.37950897216797 286.6681289672851
0 0.0162 609.2532348632812 42.77419090270997 638.75 67.25371360778809
0 0.0159 165.73572158813477 -64.8736572265625 224.32714462280273 -45.064420700073235
0 0.0155 598.6640167236328 -66.39354705810547 638.75 -43.51858139038085
0 0.0154 0.0 109.15334701538086 35.01558780670166 141.00225448608398
0 0.0151 236.61300659179688 -15.271453857421875 293.51348876953125 5.3439998626708975
0 0.0149 118.82999420166016 323.4982681274414 171.4852523803711 346.5896987915039
0 0.0149 609.2013549804688 -17.18496084213257 638.75 7.213418483734131
0 0.0146 188.94067764282227 233.42633247375488 241.38525009155273 256.66186332702637
0 0.0145 0.0 198.23131561279294 34.64832067489624 231.84421539306638
0 0.0141 358.8167953491211 3.5059642791748042 411.4973831176758 26.581850051879883
0 0.0138 69.29054021835327 213.18744659423828 121.07086420059204 236.90048217773435
0 0.0135 0.0 82.9610824584961 40.80296516418457 107.12471008300781
0 0.0130 179.02801513671875 333.36578369140625 231.3071060180664 356.72210693359375
0 0.0128 495.53348541259766 158.29833984375 534.6660995483398 191.7828369140625
0 0.0126 256.62919998168945 -35.27961730957031 313.498592376709 -14.647722244262695
0 0.0123 407.95536041259766 -75.96897125244139 462.2793197631836 -53.94640922546386
0 0.0122 574.3924140930176 124.83682632446288 638.7499809265137 174.74702835083008
0 0.0121 266.721830368042 -75.33048152923584 323.41450691223145 -54.59683895111085
0 0.0120 229.0968132019043 303.3205413818359 281.2449073791504 326.7675018310547
0 0.0119 555.5278778076172 178.31176757812497 594.6710968017578 211.7705535888672
0 0.0119 208.80365371704102 133.52132797241208 261.50774002075195 156.56744003295896
0 0.0119 359.3355178833008 33.151044845581055 411.03153228759766 56.9361400604248
0 0.0118 46.76424980163574 -75.34886360168457 103.37481498718262 -54.5776605606079
0 0.0117 236.00727081298828 -54.99114990234375 294.0744400024414 -34.94323253631592
0 0.0117 7.717866897583008 4.166021347045898 62.496023178100586 25.91729164123535
0 0.0110 479.6580123901367 32.90968894958496 530.7448959350586 57.17549324035644
0 0.0107 217.6413917541504 94.20520782470703 272.5666618347168 115.8771514892578
0 0.0106 455.51902770996094 138.33690643310547 494.67872619628906 171.7475128173828
0 0.0105 409.2007064819336 -36.751723289489746 461.15184783935547 -13.160462379455566
0 0.0103 247.59611129760742 14.228143692016602 302.60854721069336 35.85360527038574
0 0.0103 609.2677307128906 72.76429653167725 638.75 97.26366519927979
0 0.0102 298.3502197265625 -6.199121475219727 351.9194030761719 16.286001205444336
0 0.0102 0.0 -76.62051200866699 41.31527900695801 -53.29068660736084
0 0.0101 118.92680644989014 353.4365463256836 171.39755725860596 376.6517257690429
0 0.0100 69.43872451782227 243.076171875 120.93942642211914 267.0105743408203
0 0.0100 528.0658721923828 -76.03358268737793 582.1788024902344 -53.88131380081177
