0 0.0271 29.74135875701904 472.84351348876953 80.67139148712158 497.2407913208008
0 0.0254 -79.99999999999999 299.8858642578125 558.75 638.75
0 0.0229 -79.99999999999999 0.0 430.91228485107416 281.5149688720703
0 0.0226 59.51654911041259 613.0058670043945 110.87277889251708 637.078742980957
0 0.0223 119.4858169555664 613.0295181274414 170.89996337890622 637.0553970336914
0 0.0218 -20.314731597900387 472.87986755371094 30.722522735595703 497.2039031982422
0 0.0218 79.21833515167236 453.2369613647461 131.1357831954956 476.8509292602539
0 0.0215 129.29927825927734 473.1787109375 181.0635757446289 496.90887451171875
0 0.0212 15.267133712768551 498.91258239746094 54.90635871887206 531.2216186523438
0 0.0211 179.4100570678711 613.0880355834961 230.96691131591794 636.9976425170898
0 0.0210 19.81344223022461 442.78438568115234 70.60811996459961 467.2990036010742
0 0.0208 9.199247360229492 393.2504653930664 61.152868270874016 416.8375015258789
0 0.0204 39.518165588378906 543.0112075805664 90.86997985839844 567.0743179321289
0 0.0200 119.28295135498045 553.1854248046875 171.07921600341794 576.9014739990234
0 0.0199 -79.99999999999999 448.59046936035156 -45.224118232727044 481.5156555175781
0 0.0198 -0.3980255126953125 612.9384613037109 50.79748153686523 637.1452331542969
0 0.0198 49.18012619018554 573.2599258422852 101.17082595825194 596.8275833129883
0 0.0197 189.4541072845459 473.0637741088867 240.92598915100095 497.02274322509766
0 0.0193 79.55102920532227 482.9934310913086 130.83932876586914 507.09278106689453
0 0.0186 55.22985935211181 508.98914337158203 94.94073390960692 541.1518478393555
0 0.0184 179.1339111328125 553.2912063598633 231.2124252319336 576.7962265014648
0 0.0177 239.4121932983398 613.0852890014648 290.96523284912104 637.0001602172852
0 0.0176 -79.99999999999999 488.56685638427734 -45.23281574249267 521.5372848510742
0 0.0175 119.22786712646484 583.2291793823242 171.1274719238281 606.8585586547852
0 0.0173 -80.0 422.48313903808594 -39.68748569488525 447.59361267089844
0 0.0171 -0.48603057861328125 583.0210876464844 50.87230682373047 607.0653533935547
0 0.0170 -4.803199768066406 539.0560531616211 34.97127532958984 571.0908889770508
0 0.0169 119.67105865478514 522.8949737548828 170.73425292968747 547.1894836425781
0 0.0168 187.961311340332 324.02538299560547 242.27443695068357 346.05892181396484
0 0.0165 -30.538427829742428 433.05091857910156 20.920851230621338 457.03460693359375
0 0.0162 138.73878479003903 443.5584259033203 191.5673828125 466.529541015625
0 0.0160 -80.0 392.5740432739258 -39.60358142852783 417.5050735473633
0 0.0158 299.4503402709961 613.0558395385742 350.9315109252929 637.0292282104492
0 0.0156 -50.33256530761718 602.9001998901367 0.736980438232423 627.1846389770508
0 0.0154 169.66543197631833 502.9030990600586 220.738468170166 527.1818923950195
0 0.0151 59.42229747772217 413.09093475341797 110.95348834991455 436.9962692260742
0 0.0148 -24.974288940429688 499.38232421875 15.130929946899416 530.7939147949219
0 0.0148 -80.0 522.5467681884766 -39.62497711181641 547.5312805175781
0 0.0148 19.104671478271488 363.31172943115234 71.23859405517577 386.7758560180664
0 0.0148 245.11531829833982 469.22183990478516 285.04634857177734 500.93990325927734
0 0.0148 209.21134948730466 443.2413864135742 261.1421585083008 466.8465042114258
0 0.0148 359.6331787109375 612.9104232788086 410.77064514160156 637.1724319458008
0 0.0146 179.0950775146484 583.3227157592773 231.24626159667966 606.7654800415039
0 0.0144 188.54309082031247 293.67557525634766 241.74591064453125 316.4109802246094
0 0.0141 68.90635013580322 383.45096588134766 121.4158010482788 406.63745880126953
0 0.0141 8.767185211181639 223.53883743286133 61.54201507568359 246.54901504516602
0 0.0140 178.82471084594727 243.50109100341797 231.49015426635742 266.5867614746094
0 0.0140 -80.0 362.6840591430664 -39.49575424194335 387.39749908447266
0 0.0139 239.38426971435544 553.1128692626953 290.98865509033203 576.9737243652344
0 0.0137 198.07284355163574 353.96602630615234 252.17160224914554 376.1196517944336
0 0.0135 229.60619926452634 502.9473876953125 280.7912158966064 527.1379089355469
0 0.0132 219.26367759704587 153.2029151916504 271.0956668853759 176.88459396362305
0 0.0130 -60.96494197845458 573.3623504638672 -8.699536323547365 596.7256927490234
0 0.0129 98.95109176635741 263.41779708862305 151.37620925903317 286.6701316833496
0 0.0128 69.05065536499022 233.34779739379883 121.28728866577148 256.7397117614746
0 0.0127 -80.0 332.7456283569336 -39.43247318267823 357.33707427978516
0 0.0122 -80.0 182.65851974487305 -39.5210313796997 207.42246627807617
0 0.0122 128.63039016723633 303.6286163330078 181.6651725769043 326.45931243896484
0 0.0119 228.61099243164062 413.64131927490234 281.6825866699219 436.44664764404297
0 0.0119 208.83811950683594 123.49215507507324 261.4781188964844 146.5956974029541
0 0.0118 8.8217830657959 193.50099563598633 61.49323463439941 216.58658981323242
0 0.0117 410.7554626464844 602.5246429443359 438.8444519042968 638.75
0 0.0117 -80.0 212.68072128295898 -39.49881076812744 237.4007225036621
0 0.0116 -80.0 302.7444553375244 -39.433188438415534 327.338171005249
0 0.0116 -80.0 152.63668537139893 -39.54246997833252 177.44384288787842
0 0.0115 118.62964630126953 413.6279296875 171.66606903076172 436.4598083496094
0 0.0115 229.5145320892334 263.0166435241699 280.87265968322754 287.06926345825195
0 0.0115 168.91517639160156 213.44043731689453 221.4088439941406 236.6473388671875
0 0.0115 128.55491638183594 333.6770248413086 181.733283996582 356.4108657836914
0 0.0114 -35.17457962036132 399.75414276123047 5.317869186401365 430.4561996459961
0 0.0114 9.113550186157228 253.30984115600586 61.22973442077636 276.7782783508301
0 0.0113 529.0219116210938 622.6144218444824 558.75 638.7500190734863
0 0.0112 -80.0 272.7029609680176 -39.475774765014656 297.3788642883301
0 0.0112 159.1108512878418 163.3123779296875 211.23201370239255 186.7758560180664
0 0.0111 -80.0 242.6883888244629 -39.491152763366706 267.3932075500488
0 0.0110 239.2703914642334 583.1983184814453 291.089563369751 606.8891906738281
0 0.0110 69.41728591918945 203.08822631835938 120.95930099487305 226.99813842773438
0 0.0109 78.85532855987549 353.48182678222656 131.46235942840576 376.60614013671875
0 0.0108 -80.0 12.471151351928711 -39.69621658325196 37.60509490966797
0 0.0107 268.98841857910156 443.3945083618164 321.3422393798828 466.69368743896484
0 0.0107 124.96505737304686 229.50496673583984 165.18661499023438 260.6824493408203
0 0.0105 248.62930297851557 333.62537384033203 301.6670227050781 356.4619827270508
0 0.0105 219.20215606689447 183.24525833129883 271.15093231201166 206.84228897094727
0 0.0104 9.141607284545897 333.2884979248047 61.20497703552246 356.79931640625
0 0.0103 49.13121700286865 283.2973861694336 101.2139368057251 306.7906951904297
0 0.0103 228.870267868042 93.47041130065918 281.44925117492676 116.61736488342285
0 0.0101 375.3893280029297 548.6392974853516 414.79560852050776 581.4710998535156
0 0.0100 229.20337677001953 223.2456398010254 281.1495590209961 246.84206008911133
