0 0.0783 458.62603187561035 112.90353536605834 499.0234375 129.34386730194092
0 0.0670 458.7284177541733 89.41186964511871 499.0234524011612 105.96118867397308
0 0.0552 452.19939947128296 172.82704263925552 499.0234375 194.49134916067123
0 0.0526 475.01832246780396 135.601744055748 499.0234375 153.47932279109955
0 0.0491 466.7171835899353 65.88318943977356 499.0234375 82.61650800704956
0 0.0385 452.683225274086 195.86238265037537 499.0234225988388 218.3052599430084
0 0.0343 396.7636227607727 104.75477576255798 439.3506646156311 121.87331914901732
0 0.0342 466.5376543998718 42.5376072525978 499.0234375 59.085272252559655
0 0.0317 459.6819877624512 268.57131719589233 499.0234375 286.18377447128296
0 0.0303 474.83719885349274 18.5137540102005 499.0234225988388 36.19024157524108
0 0.0265 342.7315056324005 96.5537428855896 384.0664327144623 114.4527792930603
0 0.0264 381.26322627067566 128.12171876430511 423.6118495464325 145.38218080997467
0 0.0254 0.0 171.78583145141602 499.0234375 436.5234375
0 0.0251 412.2891426086426 81.3714861869812 455.0669193267822 98.38074445724487
0 0.0246 475.15545785427094 -5.10522723197937 499.0234524011612 12.937143445014954
0 0.0241 436.51676177978516 151.21644735336304 477.78505086898804 169.16483640670776
0 0.0236 335.2885842323303 119.74439024925232 375.9213089942932 138.13707232475278
0 0.0229 0.0 -62.499999999999986 399.15022253990173 157.43356943130493
0 0.0225 475.5093455314636 221.24239802360535 499.0234375 239.717036485672
0 0.0224 475.4185080528259 244.73682045936584 499.0234375 263.0970776081085
0 0.0211 358.14690589904785 159.1808944940567 399.8821973800659 176.82449519634247
0 0.0207 308.7328374385834 93.04635226726532 339.83442187309265 118.00892651081084
0 0.0199 319.41694021224976 73.03664088249207 360.5179786682129 91.09506011009216
0 0.0197 425.5482256412506 124.98167157173157 457.36995339393616 148.63640069961545
0 0.0194 350.41388869285583 237.26209998130798 391.9964134693146 254.99430298805234
0 0.0180 319.9117183685303 143.00064742565155 360.07529497146606 161.75447404384613
0 0.0175 365.9057319164276 73.27605783939362 407.7434241771698 90.85412323474884
0 0.0168 350.1734733581543 182.7160343527794 392.2157883644104 200.16375929117203
0 0.0167 420.0429618358612 253.2781660556793 462.9332721233368 270.2235281467438
0 0.0161 316.70692563056946 233.32756757736206 347.49892354011536 258.947491645813
0 0.0158 342.43685007095337 206.1101198196411 384.33384895324707 223.64532947540283
0 0.0157 475.6014496088028 291.4955914020538 499.0234225988388 310.08926033973694
0 0.0156 277.60830521583557 92.78100728988647 308.4694445133209 118.25087666511534
0 0.0154 404.46022152900696 175.12977123260498 447.26964831352234 192.122220993042
0 0.0153 373.1590807437897 261.0985040664673 416.0657227039337 278.02860736846924
0 0.0147 289.02125358581543 119.27445232868193 328.50879430770874 138.60155642032623
0 0.0140 289.5941138267517 227.98597812652588 311.66690587997437 264.20867443084717
0 0.0140 312.08986043930054 166.4443463087082 352.27125883102417 185.18571555614471
0 0.0136 304.2568564414978 189.89807367324826 344.4768190383911 208.6072564125061
0 0.0134 273.12859892845154 72.61785864830017 313.11890482902527 91.51151776313782
0 0.0133 475.44342279434204 -28.71723473072052 499.0234375 -10.323844850063324
0 0.0128 428.009569644928 18.820971250534058 470.6040620803833 35.932302474975586
0 0.0124 412.30741143226624 276.67441964149475 455.0500810146332 293.70298981666565
0 0.0121 420.39409279823303 57.76940286159515 462.6120626926422 75.10985434055328
0 0.0120 285.2989137172699 139.9105191230774 316.39400124549866 164.89380598068237
0 0.0120 311.63617968559265 49.576953053474426 352.6771366596222 67.67956912517548
0 0.0120 266.1501169204712 227.93656587600705 288.23721408843994 264.2478346824646
0 0.0117 269.75345611572266 202.24818587303162 300.69559812545776 227.54177451133728
0 0.0116 0.0 -59.97858941555023 39.936281740665436 -41.51488095521927
0 0.0108 402.0051658153534 148.5850214958191 434.03342366218567 171.92384600639343
0 0.0107 428.30032110214233 -4.7865938395261765 470.33941745758057 12.666178867220879
0 0.0103 449.4261145591736 -62.499999999999986 499.0234375 -35.25399416685104
0 0.0102 246.249258518219 93.00868213176727 277.3197293281555 118.04325878620148
0 0.0100 327.9726803302765 259.9945366382599 367.6680624485016 279.1333496570587
