0 0.0612 0.0 -53.08219879865647 39.96707499027252 -34.66151744127274
0 0.0604 215.20697325468063 -90.59146508574487 261.38973981142044 -75.30028089880945
0 0.0526 0.0 -76.44286096096039 40.06896913051605 -58.17584782838823
0 0.0478 207.4367105960846 -74.9806547164917 253.53699922561646 -59.659936428070075
0 0.0476 0.0 -0.860922932624828 165.26663303375244 76.63930118083954
0 0.0442 0.0 -29.798076450824748 39.77612406015396 -11.071399748325357
0 0.0435 262.8050744533539 -90.91283097863199 307.59361386299133 -74.97017547488214
0 0.0416 36.434464156627655 -91.00431293249132 80.85377514362335 -74.87667813897134
0 0.0404 44.57434266805649 -67.72504091262819 88.36355060338974 -51.27715408802034
0 0.0365 0.0 92.88909196853638 165.26663303375244 170.38928627967837
0 0.0337 255.00673055648804 -75.29226034879686 299.7674345970154 -59.34023946523668
0 0.0328 200.2304494380951 -59.62269842624665 245.16135454177856 -43.76028567552568
0 0.0291 168.7055081129074 -90.75181275606158 214.16716277599335 -75.13500466942789
0 0.0290 170.11144757270813 6.302065253257741 284.36219692230225 54.265714287757866
0 0.0278 0.0 -100.03176420927049 32.05747902393341 -81.46199300885202
0 0.0264 45.36427557468414 -44.71363216638566 87.63933181762695 -27.40733414888383
0 0.0240 154.48644757270813 -40.572927296161666 268.73719692230225 7.390721738338465
0 0.0231 161.11178696155548 -75.22177040576936 206.1508744955063 -59.411846995353706
0 0.0229 0.0 176.4256721735001 399.1504907608032 396.5234225988388
0 0.0201 166.45511239767075 57.58920967578888 256.39960914850235 96.37815415859224
0 0.0200 83.70810374617577 -83.3858223259449 127.36034765839577 -66.8656387925148
0 0.0172 388.95153999328613 41.315889954566956 431.53804540634155 58.43702614307403
0 0.0157 303.9952516555786 -102.50000000000003 499.0234375 7.424055635929101
0 0.0153 46.2353378534317 -21.83207958936692 86.85213327407837 -3.4125307202339257
0 0.0151 166.45511239767075 104.46420967578888 256.39960914850235 143.25315415859222
0 0.0142 138.60371708869934 -60.05282789468767 181.855708360672 -43.32123786211015
0 0.0138 389.13053274154663 17.77746811509132 431.37437105178833 35.10172948241233
0 0.0126 263.39438557624817 -52.13426142930985 307.0487678050995 -35.61706930398942
0 0.0125 92.05098077654839 -60.22881060838701 134.68565419316292 -43.142930567264564
0 0.0125 115.07716774940491 -99.07558277249338 158.50162506103516 -82.42530837655069
0 0.0114 448.74407351017 245.0287556648254 499.0234225988388 284.02110099792475
0 0.0109 217.6884114742279 142.51734972000122 259.10571217536926 160.3638744354248
0 0.0109 388.53609561920166 64.97885942459106 431.918740272522 81.64589762687683
0 0.0104 264.11157846450806 134.9742031097412 306.3920736312866 152.2796368598938
