0 0.1841 426.9845962524414 -8.450620651245087 483.1698989868164 12.527429580688503
0 0.1470 427.5558853149414 21.253940582275415 482.6444625854492 42.828113555908224
0 0.1231 396.5024948120117 -28.215661525726286 453.6148452758789 -7.712488651275606
0 0.1042 367.2787094116211 1.3997955322265905 422.89913177490234 22.679817199707056
0 0.0968 17.31217384338379 21.383115768432642 72.86818504333496 42.69689750671389
0 0.0950 456.5998840332031 -38.264778137206996 513.5255432128906 -17.66275215148923
0 0.0792 17.247843742370605 -8.58485984802243 72.92764186859131 12.664091110229519
0 0.0782 18.178982734680176 50.90729904174807 72.07417964935303 73.17940902709964
0 0.0715 367.6044464111328 31.22573089599612 422.60040283203125 52.856399536132834
0 0.0632 396.07086181640625 -48.01772880554196 454.0149688720703 -27.915571212768526
0 0.0595 428.29097747802734 50.83876800537112 481.97277069091797 73.24816894531251
0 0.0524 76.96524620056152 -18.440149307250945 133.1875514984131 2.5168819427490523
0 0.0500 77.69354820251465 21.176445007324247 132.518949508667 42.90625762939455
0 0.0472 337.5046157836914 -28.71479558944699 392.6906204223633 -7.20299768447873
0 0.0461 16.94127082824707 -38.42624235153195 73.20918083190918 -17.496967792510958
0 0.0445 487.8535842895508 -8.914077758789032 542.372932434082 12.997657775878933
0 0.0377 5.3505706787109375 75.73769760131839 44.82961654663086 108.38116836547853
0 0.0346 488.23925018310547 20.864173889160178 542.0209884643555 43.22175216674807
0 0.0338 78.01382064819336 50.996520042419455 132.22623825073242 73.08828067779542
0 0.0325 106.34376049041748 -38.14158248901364 163.76183032989502 -17.78838920593259
0 0.0304 324.73636627197266 -3.082740783691379 365.40088653564453 27.308322906494165
0 0.0288 368.2712173461914 60.84992599487306 421.99085235595703 83.23685836791994
0 0.0287 379.11685943603516 160.30505371093753 431.22730255126953 183.78272247314453
0 0.0261 476.60003662109375 -58.26590824127193 533.5256195068359 -37.66178417205807
0 0.0254 0.0 196.88586425781253 638.75 535.75
0 0.0253 48.965933322906494 80.41207504272464 101.3619589805603 103.67646408081055
0 0.0241 416.03538513183594 -68.00391960144039 474.0483856201172 -47.93015289306637
0 0.0240 127.68388748168945 1.1832828521728802 182.52744674682617 22.899572372436552
0 0.0236 35.90951919555664 -57.94530677795406 94.16457176208496 -37.989881515502894
0 0.0235 324.82044219970703 26.772033691406275 365.32161712646484 57.43996810913088
0 0.0235 438.8467025756836 170.48833084106445 491.4699935913086 193.59978866577148
0 0.0229 0.0 -102.99999999999996 510.9122848510742 178.51496887207034
0 0.0227 358.7751007080078 130.52783203125003 411.5361022949219 153.5591812133789
0 0.0214 389.4963073730469 190.03449630737305 440.8879852294922 214.05209732055664
0 0.0209 419.18529510498047 80.26250076293948 471.1648941040039 103.82584762573244
0 0.0206 336.8389892578125 -58.37688255310056 393.3038330078125 -37.54753875732419
0 0.0199 488.90647888183594 50.44472885131838 541.4170074462891 73.64281845092775
0 0.0197 428.8322448730469 140.49802017211917 481.4830017089844 163.5900993347168
0 0.0190 0.0 -79.72816157341 41.176862716674805 -56.18348050117489
0 0.0175 449.10919189453125 200.30612182617188 501.23504638671875 223.7810821533203
0 0.0174 369.3927001953125 100.10441970825197 420.9815979003906 123.98179244995119
0 0.0167 95.87994575500488 -57.932894706726046 154.1921901702881 -38.00276088714597
0 0.0167 19.60583209991455 109.94546127319337 70.79201221466064 134.13953018188477
0 0.0161 399.2758560180664 220.19248199462893 451.08516693115234 243.89472198486328
0 0.0156 329.5420837402344 170.0020332336426 380.84693908691406 194.08452224731445
0 0.0153 419.4187927246094 110.0925750732422 470.95680236816406 133.99451446533206
0 0.0145 608.9997863769531 519.6317596435547 638.75 535.75
0 0.0137 49.039602279663086 140.35355758666992 101.29759788513184 163.73368453979492
0 0.0137 458.9875793457031 230.38855743408203 511.3444519042969 253.69872283935544
0 0.0137 309.6897602081299 59.88661956787111 360.71642875671387 84.19852447509768
0 0.0130 355.0550079345703 216.3372344970703 395.1025390625 247.8348846435547
0 0.0126 49.33368682861328 170.1500053405762 101.03367805480957 193.9368553161621
0 0.0121 517.966423034668 -38.976562499999964 572.2695541381836 -16.938941955566378
0 0.0121 138.32456588745117 30.817605972290064 191.94242477416992 53.269350051879904
0 0.0120 574.3924140930176 161.8368263244629 638.7499809265137 211.74702835083008
0 0.0119 75.14388084411621 106.1581153869629 115.02062797546387 137.99790573120117
0 0.0118 5.205793380737305 166.04279708862308 44.962472915649414 198.10292434692386
0 0.0118 608.842601776123 -39.93315505981442 638.7500190734863 -16.037996292114222
0 0.0116 347.3783874511719 -98.65980195999141 402.80921936035156 -77.2608547210693
0 0.0116 609.6838188171387 489.4287033081054 638.7500190734863 514.5947189331055
0 0.0115 478.79764556884766 80.51469039916994 531.5154647827148 103.57255172729494
0 0.0115 45.84759712219238 -77.92111682891841 104.22285079956055 -58.015335083007784
0 0.0113 36.479947566986084 -98.21627426147457 93.63844156265259 -77.71389770507808
0 0.0112 319.94991302490234 89.66921997070314 370.48885345458984 114.41207122802737
0 0.0109 609.317626953125 219.72647857666016 638.75 244.301139831543
0 0.0107 109.244384765625 80.21914672851565 161.11236572265625 103.86878204345705
0 0.0105 488.56346130371094 150.66800308227542 541.7263793945312 173.41935348510742
0 0.0103 268.927001953125 0.4328556060791307 321.3981246948242 23.654939651489283
0 0.0102 416.94480895996094 -98.43905735015865 473.2085418701172 -77.48582172393795
0 0.0100 478.08799743652344 120.9512634277344 532.1591186523438 143.13361358642578
0 0.0100 598.563404083252 -89.33381128311153 638.7499809265137 -66.57909440994258
