0 0.1277 87.80878067016602 87.61285400390625 142.4134635925293 109.47068786621094
0 0.1110 78.21378707885742 117.38294219970705 132.04334259033203 139.70338439941406
0 0.1110 27.44889259338379 97.8088722229004 82.74314880371094 119.27196121215822
0 0.1046 37.31649398803711 67.87639236450195 92.86524772644043 89.2029914855957
0 0.0954 97.7112865447998 57.665935516357436 152.5028896331787 79.41676712036134
0 0.0818 18.13284397125244 127.43196105957033 72.11674213409424 149.6541748046875
0 0.0648 37.44354009628296 37.8083953857422 92.74883508682251 59.271903991699226
0 0.0627 138.30286502838135 107.32890701293947 191.96252346038818 129.75768661499023
0 0.0616 79.04596328735352 146.85639953613284 131.2903594970703 170.23187255859375
0 0.0490 18.703060150146484 157.0833740234375 71.5992259979248 180.00482177734375
0 0.0481 148.14874649047852 77.41841888427734 202.10321426391602 99.66718292236328
0 0.0453 0.0 63.05461502075197 35.20841121673584 94.13730239868165
0 0.0438 138.79379272460938 137.0238265991211 191.51748657226562 160.06436920166016
0 0.0381 69.05853509902954 176.84102630615234 121.28051519393921 200.24625396728516
0 0.0335 97.9142951965332 27.551284790039073 152.31754302978516 49.532619476318374
0 0.0311 19.161043167114258 196.77419281005862 71.18772506713867 220.31346893310547
0 0.0302 18.098764419555664 7.447048187255872 72.14886665344238 29.638191223144542
0 0.0273 129.21039581298828 166.74228286743164 181.14295959472656 190.34560775756836
0 0.0272 78.9556336402893 206.91499328613278 131.37208700180054 230.17297363281247
0 0.0260 9.099750518798828 226.81680297851562 61.24265670776367 250.2710113525391
0 0.0254 0.0 193.38586425781247 638.75 532.25
0 0.0229 0.0 -106.49999999999999 510.9122848510742 175.01496887207034
0 0.0212 9.32429313659668 256.6618499755859 61.04100227355957 280.4257354736328
0 0.0200 198.7424659729004 117.05533599853516 251.5641975402832 140.03255462646487
0 0.0199 79.7059440612793 236.37414550781253 130.70209503173828 260.7108459472656
0 0.0187 188.9208984375 156.9412384033203 241.40270233154297 180.14718627929688
0 0.0171 0.0 -23.30179595947264 51.08407497406006 0.3898010253906392
0 0.0170 139.08031463623047 196.8304214477539 191.2600326538086 220.25743103027344
0 0.0160 129.08793926239014 226.82622528076175 181.25298023223877 250.2617416381836
0 0.0158 158.27096939086914 47.34393692016602 211.99243545532227 69.74193191528322
0 0.0152 0.0 36.387191772460945 31.35871648788452 60.638996124267585
0 0.0149 70.0048279762268 266.1208114624024 120.44122457504272 290.9594497680664
0 0.0146 609.5380401611328 486.05477905273443 638.75 510.9711608886719
0 0.0146 608.9670562744141 516.157299041748 638.75 532.2500190734862
0 0.0142 5.305886268615723 282.33472442626953 44.87040042877197 314.79261016845703
0 0.0137 0.0 96.16960144042969 18.898624181747437 141.10868072509766
0 0.0135 512.6921272277832 -106.49999999999997 638.7499809265137 -36.65076160430907
0 0.0134 525.1652526855469 72.6206741333008 565.0003051757812 104.53199005126955
0 0.0128 208.85475158691406 86.97900390625001 261.46358489990234 110.10854339599611
0 0.0127 78.42623710632324 -2.750276565551744 131.85145378112793 19.836736679077163
0 0.0123 129.45661544799805 256.5644989013672 180.9231948852539 280.5223999023437
0 0.0123 608.8121032714844 346.58650970458984 638.75 370.44217681884766
0 0.0122 511.90391540527344 103.34180450439453 638.75 203.1270751953125
0 0.0120 198.76073837280273 187.0456466674805 251.54726028442383 210.04254913330078
0 0.0115 379.8051071166992 96.28707504272461 430.6162643432617 120.79585647583006
0 0.0115 0.0 -53.47358131408689 40.879597663879395 -29.440015792846662
0 0.0115 188.92559051513672 216.9373092651367 241.3986587524414 240.15096282958984
0 0.0114 485.27679443359375 72.39228820800781 524.8974609375 104.74015808105469
0 0.0113 329.60411071777344 96.44740676879884 380.7933807373047 120.63769912719728
0 0.0108 608.9918518066406 -33.535207748413065 638.75 -9.43587684631346
0 0.0106 398.4400177001953 217.24610900878906 451.8378448486328 239.84109497070315
0 0.0104 5.402441024780273 342.119384765625 44.782748222351074 374.9892578125
0 0.0103 429.94388580322266 76.17456054687501 480.4940414428711 100.90684509277344
0 0.0102 248.8847541809082 216.96221923828128 301.43590927124023 240.12574768066403
0 0.0102 519.644775390625 46.41772842407227 570.7570648193359 70.66726303100586
0 0.0101 0.0 146.13729095458984 18.902193307876587 191.13259887695312
0 0.0100 508.5029602050781 217.20456695556643 561.7813873291016 239.88248443603518
