0 0.0753 25.089759826660156 218.40077209472656 84.92781639099121 237.6532440185547
0 0.0654 24.75137710571289 238.53974151611328 85.24270057678223 257.5102310180664
0 0.0597 25.724658966064453 198.13065338134766 84.33754920959473 217.93106842041016
0 0.0476 324.4576644897461 128.65298080444336 385.5173873901367 147.39279556274414
0 0.0460 84.13229942321777 218.7754898071289 145.82196235656738 237.26563262939456
0 0.0447 24.774045944213867 258.5328369140625 85.22102355957031 277.517822265625
0 0.0407 324.7016906738281 108.55633544921876 385.2899169921875 127.49249267578125
0 0.0389 84.89316940307617 198.47958374023435 145.11133193969727 217.57168579101562
0 0.0368 314.4509029388428 148.65616607666016 375.52361488342285 167.38961029052734
0 0.0357 16.591567993164062 177.73743438720703 73.53361129760742 198.33466339111328
0 0.0339 15.60734748840332 278.19039154052734 74.4443416595459 297.87133026123047
0 0.0316 265.02758026123047 128.4286003112793 324.9851608276367 147.62499618530273
0 0.0301 93.5577392578125 238.98701477050778 156.3597297668457 257.046401977539
0 0.0300 15.75357437133789 298.1262283325195 74.30866241455078 317.93717193603516
0 0.0276 265.34610748291016 108.29664993286131 324.6885299682617 127.76099014282227
0 0.0266 385.2428436279297 118.33554077148438 444.7857666015625 137.72007751464844
0 0.0260 255.0562286376953 148.41738510131836 314.9583053588867 167.63666915893552
0 0.0256 16.228723526000977 317.91558074951166 73.86738777160645 338.1537704467773
0 0.0254 0.0 192.88586425781247 638.75 531.75
0 0.0252 95.45832633972168 178.2473258972168 154.58460807800293 197.81142044067383
0 0.0247 325.2785110473633 88.32094955444336 384.7524642944336 107.73516464233398
0 0.0243 294.6840572357178 168.5668830871582 355.3054141998291 187.4823265075684
0 0.0241 144.0262222290039 208.8139133453369 205.9215545654297 227.22553062438962
0 0.0234 385.19989013671875 138.35528182983398 444.8252868652344 157.7001075744629
0 0.0229 0.0 -107.00000000000001 510.9122848510742 174.5149688720703
0 0.0218 385.71739196777344 98.13122558593749 444.3449401855469 117.92996215820311
0 0.0210 17.67385482788086 387.1869735717773 72.53705024719238 408.8955764770508
0 0.0200 265.7644557952881 88.11682510375977 324.2997074127197 107.94592666625975
0 0.0191 0.0 416.3400726318359 51.26208305358887 439.748809814453
0 0.0189 7.75881290435791 147.14215087890625 62.458834648132324 168.94127655029297
0 0.0184 154.03112411499023 228.81245422363278 215.91684341430664 247.22714233398435
0 0.0182 375.2358627319336 158.34173965454102 434.79137420654297 177.71433639526367
0 0.0180 235.4495620727539 168.25455474853516 294.5918655395508 187.80464935302734
0 0.0169 96.15713119506836 157.94007110595703 153.93573760986328 178.12714385986328
0 0.0167 275.3384017944336 188.3028106689453 334.6949768066406 207.75521087646484
0 0.0167 154.66136932373047 188.56926727294922 215.3282928466797 207.47853088378906
0 0.0161 8.231215476989746 346.87737274169916 62.02643394470215 369.2097549438476
0 0.0149 8.130502700805664 116.93163681030273 62.119245529174805 139.15423202514648
0 0.0148 305.8276081085205 68.0874137878418 364.2414379119873 87.97583389282227
0 0.0142 386.4398193359375 77.80432510375977 443.67515563964844 98.26533126831055
0 0.0137 256.1895942687988 207.93026733398438 313.9044380187988 228.13809204101562
0 0.0137 93.53975296020508 258.9944534301758 156.37630462646484 277.0388870239258
0 0.0134 355.2964782714844 178.31717300415036 414.73480224609375 197.73981857299805
0 0.0131 67.09296226501465 137.49201583862305 123.07072639465332 158.58542251586914
0 0.0130 155.40912628173828 168.2637672424316 214.63150024414062 187.79364395141602
0 0.0130 215.6927490234375 188.14862060546875 274.3661880493164 207.91336822509766
0 0.0130 512.6921272277832 -106.99999999999999 638.7499809265137 -37.15076160430907
0 0.0127 246.57461166381836 67.74929809570314 303.5483741760254 88.3232192993164
0 0.0118 0.0 515.8531646728514 51.352715492248535 531.75
0 0.0117 286.91131591796875 227.5865249633789 343.2373046875 248.4896163940429
0 0.0116 0.0 212.62230682373047 25.5228853225708 243.57758331298828
0 0.0116 315.92628479003906 208.04966735839844 374.1484069824219 228.01571655273435
0 0.0115 77.64383316040039 387.20234680175776 132.5647735595703 408.8798217773437
0 0.0113 226.3018035888672 227.87430572509766 283.8015365600586 248.19466400146484
0 0.0112 17.749204635620117 87.14754867553711 72.46760368347168 108.9358024597168
0 0.0111 608.908519744873 515.7015876770018 638.7500190734863 531.7499809265136
0 0.0111 126.59318447113037 137.73363876342773 183.53285312652588 158.3380012512207
0 0.0110 196.30449295043945 147.87226486206055 253.7992286682129 168.19662857055664
0 0.0109 446.6851806640625 117.69085693359374 503.44749450683594 138.3820037841797
0 0.0107 0.0 446.1392288208008 51.00960731506348 469.94858551025385
0 0.0105 206.9455909729004 117.56634521484376 263.20642471313477 138.50968170166016
0 0.0103 57.90838003158569 417.0583419799804 112.3221230506897 439.02611541748047
0 0.0103 516.4189147949219 217.82078552246094 573.6929321289062 238.2497100830078
0 0.0102 67.44873046875 107.30793762207033 122.7435302734375 128.77274322509766
0 0.0102 286.75549507141113 257.6535873413086 343.3832836151123 278.4195022583008
0 0.0101 73.97397041320801 278.8382797241211 135.9691333770752 297.2013168334961
0 0.0100 516.3023376464844 197.87380027770996 573.8011169433594 218.19516944885254
