0 0.0969 266.76228523254395 134.65736389160156 323.3753490447998 155.41690826416013
0 0.0825 236.91396713256836 154.5830535888672 293.23537826538086 175.4928207397461
0 0.0809 296.97723388671875 114.54696655273436 353.1781005859375 135.5288314819336
0 0.0805 296.8817138671875 154.59823608398435 353.2653045654297 175.47718048095703
0 0.0733 236.9500732421875 114.56588745117189 293.201904296875 135.51044464111328
0 0.0732 337.4652862548828 134.29630279541016 392.7289581298828 155.78407287597653
0 0.0584 277.2667694091797 84.39939498901366 332.91160583496094 105.67911148071288
0 0.0563 357.59429931640625 164.23404693603513 412.6091003417969 185.84842681884766
0 0.0436 197.54371643066406 134.2586898803711 252.65605926513672 155.8229827880859
0 0.0415 338.3621597290039 83.78524780273438 391.91043853759766 106.30046844482422
0 0.0414 287.96924591064453 54.01962280273437 342.2674560546875 76.06456756591797
0 0.0411 217.0450210571289 84.51744079589844 273.11458587646484 105.5596923828125
0 0.0405 247.4025535583496 184.33486938476562 302.7853584289551 205.7457733154297
0 0.0344 348.9986038208008 53.37881088256835 401.3350296020508 76.70812606811523
0 0.0311 227.37834930419922 54.34120178222656 282.80906677246094 75.73829650878906
0 0.0295 177.76798248291016 104.138126373291 232.4502182006836 125.94552993774411
0 0.0282 307.8891849517822 184.06826019287112 362.3398494720459 206.0158920288086
0 0.0265 187.48136520385742 174.293212890625 242.71299362182617 195.78811645507812
0 0.0254 0.0 159.8858642578125 638.75 498.74999999999994
0 0.0229 0.0 -140.0 510.9122848510742 141.5149688720703
0 0.0216 288.29604148864746 23.83052825927734 341.9693088531494 46.25568389892578
0 0.0199 167.45277404785156 64.30784225463867 222.73937225341797 85.77318191528319
0 0.0196 349.21680450439453 23.22872161865234 401.1391067504883 46.85791015625
0 0.0194 187.32799530029297 34.37088012695312 242.85457611083984 55.70865631103514
0 0.0185 399.93579864501953 42.680816650390625 450.5012893676758 67.40062713623047
0 0.0180 129.62917804718018 482.38113403320307 180.8818006515503 498.75
0 0.0177 388.50250244140625 113.69363784790038 441.78428649902344 136.39177322387695
0 0.0173 512.6921272277832 -139.99999999999997 638.7499809265137 -70.15076160430907
0 0.0162 599.4297790527344 -66.91346406936644 638.75 -42.99921751022339
0 0.0161 509.3553924560547 23.138961791992188 561.0133361816406 46.94847106933593
0 0.0156 508.7680435180664 -66.46125078201294 561.5410995483398 -43.450839519500725
0 0.0150 499.1237258911133 -6.697854995727538 551.2207412719727 16.785879135131836
0 0.0144 395.02208709716797 79.38577651977539 435.1346969604492 110.79080581665038
0 0.0143 508.9578628540039 -36.58658027648925 561.3701248168945 -13.325452804565428
0 0.0141 368.09974670410156 193.95145416259763 422.14683532714844 216.13452911376956
0 0.0136 288.3336639404297 -6.190643310546875 341.93477630615234 16.27723693847656
0 0.0136 574.3924140930176 -35.16318321228027 638.7499809265137 14.747018814086916
0 0.0132 189.5343780517578 482.4758911132812 240.96202850341797 498.75
0 0.0132 207.79220581054688 4.119381904602051 262.42923736572266 25.963625907897946
0 0.0130 135.80089569091797 427.5172042846679 174.43784713745117 462.4994277954101
0 0.0126 138.1139612197876 133.9401626586914 192.13456630706787 156.1454391479492
0 0.0126 399.78954315185547 12.804942131042479 450.6289291381836 37.2788667678833
0 0.0126 197.89438247680664 204.0679931640625 252.33449935913086 226.01661682128906
0 0.0123 609.2350578308105 432.79235839843744 638.7500190734863 457.23625183105463
0 0.0121 308.26900482177734 -76.15318298339842 361.9938278198242 -53.76070022583007
0 0.0118 449.5206069946289 23.01595687866211 500.8664321899414 47.070446014404304
0 0.0114 519.7511672973633 52.83716201782226 570.6624221801758 77.24725723266602
0 0.0113 608.9099311828613 482.70063400268555 638.7499809265137 498.75001907348627
0 0.0112 368.7580108642578 -76.45417213439941 421.55006408691406 -53.45785140991211
0 0.0110 69.50103759765625 482.5018310546875 120.99166870117188 498.74999999999994
0 0.0109 574.3924140930176 24.83682632446289 638.7499809265137 74.74702835083008
0 0.0108 609.5584106445312 322.5345993041992 638.75 347.4906539916992
0 0.0108 349.36805725097656 -6.876850128173826 401.00341796875 16.96329116821289
0 0.0107 288.14659118652344 -46.08073234558105 342.1052551269531 -23.83374214172363
0 0.0105 249.40126419067383 482.5975036621093 301.0766792297363 498.74999999999994
0 0.0102 247.8525161743164 -75.91248750686646 302.37369537353516 -54.0037989616394
0 0.0102 147.50136852264404 14.281163215637203 202.69493579864502 35.80012798309326
0 0.0102 118.2649040222168 103.85339736938477 171.9966697692871 126.23331069946289
0 0.0101 238.00125122070312 -25.995330810546875 292.23751068115234 -3.9197921752929688
0 0.0100 609.2000579833984 182.81517028808594 638.75 207.2132110595703
