0 0.0793 18.5528564453125 144.67849349975586 71.73510551452637 167.40939712524414
0 0.0623 598.4321594238281 154.75013351440433 638.75 177.33691787719727
0 0.0616 19.082355499267578 174.3322525024414 71.25752449035645 197.7560577392578
0 0.0569 8.784608840942383 114.5300064086914 61.52574062347412 137.55818939208984
0 0.0463 598.6880302429199 184.5893440246582 638.7500190734863 207.49831771850586
0 0.0458 598.292407989502 124.83201599121094 638.7499809265137 147.25408172607422
0 0.0418 8.783249855041504 84.53103637695312 61.52693748474121 107.5571975708008
0 0.0337 608.6965751647949 214.16131591796875 638.7500190734863 237.8669128417969
0 0.0311 68.621826171875 124.63292694091798 121.67314529418945 147.45481109619143
0 0.0289 598.6180305480957 94.6334228515625 638.7499809265137 117.4540481567383
0 0.0285 29.384708404541016 204.1171417236328 80.98729133605957 227.97006225585938
0 0.0273 0.0 54.19166183471681 51.07614517211914 77.89628601074219
0 0.0270 74.9953842163086 150.44959640502933 115.15817642211914 181.73274612426758
0 0.0254 0.0 220.8858642578125 638.75 559.7499999999999
0 0.0244 598.7126159667969 244.5757827758789 638.75 267.5122604370117
0 0.0229 0.0 -78.99999999999997 510.9122848510742 202.51496887207028
0 0.0228 538.2326126098633 154.87052536010742 592.026481628418 177.21572494506836
0 0.0181 68.29061508178711 94.83634567260744 121.97364807128906 117.25020980834962
0 0.0176 598.9419364929199 64.42555999755861 638.7500190734863 87.66261672973636
0 0.0171 215.45499801635742 -20.511888504028306 254.73630905151367 12.609230041503919
0 0.0170 79.64860677719116 183.91414260864258 130.7537865638733 208.1707344055176
0 0.0169 609.0316772460938 273.93773651123047 638.75 298.0912551879883
0 0.0167 18.453149795532227 24.736553192138683 71.8263053894043 47.35047912597657
0 0.0163 325.58372497558594 179.17398071289062 364.62135314941406 212.89666748046875
0 0.0157 518.3556365966797 124.79634857177733 571.9147491455078 147.2903594970703
0 0.0156 225.36460876464844 19.69677543640138 264.81781005859375 52.41858100891115
0 0.0154 0.7358860969543457 203.31717109680176 28.8675594329834 248.80726432800293
0 0.0147 0.0 143.49528884887695 18.917908668518066 188.7378273010254
0 0.0146 365.5331039428711 179.30501556396484 404.6658706665039 212.77669525146484
0 0.0144 518.7291717529297 84.56138229370119 571.5767669677734 107.52612686157228
0 0.0143 608.6240386962891 -65.79196596145628 638.75 -42.180086612701395
0 0.0142 285.42860984802246 159.5544776916504 324.7596073150635 192.54855728149414
0 0.0138 58.20011377334595 64.8889503479004 112.05625295639038 87.19701385498048
0 0.0137 518.7058258056641 184.58264923095703 571.5965270996094 207.50569915771484
0 0.0137 299.86183166503906 323.7454376220703 350.56549072265625 348.33741760253906
0 0.0134 325.4814910888672 139.43284606933594 364.7117614746094 172.65973663330078
0 0.0131 189.0026092529297 -75.61766052246091 241.33007049560547 -52.29453229904173
0 0.0127 199.81605529785156 -46.22601413726805 250.60752868652344 -21.69176959991454
0 0.0127 255.44828414916992 -20.48968696594237 294.7416877746582 12.588916778564466
0 0.0126 574.3924140930176 5.836816787719739 638.7499809265137 55.74701881408693
0 0.0125 365.40557861328125 139.60898971557617 404.7801971435547 172.4987373352051
0 0.0125 608.9775848388672 543.64892578125 638.75 559.7499999999999
0 0.0124 185.06298065185547 10.311485290527356 225.09620666503906 41.85836410522462
0 0.0123 325.3789520263672 219.66088867187497 364.8052215576172 252.45137786865232
0 0.0123 395.4878616333008 29.412227630615245 434.70653533935547 62.67861938476563
0 0.0122 285.3022861480713 199.82516860961914 324.8754024505615 232.3014030456543
0 0.0120 265.33559799194336 29.7674903869629 304.84357833862305 62.35400772094727
0 0.0119 285.28712272644043 119.86917114257814 324.8881244659424 152.26121520996094
0 0.0118 39.51682090759277 234.01552772521973 90.87048530578613 258.07045555114746
0 0.0111 608.8796997070312 -35.95809364318846 638.75 -12.012990951538072
0 0.0110 279.86331939697266 63.74166107177736 330.56468963623047 88.34083175659181
0 0.0110 27.75506019592285 -74.86130142211913 82.46352195739746 -53.05612468719482
0 0.0110 519.27978515625 54.185119628906264 571.0826110839844 77.90145492553712
0 0.0109 159.19432163238525 -15.752319335937484 211.15861415863037 7.839447021484388
0 0.0109 279.8228073120117 93.77540206909181 330.6001663208008 118.30768203735353
0 0.0108 249.72442626953125 323.8562545776367 300.6864547729492 348.2281265258789
0 0.0106 245.4714584350586 139.4575080871582 284.72068786621094 172.6371726989746
0 0.0106 235.3443145751953 59.74235630035401 274.8362350463867 92.37696743011476
0 0.0106 365.35888671875 219.70620727539062 404.82337951660156 252.4099884033203
0 0.0105 609.3767547607422 343.6816177368164 638.75 368.34569549560547
0 0.0105 75.31011581420898 339.8154220581055 114.8675537109375 372.31031036376953
0 0.0103 309.52223777770996 294.0140686035156 360.8651065826416 318.0722198486328
0 0.0103 27.897424697875977 -44.935746431350694 82.33218193054199 -22.97994875907896
0 0.0103 479.09019470214844 154.3254051208496 531.2507629394531 177.7626762390137
0 0.0102 349.8515319824219 323.7515792846679 400.5750274658203 348.3311233520508
0 0.0101 250.13898849487305 -46.4949264526367 300.3241157531738 -21.42691993713377
0 0.0101 305.2689743041992 29.906650543212905 344.90489959716797 62.22705459594729
0 0.0100 245.43451309204102 179.53937149047852 284.75439071655273 212.5623664855957
