0 0.0254 0.0 111.285831451416 499.0234375 376.0234375
0 0.0244 154.59002554416656 -41.69036853313446 197.15045392513275 -24.556432247161865
0 0.0241 193.68913769721985 -57.336572885513306 236.17962002754211 -40.160063982009895
0 0.0234 350.3462076187134 98.6765731573105 392.0583128929138 116.3292635679245
0 0.0229 0.0 -123.0 399.15022253990173 96.93356943130493
0 0.0218 146.87488973140717 -65.18406639993191 189.24923241138458 -47.937257543206215
0 0.0211 366.33798480033875 12.502055287361145 407.35235810279846 30.629049658775333
0 0.0210 201.6812413930893 -34.0012948513031 243.82801353931427 -16.619120121002197
0 0.0207 233.14544558525085 -73.196148827672 274.8841345310211 -55.54889361560345
0 0.0207 154.7715663909912 -18.35617083311081 196.98461890220642 -1.0144378542900072
0 0.0198 342.38454699516296 75.32739233970644 384.3817412853241 92.80258011817932
0 0.0187 186.1269474029541 -80.92147144675255 228.13940048217773 -63.44908508658409
0 0.0185 240.8503070473671 -49.69138312339783 282.79396146535873 -32.178793430328376
0 0.0181 366.40962958335876 35.889874815940864 407.2882831096649 54.115991711616516
0 0.0180 107.96650871634483 -41.834313750267036 150.04584565758705 -24.41087770462036
0 0.0178 400.5407243967056 -123.0 499.0234225988388 -68.43028250336647
0 0.0170 201.9897848367691 -10.749772518873213 243.54757368564606 7.005698651075365
0 0.0159 374.1418719291687 -10.928798794746395 415.1724576950073 7.18503785133362
0 0.0153 248.82777780294418 -26.353646397590637 290.45651108026505 -8.640799999237059
0 0.0152 397.2427248954773 -57.589698910713196 438.9144778251648 -39.90482199192048
0 0.0148 108.18305611610413 -18.525939762592316 149.84872937202454 -0.843134105205534
0 0.0148 162.92479634284973 4.8759092092514065 204.48753237724304 22.629897713661197
0 0.0147 389.5251154899597 -34.209248006343834 431.0155510902405 -16.40970665216446
0 0.0146 410.34701466560364 16.81406390666962 441.34947657585144 41.98170793056488
0 0.0146 280.271053314209 -73.35052113234997 321.53159379959106 -55.39344842731952
0 0.0144 100.31048953533173 -65.36728362739086 142.09143817424774 -47.75246079266072
0 0.0144 358.51457715034485 121.8883354663849 399.54885840415955 139.99336552619937
0 0.0142 448.74407351017 -56.72123688459397 499.0234225988388 -17.7288915514946
0 0.0140 225.59279948472977 -96.79472479224205 266.83586090803146 -78.824326723814
0 0.0140 326.8159329891205 51.85128343105316 368.7065541744232 69.40324199199677
0 0.0134 139.38860595226288 -88.81415086984634 181.1397224664688 -71.18051159381866
0 0.0132 381.90630078315735 59.40460753440857 423.0305850505829 77.47509670257568
0 0.0130 448.74407351017 -9.846229434013363 499.0234225988388 29.146115899086002
0 0.0130 249.01774525642395 -3.0341971218585946 290.2841866016388 14.9154808819294
0 0.0128 475.7290929555893 363.47128045558935 499.0234524011612 376.0234524011612
0 0.0126 288.0118787288666 -49.86576396226883 329.40855622291565 -32.00313109159469
0 0.0126 327.63853669166565 -3.3732842206954943 367.9639995098114 15.253912329673769
0 0.0125 342.66340732574463 -34.21645271778107 384.12827253341675 -16.402308225631714
0 0.0125 303.3854365348816 90.9154225587845 345.2613949775696 108.46496713161469
0 0.0124 61.27816624939442 -41.94664615392684 103.00120525062084 -24.297755539417267
0 0.0123 350.3210246562958 -57.56083536148071 392.08176732063293 -39.9338196516037
0 0.0122 389.41484689712524 83.03926479816435 431.11711740493774 100.71537983417511
0 0.0122 116.12467840313911 4.830699086189271 157.5443260371685 22.675554871559147
0 0.0117 475.98697245121 324.4777281284332 499.0234225988388 343.60706400871277
0 0.0114 319.4766342639923 28.114717125892643 360.46579480171204 46.26594078540803
0 0.0114 296.1050271987915 -26.611764311790466 336.9678854942322 -8.381862521171568
0 0.0112 272.5915312767029 -96.87372329831123 313.5988116264343 -78.74493333697319
0 0.0109 311.8590712547302 113.92462593317032 352.4770140647888 132.33153861761093
0 0.0108 178.60808968544006 -104.53737187385559 220.0601100921631 -86.70692178606988
0 0.0108 476.2713760137558 238.3093197345734 499.0234524011612 257.89707493782043
0 0.0105 53.44664305448532 -65.3757940530777 95.20668536424637 -47.74415898323059
0 0.0105 61.535753309726715 -18.670905709266663 102.7679368853569 -0.6978105306625354
0 0.0102 287.4099910259247 67.68026542663574 329.95614409446716 84.82294869422913
0 0.0100 417.8949296474457 -13.924006700515745 449.4078457355499 10.265957236289978
0 0.0100 358.29082131385803 -81.0959863960743 399.751752614975 -63.27319177985191
