0 0.0728 380.7372748851776 -46.589517220854745 424.0933358669281 -29.91039790213107
0 0.0543 334.5252573490143 -46.95455841720103 376.611202955246 -29.540282860398282
0 0.0499 358.63563418388367 -23.94145280122756 399.43960309028625 -5.676689743995656
0 0.0413 241.87692999839783 6.994125247001659 281.87039494514465 25.885266065597545
0 0.0412 427.58908867836 -46.5810254216194 470.99050879478455 -29.919645935297
0 0.0403 381.7729353904724 -0.31218044459818683 423.1489300727844 17.568032070994388
0 0.0388 404.8217236995697 -23.50766137242316 446.93830609321594 -6.112269312143315
0 0.0382 335.19092202186584 -0.5117163062095531 376.01128220558167 17.76680052280427
0 0.0347 66.8313056230545 190.82353711128235 97.38938510417938 217.04946160316467
0 0.0338 234.42769050598145 30.132275819778453 273.73915910720825 49.617391824722304
0 0.0335 264.97626304626465 -16.193821281194676 305.6088089942932 2.200194448232662
0 0.0294 311.95563077926636 -24.083386361598958 352.3911237716675 -5.53600788116454
0 0.0288 382.23057985305786 22.81976193189622 422.73688316345215 41.31116420030595
0 0.0269 288.22770714759827 7.37166851758958 329.2131721973419 25.51007717847825
0 0.0261 102.02997922897339 185.3624328970909 124.24418330192566 222.37532287836075
0 0.0254 0.0 184.28583145141602 499.0234375 449.0234375
0 0.0251 66.90726429224014 159.3762904405594 97.32245653867722 185.98019778728485
0 0.0250 475.31992197036743 -39.57649618387221 499.0234375 -21.340063959360112
0 0.0245 335.0799083709717 23.007367551326762 376.10965967178345 41.12373739480974
0 0.0242 202.50463485717773 -0.5888670682906993 243.0834174156189 17.845143377780925
0 0.0241 199.73406195640564 34.34870839118959 230.1214039325714 61.00545525550844
0 0.0236 287.86373138427734 -47.08548188209532 329.54269647598267 -29.408800601959218
0 0.0234 62.76237964630127 217.43313670158386 101.68437659740448 237.31116652488708
0 0.0229 0.0 -49.999999999999986 399.15022253990173 169.93356943130493
0 0.0225 426.0108768939972 19.416210055351268 456.93913102149963 44.747051596641555
0 0.0224 359.32987928390503 45.83970904350282 398.8248109817505 65.16129970550539
0 0.0223 125.46059489250183 193.1306540966034 147.68996834754944 230.22435307502747
0 0.0221 429.1694164276123 -0.6627321243286022 469.55472230911255 17.91851669549943
0 0.0220 35.396672785282135 191.26678705215454 66.30440056324005 216.64435863494873
0 0.0217 402.6600122451782 42.66319125890733 433.4227442741394 68.35847049951555
0 0.0213 273.3713984489441 30.23601770401002 312.90489435195923 49.51578080654146
0 0.0188 105.97070679068565 229.68505024909973 136.3842524588108 256.29613995552063
0 0.0187 230.90338706970215 50.193858146667495 261.44149899482727 76.42872333526613
0 0.0187 475.96345841884613 194.3678081035614 499.0234524011612 213.4667456150055
0 0.0187 168.5120314359665 42.07951277494432 198.84754717350006 68.8929006457329
0 0.0186 35.453371703624725 159.89477634429932 66.25249981880188 185.50570011138916
0 0.0182 467.7615165710449 -15.965714305639256 499.0234375 1.9722588360309712
0 0.0179 58.89922380447388 277.0406424999237 89.68469500541687 302.731317281723
0 0.0179 475.7954478263855 22.61367142200471 499.0234375 41.47131443023683
0 0.0173 98.24445843696594 151.31546258926392 128.49731743335724 178.39555144309998
0 0.0170 66.86700135469437 128.2444268465042 97.3566547036171 154.62189614772797
0 0.0170 217.8482636809349 -23.837964236736287 258.96183401346207 -5.780871212482442
0 0.0164 241.0842478275299 -47.143920511007295 282.5809419155121 -29.34993728995322
0 0.0163 476.0178327560425 217.7634358406067 499.0234375 236.94570064544678
0 0.0161 74.68335330486298 237.615567445755 105.16518354415894 264.0003979206085
0 0.0158 434.0408742427826 50.16220808029176 464.5554721355438 76.45769119262697
0 0.0155 319.89648938179016 46.137613058090224 360.0887358188629 64.86768722534181
0 0.0153 191.9228881597519 96.84168994426727 222.30808436870575 123.51190745830536
0 0.0152 148.9235758781433 193.2856261730194 171.09668254852295 230.09513020515442
0 0.0152 475.9167432785034 45.964655280113234 499.0234375 64.99509215354921
0 0.0151 475.8272022008896 171.0293859243393 499.0234524011612 189.9306446313858
0 0.0150 363.5595142841339 66.18511006236078 394.39478516578674 91.71888306736948
0 0.0146 285.37797927856445 50.68522393703462 316.3211941719055 75.97969174385072
0 0.0140 199.77742433547974 65.46855792403223 230.08471727371216 92.37487688660623
0 0.0140 105.83582520484924 261.29011511802673 136.50241494178772 287.2209966182709
0 0.0136 449.58649575710297 422.4658727645874 499.0234524011612 449.0234375
0 0.0136 223.1503129005432 96.90935611724854 253.57714295387268 123.44984412193298
0 0.0135 98.04408252239227 120.62371969223022 128.67051362991333 146.63381576538086
0 0.0134 137.10519671440125 42.49088913202287 167.73533821105957 68.5160055756569
0 0.0134 160.5680286884308 97.12032675743103 191.14986062049866 123.25663566589355
0 0.0134 379.1924715042114 105.22836148738861 410.01272201538086 130.7989627122879
0 0.0132 43.34489069879055 237.8146469593048 73.99589754641056 263.8182461261749
0 0.0132 324.4016468524933 105.4512232542038 355.4196059703827 130.59562146663666
0 0.0131 402.77525782585144 73.63338470458986 433.3198368549347 99.86437559127809
0 0.0129 137.32190430164337 229.3855369091034 167.5480455160141 256.57103657722473
0 0.0129 35.382941365242004 128.79509925842285 66.31707400083542 154.1185200214386
0 0.0129 23.161686956882477 217.89119839668274 63.092395663261414 236.8610918521881
0 0.0129 129.4735223054886 167.00701117515564 159.76475179195404 193.9594268798828
0 0.0126 448.74407351017 78.77877056598665 499.0234225988388 117.771115899086
0 0.0125 308.87407064437866 73.9963471889496 339.70510959625244 99.5325267314911
0 0.0122 319.7917640209198 132.14775621891022 360.18291115760803 150.732484459877
0 0.0121 405.40915727615356 187.05515265464783 446.40785455703735 205.20044565200806
0 0.0121 4.184916615486145 378.6893904209137 35.0189246237278 404.2149603366852
0 0.0117 382.57482647895813 131.929811835289 422.43245244026184 150.94792544841766
0 0.0117 97.87582978606224 292.8751230239868 128.82334366440773 318.1650161743164
0 0.0113 4.02335450053215 308.71583223342896 35.16721725463867 333.59344005584717
0 0.0113 293.19360852241516 105.36081790924072 324.1313397884369 130.67806959152222
0 0.0111 254.2126178741455 97.37318456172943 284.9941849708557 123.02541434764862
0 0.0110 54.48684096336365 303.7760376930237 94.27466988563538 322.8513717651367
0 0.0110 475.74709355831146 147.6471096277237 499.0234524011612 166.43786132335663
0 0.0108 129.19101119041443 73.97743389010431 160.01448035240173 99.54983070492746
0 0.0108 390.0142312049866 155.64571022987366 430.5766820907593 174.10932183265686
0 0.0107 156.42894804477692 22.202064096927653 195.50557434558868 41.91957861185075
0 0.0106 476.01284086704254 241.20412468910217 499.0234225988388 260.3799521923065
0 0.0106 4.211620427668095 175.4994809627533 34.99518986791372 201.1492371559143
0 0.0106 475.8926033973694 124.1049587726593 499.0234375 143.1045651435852
0 0.0105 193.98443400859833 -47.00750224292277 235.91025173664093 -29.48736697435378
0 0.0103 129.23316657543182 136.39209866523743 159.97527539730072 162.12774515151978
0 0.0103 410.51000356674194 105.07291257381439 441.20174646377563 130.94100058078766
0 0.0102 4.225016571581364 144.22462582588196 34.98250897973776 169.92191672325134
0 0.0102 172.40159213542938 209.19851660728455 194.48544085025787 245.48844695091248
0 0.0101 319.5232152938843 155.77459037303925 360.42308807373047 173.981574177742
0 0.0101 475.88050365448 327.24077701568604 499.0234375 346.21907472610474
