0 0.3289 193.0625343322754 -42.5858211517334 308.1915092468262 7.064046859741212
0 0.1965 160.38122177124023 -83.95937919616699 250.1179313659668 -41.216096878051765
0 0.1809 140.3255796432495 -35.17423391342163 190.164532661438 -9.752581119537354
0 0.1739 141.1777687072754 4.777565002441405 229.37566757202148 49.94974136352539
0 0.1497 290.84827423095703 -65.81425666809082 339.74063873291016 -39.14140701293945
0 0.1419 228.11857223510742 9.598255157470705 312.60263442993164 75.62622070312499
0 0.1020 305.9063720703125 -20.541524887084964 344.36973571777344 15.51417350769043
0 0.0727 313.06254386901855 17.41417407989502 428.191499710083 67.0640516281128
0 0.0622 252.48302459716797 -100.05325317382812 318.05912017822266 -65.0149393081665
0 0.0463 410.51368713378906 63.33377838134765 439.13536071777344 111.51576995849608
0 0.0434 145.77428340911865 50.10612487792969 184.45967197418213 84.9176788330078
0 0.0427 185.7297134399414 50.23420810699462 224.49806213378906 84.80004787445067
0 0.0411 440.53836822509766 43.44612121582031 469.10533905029297 91.41471862792969
0 0.0401 365.88184356689453 69.62230682373047 404.3825912475586 105.36304473876955
0 0.0391 109.78538513183594 -64.69333171844482 160.63289642333984 -40.22304058074951
0 0.0382 119.22229766845703 -104.26599025726317 171.1322784423828 -80.6461238861084
0 0.0377 110.6954288482666 -15.55643081665039 138.9157199859619 30.59211730957031
0 0.0300 345.6398391723633 -19.484691619873047 384.5730972290039 14.542102813720701
0 0.0297 339.73846435546875 -44.65237617492676 390.67352294921875 -20.263032913208008
0 0.0296 325.71983337402344 70.26554107666016 364.5063018798828 104.77130889892578
0 0.0290 179.1529083251953 -107.5 231.27979278564453 -90.34191012382507
0 0.0254 0.0 192.3858642578125 638.75 531.25
0 0.0252 470.63629150390625 44.001917839050286 498.9867401123047 90.94345569610596
0 0.0249 430.6117630004883 -6.155605316162109 459.0163803100586 41.07313156127929
0 0.0244 105.68477630615234 40.39567947387695 144.53365325927734 74.65177536010744
0 0.0243 388.11859130859375 109.59827423095703 472.6026153564453 175.626220703125
0 0.0242 319.74952697753906 -94.66141700744627 370.66383361816406 -70.25413990020752
0 0.0237 250.64603805541992 74.07136917114258 278.9750099182129 120.88758468627931
0 0.0232 250.13690948486328 155.00009536743164 300.3273010253906 180.0771903991699
0 0.0224 280.6537437438965 74.12162780761719 308.9657402038574 120.84644317626952
0 0.0204 465.72261810302734 10.28085708618164 504.5016860961914 44.75717544555664
0 0.0202 205.64565658569336 150.5087661743164 244.5671272277832 184.5480728149414
0 0.0191 385.64857482910156 -19.514484405517578 424.5660400390625 14.569435119628906
0 0.0188 300.661096572876 154.17785644531247 328.95689964294434 200.80184936523438
0 0.0181 465.5186462402344 -29.157352447509766 504.67857360839844 4.242248535156251
0 0.0180 475.7351303100586 90.2382278442383 514.4915390014648 124.79633331298828
0 0.0175 505.3936004638672 -8.861351013183592 544.7908020019531 23.97163391113281
0 0.0172 598.8545227050781 -34.01335000991821 638.75 -10.898053646087646
0 0.0168 220.67724227905273 84.30110931396483 248.93754959106445 130.70423126220703
0 0.0167 170.62225341796875 143.90581130981448 199.00367736816406 191.0215187072754
0 0.0165 360.7023239135742 104.51408386230467 388.90758514404297 150.53905487060547
0 0.0163 509.46746826171875 -34.442081451416016 560.9132385253906 -10.470905303955078
0 0.0163 511.90391540527344 62.341804504394524 638.75 162.1270751953125
0 0.0160 240.2927589416504 184.85813140869138 290.1924705505371 210.2159881591797
0 0.0157 330.6700134277344 154.24144744873047 358.94615173339844 200.75077056884766
0 0.0152 200.68178176879883 184.3373203277588 228.9320945739746 230.67580223083496
0 0.0149 515.5710983276367 190.70831298828125 554.6323013305664 224.365234375
0 0.0148 519.9175262451172 25.197467803955078 570.5169677734375 49.88441467285157
0 0.0147 425.39867401123047 -38.87733459472656 464.7867202758789 -6.013736724853515
0 0.0147 450.5863571166992 183.6951446533203 479.0470504760742 231.1985778808594
0 0.0147 140.59153079986572 123.72011184692381 169.04080867767334 171.17658615112305
0 0.0145 512.6921272277832 -107.5 638.7499809265137 -37.65076160430909
0 0.0144 155.7285737991333 210.25775909423828 194.49714183807373 244.77840423583984
0 0.0144 360.68714141845703 154.3769836425781 388.92566680908203 200.64422607421875
0 0.0141 420.6161117553711 173.87496948242188 449.01111602783203 221.04835510253903
0 0.0140 255.59146881103516 120.6373405456543 294.6160888671875 154.4302940368652
0 0.0137 480.6079864501953 183.82109642028811 509.0209197998047 231.09246253967285
0 0.0137 310.6875228881836 104.37891006469725 338.92520904541016 150.6425666809082
0 0.0136 58.96267890930176 -104.09003257751465 111.36580467224121 -80.82203388214111
0 0.0136 275.50878524780273 210.8531093597412 314.6887016296387 244.23272132873532
0 0.0135 235.4492950439453 211.00631713867188 274.7409439086914 244.09255981445312
0 0.0133 545.2455139160156 -8.54140281677246 584.9261474609375 23.679685592651367
0 0.0132 390.66009521484375 174.17118072509763 418.9581298828125 220.80730438232422
0 0.0132 608.9779472351074 515.148754119873 638.7500190734863 531.2500190734863
0 0.0132 608.9735412597656 -4.523162841796875 638.75 19.552001953125
0 0.0128 379.20230865478516 -104.25095558166504 431.14994049072266 -80.66096544265748
0 0.0127 320.66173553466797 204.18476104736328 348.9561080932617 250.79662322998047
0 0.0126 609.6733856201172 484.93824005126953 638.75 510.08541107177734
0 0.0121 609.2118644714355 235.3066253662109 638.7500190734863 259.7216796875
0 0.0120 80.67490577697754 -15.721378326416016 108.94030570983887 30.721340179443356
0 0.0120 350.67737579345703 204.30123329162598 378.93733978271484 250.7039546966553
0 0.0120 480.5901336669922 133.7127685546875 509.0425109863281 181.18289947509766
0 0.0118 115.63437461853027 220.53417205810544 154.5774745941162 254.52480316162107
0 0.0117 175.6224822998047 90.57258605957031 214.58724975585938 124.48955535888672
0 0.0113 609.0434074401855 165.42686462402344 638.7500190734863 189.60174560546875
0 0.0109 0.0 102.30920791625975 130.20777702331543 202.16962814331055
0 0.0107 520.350456237793 164.80051040649414 570.1434707641602 190.27185440063477
0 0.0106 555.3689575195312 191.19510650634763 594.8130798339844 223.92005920410156
0 0.0105 609.0913200378418 35.39356231689454 638.7500190734863 59.635066986083984
0 0.0104 389.34749603271484 -64.35627460479736 441.02054595947266 -40.556397438049316
0 0.0102 195.47752380371094 230.94093322753903 234.71546173095703 264.1523742675782
