0 0.1803 7.168426513671875 104.95779800415039 63.00027370452881 126.12097549438477
0 0.1589 16.97742462158203 75.05175399780275 73.17679405212402 96.02480697631836
0 0.1387 7.929482460021973 134.55212402343753 62.30154991149902 156.53328704833984
0 0.1209 26.809139251708984 45.13529586791992 83.33193778991699 65.9395866394043
0 0.1078 66.55887603759766 95.25320816040039 123.56380462646484 115.81858444213867
0 0.0769 76.78001165390015 65.14775085449219 133.3592438697815 85.9265594482422
0 0.0759 8.930191993713379 213.93280792236328 61.39481544494629 237.15531158447268
0 0.0694 18.86585235595703 163.97949981689453 71.45190238952637 187.1091537475586
0 0.0688 66.76239967346191 125.15824127197266 123.37504386901855 145.9161834716797
0 0.0547 17.372541427612305 14.851062774658212 72.81282424926758 36.22940826416016
0 0.0407 9.461231231689453 243.5629730224609 60.918684005737305 267.52415466308594
0 0.0386 86.77729606628418 35.14860916137696 143.36186408996582 55.92560577392579
0 0.0309 58.93244028091431 193.92644691467285 111.3938307762146 217.16090965270996
0 0.0303 588.3061981201172 74.32852554321289 638.75 96.7583351135254
0 0.0289 528.7667846679688 74.0395622253418 581.5422821044922 97.0483283996582
0 0.0254 0.0 190.38586425781244 638.75 529.2499999999999
0 0.0253 78.0298900604248 154.48893356323245 132.21121788024902 176.59621047973633
0 0.0242 267.9518508911133 114.53352737426759 322.2824478149414 136.5511589050293
0 0.0242 127.59943008422852 94.72576904296876 182.60562896728516 116.35590362548828
0 0.0233 587.66357421875 44.69111251831055 638.75 66.39109420776367
0 0.0229 0.0 -109.49999999999999 510.9122848510742 172.0149688720703
0 0.0225 589.2823791503906 103.69339752197266 638.75 127.39456939697266
0 0.0216 17.322063446044922 -15.12124252319335 72.85890579223633 6.20146560668946
0 0.0211 598.6621856689453 -35.8940143585205 638.75 -13.018362045288079
0 0.0205 439.8784637451172 193.23376464843753 490.5504608154297 217.84916687011722
0 0.0205 529.3338775634766 103.64699172973633 581.0340881347656 127.43948745727538
0 0.0199 528.3413696289062 44.30681991577149 581.9273376464844 66.78011703491212
0 0.0198 258.5249710083008 144.19474411010742 311.7605972290039 166.89287948608396
0 0.0198 5.423154830932617 269.0724639892578 44.7639799118042 302.0321350097656
0 0.0196 76.76024436950684 5.158069610595711 133.37733268737793 25.91614532470704
0 0.0191 267.7930164337158 84.61996841430664 322.42823600769043 106.46323013305664
0 0.0188 468.3865737915039 74.27687454223633 521.8867874145508 96.80987167358398
0 0.0188 59.37405586242676 233.61500549316406 110.99884986877441 257.47090148925787
0 0.0182 328.74149322509766 -85.94253253936768 381.5647506713867 -62.96937179565429
0 0.0180 597.9110908508301 14.549415588378912 638.7499809265137 36.53393554687501
0 0.0179 137.6233673095703 64.71482086181642 192.58323669433594 86.36734771728517
0 0.0179 428.8443374633789 163.99323272705078 481.4713668823242 187.09534454345703
0 0.0171 0.0 39.7564582824707 25.330710411071777 71.4100914001465
0 0.0167 468.22811126708984 104.37002944946289 522.0312881469727 126.71572494506835
0 0.0166 208.2242202758789 114.37559890747069 262.0341110229492 136.71061325073242
0 0.0164 318.5671615600586 134.16498947143555 371.72313690185547 156.92229080200198
0 0.0155 458.0809783935547 134.45814895629883 512.1649169921875 156.6271095275879
0 0.0149 368.78318786621094 154.03174209594724 421.52687072753906 177.05656814575195
0 0.0148 0.0 162.84994888305664 18.935694694519043 208.34730911254883
0 0.0147 574.3924140930176 135.3368263244629 638.7499809265137 185.24702835083005
0 0.0142 608.9840698242188 513.1441192626953 638.75 529.2499999999999
0 0.0137 128.03176403045654 124.48664474487306 182.20978260040283 146.59834671020508
0 0.0137 328.9917755126953 -56.10810470581054 381.33934020996094 -32.803766250610344
0 0.0135 308.84376525878906 163.99069595336914 361.47254943847656 187.09746170043945
0 0.0134 208.15378189086914 84.41748428344727 262.0981788635254 106.66842269897462
0 0.0133 328.6220932006836 104.13073348999025 381.6733169555664 126.9566993713379
0 0.0133 598.8827514648438 -66.0370750427246 638.75 -42.87503433227538
0 0.0130 359.3484878540039 183.64237594604492 411.01985931396484 207.44486618041992
0 0.0127 0.0 -46.27982568740844 41.115455627441406 -22.632398128509514
0 0.0127 519.0430450439453 133.84672927856445 571.2954711914062 157.2399024963379
0 0.0126 257.85287857055664 54.587219238281264 312.3733711242676 76.49647521972656
0 0.0125 468.4735870361328 44.22415065765381 521.8077087402344 66.86297702789307
0 0.0124 248.85717391967773 173.97883224487305 301.46108627319336 197.10890579223633
0 0.0123 450.1197052001953 223.02357482910156 500.340576171875 248.0550842285156
0 0.0122 147.38115310668945 34.8442726135254 202.80542373657227 56.23593139648438
0 0.0121 198.47352981567383 144.22623443603516 251.80730819702148 166.86119842529297
0 0.0121 609.6492004394531 482.95990753173817 638.75 508.0642776489258
0 0.0120 278.42936515808105 -105.75021934509277 331.8481922149658 -83.16302728652953
0 0.0119 599.2083930969238 -96.25719499588011 638.7499809265137 -72.6550145149231
0 0.0119 609.5457458496094 353.0453567504883 638.75 377.9801254272461
0 0.0111 408.1103515625 84.44014358520508 462.13836669921875 106.64515304565431
0 0.0111 488.62327575683594 164.13332748413086 541.6715240478516 186.9546012878418
0 0.0111 309.1265106201172 203.79516410827637 361.2193298339844 227.2921161651611
0 0.0110 328.6682891845703 74.10212326049806 381.6313934326172 96.98553848266602
0 0.0107 408.0369186401367 114.48561477661133 462.20462799072266 136.59968185424805
0 0.0106 5.445976257324219 309.01821899414057 44.743523597717285 342.0816497802734
0 0.0105 197.87914276123047 54.575126647949226 252.34874725341797 76.50914001464845
0 0.0105 378.43833923339844 -105.75365495681761 431.839599609375 -83.15926027297974
0 0.0103 339.00596618652344 -26.118442535400384 391.3267517089844 -2.7935523986816344
