0 0.0563 139.76292037963867 137.6478385925293 178.4686317443848 172.37934112548828
0 0.0499 99.78187942504886 147.58651733398438 138.45287704467776 182.43568420410156
0 0.0407 109.81363677978517 187.46875762939453 148.42790985107425 222.54398345947266
0 0.0364 179.70996284484866 137.81654834747314 218.51266288757324 172.22442150115967
0 0.0359 149.7636833190918 177.6483917236328 188.4676780700684 212.37884521484375
0 0.0349 149.6642723083496 97.9493522644043 188.55175399780276 132.10256576538086
0 0.0322 99.59606552124025 108.1441879272461 138.61023330688477 141.9239616394043
0 0.0314 74.60726165771487 181.3136863708496 103.0217971801758 228.59811782836914
0 0.0285 59.777645111084 137.59862899780273 98.45653915405275 172.42456436157227
0 0.0282 13.81929779052736 612.7520751953125 64.6085777282715 637.3274993896484
0 0.0254 -105.99999999999999 299.8858642578125 532.7500000000001 638.75
0 0.0245 79.35003662109376 608.7007904052734 118.83390808105469 638.75
0 0.0229 -105.99999999999999 0.0 404.9122848510742 281.5149688720703
0 0.0220 -76.2469444274902 602.8314590454102 -25.33837890624998 627.2523880004883
0 0.0216 -105.99999999999997 572.8261566162109 -55.35068130493161 597.2582244873047
0 0.0209 123.84830856323245 612.7346038818359 174.58183670043948 637.3455047607422
0 0.0205 189.6182861328125 98.08117866516113 228.59114074707034 131.9817066192627
0 0.0200 189.6494903564453 177.99884796142578 228.56375122070315 212.0571517944336
0 0.0199 104.64874649047852 221.58693313598633 132.97172927856445 268.37446212768555
0 0.0186 154.06036758422854 72.57688760757446 204.3919792175293 97.50299215316772
0 0.0186 44.63936233520511 171.52618408203125 72.98305892944337 218.42430114746094
0 0.0172 93.41062927246095 553.0973815917969 144.96435546875003 576.9895935058594
0 0.0171 -105.99999999999997 542.686767578125 -65.48833465576169 567.3944091796875
0 0.0166 109.405387878418 68.60891342163086 148.7804641723633 101.49881362915039
0 0.0164 134.6704902648926 221.74747467041016 162.94563674926758 268.2463836669922
0 0.0157 59.61656951904298 98.08891296386719 98.59236145019534 131.97460174560547
0 0.0152 33.30440902709964 553.175048828125 85.05897903442386 576.9124603271484
0 0.0151 74.65790176391604 231.65584564208984 102.96074295043947 278.31966400146484
0 0.0142 -15.237251281738258 602.5933074951172 12.83575439453127 638.75
0 0.0139 84.04421234130861 582.5894927978516 134.4063415527344 607.4904632568359
0 0.0139 103.3403244018555 523.1455612182617 155.0276794433594 546.9413375854492
0 0.0137 164.67537307739258 211.78653717041016 192.93976211547854 258.21571350097656
0 0.0137 173.62947845458987 612.9159545898438 224.7733917236328 637.1672821044922
0 0.0134 -105.99999999999997 512.5590515136719 -65.61566925048827 537.51953125
0 0.0132 -51.00258445739743 569.4387817382812 -10.84300613403318 600.7425689697266
0 0.0131 406.6921272277832 0.0 532.7499809265137 69.84923839569092
0 0.0122 503.007568359375 622.6258850097656 532.7500000000001 638.75
0 0.0119 89.65668106079103 277.9748344421387 128.5578956604004 312.0791816711426
0 0.0115 -105.99999999999996 622.6756477355957 -74.43905210494992 638.7499809265137
0 0.0115 13.904599189758324 582.7071762084961 64.52852153778079 607.3747634887695
0 0.0115 119.2121925354004 469.0212631225586 158.9574089050293 501.12255096435547
0 0.0115 114.69025039672853 321.9051742553711 142.92194747924805 368.12259674072266
0 0.0112 159.16242980957034 39.13025379180908 199.00251770019534 71.02325916290283
0 0.0110 203.15111541748047 63.28305959701538 255.19625091552734 86.8048882484436
0 0.0109 84.70001602172853 311.9888687133789 112.91027450561525 358.05782318115234
0 0.0109 133.50288772583008 583.0315780639648 184.88171005249023 607.0552444458008
0 0.0108 163.19303894042972 3.2552480697631836 215.15833282470706 26.832809448242188
0 0.0100 -105.99999999999996 2.66232967376709 -55.5231246948242 27.419300079345703
