0 0.2667 253.06254386901855 -21.585821151733384 368.191499710083 28.06404685974122
0 0.2198 460.82569122314453 -24.787611007690415 509.7592544555664 1.832967758178725
0 0.2017 220.6739044189453 -44.57786941528319 269.8783493041992 -18.365797042846662
0 0.1953 280.6826686859131 -54.62418937683104 329.8780918121338 -28.32445526123045
0 0.1908 471.1161804199219 4.555393218994155 519.5762634277344 32.439399719238295
0 0.1778 17.44462490081787 -12.184986114501937 72.74617671966553 9.266372680664075
0 0.1637 205.8401870727539 -19.171670913696275 244.41085815429688 16.173254013061534
0 0.1628 510.3130340576172 -34.16173362731932 560.1751708984375 -8.764699935913072
0 0.1576 350.55686950683594 -44.45145750045775 399.97657775878906 -18.48794603347777
0 0.1552 410.67455291748047 -24.583286285400373 459.8787307739258 1.6389999389648584
0 0.1333 170.14785766601562 -44.009315013885484 220.3177261352539 -18.913551807403554
0 0.1313 17.041969299316406 -41.978808879852274 73.11689376831055 -20.94373369216917
0 0.1227 459.7435760498047 -53.66083526611326 510.66993713378906 -29.255222320556626
0 0.1152 18.879947662353516 16.968828201293956 71.43949508666992 40.119634628295906
0 0.1140 421.10843658447266 4.612527847290053 469.57408905029297 32.38833045959474
0 0.1023 365.9305191040039 0.19499397277833447 404.3661117553711 36.75753211975099
0 0.0987 525.6702423095703 -8.56126213073729 564.5459747314453 25.612283706665053
0 0.0969 78.00917625427246 -32.50704193115233 132.23187446594238 -10.409091949462875
0 0.0924 285.8321762084961 29.759307861328143 324.51610565185547 67.16157531738283
0 0.0916 165.6180763244629 -18.4231605529785 204.5918083190918 15.48570251464845
0 0.0869 215.93198776245117 20.14960861206056 254.3684959411621 56.79950332641603
0 0.0843 471.0147476196289 34.88062953948975 519.6231460571289 62.143097877502456
0 0.0731 399.2932891845703 -53.316520690917955 451.0688018798828 -29.595836639404283
0 0.0718 229.85223770141602 -73.74595546722409 280.5737495422363 -49.17096996307371
0 0.0699 325.9018325805664 29.935952186584487 364.4216537475586 66.99744319915771
0 0.0679 79.0493392944336 -3.157943725585923 131.2898826599121 20.244499206542983
0 0.0679 565.3146362304688 -37.68540525436399 604.8625183105469 -5.188995838165266
0 0.0543 509.59659576416016 -63.54167842864988 560.7989883422852 -39.37247180938719
0 0.0471 0.0 -73.04089927673337 51.43085479736328 -49.87104797363279
0 0.0447 279.25331115722656 -83.28704380989072 331.10435485839844 -59.62503695487975
0 0.0437 329.4691467285156 -73.44423198699948 380.9119415283203 -49.4688787460327
0 0.0421 420.9187698364258 35.051342010498054 469.6920394897461 61.98350524902344
0 0.0414 130.74162483215332 -24.13318061828612 158.8607120513916 21.269117355346694
0 0.0400 57.01678276062012 -61.974123954772935 113.14196586608887 -40.94989681243894
0 0.0390 609.1722106933594 -33.664554595947244 638.75 -9.306987762451158
0 0.0368 180.55889129638672 14.544902801513684 209.08039093017578 62.32728576660157
0 0.0366 520.6846618652344 25.364604949951183 548.9286804199219 71.65498352050781
0 0.0338 179.83686447143555 -73.73697185516355 230.58801651000977 -49.18024921417234
0 0.0319 0.0 -103.13372993469237 51.300926208496094 -79.77777385711669
0 0.0314 229.3794822692871 -103.37659740447995 280.9914207458496 -79.53582191467284
0 0.0303 5.650063753128052 41.49467563629151 44.5634925365448 75.56098079681396
0 0.0300 230.72525024414062 63.59801864624024 451.5412902832031 162.7983055114746
0 0.0279 75.36170959472656 22.18961334228517 114.82181549072266 54.925170898437514
0 0.0279 570.2280044555664 -4.077257156372056 620.2474594116211 21.15339851379396
0 0.0254 0.0 193.38586425781247 638.75 532.25
0 0.0247 599.3369293212891 -63.34516429901121 638.75 -39.56698322296141
0 0.0213 119.05877590179443 -63.15929794311521 171.28035068511963 -39.75344085693357
0 0.0209 0.0 -3.9109268188476434 18.907164335250854 41.16796112060548
0 0.0205 455.6161880493164 61.57088851928711 494.5945358276367 95.49117660522462
0 0.0171 609.0059661865234 -93.54620361328122 638.75 -69.42503833770749
0 0.0161 550.6955337524414 25.45037364959718 578.9155960083008 71.5875825881958
0 0.0155 150.54882526397705 24.49738597869874 179.09263134002686 72.36955738067628
0 0.0153 459.23877716064453 -83.28207516670226 511.1185073852539 -59.630711317062364
0 0.0151 10.679445266723633 75.3168830871582 38.934879302978516 121.69158554077148
0 0.0144 169.6872901916504 -103.61385250091551 220.7191276550293 -79.30131816864012
0 0.0143 445.73314666748047 141.24627685546878 484.4930648803711 175.78893280029297
0 0.0138 200.53224563598633 64.41533660888673 229.1127586364746 112.44168853759767
0 0.0126 519.3107223510742 -93.32955265045163 571.053352355957 -69.58294773101805
0 0.0126 511.90391540527344 103.34180450439453 638.75 203.1270751953125
0 0.0125 200.40834426879883 114.01307678222656 229.26435470581055 162.84341430664062
0 0.0125 609.1070747375488 26.381317138671886 638.7499809265137 50.64715957641602
0 0.0122 57.76196479797363 -102.36936473846433 112.45816230773926 -80.5486431121826
0 0.0120 495.44200897216797 72.02144241333009 534.7477340698242 105.07876968383789
0 0.0114 609.0023994445801 516.1296997070311 638.7499809265137 532.25
0 0.0113 580.7226943969727 25.681282043457045 608.883171081543 71.40895462036134
0 0.0111 120.59508323669434 24.749547004699718 149.0365695953369 72.15344524383546
0 0.0109 405.91270446777344 160.48511123657227 444.36012268066406 196.48952102661133
0 0.0103 450.43304443359375 115.71834182739258 500.0731658935547 141.35165786743164
0 0.0103 609.1414642333984 56.357055664062514 638.75 80.67140197753908
