0 0.2677 515.8706283569336 -0.3270816802978527 554.3906784057617 35.31641960144043
0 0.2365 475.9012222290039 -10.923709869384766 514.4099044799805 25.86755752563477
0 0.2313 473.0625534057617 37.41417407989502 588.1914901733398 87.06405162811278
0 0.2088 435.8333206176758 -11.187591552734375 474.5101547241211 26.112365722656254
0 0.1781 395.7992172241211 -11.275939941406252 434.5565414428711 26.194477081298828
0 0.1661 555.6868362426758 0.38998603820800776 594.5318222045898 34.65701103210449
0 0.1560 500.5647659301758 -35.42762994766235 549.9637222290039 -9.507920742034912
0 0.1234 355.8320617675781 -11.26173973083496 394.51805114746094 26.18107795715332
0 0.1072 440.6418991088867 -45.52689790725708 489.9020767211914 -19.413535594940186
0 0.1060 525.8401870727539 88.7843704223633 564.5048141479492 126.1383056640625
0 0.1006 435.2314758300781 29.00514602661133 475.17356872558594 65.93833923339844
0 0.0968 385.58311462402344 28.683185577392578 424.8046112060547 66.23395919799805
0 0.0900 391.03485107421875 -46.180992126464844 439.61341857910156 -18.800754547119137
0 0.0828 320.3993225097656 -17.015972137451172 349.2753601074219 31.87252044677734
0 0.0760 345.82176208496094 28.721632957458493 384.53125 66.1965799331665
0 0.0687 550.5800247192383 -25.444927215576172 599.951057434082 0.5086898803710941
0 0.0557 290.4018211364746 -17.011709213256836 319.2723274230957 31.86697959899902
0 0.0549 345.92674255371094 -50.727996826171875 384.3634796142578 -14.31364059448242
0 0.0532 440.3321838378906 72.96611785888672 469.3585205078125 121.9582748413086
0 0.0513 485.60447692871094 88.68818283081055 524.7800445556641 126.22915267944336
0 0.0481 565.9130096435547 89.4654655456543 604.361572265625 125.5076789855957
0 0.0452 410.39100646972656 72.97954559326172 439.28565979003906 121.88465118408205
0 0.0439 260.42518615722656 -16.96131706237793 289.2435836791992 31.807928085327152
0 0.0415 310.42407989501953 33.03604125976562 339.24495697021484 81.81087493896483
0 0.0413 230.45406341552734 -16.88300132751465 259.2081832885742 31.724367141723633
0 0.0376 200.49156188964844 -16.75466537475586 229.1623306274414 31.59839630126953
0 0.0345 590.6734848022461 34.26905155181885 618.9419937133789 80.729079246521
0 0.0324 280.42823791503906 33.04557800292968 309.2398452758789 81.80000305175781
0 0.0320 600.7007217407227 -15.5120849609375 628.9094161987305 30.557670593261715
0 0.0305 0.0 22.598018646240234 211.54129028320312 121.7983055114746
0 0.0299 380.41988372802734 73.02621841430664 409.2500686645508 121.82195663452148
0 0.0295 250.46022415161133 33.1364631652832 279.2006492614746 81.70473098754883
0 0.0286 170.57165145874023 -36.387176513671875 199.06492233276367 11.268711090087889
0 0.0283 485.72078704833984 210.28426170349124 524.5034408569336 244.75403785705566
0 0.0266 220.49345016479492 33.25126647949219 249.1600227355957 81.59240722656249
0 0.0261 490.16170501708984 -65.01729965209961 540.3048324584961 -39.90525245666504
0 0.0261 515.9211730957031 129.33757781982422 554.3638610839844 165.62576293945312
0 0.0258 420.4340362548828 143.06501388549805 449.2327880859375 191.78075790405273
0 0.0254 0.0 192.3858642578125 638.75 531.25
0 0.0244 310.52608489990234 -66.60932540893555 339.1202926635742 -18.535308837890625
0 0.0243 140.6116247177124 -36.15888595581055 169.01651859283447 11.075420379638672
0 0.0236 450.5601501464844 173.5527515411377 479.0788269042969 221.32067680358884
0 0.0226 460.4817581176758 123.2147216796875 489.1743850708008 171.6293716430664
0 0.0216 609.2251586914062 -94.70379590988159 638.75 -70.26801347732545
0 0.0216 390.37296295166016 132.94933319091797 419.30789947509766 181.92447662353516
0 0.0216 525.6645965576172 210.45174598693848 564.5511627197266 244.60036277771
0 0.0213 110.63508033752441 -36.00685358047485 138.98821830749512 10.950510501861574
0 0.0202 609.4975090026855 -44.91589546203613 638.7500190734863 -20.058183670043945
0 0.0196 373.0625534057617 -102.58583068847656 488.19149017333984 -52.935953140258796
0 0.0194 490.6275177001953 163.94325256347656 518.9973449707031 210.99132537841794
0 0.0193 350.45005798339844 73.10558319091797 379.2131042480469 121.73629760742189
0 0.0192 555.500373840332 -59.11484718322754 594.6950912475586 -25.796623229980465
0 0.0182 210.42718887329102 83.04584503173827 239.24116134643555 131.80099487304688
0 0.0175 80.66123962402344 -25.81894874572754 108.95675659179688 20.799646377563477
0 0.0163 280.5323791503906 -66.58031225204468 309.1126251220703 -18.56130838394165
0 0.0159 240.4164695739746 83.02072525024415 269.25432205200195 131.82939529418945
0 0.0155 110.5816650390625 123.66703033447264 139.05277252197266 171.2221908569336
0 0.0152 5.533276796340942 -9.192371368408201 44.6654212474823 24.2742919921875
0 0.0149 80.62521934509277 123.9326286315918 109.0001392364502 171.00080490112305
0 0.0144 140.53575038909912 123.43357086181639 169.10852909088135 171.4258575439453
0 0.0141 565.6302642822266 210.54912567138675 604.5806884765625 244.51107025146484
0 0.0140 5.476984977722168 120.94181060791014 44.71597671508789 154.1515350341797
0 0.0139 250.56156158447266 -66.43778800964355 279.0771484375 -18.687000274658203
0 0.0137 220.5949592590332 -66.253719329834 249.03669357299805 -18.844270706176758
0 0.0137 168.11857223510742 149.59827423095703 252.60263442993164 215.626220703125
0 0.0137 50.71579933166504 -25.372467041015625 78.89144897460938 20.45114517211914
0 0.0133 120.62289237976074 173.9167022705078 149.0029239654541 221.01371765136716
0 0.0133 50.67878723144531 114.3243408203125 78.93574714660645 160.6875228881836
0 0.0133 0.0 -107.5 129.46765899658203 -37.620606422424316
0 0.0131 420.59017181396484 193.71449470520017 449.04247283935547 241.18174552917478
0 0.0130 555.8941268920898 129.59667205810547 594.3710708618164 165.38661956787112
0 0.0126 268.1185817718506 149.59827423095703 352.6026248931885 215.626220703125
0 0.0126 609.4215202331543 215.14305114746094 638.7500190734863 239.88342285156247
0 0.0125 609.5525932312012 485.0416564941406 638.7500190734863 509.9839782714843
0 0.0125 525.7619476318359 170.14638900756836 564.4698333740234 204.88069534301758
0 0.0125 335.66272735595703 -107.5 374.55448150634766 -75.38817644119263
0 0.0123 270.39161682128906 82.97189712524414 299.2848587036133 131.88901901245117
0 0.0122 608.9736938476562 515.1519012451172 638.75 531.25
0 0.0116 509.93473052978516 -104.81669902801514 560.5018997192383 -80.10162115097046
0 0.0116 90.65738677978516 174.15355682373047 118.96139144897461 220.82172393798825
0 0.0111 0.24396419525146484 -35.09040832519531 50.233330726623535 -9.83358383178711
0 0.0109 360.4086685180664 123.00754547119142 389.26387786865234 171.8466567993164
0 0.0106 559.8888778686523 -104.77639198303223 610.5416488647461 -80.14102935791016
0 0.0106 320.4508590698242 83.10894012451172 349.21207427978516 131.73316955566406
0 0.0103 605.4165840148926 181.07871055603025 638.7499809265137 214.02642250061035
0 0.0101 609.0194892883301 355.4450988769531 638.7499809265137 379.583740234375
0 0.0100 390.4867172241211 183.23417663574216 419.1682815551758 231.6110610961914
