0 0.2571 586.7449760437012 204.65703964233398 638.7500190734863 225.41570663452148
0 0.2243 576.1171340942383 224.95540618896484 633.973503112793 245.1108932495117
0 0.2089 566.3846588134766 184.8334503173828 623.7254333496094 205.23609161376953
0 0.1579 576.2850570678711 244.88182067871088 633.8171005249023 265.1869201660156
0 0.1541 525.0506591796875 205.4155158996582 584.964599609375 224.63777542114258
0 0.1253 504.5937728881836 185.59795379638672 565.3908157348633 204.44931030273438
0 0.1234 515.2964019775391 225.31821250915527 574.7346496582031 244.73893165588376
0 0.1111 587.0248603820801 154.52264785766602 638.7499809265137 175.5535316467285
0 0.1034 599.4758796691895 53.042688369750984 638.7499809265137 77.04304695129395
0 0.0967 464.9707794189453 205.45406341552734 525.0374603271484 224.59918975830075
0 0.0831 578.7820434570312 333.5321807861328 631.5279388427734 356.55609130859375
0 0.0828 556.9427108764648 264.5734405517578 613.2077407836914 285.50346374511713
0 0.0810 588.2505989074707 83.84696960449219 638.7499809265137 106.23748779296874
0 0.0785 505.1087188720703 165.3888702392578 564.9111938476562 184.66468811035153
0 0.0738 578.2218170166016 303.87996673583984 632.0356750488281 326.20670318603516
0 0.0724 516.2043762207031 244.9222183227539 573.8910675048828 265.14614105224604
0 0.0711 609.3787956237793 22.678365707397457 638.7500190734863 47.34869956970214
0 0.0702 477.38033294677734 74.34454441070557 532.8062057495117 95.73564052581787
0 0.0665 444.67567443847656 185.5693435668945 505.31341552734375 204.47959899902344
0 0.0657 455.6895446777344 225.1527118682861 514.3685150146484 244.90962028503415
0 0.0622 587.0615386962891 124.50403213500975 638.75 145.57249069213867
0 0.0601 374.50401306152344 205.63400268554688 435.4743957519531 224.41223144531247
0 0.0586 374.76707458496094 225.53466796875 435.2277374267578 244.5157241821289
0 0.0545 374.90711212158203 185.47376632690427 435.09838104248047 204.57765579223633
0 0.0537 437.3002624511719 94.38383102416992 492.8804016113281 115.69524765014648
0 0.0531 589.0398406982422 363.3601760864258 638.75 386.7280197143554
0 0.0503 444.8002624511719 165.51689147949216 505.19798278808594 184.53319549560544
0 0.0493 486.0955047607422 144.9622917175293 543.9942932128906 165.10328292846677
0 0.0483 518.1495666503906 343.91448974609375 572.1031951904297 366.1705780029297
0 0.0473 517.1332550048828 94.47046279907227 573.0339050292969 115.60716629028319
0 0.0468 538.2090377807617 63.87171268463134 592.0508193969727 86.21255397796631
0 0.0458 418.0251693725586 63.99139404296876 472.21561431884766 86.09369277954102
0 0.0453 385.50804138183594 165.2248954772949 444.5386505126953 184.83427047729492
0 0.0448 456.3275146484375 244.86557006835938 513.7769317626953 265.20423889160156
0 0.0444 477.1223449707031 114.47422027587889 533.0443572998047 135.60302734375
0 0.0433 375.8714294433594 245.07526397705075 434.19898986816406 264.98966217041016
0 0.0430 487.7925491333008 44.11751747131348 542.429313659668 65.96526145935059
0 0.0414 517.6091766357422 314.21592712402344 572.5977325439453 335.86517333984375
0 0.0406 416.55712127685547 124.75294113159178 473.56571197509766 145.3186225891113
0 0.0400 609.1952514648438 -7.180719375610351 638.75 17.20917701721191
0 0.0393 486.56410217285156 264.7536849975586 543.5582733154297 285.3186416625976
0 0.0392 425.57212829589844 145.1974296569824 484.47914123535156 164.8625373840332
0 0.0391 316.08184814453125 204.98088836669922 374.00390625 225.08651733398435
0 0.0374 316.00720405578613 185.01174926757812 374.07382011413574 205.05432128906247
0 0.0369 517.1364974975586 284.4643402099609 573.0319595336914 305.6126403808594
0 0.0361 614.4087982177734 270.0165557861328 638.75 300.2202606201172
0 0.0343 366.61285400390625 144.72406387329102 423.51470947265625 165.3477668762207
0 0.0342 326.1894989013672 164.92515563964844 383.9057922363281 185.14240264892578
0 0.0340 316.52332305908203 224.77817535400388 373.5947036743164 245.29449462890625
0 0.0339 378.20594787597656 93.88460159301758 432.05116271972656 116.20126724243164
0 0.0280 387.0014953613281 264.5441436767578 443.1535339355469 285.5332946777344
0 0.0274 457.0418930053711 284.5216751098633 513.1168746948242 305.5558395385742
0 0.0260 528.6673355102539 373.5993194580078 581.6330337524414 396.48780822753906
0 0.0254 0.0 219.8858642578125 638.75 558.75
0 0.0250 358.9767074584961 63.40173721313476 411.3529586791992 86.68636322021484
0 0.0242 549.4828033447266 33.02690505981445 600.9036254882812 57.05734252929687
0 0.0229 0.0 -79.99999999999999 510.9122848510742 201.51496887207028
0 0.0218 457.4991226196289 324.28371429443354 512.6967239379883 345.79776763916016
0 0.0203 608.7201118469238 -36.85224533081055 638.7499809265137 -13.119201660156248
0 0.0200 589.3607902526855 393.1349563598633 638.7500190734863 416.95240020751953
0 0.0200 427.94715881347656 34.03726577758789 482.2864532470703 56.04753494262695
0 0.0190 498.40511322021484 13.762369155883787 551.8706893920898 36.32397651672363
0 0.0189 543.7675094604492 121.37720108032225 586.3263320922852 148.99213790893552
0 0.0177 297.28779792785645 144.38964843749997 352.8920269012451 165.68920135498047
0 0.0167 608.5784149169922 -66.764395236969 638.75 -43.20806264877319
0 0.0167 397.9656219482422 294.0287399291992 452.2692108154297 316.05648040771484
0 0.0165 367.550048828125 344.25281524658203 422.6508331298828 365.82851409912104
0 0.0164 317.5707244873047 254.24831390380857 372.63031005859375 275.83423614501953
0 0.0162 559.9071884155273 2.7028751373291025 610.5266952514648 27.378721237182617
0 0.0159 368.94344329833984 33.42578887939453 421.38248443603516 56.662559509277344
0 0.0157 328.26866149902344 113.84090423583984 381.99554443359375 136.24431610107422
0 0.0155 457.822265625 354.10781860351557 512.4005889892578 375.97618103027344
0 0.0143 609.3454742431641 422.7059936523437 638.75 447.321548461914
0 0.0142 337.7840805053711 284.1266250610351 392.43602752685547 305.9567642211914
0 0.0137 347.76973724365234 314.13379669189453 402.44937896728516 335.94936370849604
0 0.0131 498.9080047607422 -76.55293464660643 551.4148712158203 -53.35904121398925
0 0.0126 257.2293472290039 184.42523956298828 312.9445266723633 205.65391540527344
0 0.0125 308.9262866973877 83.4324836730957 361.3989543914795 106.655216217041
0 0.0119 508.69800567626953 -16.41963005065918 561.6051864624023 6.506929397583007
0 0.0117 609.013500213623 542.6211547851562 638.7500190734863 558.75
0 0.0113 439.02793884277344 -76.63398981094359 491.30714416503906 -53.278107643127434
0 0.0112 529.3275833129883 403.15677642822266 581.0386276245117 426.9304275512695
0 0.0105 257.45073318481445 214.3105125427246 312.74084091186523 235.7707405090332
0 0.0105 368.41259002685547 373.76583099365234 421.86214447021484 396.3216781616211
0 0.0103 437.96192169189453 4.024782180786134 492.2739028930664 26.05950355529785
0 0.0101 314.90856170654297 49.60760116577148 355.2396011352539 80.58921813964842
