0 0.0420 260.5621528625488 191.05831146240234 289.0764045715332 238.81488800048828
0 0.0337 290.59656143188477 201.2505340576172 319.0347099304199 248.65116119384766
0 0.0267 385.5728530883789 178.18376541137695 424.63268280029297 211.88776016235352
0 0.0260 230.57750701904297 161.14160537719727 259.0578079223633 208.7434196472168
0 0.0254 0.0 299.8858642578125 638.75 638.75
0 0.0250 320.6337356567383 221.48401260375977 348.98983001708984 268.4579277038574
0 0.0229 0.0 0.0 510.9122848510742 281.5149688720703
0 0.0218 290.6214714050293 251.40920639038086 319.0046501159668 298.5201835632324
0 0.0204 319.3540287017822 173.14014434814453 371.01447105407715 196.94732666015625
0 0.0184 269.54161643981934 112.99405097961426 320.849084854126 137.0913600921631
0 0.0179 575.4707145690918 604.7563171386719 638.7500190734863 638.75
0 0.0179 260.65025329589844 241.62403106689453 288.97010803222656 288.3488082885742
0 0.0178 435.4496383666992 168.50858688354492 474.7403335571289 201.59048080444336
0 0.0176 299.50730323791504 143.02133083343506 350.8792018890381 167.0644998550415
0 0.0162 369.8457717895508 152.75087356567383 420.58116912841797 177.3311424255371
0 0.0161 230.67134857177734 211.77789688110352 258.94474029541016 258.22580337524414
0 0.0159 249.5139503479004 83.01211357116699 300.87419509887695 107.07310676574707
0 0.0159 512.6921272277832 0.0 638.7499809265137 69.84923839569092
0 0.0156 430.6588363647461 201.65822982788086 458.9596176147461 248.3170509338379
0 0.0149 511.90391540527344 129.84180450439453 638.75 229.6270751953125
0 0.0147 320.6349563598633 271.49255752563477 348.9883804321289 318.45102310180664
0 0.0147 325.37609100341797 108.66717338562012 364.80777740478516 141.4456272125244
0 0.0142 400.66062927246094 211.67709350585938 428.9574432373047 258.3028030395508
0 0.0139 260.70268630981445 142.01356887817383 288.90710830688477 188.03899765014648
0 0.0135 349.9769592285156 212.64104843139648 400.46630859375 237.43913650512695
0 0.0135 365.3621292114258 118.70315551757812 404.81998443603516 151.4127540588379
0 0.0135 410.6172180175781 311.3747310638428 439.00978088378906 358.54729652404785
0 0.0132 475.3676986694336 168.6948013305664 514.814567565918 201.4203643798828
0 0.0130 449.20440673828125 622.7619743347168 501.2489318847656 638.7500190734863
0 0.0129 519.2557525634766 622.7204895019531 571.2037658691406 638.75
0 0.0128 225.0692367553711 109.31178092956543 265.089111328125 140.8580493927002
0 0.0125 300.23780822753906 82.4052619934082 350.2406311035156 107.66956329345703
0 0.0124 389.17091369628906 622.788257598877 441.2785339355469 638.7499809265137
0 0.0123 259.7613716125488 52.82186985015869 310.6548881530762 77.26147174835205
0 0.0121 360.6703567504883 311.7510986328125 388.94580841064453 358.2441711425781
0 0.0120 460.69149017333984 211.91143035888672 488.9204788208008 258.1172180175781
0 0.0120 69.1065764427185 622.8387260437012 121.33533716201782 638.7500190734863
0 0.0119 258.96026611328125 3.4144115447998047 311.3673782348633 26.673917770385742
0 0.0119 99.5477294921875 192.99371719360352 150.84272384643555 217.09222793579102
0 0.0116 200.6954574584961 141.9837188720703 228.9159393310547 188.06629180908203
0 0.0115 0.0 622.7893257141113 51.27891540527344 638.7499809265137
0 0.0112 440.6658172607422 331.71276092529297 468.9512634277344 378.27404022216797
0 0.0111 329.1041564941406 622.8402709960938 381.33750915527344 638.75
0 0.0106 129.11548137664795 622.8319549560547 181.32744312286377 638.75
0 0.0104 608.9491271972656 472.99354553222656 638.75 497.03529357910156
0 0.0104 419.8480224609375 142.75662899017334 470.57762145996094 167.32637882232666
0 0.0104 239.0746307373047 622.8631401062012 291.3636779785156 638.7500190734863
0 0.0104 105.14683723449707 219.15786743164062 145.0173282623291 250.99811553955078
0 0.0104 350.20519256591797 82.44482040405273 400.2669143676758 107.63195037841797
0 0.0102 350.6720733642578 241.75758361816406 378.94371032714844 288.2380676269531
0 0.0101 89.39693450927734 163.10592651367188 140.97686767578125 186.9809341430664
0 0.0101 608.9822578430176 542.9700088500977 638.7499809265137 567.0587539672852
0 0.0100 188.75850677490234 83.54433059692383 241.54987335205078 106.54348373413086
0 0.0100 574.3924140930176 244.8368263244629 638.7499809265137 294.7470283508301
