0 0.0988 406.6062927246094 154.73724365234372 463.51837158203125 175.33607482910156
0 0.0808 467.08251953125 154.4982147216797 523.0801391601562 175.57926177978516
0 0.0748 416.20731353759766 134.9196434020996 473.88858795166016 155.14856338500977
0 0.0623 426.6279602050781 174.72396850585938 483.4990692138672 195.34915924072263
0 0.0603 475.13206481933594 65.38411617279051 534.8882293701172 84.67054843902588
0 0.0550 476.4479446411133 124.81004714965819 533.6653518676758 145.26121139526367
0 0.0535 475.50193786621094 85.23147583007812 534.5433807373047 104.82826232910155
0 0.0520 475.08426666259766 45.40196418762206 534.9332046508789 64.65178489685059
0 0.0489 348.1053924560547 153.94851684570312 402.1416473388672 176.13754272460938
0 0.0461 465.96595764160156 105.03028869628906 524.1120147705078 125.03532409667967
0 0.0415 485.4453659057617 25.25118827819824 544.597053527832 44.80711936950683
0 0.0398 406.74999237060547 114.66426849365233 463.3864974975586 135.41000366210935
0 0.0379 487.40333557128906 184.33332443237302 542.7848815917969 205.7471656799316
0 0.0370 415.1091766357422 65.39878845214842 474.90821838378906 84.65646743774414
0 0.0340 414.7728729248047 45.53171157836913 475.22254943847656 64.51866149902344
0 0.0332 415.9157943725586 85.0568962097168 474.1575241088867 105.00879287719725
0 0.0313 527.1605682373047 154.4559669494629 583.0088806152344 175.62185287475586
0 0.0302 368.0324935913086 183.9861297607422 422.2091293334961 206.09886169433594
0 0.0299 495.91007232666016 5.04840850830078 554.1655349731445 25.015430450439453
0 0.0285 347.86415100097656 124.08369064331053 402.36244201660156 146.0004997253418
0 0.0279 424.7800827026367 25.526323318481445 485.2164077758789 44.523725509643555
0 0.0267 446.82735443115234 204.6235466003418 503.3157730102539 225.45110702514648
0 0.0254 0.0 219.8858642578125 638.75 558.75
0 0.0229 0.0 -79.99999999999999 510.9122848510742 201.51496887207028
0 0.0215 288.54713439941406 153.6771011352539 341.74137115478516 176.4100646972656
0 0.0209 316.7737579345703 34.654979705810554 373.36402893066406 55.41992187499999
0 0.0208 537.0688247680664 124.50210571289062 593.0934524536133 145.5747604370117
0 0.0205 0.0 -67.00870275497437 40.83775997161865 -42.90516138076783
0 0.0198 608.7132453918457 153.15040588378906 638.7499809265137 176.87786102294922
0 0.0195 356.3138961791992 54.874744415283196 413.7888717651367 75.19533157348631
0 0.0193 498.3195495605469 283.81778717041016 551.9476318359375 306.26873016357416
0 0.0188 357.66571044921875 94.19591903686523 412.5434875488281 115.88720321655272
0 0.0186 435.20206451416016 5.353212356567381 494.82349395751953 24.702024459838864
0 0.0185 58.67901802062988 223.59813690185547 111.62108421325684 246.4899444580078
0 0.0180 506.5409851074219 -15.242531299591063 563.5813903808594 5.313446521759034
0 0.0179 498.8570785522461 313.4790802001953 551.4611434936523 336.608657836914
0 0.0176 308.24570655822754 183.86133193969727 362.01491355895996 206.22476577758786
0 0.0175 288.77617835998535 123.53513717651364 341.5334224700928 146.55302047729492
0 0.0174 365.9234619140625 15.046653747558592 424.1520690917969 35.01802444458007
0 0.0174 537.1245574951172 64.46962356567383 593.0431365966797 85.60712814331053
0 0.0171 286.974515914917 14.55256462097168 343.17967414855957 35.52384376525879
0 0.0164 0.0 -36.91680431365967 40.947227478027344 -12.996315956115723
0 0.0164 598.6941337585449 123.5865783691406 638.7500190734863 146.50123596191406
0 0.0160 608.6112976074219 183.21582794189453 638.75 206.8120193481445
0 0.0159 536.9668579101562 94.55142974853516 593.1878662109375 115.52413940429686
0 0.0158 376.5119171142578 274.7771072387695 433.60679626464844 295.2943801879883
0 0.0157 297.90477752685547 64.06395435333252 352.3246383666992 86.0209608078003
0 0.0156 497.5419235229492 254.2562484741211 552.6585006713867 275.8249282836914
0 0.0155 298.60093116760254 93.64778518676756 351.6916561126709 116.44014358520508
0 0.0147 548.1542205810547 183.91639709472656 602.0979309082031 206.16939544677732
0 0.0146 18.485727310180664 -6.280100345611573 71.79600715637207 16.367743015289303
0 0.0146 375.8892822265625 255.05939483642572 434.1844177246094 275.0044631958008
0 0.0145 437.73399353027344 284.15683746337885 492.48130798339844 305.92655181884766
0 0.0141 387.13714599609375 214.46331024169922 443.0315399169922 235.6135559082031
0 0.0141 507.99407958984375 214.0053939819336 562.2447967529297 236.07894897460938
0 0.0138 28.428704738616943 193.75438690185547 81.84786081314087 216.33296966552734
0 0.0134 446.5890884399414 234.73925590515137 503.53572845458984 255.3329181671143
0 0.0133 18.94573211669922 23.42499732971191 71.38028144836426 46.66346549987792
0 0.0133 438.60870361328125 313.64231109619135 491.68479919433594 336.44557952880854
0 0.0133 608.8761138916016 243.04367065429688 638.75 266.98516845703125
0 0.0130 18.513636589050293 163.70210647583008 71.7708158493042 186.38555526733398
0 0.0129 608.6856079101562 213.1690788269043 638.75 236.85918807983398
0 0.0127 326.8890380859375 -5.406191349029541 383.2587432861328 15.481550693511961
0 0.0127 247.29564666748047 34.39047813415527 302.88368225097656 55.689210891723626
0 0.0126 598.7872123718262 93.52361679077148 638.7500190734863 116.56393051147461
0 0.0126 508.9522933959961 343.416633605957 561.3752365112305 366.6712570190429
0 0.0125 547.694091796875 34.167547225952156 602.5204467773438 55.91387748718261
0 0.0124 0.0 223.3153533935547 51.2367057800293 246.77280426025388
0 0.0124 48.25549840927124 -76.14856719970702 102.00689554214478 -53.76588344573974
0 0.0121 109.4883918762207 243.0413818359375 160.89479446411133 267.0453643798828
0 0.0119 609.0591430664062 272.91648864746094 638.75 297.1121978759765
0 0.0119 608.9875602722168 542.6412963867188 638.7500190734863 558.75
0 0.0117 377.8139114379883 304.1120910644531 432.40833282470703 325.97183227539057
0 0.0117 609.0757942199707 312.9040145874023 638.7499809265137 337.12459564208984
0 0.0116 365.9291076660156 235.037841796875 424.1484069824219 255.02586364746094
0 0.0113 248.49393844604492 183.71376037597656 301.7888069152832 206.37374877929688
0 0.0111 574.3924140930176 -15.163183212280275 638.7499809265137 34.747018814086914
0 0.0110 445.7904815673828 -14.897422790527342 504.2761993408203 4.960050582885742
0 0.0109 555.0923919677734 279.2618560791015 595.0681304931641 310.9034729003906
0 0.0108 48.33930969238281 -36.19741916656494 101.93038940429688 -13.71645450592041
0 0.0107 237.84107208251953 64.096622467041 292.38353729248047 85.9874153137207
0 0.0102 28.949480056762695 253.41510772705072 81.37848854064941 276.67232513427734
0 0.0102 575.2654266357422 -79.99999999999999 638.75 -45.12511253356933
0 0.0102 608.9973258972168 342.9592514038086 638.7500190734863 367.0694351196289
0 0.0102 8.633761405944824 133.62936019897458 61.66148662567139 156.45898818969727
0 0.0101 228.88765335083008 153.46012115478516 281.4333152770996 176.62784576416013
0 0.0100 238.68370056152344 103.59472274780272 291.61693572998047 126.49328231811522
