0 0.0344 287.6376724243164 -5.789966583251952 342.5694274902344 15.872707366943358
0 0.0254 0.0 219.8858642578125 638.75 558.75
0 0.0254 287.16651916503906 -35.54492473602294 343.00289154052734 -14.376873970031737
0 0.0244 498.39099884033203 223.77197265625 551.8832778930664 246.31446838378903
0 0.0241 288.75755310058594 23.5511302947998 341.54937744140625 46.53756141662597
0 0.0234 29.606962203979492 172.94544219970703 80.79083442687988 197.13966369628906
0 0.0229 0.0 -79.99999999999999 510.9122848510742 201.51496887207028
0 0.0221 569.2995452880859 243.1667327880859 621.0658264160156 266.9191741943359
0 0.0207 29.08392906188965 143.32626342773438 81.25716209411621 166.76136016845703
0 0.0198 569.6487426757812 212.91151046752927 620.7541656494141 237.17302322387695
0 0.0192 45.365304946899414 198.6972999572754 84.81698989868164 231.41809463500974
0 0.0189 608.8660430908203 173.04920196533203 638.75 196.97944641113278
0 0.0182 228.62018585205078 -6.362173557281494 281.67381286621094 16.450464725494385
0 0.0176 29.003190994262695 83.37745666503906 81.33049011230469 106.70970916748047
0 0.0173 38.931238651275635 43.4307861328125 91.39415502548218 66.65712356567381
0 0.0171 28.670339584350586 113.59832763671875 81.63009643554688 136.48895263671875
0 0.0171 229.12933349609375 23.29483032226562 281.21646881103516 46.79269790649414
0 0.0168 608.9468193054199 142.9935264587402 638.7500190734863 167.03508377075195
0 0.0166 499.32533264160156 193.14479827880857 551.0434722900391 216.94053649902344
0 0.0163 348.08719635009766 -6.046934127807617 402.15953826904297 16.132020950317383
0 0.0160 569.1504287719727 273.2795715332031 621.1977005004883 296.807861328125
0 0.0158 85.39543151855469 158.6264610290527 124.78998184204102 191.48279190063474
0 0.0157 555.2378845214844 178.9715766906738 594.9334716796875 211.16785049438477
0 0.0155 5.351829528808594 198.73212814331055 44.82874870300293 231.38628005981445
0 0.0152 348.29872131347656 23.832416534423825 401.9660949707031 46.25432968139648
0 0.0146 289.3776035308838 53.121910095214844 340.99371910095215 76.96529388427734
0 0.0144 549.9151611328125 152.70122528076172 600.5187225341797 177.38094329833984
0 0.0142 608.8602447509766 63.05259704589844 638.75 86.97595596313477
0 0.0139 80.0153636932373 132.6117897033691 130.4320240020752 157.46828079223633
0 0.0139 478.5235595703125 253.69636535644528 531.7617034912109 276.39137268066406
0 0.0137 227.91662216186523 -35.94322204589843 282.3138999938965 -13.971843719482424
0 0.0137 85.34333229064941 198.75007629394528 124.83656883239746 231.3698959350586
0 0.0136 35.1758086681366 239.08596992492676 74.9919331073761 271.06364250183105
0 0.0134 129.54511642456055 32.99786567687988 180.8445930480957 57.08840370178222
0 0.0133 38.55116844177246 13.67588996887207 91.7374324798584 36.41146659851074
0 0.0133 0.7594680786132812 152.54085540771484 28.839521408081055 197.63816833496094
0 0.0131 505.29293060302734 158.85528564453122 544.8830032348633 191.27391815185547
0 0.0130 608.8189888000488 33.08098793029785 638.7499809265137 56.947603225708
0 0.0128 608.9801025390625 542.6469230651854 638.75 558.7500190734862
0 0.0128 0.737307071685791 72.32604503631592 28.865840435028076 117.79999256134032
0 0.0127 608.8918304443359 -66.96761131286621 638.75 -43.003640174865716
0 0.0124 609.0924263000488 302.8932571411133 638.7499809265137 327.13542938232416
0 0.0123 257.40949630737305 -75.67312240600586 312.77997970581055 -54.24680233001709
0 0.0122 347.9928970336914 -35.99164962768555 402.24536895751953 -13.923683166503906
0 0.0121 239.64672088623047 192.91303634643555 290.75599670410156 217.17149734497067
0 0.0121 0.0 38.56409072875976 34.766035079956055 71.5397834777832
0 0.0118 95.21225929260254 59.02259826660157 134.95722770690918 91.12136840820312
0 0.0117 125.41412353515625 178.58062744140625 164.77338790893555 211.52469635009763
0 0.0117 29.180526733398438 273.2565307617187 81.1711311340332 296.8305206298828
0 0.0116 249.61959838867188 102.93834686279295 300.77911376953125 127.1470260620117
0 0.0114 608.9681816101074 92.98028945922852 638.7500190734863 117.04851150512694
0 0.0113 439.0106964111328 223.3798122406006 491.3221740722656 246.70838356018066
0 0.0113 0.0 239.0664577484131 34.978625774383545 271.08139991760254
0 0.0112 349.0092468261719 53.381099700927734 401.3233947753906 76.7071533203125
0 0.0112 608.8257026672363 3.075923919677732 638.7499809265137 26.95259094238281
0 0.0112 79.58603143692017 92.96270370483398 130.80913305282593 117.12270736694335
0 0.0112 228.64503860473633 53.61259460449219 281.6533851623535 76.47438049316405
0 0.0110 609.2764472961426 342.75672912597656 638.7499809265137 367.27104187011713
0 0.0110 139.29202556610107 63.18269729614257 191.070294380188 86.90471649169922
0 0.0109 319.68875885009766 112.88644790649411 370.7175064086914 137.1985816955566
0 0.0105 369.59896087646484 102.9526138305664 420.79769134521484 127.13268280029295
0 0.0104 317.37022399902344 -75.65449237823486 372.81654357910156 -54.26608562469482
0 0.0104 229.4859504699707 223.03985595703125 280.8976936340332 247.04647064208984
0 0.0103 565.2785491943359 58.88694763183593 604.8960113525391 91.24502182006835
0 0.0103 620.7138061523438 202.65235900878906 638.75 247.61844635009766
0 0.0103 75.4206657409668 238.57155799865723 114.76688385009766 271.5329647064209
0 0.0103 299.63231086730957 82.93210983276366 350.76708793640137 107.15364456176756
0 0.0102 555.1869583129883 119.07711029052736 594.9802780151367 151.07166290283203
0 0.0102 165.35301208496094 178.72194290161133 204.8284149169922 211.39558792114258
0 0.0101 29.385862350463867 303.1121444702148 80.98712921142578 326.97452545166016
0 0.0100 255.2867317199707 128.87224197387695 294.8882865905762 161.25841140747067
0 0.0100 608.9123725891113 -26.981525421142578 638.7499809265137 -2.9897022247314444
