0 0.1195 275.1185817718506 437.0982360839844 359.6026248931885 503.126220703125
0 0.1023 277.7252502441406 330.09803771972656 498.5412902832031 429.2982482910156
0 0.0999 232.80247879028323 467.5060272216797 271.4370841979981 502.5096893310547
0 0.0970 192.79536437988284 467.5353240966797 231.4424057006836 502.4827575683594
0 0.0842 242.87297439575198 407.19348907470703 281.3861198425293 442.7974319458008
0 0.0837 260.06254386901855 504.91416931152344 375.191499710083 554.5640563964844
0 0.0709 375.11859130859375 437.0982360839844 459.6026153564453 503.126220703125
0 0.0685 222.72458267211917 507.77061462402344 261.5004463195801 542.2666168212891
0 0.0675 182.7433128356934 507.7138137817383 221.48461532592776 542.3187637329102
0 0.0645 207.94915390014648 441.54762268066406 256.6608543395996 468.4899139404297
0 0.0600 152.67867279052734 467.9064178466797 191.5395278930664 502.14195251464844
0 0.0545 202.7369422912598 407.7296447753906 241.49033737182623 442.3042297363281
0 0.0540 172.67499160766604 547.9105758666992 211.54332351684573 582.1381759643555
0 0.0531 292.5873107910157 558.154296875 331.619140625 591.9147491455078
0 0.0508 222.6296730041504 548.0447769165039 261.5817756652832 582.0151138305664
0 0.0499 162.610408782959 428.0987548828125 201.59836959838867 461.96563720703125
0 0.0476 242.92247009277347 366.86893463134766 281.35958862304693 403.09680938720703
0 0.0461 397.7252502441406 210.09801864624023 605.75 309.2983055114746
0 0.0435 142.6545066833496 507.9817581176758 181.55968856811523 542.072868347168
0 0.0433 332.57678222656256 558.1826400756836 371.6283721923828 591.8887710571289
0 0.0420 132.60609817504883 548.1060409545898 171.6025657653809 581.9589614868164
0 0.0418 375.11859130859375 517.0982360839844 459.6026153564453 583.126220703125
0 0.0379 237.24589538574222 582.4013519287109 287.2329635620117 607.6737976074219
0 0.0378 162.6884002685547 387.88185119628906 201.53086853027344 422.1644592285156
0 0.0373 322.6426239013672 298.0155849456787 361.56993103027344 332.0418643951416
0 0.0372 192.48702239990237 588.4185791015625 231.70691680908206 621.6728210449219
0 0.0368 292.46031951904297 598.4768295288086 331.73140716552734 631.6195297241211
0 0.0367 362.6797409057617 297.90531158447266 401.53845977783203 332.14298248291016
0 0.0348 92.50601959228517 548.3624267578125 131.69091415405276 581.7241668701172
0 0.0341 202.75220108032227 367.67635345458984 241.47805404663086 402.3531723022461
0 0.0329 112.5347299575806 468.299560546875 151.6645498275757 501.7816925048828
0 0.0320 152.46831130981448 588.4638595581055 191.72360610961917 621.6313552856445
0 0.0311 282.8174514770508 297.4554920196533 321.4248580932617 332.5561809539795
0 0.0309 332.44055938720703 598.5246658325195 371.74903106689453 631.575813293457
0 0.0298 236.90840911865237 612.677116394043 287.53066253662115 637.4011611938477
0 0.0295 112.46951293945315 588.4606552124023 151.72259521484375 621.6343307495117
0 0.0292 312.6812667846679 167.89911270141602 351.53731536865234 202.1486473083496
0 0.0290 122.53344726562501 428.30211639404297 161.66575622558597 461.7793655395508
0 0.0279 332.5683898925782 228.21212768554688 371.635009765625 261.8617630004883
0 0.0274 460.06255340576166 424.91416931152344 575.1914901733398 474.5640563964844
0 0.0261 102.6457567214966 508.00731658935547 141.56714153289798 542.0493698120117
0 0.0260 242.85302352905273 327.29698181152344 281.3992042541504 362.7021026611328
0 0.0254 347.6311798095703 271.9854927062988 396.91096496582037 298.0745506286621
0 0.0253 72.57206153869632 468.2030487060547 111.63170051574711 501.8700408935547
0 0.0251 186.35363769531253 622.6383972167969 238.11816406250003 638.75
0 0.0248 52.365686416626005 548.6914825439453 91.81713294982912 581.4234161376953
0 0.0247 72.42133331298831 588.5731887817383 111.76596832275392 621.5314865112305
0 0.0243 352.5210494995117 158.3357048034668 391.6764755249023 191.74860000610352
0 0.0236 116.36084747314455 622.6323127746582 168.11186981201175 638.7499809265137
0 0.0235 292.6621551513672 257.96159744262695 331.5529937744141 292.09131240844727
0 0.0233 381.65137481689453 604.8036193847656 493.56055450439453 638.75
0 0.0230 462.37605285644537 488.67393493652344 501.80712890625 521.4394378662109
0 0.0223 541.3924140930176 324.83680725097656 605.7499809265137 374.74700927734375
0 0.0219 317.5546188354493 202.07521438598633 366.97379302978516 227.98856735229492
0 0.0214 56.321956634521506 622.6651191711426 108.14583969116212 638.7499809265137
0 0.0206 462.1894760131836 529.0723037719727 501.97791290283203 561.0760879516602
0 0.0203 392.56190490722656 158.23057651519775 431.6405029296875 191.84484004974365
0 0.0203 272.4121112823487 178.59107971191406 311.7746562957764 211.51512145996094
0 0.0200 62.59606552124026 508.1365203857422 101.61097717285159 541.9309997558594
0 0.0199 202.5722236633301 278.19942474365234 241.6318626403809 311.87339782714844
0 0.0199 242.71651458740237 287.7949047088623 281.5072937011719 322.2443103790283
0 0.0198 162.53937911987305 348.2854461669922 201.66066360473636 381.7945861816406
0 0.0196 122.52953720092776 388.3112335205078 161.6693229675293 421.77101135253906
0 0.0193 202.664176940918 327.9451370239258 241.55223083496094 362.10643768310547
0 0.0192 312.60451507568365 128.12069416046143 351.6029281616211 161.94549083709717
0 0.0188 478.90391540527344 89.84180450439453 605.75 189.6270751953125
0 0.0185 272.5630111694336 218.22996139526367 311.63932037353516 251.84541702270508
0 0.0183 367.4086685180664 192.23901748657227 417.0946426391602 217.8312110900879
0 0.0179 352.5065536499023 118.36904525756836 391.68967437744146 151.71812057495117
0 0.0177 82.61571121215822 428.0879592895508 121.59342956542972 461.9755172729492
0 0.0174 -32.999999999999964 193.7525749206543 272.6292533874512 638.7500190734863
0 0.0171 479.69212722778326 0.0 605.7499809265137 69.84923839569092
0 0.0171 576.838695526123 402.2846984863281 605.7500190734863 427.7350616455078
0 0.0170 432.4983520507813 158.39235305786133 471.6966552734375 191.69679641723633
0 0.0169 542.4707145690918 604.7563171386719 605.7500190734863 638.75
0 0.0168 172.63137054443362 168.04704666137695 211.57962036132812 202.01299667358398
0 0.0163 232.39169311523438 188.64068984985352 271.79278564453125 221.46978378295898
0 0.0160 576.7932434082031 432.3268508911133 605.7500000000001 457.6939010620117
0 0.0160 232.62337875366214 238.0693817138672 271.58654403686523 271.99249267578125
0 0.0159 32.300731658935575 588.8395690917969 71.8757362365723 621.2882232666016
0 0.0157 522.468978881836 378.46080780029297 561.7231292724609 411.6341781616211
0 0.0156 541.3924140930176 484.83680725097656 605.7499809265137 534.7470092773438
0 0.0155 456.5737838745118 562.9741287231445 507.81958770751953 587.111701965332
0 0.0153 -32.999999999999964 0.0 287.47889709472656 169.69043731689453
0 0.0153 197.67533493041992 231.78607940673828 225.9398002624512 278.21605682373047
0 0.0143 162.39840698242188 278.61804962158203 201.78744506835938 311.490478515625
0 0.0134 272.3013515472412 138.835186958313 311.87549781799316 171.2922239303589
0 0.0130 122.43815135955813 348.53328704833984 161.75090503692627 381.56795501708984
0 0.0129 541.3924140930176 544.8368072509766 605.7499809265137 594.7470092773438
0 0.0129 -3.8040332794189164 622.7684211730957 48.25638961791995 638.7499809265137
0 0.0128 397.357666015625 132.2960662841797 447.1367950439453 157.77645111083984
0 0.0126 167.67729949951175 201.80185317993164 195.9374542236328 248.20367813110352
0 0.0123 217.1525115966797 162.4918556213379 267.31261444091797 187.58588790893555
0 0.0123 502.60436248779297 338.10741424560547 541.604377746582 371.9576644897461
0 0.0123 87.68275451660158 201.84125900268555 115.93089294433597 248.17216873168945
0 0.0120 337.64708709716797 71.5772533416748 365.9737319946289 118.38255882263184
0 0.0118 502.2619171142578 478.92101287841797 541.9114227294922 511.21395111083984
0 0.0118 137.69919586181643 181.97830200195312 165.91124725341797 228.06556701660156
0 0.0115 147.106201171875 322.5307846069336 197.35327911376953 347.54749298095703
0 0.0114 82.43166160583498 368.5483932495117 121.75674629211427 401.5541458129883
0 0.0111 -32.29796695709226 562.0188903808594 -4.092050075530975 608.0362701416016
0 0.0110 502.1320266723633 519.1849517822266 542.0312423706055 550.9735107421875
0 0.0108 307.6855392456055 81.87347412109375 335.9276504516602 128.14828872680664
0 0.0107 492.00988006591797 618.9399719238281 532.1939010620117 638.75
0 0.0106 32.287773609161405 468.8642120361328 71.887912273407 501.2657928466797
0 0.0105 92.6204414367676 248.07819366455078 131.5890045166016 281.9844436645508
0 0.0104 57.699405670166044 201.98312759399414 85.91099929809573 248.06222915649414
0 0.0102 12.126104354858427 549.1951751708984 52.03690719604495 580.9642028808594
