0 0.0853 416.1937713623047 94.92496490478516 473.9013671875 115.14293670654297
0 0.0789 416.15856170654297 74.94056701660155 473.9341354370117 95.12683868408203
0 0.0736 355.5105209350586 95.22663116455077 414.5357131958008 114.83303070068358
0 0.0650 355.49747467041016 75.2318000793457 414.5479202270508 94.82763290405273
0 0.0579 416.1366271972656 54.949932098388665 473.9546203613281 75.11713027954102
0 0.0572 416.29173278808594 114.88027572631836 473.8105773925781 135.1888084411621
0 0.0503 355.5897521972656 115.19332885742188 414.4618225097656 134.86740112304688
0 0.0457 355.4533386230469 55.25079727172851 414.58892822265625 74.80810165405272
0 0.0388 476.9571304321289 74.55875396728514 533.1962203979492 95.51712036132812
0 0.0368 406.05113983154297 34.98729228973388 464.0341567993164 55.0785493850708
0 0.0336 0.0 223.15635681152344 51.03015422821045 246.93161010742185
0 0.0309 296.35292053222656 74.85445022583006 353.75328063964844 95.21574020385741
0 0.0307 296.44248962402344 94.81266021728514 353.67034912109375 115.25852203369139
0 0.0289 476.7863464355469 104.64395523071289 533.3535766601562 125.43031692504881
0 0.0276 345.40287017822266 35.2720832824707 404.6358871459961 54.78616714477538
0 0.0276 0.0 193.4616756439209 51.42728328704834 216.6270542144775
0 0.0271 477.1687316894531 44.45155620574951 533.0014038085938 65.6263017654419
0 0.0264 345.76637268066406 135.11825561523438 404.2973327636719 154.94491577148435
0 0.0254 0.0 189.88586425781247 638.75 528.75
0 0.0248 296.2301254272461 54.91178512573242 353.8668441772461 75.15707015991211
0 0.0243 406.18186950683594 134.92891311645505 463.91273498535156 155.13860702514648
0 0.0229 0.0 -109.99999999999999 510.9122848510742 171.5149688720703
0 0.0223 406.36844635009766 14.839401245117186 463.74080657958984 35.22970199584961
0 0.0198 345.9097671508789 155.0566864013672 404.16385650634766 175.00846862792966
0 0.0195 5.268181562423706 248.91433715820312 44.904996156692505 281.2200164794922
0 0.0189 0.0 163.44396591186523 51.40399932861328 186.6446495056152
0 0.0186 366.24752044677734 214.9018859863281 423.85120391845703 235.1668548583984
0 0.0184 608.3503723144531 173.37661743164062 638.75 196.6495895385742
0 0.0184 58.17830801010132 213.90251159667972 112.07596063613892 236.1834716796875
0 0.0180 286.8574619293213 124.61296081542967 343.2869625091553 145.46264648437497
0 0.0178 345.71998596191406 15.133676528930662 404.34165954589844 34.92812156677246
0 0.0177 608.1892395019531 203.4726619720459 638.75 226.5523624420166
0 0.0168 467.4188232421875 14.321966171264648 522.7713775634766 35.758180618286126
0 0.0166 608.5054016113281 143.28245162963867 638.75 166.7448616027832
0 0.0165 365.9676742553711 175.03059387207028 424.11014556884766 195.03520965576172
0 0.0157 286.30847930908203 34.87529754638672 343.7943649291992 55.19441604614258
0 0.0153 376.099853515625 194.9694538116455 433.988037109375 215.09760856628418
0 0.0152 17.920074462890625 134.05199050903317 72.31137275695801 156.03254318237305
0 0.0152 466.7587661743164 134.65778350830078 523.3789443969727 155.416259765625
0 0.0142 237.96464920043945 74.02923583984374 292.2701072692871 96.05594635009766
0 0.0142 608.0360221862793 233.56132507324222 638.7500190734863 256.4623260498047
0 0.0142 406.00223541259766 155.0103950500488 464.0792465209961 175.0550651550293
0 0.0138 386.89876556396484 234.59442138671872 443.2484817504883 255.48187255859372
0 0.0138 386.67640686035156 -5.308170318603515 443.4564208984375 15.380420684814453
0 0.0137 286.94950103759766 154.5677375793457 343.2020568847656 175.50886154174805
0 0.0137 608.9130401611328 512.6982307434082 638.75 528.7499809265137
0 0.0135 426.29234313964844 214.88018035888672 483.8099670410156 235.18894195556638
0 0.0135 512.6921272277832 -109.99999999999999 638.7499809265137 -40.15076160430908
0 0.0131 307.3233413696289 214.37736511230466 362.8578567504883 235.70274353027344
0 0.0127 158.56948852539062 -6.334924697875976 211.72069549560547 16.422414779663086
0 0.0126 609.3769073486328 472.68505096435547 638.75 497.3427200317383
0 0.0125 608.4804534912109 113.29833984374999 638.75 136.72889709472656
0 0.0123 607.8724670410156 313.6549758911133 638.75 336.36730194091797
0 0.0120 307.26898193359375 184.40589904785156 362.9077911376953 205.67378997802734
0 0.0120 8.507709503173828 103.70452880859374 61.776466369628906 126.38294219970702
0 0.0118 49.02260065078735 243.3676528930664 101.31232976913452 266.72000885009766
0 0.0117 57.80433654785156 184.11479949951172 112.41765975952148 205.9686279296875
0 0.0116 286.39872550964355 14.83074188232422 343.7114429473877 35.23958206176758
0 0.0113 326.6535186767578 -5.29555320739746 383.4771728515625 15.367803573608398
0 0.0112 108.38459014892578 -26.219635009765625 161.88810348510742 -3.6932945251464844
0 0.0111 238.10911178588867 103.9463996887207 292.13823318481445 126.13969802856445
0 0.0109 178.922119140625 23.43979835510254 231.40174865722656 46.648530960083
0 0.0109 108.67469787597656 13.601303100585938 161.62490844726562 36.48681640625
0 0.0107 607.8426933288574 273.6702346801758 638.7500190734863 296.3515090942383
0 0.0106 608.3019828796387 343.4085464477539 638.7500190734863 366.6176986694336
0 0.0106 426.0297393798828 174.9983787536621 484.05364990234375 195.06746292114258
0 0.0105 537.9254150390625 74.04287338256836 592.3078918457031 96.04078292846678
0 0.0104 608.8140678405762 403.0842971801757 638.7500190734863 426.9443130493164
0 0.0104 436.1632537841797 194.93755340576172 493.9299774169922 215.12977600097653
0 0.0102 228.11765670776367 43.941731452941895 282.13037490844727 66.14444255828857
0 0.0100 119.18664455413818 53.258419036865234 171.16434574127197 76.82947158813475
