0 0.2074 159.50283938646314 55.74563704431057 197.43569725751874 77.08520628511906
0 0.1889 151.59687185287478 32.493673264980316 189.68668365478518 53.47539484500885
0 0.1882 159.5480644106865 79.04529571533203 197.4135988354683 100.64847767353058
0 0.1656 151.18905687332153 9.568683803081512 190.015522480011 29.54905480146408
0 0.1403 120.33240282535553 55.94421736896038 158.4493943452835 76.89999230206013
0 0.1211 159.54428696632385 102.48927772045135 197.41636300086978 124.0798830986023
0 0.1138 112.19781422615053 32.92305767536163 150.89466953277588 53.06609719991684
0 0.1116 120.39789342880249 79.26715910434723 158.40214276313782 100.44461488723755
0 0.1102 111.79634714126587 9.875044226646423 151.23748564720154 29.250185936689377
0 0.1036 190.27611398696897 32.983191311359406 229.05680322647092 53.009033203125
0 0.0967 198.21259164810184 71.90792262554169 236.76630640029907 92.20406413078308
0 0.0797 202.2429385185242 91.94323420524597 232.49879264831543 119.01801824569702
0 0.0723 190.0006809234619 9.809773415327072 229.29265880584714 29.31460365653038
0 0.0583 375.89314365386963 10.9269879758358 415.52343749999994 28.201289474964142
0 0.0571 120.33983850479125 102.80230641365051 158.4447898864746 123.79056215286255
0 0.0531 178.79417324066162 123.21338057518005 209.07214069366452 150.24954080581665
0 0.0501 147.4974655508995 123.34634736180305 177.86247068643573 150.12751147150993
0 0.0454 84.85981607437134 53.42470109462738 115.48048043251038 79.4568657875061
0 0.0365 72.63180398941041 9.966792538762093 112.26308131217957 29.160702601075172
0 0.0334 96.73520708084108 79.69098538160324 118.7727131843567 115.66144973039627
0 0.0328 72.91433000564577 33.155400305986404 112.01771879196167 52.841875702142715
0 0.0324 376.7869898080825 41.61577671766281 415.5234225988388 60.01502275466919
0 0.0313 342.4467422962188 77.36356556415558 373.4979608058929 102.43658721446991
0 0.0300 209.97920417785642 123.42194095253944 240.37590408325195 150.05811676383018
0 0.0284 377.1321454048157 64.79983031749725 415.52343749999994 83.7041437625885
0 0.0277 328.8173058032989 3.231637179851532 371.5410211086273 20.270895212888718
0 0.0254 -83.49999999999999 234.28583145141602 415.5234375 499.0234375
0 0.0250 233.14320826530454 92.84263849258423 264.0569784641266 118.19462478160858
0 0.0232 236.48673081398007 17.940405756235123 276.5094616413116 36.81371361017227
0 0.0229 -83.49999999999997 0.0 315.6502225399017 219.93356943130493
0 0.0225 116.06979155540466 123.81551042199135 146.76806116104126 149.69780668616295
0 0.0219 338.0502738952637 57.00405687093735 378.0706205368041 75.87531954050064
0 0.0217 -83.49999999999999 334.8565697669983 -56.32388806343077 360.54062843322754
0 0.0216 228.69726800918576 49.17643405497074 268.675772190094 68.07800196111202
0 0.0203 -83.49999999999999 366.0901188850403 -56.33040359616278 391.80564880371094
0 0.0201 236.41732120513913 72.68477976322174 276.5701689720154 91.44541621208191
0 0.0186 103.63855743408205 478.8980782032013 143.7300124168396 497.7303445339203
0 0.0181 -83.49999999999999 303.6121726036072 -56.3216491639614 329.28550243377686
0 0.0179 -83.49999999999999 397.36390113830566 -56.32035276293753 423.0338931083679
0 0.0179 377.25475215911865 88.14134448766708 415.52343749999994 107.23652690649033
0 0.0170 53.67544078826905 53.26003581285477 84.17224669456482 79.60758358240128
0 0.0169 329.8046865463256 33.88027846813202 370.64435863494873 52.12613195180893
0 0.0169 37.86715650558473 6.824254989624023 68.71139788627626 32.3309525847435
0 0.0169 158.61528897285461 150.53649246692657 198.16374564170837 169.838085770607
0 0.0166 298.9434280395507 88.28788995742798 339.0473999977112 107.09182918071747
0 0.0164 48.90425288677216 478.93446683883667 89.08386313915254 497.6944327354431
0 0.0156 -53.12721832096575 2.704249694943428 -12.059375926852214 20.801343023777008
0 0.0156 274.912355184555 49.63943362236023 316.14172244071955 67.61670112609863
0 0.0156 282.6636114120483 2.8075464069843292 324.0087904930114 20.699016749858856
0 0.0155 57.34424078464507 79.9734890460968 96.34656989574432 99.77179765701294
0 0.0154 241.04246282577515 123.89882281422615 271.79071092605585 149.62158724665642
0 0.0151 6.592003345489512 6.879568099975586 37.48428606987 32.280467450618744
0 0.0144 -83.49999999999999 470.8883762359619 -44.00321310758589 490.1137948036194
0 0.0137 -44.859590291976915 478.94591093063354 -4.654059469699852 497.68322706222534
0 0.0135 110.90460205078126 307.41918087005615 152.02921414375305 325.4624009132385
0 0.0135 282.6573231220245 26.24743804335594 324.0147807598114 44.133882969617844
0 0.0134 264.20205616950983 93.22880953550339 295.4835274219513 117.84286051988602
0 0.0133 -83.49999999999999 423.9588677883148 -51.86496889591215 443.29169392585754
0 0.0133 -53.79492445290088 354.6789586544037 -11.454001352190964 371.94958329200745
0 0.0131 -83.49999999999999 272.38115668296814 -56.31417250633239 298.01812767982483
0 0.0130 338.29778218269337 103.67748886346817 377.8532125949859 122.94874340295792
0 0.0129 118.23756778240204 284.27940607070923 160.2763959169388 301.72568559646606
0 0.0127 87.64064097404481 455.73779940605164 128.43614602088928 474.0183651447296
0 0.0125 1.9293107986450304 479.0116250514984 42.2971227169037 497.61828780174255
0 0.0124 -83.49999999999999 447.61812686920166 -43.819936275482156 466.51142835617065
0 0.0123 103.2876946926117 338.5359048843384 144.04117846488953 356.84531927108765
0 0.0123 95.23716354370116 369.94287371635437 136.44337439537048 387.93811202049255
0 0.0120 197.82835030555722 150.4078209400177 237.0946981906891 169.9644923210144
0 0.0118 -53.70106017589568 331.18635416030884 -11.539431571960439 348.5676050186157
0 0.0115 -83.49999999999999 9.66821238398552 -52.079713255167 29.45180982351303
0 0.0111 34.04448339343072 32.9618826508522 72.79177168011667 53.02942544221878
0 0.0111 -53.73784928023814 378.0841529369354 -11.506203845143311 395.41980624198914
0 0.0110 -82.94577366113661 71.93341851234436 -60.92258384823798 107.80636966228485
0 0.0110 392.2677316665649 486.4417314529419 415.5234375 499.0234375
0 0.0109 1.2772210836410618 338.8268053531647 42.88311088085176 356.5538227558136
0 0.0109 56.15204358100891 354.33197021484375 97.40140819549559 372.2988963127136
0 0.0109 150.51337116956708 478.8990020751953 190.6050198674202 497.7295398712158
0 0.0108 -82.94784492254256 32.85379707813263 -60.92010466754436 68.75717639923096
0 0.0107 84.60937225818634 116.46690592169762 115.70943677425385 141.46191254258156
0 0.0106 117.88604938983916 261.04164123535156 160.59757554531097 278.0860662460327
0 0.0106 22.30803453922272 76.98116451501846 53.027344584465034 102.78559476137161
0 0.0103 71.68635511398317 284.0804159641266 113.10773873329164 301.92574858665466
0 0.0102 197.25861930847168 478.99678349494934 237.59516859054565 497.6327121257782
0 0.0102 118.91916179656981 158.83509814739227 159.66227436065674 177.16990411281586
0 0.0101 95.1688417196274 393.4265077114105 136.504603266716 411.3296568393707
0 0.0100 -37.571991145610795 455.88111877441406 3.6272161602974027 473.8752841949463
