0 0.1070 205.93596458435056 226.73770904541016 244.35616493225098 263.21800231933594
0 0.0984 205.9308624267578 266.8086814880371 244.35550689697266 303.1524085998535
0 0.0830 165.9177780151367 226.93513870239258 204.3589401245117 263.03564071655273
0 0.0830 245.87032318115232 227.21853256225586 284.3868637084961 262.7743339538574
0 0.0821 205.9133243560791 186.98822021484375 244.3591213226318 222.98664093017578
0 0.0767 165.91115951538086 266.9799041748047 204.36235427856442 302.99434661865234
0 0.0754 245.90496063232425 267.03516006469727 284.3643569946289 302.94336318969727
0 0.0678 165.90261459350583 187.05533981323242 204.365177154541 222.92474746704102
0 0.0652 245.74356079101562 187.703857421875 284.48524475097656 222.32791900634766
0 0.0631 205.828857421875 307.3941707611084 244.417610168457 342.6126194000244
0 0.0534 165.8428955078125 307.335205078125 204.4071578979492 342.66693115234375
0 0.0437 245.68729400634763 307.86635398864746 284.533576965332 342.1787357330322
0 0.0426 125.83950042724608 227.3548126220703 164.4091796875 262.6488494873047
0 0.0394 285.68885803222656 227.88299560546875 324.53025817871094 262.1634292602539
0 0.0382 230.84911346435547 161.69818878173828 279.73743438720703 188.3477783203125
0 0.0363 185.85960388183594 147.27857112884521 224.39346313476562 182.71902561187744
0 0.0344 285.73677062988276 267.73279190063477 324.4902038574219 302.3013114929199
0 0.0341 125.72340011596678 267.7642059326172 164.50239181518555 302.2724914550781
0 0.0321 285.27599334716797 188.89692306518555 324.89795684814453 221.23590469360352
0 0.0311 125.81615447998045 187.4488639831543 164.42691802978516 222.56231307983398
0 0.0305 200.66158294677732 341.9526672363281 249.88540649414062 368.10630798339844
0 0.0290 125.61813354492188 308.0659866333008 164.5927810668945 341.9956588745117
0 0.0268 150.6303024291992 141.46900177001953 178.994026184082 188.47152709960938
0 0.0266 150.6290054321289 341.9828796386719 199.91371154785156 368.0766296386719
0 0.0254 -79.99999999999999 299.8858642578125 558.75 638.75
0 0.0251 348.5860824584961 193.65869522094727 401.70482635498047 216.42942428588867
0 0.0250 9.553279876708986 612.977409362793 60.84030151367187 637.1068954467773
0 0.0231 225.60675621032715 128.1132459640503 264.6011447906494 161.9523286819458
0 0.0229 -79.99999999999999 0.0 430.91228485107416 281.5149688720703
0 0.0227 279.3034362792969 163.17874908447266 331.05918884277344 186.90921783447266
0 0.0219 325.44017791748047 248.5270881652832 364.7491836547851 281.57358169555664
0 0.0215 365.4167938232422 268.5799980163574 404.77043151855463 301.5252494812012
0 0.0210 85.57395935058595 228.17983627319336 124.63180541992186 261.89138412475586
0 0.0193 250.30868530273435 342.3360824584961 300.1802062988281 367.73677825927734
0 0.0191 285.66654205322266 307.94490814208984 324.54959869384766 342.1066665649414
0 0.0190 69.54551696777344 612.9837799072266 120.84709167480469 637.1006011962891
0 0.0189 359.3906021118164 223.11372756958008 410.98186492919916 246.97359085083008
0 0.0188 -40.15467643737792 602.7557754516602 10.580625534057615 627.3268508911133
0 0.0183 129.40851211547852 613.0898666381836 180.9681129455566 636.9958877563477
0 0.0183 365.4491424560547 308.5052013397217 404.7412109375 341.593599319458
0 0.0173 338.31790924072266 163.8201904296875 391.94881439208984 186.26651763916016
0 0.0170 325.46829223632807 288.4645366668701 364.72358703613276 321.6307544708252
0 0.0167 9.287757873535153 583.1880187988281 61.07364654541015 606.8997192382812
0 0.0165 185.5110740661621 108.35751533508301 224.68568801879883 141.72865867614746
0 0.0163 85.41419982910156 268.5791015625 124.77344512939453 301.5260696411133
0 0.0161 85.61880111694336 188.06909561157227 124.59173202514647 221.99281692504883
0 0.0160 269.1628646850586 133.27719688415527 321.18518829345703 156.81105613708496
0 0.0159 -80.0 572.8596878051758 -29.31303024291992 597.2250747680664
0 0.0157 189.3575382232666 613.1282043457031 241.0133266448975 636.9579315185547
0 0.0154 -80.0 602.7902984619141 -39.368648529052734 627.2915649414062
0 0.0151 -80.0 528.7833404541016 -45.1447582244873 561.3395690917969
0 0.0145 120.7029342651367 142.01290130615234 148.9067840576172 188.03913116455078
0 0.0145 229.7641849517822 102.82839775085449 280.6506252288818 127.2560977935791
0 0.0141 99.9562644958496 342.6552963256836 150.48501968383786 367.4247360229492
0 0.0139 405.5648040771484 268.22505950927734 444.63775634765625 301.8498992919922
0 0.0138 155.36289215087888 368.6913299560547 194.82028961181638 401.42356872558594
0 0.0133 329.2524719238281 613.2036590576172 381.10717773437494 636.8828582763672
0 0.0133 45.34733295440674 228.73685836791992 84.83333110809325 261.3819694519043
0 0.0131 405.5487060546875 308.261137008667 444.65248107910156 341.8169116973877
0 0.0130 85.32051086425781 308.79241943359375 124.8581314086914 341.3312530517578
0 0.0127 -79.2641496658325 482.3094177246094 -51.132445335388184 527.8122711181641
0 0.0124 205.45933723449707 368.47782135009766 244.73238945007324 401.61861419677734
0 0.0122 249.36336517333982 613.1246566772461 301.00803375244135 636.961555480957
0 0.0121 359.9608612060547 342.65491485595703 410.48027038574213 367.42557525634766
0 0.0121 45.31816959381103 188.80149841308594 84.85982418060301 221.3229751586914
0 0.0119 -0.6317424774169922 553.1283950805664 51.00211143493652 576.9588088989258
0 0.0118 179.42993164062497 83.08320045471191 230.94715118408203 107.0036792755127
0 0.0114 398.89854431152344 173.45317840576172 451.4234924316406 196.63482666015625
0 0.0114 45.319995880126946 268.7980270385742 84.8581314086914 301.3261413574219
0 0.0113 338.2624816894531 133.8547134399414 391.9989013671875 156.2319564819336
0 0.0113 145.44483184814453 108.51285934448242 184.74533081054688 141.58660888671875
0 0.0110 -80.0 12.521095275878906 -39.64902877807617 37.556328773498535
0 0.0108 -80.0 452.6108932495117 -39.56721305847169 477.46898651123047
0 0.0107 228.30039978027344 3.8309168815612793 281.9646453857422 26.255760192871094
0 0.0106 115.08384704589844 369.26990509033203 155.07694244384766 400.8961868286133
0 0.0105 70.20622253417969 162.43562698364258 120.26763916015626 187.64005661010742
0 0.0105 -80.0 242.58794784545898 -39.58801269531251 267.49128341674805
0 0.0104 409.3671417236328 203.12963485717773 461.0030364990234 226.9576072692871
0 0.0103 -80.0 212.57028579711914 -39.60479736328125 237.50852584838867
0 0.0102 68.93344879150392 573.4334182739258 121.39129638671874 596.6550827026367
0 0.0102 -80.0 272.59830474853516 -39.578261375427246 297.48119354248047
0 0.0101 330.71891784667963 322.1472930908203 358.88771057128906 367.93495178222656
0 0.0101 -80.0 182.55367279052734 -39.62058544158936 207.5247573852539
