0 0.0320 607.9998970031738 33.081085205078146 638.7499809265137 55.942108154296896
0 0.0299 505.3976821899414 54.77263164520266 564.6411514282227 74.28531360626222
0 0.0298 607.848072052002 63.16775512695314 638.7499809265137 85.85414123535159
0 0.0283 608.2649421691895 2.9279251098633097 638.7499809265137 26.097671508789087
0 0.0266 515.3977584838867 74.7739715576172 574.6406936645508 94.28416442871095
0 0.0259 505.8197784423828 34.58941650390628 564.2491149902344 54.473506927490256
0 0.0254 0.0 209.3858642578125 638.75 548.25
0 0.0237 597.9386138916016 -26.46152305603024 638.75 -4.454267501831027
0 0.0229 0.0 -90.49999999999997 510.9122848510742 191.0149688720703
0 0.0216 496.25240325927734 14.397766113281275 553.8471603393555 34.67076492309573
0 0.0213 484.9937438964844 164.94048309326175 545.0171661376953 184.1123504638672
0 0.0204 608.0480766296387 93.05646133422853 638.7500190734863 115.96760940551759
0 0.0200 485.4087829589844 184.7734375 544.6294403076172 204.2855377197266
0 0.0199 506.33140563964844 -5.638854980468722 563.7740325927734 14.708263397216822
0 0.0187 505.98926544189453 94.52180099487306 564.0899276733398 114.54438400268558
0 0.0179 516.3428497314453 -25.64502525329587 573.7635803222656 -5.285566329956025
0 0.0165 456.8613815307617 74.11233139038089 513.2831192016602 94.96350479125978
0 0.0152 486.2916564941406 204.3825836181641 543.8100433349609 224.6868438720703
0 0.0146 447.0322799682617 34.02483177185061 503.12610626220703 55.05233955383303
0 0.0145 597.7013397216797 -56.33413124084469 638.75 -34.58405303955075
0 0.0142 425.4807662963867 184.7409934997559 484.56295013427734 204.31855392456055
0 0.0140 406.50062561035156 114.27935791015628 463.6180114746094 134.79155731201175
0 0.0140 485.8386993408203 144.57722854614258 544.2324829101562 164.48529434204102
0 0.0137 497.2032928466797 233.93561553955078 552.9692077636719 255.14281463623047
0 0.0136 406.1068344116211 134.46229171752933 463.98250579833984 154.6042366027832
0 0.0136 425.97347259521484 204.5280952453613 484.1048049926758 224.53778457641602
0 0.0134 568.1423187255859 161.24718856811526 638.75 187.95521926879883
0 0.0133 407.3980712890625 53.83578014373782 462.7898406982422 75.24463367462161
0 0.0132 516.286506652832 -45.61937141418453 573.8158798217773 -25.311935424804656
0 0.0130 405.75016021728516 154.6224136352539 464.3131637573242 174.44007110595703
0 0.0127 486.86573028564453 114.10889816284181 543.2793807983398 134.96678543090823
0 0.0124 397.09266662597656 83.9905471801758 453.0713653564453 105.08662414550783
0 0.0121 346.76219940185547 134.15856552124026 403.37520599365234 154.9158973693848
0 0.0120 317.5454330444336 183.76095962524417 372.65377044677734 205.32120895385742
0 0.0118 436.62532806396484 224.22667694091797 493.50109100341797 244.84664154052737
0 0.0118 598.1331062316895 -86.57778787612911 638.7499809265137 -64.3374853134155
0 0.0118 447.03582763671875 -5.975807189941378 503.12255859375 15.053188323974636
0 0.0117 307.2036361694336 153.93851470947266 362.96817779541016 175.14041137695315
0 0.0114 407.55027770996094 13.755208969116238 462.6499938964844 35.326539993286154
0 0.0112 608.9967155456543 532.134048461914 638.7500190734863 548.25
0 0.0111 286.9382095336914 124.07174301147462 343.21285247802734 145.0044746398926
0 0.0110 357.25189208984375 203.91652297973636 412.9231262207031 225.16328048706055
0 0.0109 608.3206939697266 122.89551925659181 638.75 146.13061141967776
0 0.0106 558.9517593383789 190.61083984375 631.4416885375977 218.54994964599607
0 0.0104 558.1847763061523 233.39724731445312 612.0703506469727 255.68850708007812
0 0.0104 507.02823638916016 -85.98158884048458 563.1318283081055 -64.9425821304321
0 0.0104 298.5774612426758 213.16344451904297 351.71276092529297 235.924560546875
0 0.0102 346.8737030029297 104.10115432739259 403.27293395996094 124.97403335571292
0 0.0101 497.8822326660156 263.57176971435547 552.3463439941406 285.51230621337885
0 0.0101 377.74383544921875 233.6538619995117 432.4717712402344 255.42998504638672
