0 0.2160 284.1719388961792 51.50367692112923 332.9593539237976 65.7123439013958
0 0.1866 285.0038409233093 66.81422889232635 332.18109607696533 81.66338503360748
0 0.1390 283.99598598480225 35.93944013118744 333.12487602233887 50.02370476722717
0 0.1077 238.1296157836914 59.000443667173386 285.30561923980713 73.8520212471485
0 0.0952 286.09251976013184 81.9745659828186 331.1687111854553 97.76660799980164
0 0.0945 237.82014101743698 43.494775891304016 285.595066845417 58.10323357582092
0 0.0798 331.1612904071808 59.274628758430474 379.72721457481384 73.56800138950348
0 0.0714 238.8935312628746 74.30721819400787 284.59421545267105 89.80511128902435
0 0.0658 401.95876359939575 59.08830463886261 449.58698749542236 73.76037538051605
0 0.0636 81.93370699882507 12.104205787181854 129.0050446987152 26.999033987522125
0 0.0626 276.5446603298187 20.183198153972622 324.97408986091614 34.534923732280724
0 0.0576 402.36321091651917 74.55328106880188 449.2093622684479 89.55088257789612
0 0.0551 332.09457993507385 74.54060018062592 378.8546621799469 89.56499397754669
0 0.0541 82.75124803185463 27.38529443740845 128.2440684735775 42.978435754776
0 0.0532 81.43053948879242 -3.3268388360738754 129.47553396224976 11.172985658049583
0 0.0516 338.6211097240448 43.77385228872299 387.8709375858307 57.813383638858795
0 0.0490 230.25094717741013 27.773700654506683 277.5556519627571 42.57736355066299
0 0.0462 401.74123644828796 43.54552924633026 449.7905671596527 58.05002152919769
0 0.0438 394.8967754840851 90.03618359565735 441.0742223262787 105.3226888179779
0 0.0349 239.69975113868713 89.55736458301544 283.8480770587921 105.81384599208832
0 0.0343 466.8259769678116 89.26263451576233 499.0234225988388 106.11292719841003
0 0.0343 83.42106640338898 42.69658774137496 127.62454152107239 58.924369513988495
0 0.0330 475.30436515808105 135.43294370174408 499.0234375 153.6503881216049
0 0.0325 450.52000880241394 66.17264449596405 494.8948323726654 82.32168853282928
0 0.0317 475.1957654953003 112.06115782260895 499.0234375 130.14645874500272
0 0.0307 310.2831244468689 97.23415970802306 353.91098260879517 113.76470327377318
0 0.0302 230.54588586091995 12.029595673084259 277.28068083524704 27.07528322935104
0 0.0296 395.3118324279785 105.48005998134613 440.6886696815491 121.13387882709503
0 0.0295 35.80996207892895 11.78840547800064 81.43091388046741 27.324326336383816
0 0.0288 75.84096491336823 81.63987100124359 119.5986419916153 98.10782968997955
0 0.0286 81.32106065750122 -18.912281841039658 129.5783668756485 -4.493352025747298
0 0.0277 35.437293350696564 -3.6764293909072876 81.77737146615982 11.534526944160461
0 0.0272 276.8573462963104 4.440270364284514 324.68166947364807 19.032113254070282
0 0.0271 302.0297884941101 136.51472330093384 346.5050458908081 152.60472893714902
0 0.0270 191.89752638339996 50.92106759548187 237.8319650888443 66.31457805633545
0 0.0264 475.3696769475937 158.83025527000427 499.0234524011612 177.12846398353577
0 0.0258 338.733971118927 28.10752391815186 387.76546716690063 42.231082916259766
0 0.0257 239.76784944534302 144.21042799949646 283.78552198410034 160.53634881973267
0 0.0254 0.0 171.78583145141602 499.0234375 436.5234375
0 0.0252 36.14591807126999 27.259945869445804 81.11987262964249 43.10642182826996
0 0.0238 59.620946645736694 58.487653732299805 104.52382266521454 74.37834143638611
0 0.0236 129.66376543045044 19.551537930965424 175.0853955745697 35.18690913915634
0 0.0234 450.29139518737793 42.84211993217468 495.10657787323 58.77448618412018
0 0.0229 192.04431772232056 66.48233532905579 237.69554495811462 82.00514316558838
0 0.0229 0.0 -62.499999999999986 399.15022253990173 157.43356943130493
0 0.0226 231.15447163581848 128.95706295967102 276.71483159065247 144.53029632568357
0 0.0225 403.48783135414124 120.93643844127655 448.16479086875916 136.9314044713974
0 0.0223 286.2880229949951 120.94080448150635 330.9890627861023 136.92668080329895
0 0.0218 295.62559723854065 206.07131719589233 337.40100264549255 223.68431091308594
0 0.0216 184.25501883029938 35.22203117609024 229.8615127801895 50.765715539455414
0 0.0215 271.88840508461 159.37459468841553 314.23601508140564 176.62975192070007
0 0.0215 401.8588066101074 27.874529361724854 449.68098402023315 42.47240722179413
0 0.0212 129.3424367904663 4.064813256263732 175.38440227508545 19.419342279434204
0 0.0210 404.01914715766907 144.11543309688568 447.67406582832336 160.63316166400907
0 0.0201 184.22457575798035 19.609391689300537 229.89004850387573 35.12781858444213
0 0.0198 323.341965675354 12.398213148117067 371.9221353530884 26.693642139434814
0 0.0198 318.6412751674652 159.44132208824158 361.22313141822815 176.5618622303009
0 0.0197 13.159893453121185 144.2340463399887 57.264648377895355 160.51246225833893
0 0.0189 239.48118090629578 113.09170722961426 284.0520441532135 129.15083765983582
0 0.0189 36.12259775400162 42.892664670944214 81.14220201969147 58.72294306755066
0 0.0187 130.20780682563782 34.92581099271774 174.58128929138184 51.06904357671737
0 0.0187 333.4457278251648 120.80596387386322 377.60263681411743 137.06468045711514
0 0.0184 287.6127064228058 182.75167793035504 329.77113127708435 200.12781769037244
0 0.0183 230.8988869190216 -3.7433505058288565 276.9521176815033 11.602714657783508
0 0.0177 357.4342131614685 143.96615326404572 400.5320072174072 160.78533232212067
0 0.0171 35.25128774344921 -19.22541856765747 81.95090480148792 -4.169076681137086
0 0.0168 76.56034082174301 104.69402372837067 118.93817037343979 121.9349354505539
0 0.0167 475.33510625362396 182.28855729103086 499.0234524011612 200.54486393928525
0 0.0166 107.52168297767639 65.7922625541687 150.45219659805298 82.7096700668335
0 0.0165 248.88259172439575 205.9890627861023 290.4064655303955 223.76692295074463
0 0.0164 184.32968854904175 3.9366334676742554 229.7927737236023 19.551634788513184
0 0.0160 295.8691120147705 229.3550074100494 337.1807336807251 247.276097536087
0 0.0158 334.4572186470032 190.58221578598022 376.6738772392273 207.92216062545776
0 0.0158 466.7792171239853 18.97137612104416 499.0234524011612 35.77824681997299
0 0.0157 192.32341647148132 81.98225498199461 237.43665218353271 97.75853157043456
0 0.0150 224.806547164917 167.2985553741455 267.5511837005615 184.32867527008057
0 0.0150 20.74599266052246 89.65454995632172 65.28659909963608 105.7143360376358
0 0.0148 0.0 120.32084167003632 40.81226885318756 137.55841553211212
0 0.0145 129.25533950328827 -11.523835361003876 175.46559870243073 3.7567690014839172
0 0.0142 342.48849749565125 213.892787694931 384.2866122722626 231.48807883262631
0 0.0139 28.177453204989433 74.2071270942688 73.45165498554707 89.90758657455444
0 0.0138 0.0 18.52213591337204 32.63469040393829 36.234341561794274
0 0.0137 475.3422886133194 205.72230219841003 499.0234225988388 223.98629784584043
0 0.0137 381.0148239135742 198.5723078250885 423.8392114639282 215.55474400520322
0 0.0135 396.83055877685547 167.21832752227783 439.2892122268677 184.41039323806763
0 0.0133 249.05986338853836 229.31322455406186 290.24624079465866 247.3180592060089
0 0.0132 475.7547974586487 423.95128309726715 499.0234375 436.5234225988388
0 0.0127 475.44270753860474 229.0973961353302 499.0234375 247.48674035072324
0 0.0127 402.17551589012146 12.125380337238312 449.38531517982483 26.975728571414944
0 0.0125 13.591520488262177 167.4518287181854 56.8673238158226 184.17373299598694
0 0.0123 0.0 -4.894621670246123 32.66578912734985 12.775935232639313
0 0.0122 45.09527236223221 128.24442982673645 87.88653463125229 145.256906747818
0 0.0122 13.046875596046448 58.3527386188507 57.36871808767319 74.51775670051575
0 0.0116 475.2100557088852 -5.136502906680106 499.0234524011612 12.968985363841055
0 0.0115 61.13404221832752 151.45117044448853 103.13252918422222 168.92856359481812
0 0.0113 475.4449278116226 252.53280997276306 499.0234225988388 270.9262669086456
0 0.0111 277.24117040634155 -11.335663497447966 324.3233561515808 3.563098609447479
0 0.0110 184.49395895004272 -11.762388050556181 229.64045405387878 4.002586007118225
0 0.0109 0.0 -59.798792004585266 32.359614968299866 -41.69432073831558
0 0.0107 0.0 -28.36531773209572 32.61816129088402 -10.628294199705122
0 0.0105 192.55152344703674 97.50029444694519 237.22577095031738 113.49287629127502
0 0.0105 81.52158185839653 -34.614026546478264 129.39109280705452 -20.039029419422146
0 0.0103 264.4587755203247 252.89198756217957 306.0762286186218 270.6134617328644
0 0.0102 362.22976446151733 94.95034813880919 395.6521153450012 116.28860235214233
0 0.0100 362.881600856781 164.31523859500885 395.02811431884766 187.45367228984833
