0 0.2785 397.9323959350586 170.4956398010254 492.5575637817383 206.63058853149414
0 0.1836 409.40135955810547 208.50045776367188 501.07173919677734 248.4448394775391
0 0.1808 348.8962173461914 156.95983505249023 401.42444610595703 180.12889480590823
0 0.1598 408.2265090942383 147.37590408325195 462.0316696166992 169.71057510375977
0 0.1023 331.3052749633789 182.39888763427734 399.1581344604492 214.62354278564456
0 0.0920 358.0813217163086 127.46114349365234 412.1638870239258 149.62457275390628
0 0.0698 468.43345642089844 147.24465942382812 521.8450164794922 169.84174346923825
0 0.0499 359.96543884277344 216.14961242675778 410.4766082763672 240.93057250976562
0 0.0492 299.29585456848145 136.684814453125 351.0658550262451 160.40326690673825
0 0.0459 418.03611755371094 117.48317337036133 472.20603942871094 139.6017036437988
0 0.0327 373.0625534057617 378.41416931152344 488.19149017333984 428.0640563964844
0 0.0317 507.1567916870117 -102.04370403289794 563.0127334594727 -80.87876462936399
0 0.0309 494.58274841308594 173.66571044921878 535.5471038818359 203.58342742919922
0 0.0259 367.82962799072266 97.59803390502931 422.39513397216797 119.48516464233398
0 0.0257 373.0625534057617 438.4141693115233 488.19149017333984 488.0640563964843
0 0.0238 354.65137481689453 498.3036193847656 466.56055450439453 532.25
0 0.0236 249.72190856933594 146.35850524902344 300.6886291503906 170.7259521484375
0 0.0234 308.3179569244385 107.32295608520509 361.9481563568115 129.76417160034183
0 0.0231 309.6760845184326 216.38185119628903 360.7317066192627 240.70130920410156
0 0.0229 0.0 -106.49999999999999 510.9122848510742 175.01496887207034
0 0.0225 447.72010803222656 -102.34019422531127 502.4951171875 -80.57721519470212
0 0.0217 400.2008819580078 345.9464797973633 450.2710723876953 371.13011932373047
0 0.0202 597.8681755065918 -92.4272527694702 638.7500190734863 -70.48981571197507
0 0.0202 198.99044036865234 156.8871078491211 251.34174346923828 180.20021057128906
0 0.0201 268.70471954345703 490.4805908203125 351.9566345214844 532.25
0 0.0201 198.2701873779297 17.35003089904787 251.9919204711914 39.73665809631349
0 0.0200 341.17626190185547 242.52870178222656 409.2842483520508 274.5011291503907
0 0.0192 428.8454055786133 86.97906112670898 481.47335052490234 110.10760879516602
0 0.0188 478.7760543823242 117.02920532226561 531.5348434448242 140.05807495117188
0 0.0180 88.24244499206543 227.36535644531244 142.01739311218262 249.72100830078125
0 0.0176 574.3924140930176 158.3368263244629 638.7499809265137 208.24702835083008
0 0.0166 412.1784973144531 251.36808013916016 478.3351135253906 285.5907974243164
0 0.0164 249.2207908630371 116.73522567749022 301.13359451293945 140.35270309448242
0 0.0163 469.36981201171875 16.62923431396486 521.0002899169922 40.458217620849624
0 0.0163 285.44483184814453 172.0175895690918 324.744873046875 205.08227920532227
0 0.0160 148.9842414855957 216.89553833007812 201.34641647338867 240.1924285888672
0 0.0159 247.82196044921875 -2.392477035522446 302.4009704589844 19.476419448852553
0 0.0158 199.06864166259766 186.83776473999023 251.2706756591797 210.25001144409183
0 0.0152 608.9746284484863 516.1513671874999 638.7499809265137 532.25
0 0.0151 497.1495056152344 -72.03321838378903 553.0178833007812 -50.888284683227525
0 0.0149 0.0 392.071548461914 255.418701171875 532.25
0 0.0149 198.73218536376953 47.06323242187501 251.5732192993164 70.02481079101562
0 0.0148 609.5334053039551 486.0581741333008 638.7499809265137 510.96776580810547
0 0.0147 28.430063724517822 227.25186920166018 81.8469786643982 249.83525848388672
0 0.0145 574.3924140930176 98.3368263244629 638.7499809265137 148.24702835083008
0 0.0145 209.21836853027344 216.73741912841797 261.1356735229492 240.35054779052734
0 0.0144 87.94142723083496 197.53766632080078 142.2923755645752 219.5466766357422
0 0.0140 188.7744903564453 127.02905273437501 241.53648376464844 150.0580749511719
0 0.0140 0.0 126.75510025024415 51.154141426086426 150.33332443237305
0 0.0139 187.51893997192383 -12.226165771484359 242.6783561706543 9.307933807373061
0 0.0137 449.73133087158203 46.349483489990256 500.68065643310547 70.73466873168947
0 0.0133 138.31220626831055 157.32129669189453 191.9544792175293 179.76506805419922
0 0.0132 350.2421188354492 345.9036407470703 400.2364730834961 371.1714324951172
0 0.0132 258.4756088256836 27.224327087402358 311.8055725097656 49.86301040649415
0 0.0123 409.35611724853516 16.639305114746108 461.01253509521484 40.448223114013686
0 0.0123 518.7951278686523 -2.9789104461669766 571.5166854858398 20.066839218139663
0 0.0122 597.9597663879395 -62.474550247192354 638.7499809265137 -40.44124984741209
0 0.0121 28.57858657836914 197.16150856018066 81.71198844909668 219.92630577087402
0 0.0120 378.9499282836914 66.90515136718751 431.38011932373047 90.180908203125
0 0.0120 0.0 96.87106704711914 51.3051700592041 120.21762466430664
0 0.0117 574.3924140930176 38.336826324462905 638.7499809265137 88.24702835083008
0 0.0117 18.618898391723633 157.13636016845706 71.67545318603516 179.95160675048828
0 0.0115 138.45717906951904 17.236753463745128 191.8220567703247 39.85067939758302
0 0.0114 387.95501708984375 -102.47274303436276 442.28057861328125 -80.44322872161862
0 0.0114 0.0 -103.22058820724484 41.185102462768555 -79.6908869743347
0 0.0112 208.81628036499023 77.0079574584961 261.4974784851074 100.08008575439455
0 0.0112 437.63797760009766 -72.29165935516356 492.56946563720703 -50.62582874298094
0 0.0112 489.05670166015625 86.84497451782228 541.2815856933594 110.2426872253418
0 0.0112 308.25087547302246 -2.6377334594726425 362.00928688049316 19.724441528320327
0 0.0111 524.8667526245117 143.17994689941406 565.2791213989258 174.02356719970706
0 0.0111 498.9638137817383 206.90663909912112 551.3653182983398 230.18094635009768
0 0.0110 474.65137481689453 498.3036193847656 586.5605545043945 532.25
0 0.0110 259.62881088256836 206.41839599609372 310.7736015319824 230.66514587402344
0 0.0109 17.821755409240723 7.609163284301771 72.400803565979 29.47500801086427
0 0.0109 289.03675079345703 246.8621978759766 341.29871368408203 270.2259979248047
0 0.0107 177.01766967773438 -101.97459602355954 233.14117431640625 -80.94941759109496
0 0.0105 519.4684982299805 26.55193901062013 570.9134292602539 50.53434944152833
0 0.0105 574.3924140930176 218.3368072509766 638.7499809265137 268.24700927734375
0 0.0104 458.2594299316406 -12.64493370056151 512.0020294189453 9.7313747406006
0 0.0104 154.63191986083984 183.58895874023435 195.50006866455078 213.6528549194336
0 0.0104 18.733386993408203 257.064453125 71.57171249389648 280.0238952636719
0 0.0104 78.19661140441895 167.38948440551758 132.05979347229004 189.69623184204104
0 0.0103 58.5556435585022 127.17326736450194 111.73333883285522 149.91412734985352
0 0.0103 258.770694732666 57.037673950195334 311.53860092163086 80.05033111572266
0 0.0102 138.59161853790283 57.14721298217774 191.70154094696045 79.93976211547853
0 0.0100 47.4390435218811 -102.19118261337277 102.75340795516968 -80.72886133193967
0 0.0100 78.70075225830078 257.0816192626953 131.60200119018555 280.006118774414
0 0.0100 139.19986724853516 246.74569702148438 191.1532211303711 270.34165954589844
0 0.0100 158.4372901916504 97.24402999877931 211.84118270874023 119.84263992309572
