0 0.0254 0.0 183.88586425781253 638.75 522.75
0 0.0229 0.0 -115.99999999999994 510.9122848510742 165.5149688720703
0 0.0179 356.8600082397461 68.60891723632814 413.2853317260742 89.46627044677736
0 0.0161 356.86485290527344 38.60716247558595 413.2807159423828 59.46817779541016
0 0.0145 27.344646453857422 218.36363220214844 82.83892631530762 239.71632385253903
0 0.0126 326.7784881591797 18.64926719665529 383.3604431152344 39.425138473510756
0 0.0125 317.1836566925049 88.4484329223633 372.9866313934326 109.63026428222658
0 0.0121 297.3543453216553 48.36100006103518 352.82944679260254 69.71937561035158
0 0.0120 8.177423477172852 247.90697479248047 62.07588195800781 270.17954254150385
0 0.0119 7.808384895324707 188.11659240722656 62.413034439086914 209.96748352050778
0 0.0118 608.9762878417969 506.6502990722656 638.75 522.7499999999999
0 0.0117 397.1254348754883 18.474697113037127 453.0410385131836 39.60291290283205
0 0.0113 512.6921272277832 -115.99999999999994 638.7499809265137 -46.15076160430906
0 0.0113 397.17288970947266 88.45192337036134 452.9970169067383 109.6263542175293
0 0.0101 67.66765594482422 198.18824195861814 122.5432014465332 219.89392662048337
0 0.0100 417.4560546875 48.30219650268557 472.7372741699219 69.7782554626465
