0 0.0349 365.77648162841797 547.591552734375 404.45850372314453 582.4311065673828
0 0.0319 270.5876159667969 461.19579315185547 299.04556274414057 508.69678497314453
0 0.0299 355.6277084350586 598.0422592163086 394.58423614501953 632.0174026489258
0 0.0293 325.68225860595703 557.8908920288086 364.5369338989257 592.1561813354492
0 0.0289 300.5914306640625 461.21829986572266 329.0409088134765 508.67786407470703
0 0.0284 355.8688735961914 507.22362518310547 394.3880081176757 542.769660949707
0 0.0282 270.63011169433594 521.4624786376953 298.99421691894526 568.4759521484375
0 0.0277 260.52555084228516 320.88294982910156 289.1209030151367 368.9703369140625
0 0.0262 240.6071853637695 461.31629943847656 269.02187347412104 508.59649658203125
0 0.0254 -79.99999999999999 299.8858642578125 558.75 638.75
0 0.0249 260.56850433349604 371.09127044677734 289.06871795654297 418.7862777709961
0 0.0249 300.6248092651367 511.42356872558594 329.00058746337885 558.507080078125
0 0.0247 230.53314208984375 320.9171676635742 259.11163330078125 368.9394760131836
0 0.0242 330.5879592895508 461.1983871459961 359.0451431274414 508.6947250366211
0 0.0238 290.5808639526367 351.15936279296875 319.0536880493164 398.72802734375
0 0.0233 315.50151824951166 598.3746337890625 354.6947860717773 631.7130279541016
0 0.0232 250.54695129394528 270.9831237792969 279.09484863281244 318.8809585571289
0 0.0232 290.5876159667969 411.1966323852539 319.0455627441406 458.69625091552734
0 0.0230 230.55716514587402 371.0321807861328 259.0824222564697 418.83750915527344
0 0.0230 255.30517578124997 608.7994575500488 294.8747253417969 638.7499809265137
0 0.0229 -79.99999999999999 0.0 430.91228485107416 281.5149688720703
0 0.0226 275.5576705932617 568.2350158691406 314.6448898315429 601.8408203125
0 0.0224 240.6705474853516 521.7596435546875 268.94561767578125 568.2384490966797
0 0.0221 79.67693328857422 612.8763961791992 130.73192596435547 637.2060775756836
0 0.0219 280.58094024658203 181.16090774536133 309.0536117553711 228.72697830200195
0 0.0218 400.7200241088867 602.2036743164062 428.88668060302734 638.75
0 0.0209 129.7370147705078 612.8257369995117 180.6795501708984 637.255744934082
0 0.0207 320.57769775390625 411.141357421875 349.0575408935547 458.7433624267578
0 0.0206 280.5681610107422 271.09127044677734 309.06913757324213 318.78665924072266
0 0.0205 110.63068389892577 301.46251678466797 138.99349212646482 348.47530364990234
0 0.0205 19.71136093139648 612.8490447998047 70.70158004760741 637.2331237792969
0 0.0204 250.63926696777347 181.52847290039062 278.9832305908203 228.4229278564453
0 0.0203 320.59852600097656 351.259765625 349.03228759765625 398.64288330078125
0 0.0203 235.39599418640137 568.6172866821289 274.79023933410645 601.4912033081055
0 0.0202 405.7583236694336 547.6477432250977 444.47383880615234 582.3794937133789
0 0.0201 350.57064056396484 401.1033630371094 379.0661239624023 448.77601623535156
0 0.0201 220.55602073669434 271.02758407592773 249.0838718414307 318.84180068969727
0 0.0199 189.7697067260742 612.8005981445312 240.650520324707 637.2806549072266
0 0.0196 -24.74357843399048 608.9114379882812 14.918577671051025 638.75
0 0.0194 400.5708312988281 501.10328674316406 429.06585693359375 548.7758636474609
0 0.0190 200.55681228637695 321.0342025756836 229.08288955688477 368.83655548095703
0 0.0186 220.68542480468747 181.8661117553711 248.92772674560544 228.1531524658203
0 0.0186 365.86441040039057 467.2562026977539 404.3901062011719 502.7396011352539
0 0.0185 200.56798934936523 371.0915756225586 229.06934738159177 418.78665924072266
0 0.0181 -79.93682861328125 602.5698089599609 -29.60954666137695 627.5093841552734
0 0.0178 80.66045761108397 301.67710304260254 108.95769119262694 348.3030605316162
0 0.0175 140.63097000122067 301.46355628967285 168.9931297302246 348.47426414489746
0 0.0164 210.6728744506836 461.7783737182617 238.94283294677734 508.22376251220703
0 0.0164 310.6142807006836 301.3565158843994 339.0132522583008 348.5623836517334
0 0.0163 110.6618881225586 351.6838836669922 138.9559555053711 398.2970428466797
0 0.0163 245.7794952392578 227.59283065795898 284.4550323486328 262.42990493774414
0 0.0154 430.7378005981445 602.3600006103516 458.86539459228516 638.75
0 0.0153 170.61704635620117 301.3765239715576 199.00995254516602 348.54634284973145
0 0.0152 215.86162567138672 427.25196838378906 254.39361572265628 462.7435302734375
0 0.0151 380.59398651123047 411.2371063232422 409.0378189086914 458.6627197265625
0 0.0150 430.5916976928711 501.219482421875 459.04056549072266 548.6767578125
0 0.0149 310.62217712402344 181.4103126525879 339.0037536621094 228.51865768432617
0 0.0149 190.70528030395508 182.0285415649414 218.9039421081543 228.0264663696289
0 0.0146 140.64580917358398 351.56639099121094 168.97527694702146 398.3910369873047
0 0.0145 190.6101036071777 241.3362693786621 219.01838302612305 288.580265045166
0 0.0144 350.6144332885742 351.3562774658203 379.0130996704101 398.56239318847656
0 0.0140 445.86650848388666 467.2472381591797 484.3885421752929 502.7478790283203
0 0.0140 -80.0 572.7030944824219 -29.480276107788086 597.379150390625
0 0.0139 445.7633590698242 547.6319122314453 484.4696426391601 582.3940277099609
0 0.0137 170.6245231628418 351.4253234863281 199.00094985961914 398.5063171386719
0 0.0134 310.6496429443359 251.59196853637695 338.97064208984375 298.37018966674805
0 0.0133 80.69168090820312 351.9186019897461 108.92024993896484 398.1123733520508
0 0.0131 445.677375793457 337.9152297973633 484.54013824462885 372.13382720947266
0 0.0131 50.699996948242195 301.9864273071289 78.91029357910156 348.0594253540039
0 0.0129 210.73762893676758 522.333869934082 238.8654899597168 567.7946090698242
0 0.0128 115.72614669799805 267.7667999267578 154.49903488159177 302.2700881958008
0 0.0125 410.6040573120117 451.2929153442383 439.02561187744135 498.61515045166016
0 0.0125 -80.0 538.7487030029297 -45.15880584716796 571.3711547851562
0 0.0124 195.13341903686523 569.1837692260742 235.02981185913086 600.9745407104492
0 0.0119 -24.732408523559567 568.9089202880859 14.906206130981445 601.2249755859375
0 0.0118 529.0333366394043 622.6054191589355 558.7500190734863 638.7500190734863
0 0.0117 170.6374359130859 401.5115737915039 198.98536682128903 448.4359359741211
0 0.0117 445.82107543945307 387.4413299560547 484.42207336425776 422.56919860839844
0 0.0117 160.68397521972656 201.85260772705078 188.92944335937497 248.16349029541016
0 0.0115 340.68092346191406 201.8279266357422 368.93310546875 248.18279266357422
0 0.0114 -80.0 12.377138137817383 -39.778690338134766 37.69637584686279
0 0.0114 69.72252368927 582.8578567504883 120.6881284713745 607.2266006469727
0 0.0112 270.6310653686523 131.46762371063232 298.99303436279297 178.47153186798096
0 0.0112 445.88260650634766 427.1705627441406 484.377326965332 462.8185272216797
0 0.0112 340.67378997802734 261.77026748657227 368.94161224365234 308.22797775268555
0 0.0111 160.6471061706543 251.57487869262695 188.97371292114255 298.3841133117676
0 0.0110 75.59178829193115 268.1497573852539 114.61454868316649 301.9188690185547
0 0.0110 205.58910369873047 148.15380096435547 244.6171951293945 181.91516876220703
0 0.0110 115.65025329589842 397.9853820800781 154.56417083740234 432.0695495605469
0 0.0108 19.687328338623043 582.8860855102539 70.71908950805663 607.1987533569336
0 0.0106 125.18985748291017 569.0697479248047 164.97772216796875 601.0784149169922
0 0.0106 180.69921493530273 451.9826126098633 208.91122817993164 498.06278228759766
0 0.0103 130.67743301391602 221.80234909057617 158.9373207092285 268.20322036743164
0 0.0102 -79.27499771118164 492.2119140625 -51.119513511657715 537.8868103027344
0 0.0100 20.708332061767575 292.0573329925537 48.900337219238274 338.0045413970947
