0 0.2856 137.7252502441406 50.098018646240234 358.54129028320307 149.2983055114746
0 0.1342 300.06254386901855 144.91417407989502 415.19149971008295 194.5640516281128
0 0.1334 360.06255340576166 24.914169311523438 475.1914901733398 74.56404685974121
0 0.1314 225.46970558166504 6.293450593948364 319.0107173919678 43.76696467399597
0 0.1149 360.06255340576166 84.9141788482666 475.1914901733398 134.5640468597412
0 0.1035 215.11857223510742 157.09826946258545 299.6026344299316 223.12622547149658
0 0.0992 157.23609161376956 19.981703758239746 227.18840789794922 50.107502937316895
0 0.0756 595.5576057434082 53.2498836517334 625.7499809265137 76.77772521972656
0 0.0754 595.7856864929198 13.102519512176514 625.7500190734862 36.925904750823975
0 0.0681 68.65954589843751 95.57487487792969 135.66802215576172 154.12765502929688
0 0.0679 384.82497406005854 4.106440544128418 439.39803314208984 25.977609157562256
0 0.0666 352.9230422973632 196.5159034729004 391.39052581787104 233.42329025268555
0 0.0655 187.4831886291504 180.7141876220703 216.1725730895996 229.1281509399414
0 0.0643 466.6664047241211 132.90600776672363 517.7368850708008 157.17947959899902
0 0.0642 595.6817741394042 83.1727409362793 625.7500190734862 106.85567855834961
0 0.0631 312.9167098999023 196.46547317504883 351.40219879150385 233.47002029418945
0 0.0615 321.8543930053711 19.709458351135254 362.2899551391601 50.496745109558105
0 0.0579 473.12533569335926 44.960665702819824 530.9636993408202 65.10715961456299
0 0.0570 444.00569152832026 4.530677795410156 500.1523895263671 25.545074939727783
0 0.0552 392.91224670410156 196.95425033569336 431.36347961425776 233.01801681518555
0 0.0539 106.08365726470947 13.33111047744751 158.25638484954834 36.757166385650635
0 0.0530 473.04885101318354 24.988131523132324 531.0363693237305 45.07765293121338
0 0.0517 412.7083129882812 137.81644821166992 451.5145416259765 172.2245216369629
0 0.0517 95.11857223510742 157.09826946258545 179.60263442993164 223.12622547149658
0 0.0483 480.0625534057616 64.9141788482666 595.1914901733397 114.56404685974121
0 0.0468 596.0840911865234 112.90166854858398 625.75 137.12738037109375
0 0.0440 320.06255340576166 564.9141693115234 435.19149017333984 614.5640563964844
0 0.0403 78.84621810913089 38.27657222747803 145.64648818969727 71.70739650726318
0 0.0402 504.4634170532226 4.289336204528809 559.7325057983398 25.789835453033447
0 0.0389 432.8403396606445 177.36289978027344 471.40746307373047 212.64137268066406
0 0.0382 432.38848876953125 548.6463165283203 471.7958374023437 581.4646148681641
0 0.0370 237.52947998046872 220.9069061279297 266.1161346435547 268.9502716064453
0 0.0360 346.3853378295898 622.6109313964844 398.0905838012695 638.75
0 0.0360 602.1052665710448 138.8038969039917 625.7500190734862 171.32233142852783
0 0.0358 277.5435562133789 220.97063064575195 306.0990447998047 268.89291763305664
0 0.0341 544.4520492553711 34.30241584777832 599.741355895996 55.7777214050293
0 0.0335 296.90925788879395 612.6766586303711 347.5298900604248 637.4016189575195
0 0.0330 67.56783676147464 161.09407424926758 96.06953811645509 208.7851905822754
0 0.0324 480.0625534057616 544.9141693115234 595.1914901733397 594.5640563964844
0 0.0322 475.1185913085937 157.09826946258545 559.6026153564452 223.12622547149658
0 0.0316 332.89729309082026 237.06451416015625 371.3703460693358 272.91629791259766
0 0.0313 376.94335174560547 532.675895690918 427.4943466186523 557.4056625366211
0 0.0313 402.0945663452148 618.7598991394043 442.11646270751953 638.7500190734863
0 0.0313 37.620546340942404 121.40384674072266 66.00577545166017 168.52468490600586
0 0.0312 296.79937553405756 542.7921676635742 347.6212329864502 567.2908401489258
0 0.0311 441.6513748168945 604.8036193847656 553.5605545043944 638.75
0 0.0295 602.1971626281738 518.6098861694336 625.7499809265137 551.4994430541992
0 0.0294 207.56644439697266 231.0870361328125 236.07123565673828 278.7913513183594
0 0.0288 596.5682525634764 172.5269317626953 625.75 197.4982452392578
0 0.0284 282.1754760742187 569.1008377075195 321.9908065795898 601.0500717163086
0 0.0279 -2.3994665145873726 131.27184391021729 26.02990341186526 178.63282680511475
0 0.0278 372.84690093994135 237.32011795043945 411.4040298461913 272.6807975769043
0 0.0277 46.69280242919923 12.881617546081543 97.7143020629883 37.20313549041748
0 0.0271 602.1336860656737 468.7442398071289 625.7499809265137 501.3767623901367
0 0.0267 77.5877208709717 241.20037078857422 106.04543876647949 288.6936950683594
0 0.0267 246.27932739257812 622.7006340026855 298.1831665039062 638.7500190734863
0 0.0255 42.782127380371115 207.57335662841797 81.4538402557373 242.44781494140625
0 0.0251 32.47019720077517 78.44857215881348 71.72299814224245 111.6454029083252
0 0.0248 -2.3851423263549503 181.36089324951172 26.012598991394064 228.5589599609375
0 0.0246 516.0442276000975 123.3560562133789 568.2922286987305 146.73198699951172
0 0.0242 175.1465148925781 0.0 229.1913909912109 16.501518487930298
0 0.0234 177.57109832763672 231.10820770263672 206.06558990478513 278.77235412597656
0 0.0227 596.5606994628905 552.5328826904297 625.75 577.4923706054688
0 0.0225 562.4707145690918 604.7563171386719 625.7500190734863 638.75
0 0.0225 -7.297800064086886 97.84518241882324 31.518728256225607 132.1981143951416
0 0.0223 561.3924140930175 404.83680725097656 625.7499809265137 454.74700927734375
0 0.0221 47.63982009887697 241.53532028198242 75.98255348205568 288.41787338256836
0 0.0213 107.58555603027344 231.18555068969727 136.04804229736328 278.7057685852051
0 0.0211 426.9243927001953 522.6924896240234 477.51078796386713 547.3893737792969
0 0.0209 32.262765884399435 38.91533374786377 71.91101264953615 71.21915340423584
0 0.0207 246.6208381652832 542.9377365112305 297.7779121398925 567.1476364135742
0 0.0204 602.1506233215331 198.70649337768555 625.7499809265137 231.41122817993164
0 0.0203 242.1688003540039 569.1142272949219 281.9969863891601 601.0379028320312
0 0.0201 432.70346832275385 217.83212661743164 471.5185470581054 252.21014022827148
0 0.0201 480.0625534057616 484.91416931152344 595.1914901733397 534.5640563964844
0 0.0200 317.65269470214844 271.6192436218262 345.96705627441406 318.34917068481445
0 0.0198 315.7104415893554 0.0 368.67758941650385 16.85142755508423
0 0.0196 147.59358596801758 221.23357772827148 176.03833389282227 268.66552352905273
0 0.0195 186.3138313293457 622.6725006103516 238.15282058715817 638.75
0 0.0191 287.65105438232416 271.60926818847656 315.96900177001953 318.35742950439453
0 0.0191 -7.238328933715789 227.65302658081055 31.469542503356955 262.3745918273926
0 0.0189 357.6726455688476 271.76841735839844 385.9430618286132 318.2304382324219
0 0.0185 376.787368774414 502.80426025390625 427.6313323974609 527.2792053222656
0 0.0182 498.9039154052734 289.8418426513672 625.75 389.6270751953125
0 0.0181 -7.482384920120209 58.347580432891846 31.679251909256003 91.73773527145386
0 0.0180 61.65135574340822 604.8036193847656 173.56055450439453 638.75
0 0.0178 257.6546401977539 271.63578033447266 285.9646911621094 318.33629608154297
0 0.0175 326.771614074707 512.8184127807617 377.64487457275385 537.2654342651367
0 0.0174 -3.5398654937743848 3.0634641647338867 47.9197235107422 27.023611068725586
0 0.0158 372.18257141113276 469.0850830078125 411.9843597412109 501.064453125
0 0.0152 387.69271087646473 271.92590713500977 415.9190292358398 318.1064796447754
0 0.0151 257.7252502441406 330.09803771972656 478.5412902832031 429.2982482910156
0 0.0150 202.17824172973633 569.0965270996094 241.98811721801758 601.0540008544922
0 0.0148 212.6995964050293 277.83702850341797 251.52245712280273 312.2056579589844
0 0.0145 6.154305458068875 622.8013801574707 58.29314899444582 638.7499809265137
0 0.0142 282.10410308837885 509.24137115478516 322.0569915771484 540.9221267700195
0 0.0142 -2.3270850181579315 261.7649459838867 25.94270658493044 308.23238372802734
0 0.0140 332.13023376464844 469.1904067993164 372.032730102539 500.96851348876953
0 0.0137 475.1185913085937 397.0982360839844 559.6026153564452 463.126220703125
0 0.0132 412.1858520507812 469.0800476074219 451.981231689453 501.06903076171875
0 0.0130 417.6987380981445 251.9764518737793 445.91178131103516 298.0672264099121
0 0.0129 42.572726726532004 288.18562507629395 81.63263750076295 321.8860149383545
0 0.0128 -12.999999999999972 490.09803771972656 198.54129028320312 589.2982482910156
0 0.0125 292.08324623107904 469.2820358276367 332.07636070251465 500.88512420654297
0 0.0122 112.71249008178712 277.8091239929199 151.510498046875 312.2312355041504
0 0.0118 567.7192230224608 162.1475601196289 595.8873291015624 207.93445587158203
0 0.0116 342.31764984130854 428.79749298095703 381.8608779907226 461.3266372680664
0 0.0115 -7.409303665161102 308.15845489501953 31.614930152893088 341.91089630126953
0 0.0113 162.71590423583984 277.78661727905273 201.50878143310544 312.2519111633301
0 0.0113 567.8067703247069 113.05177688598633 595.7836837768554 157.2614860534668
0 0.0111 -12.99999999999997 32.5283145904541 27.35998821258547 57.549076080322266
0 0.0110 382.3402328491211 428.7508010864258 421.839973449707 461.3692855834961
0 0.0108 196.53931808471677 532.9994201660156 247.85031509399414 557.0864868164062
0 0.0107 302.2766132354736 428.8855743408203 341.8983287811279 461.2462615966797
