0 0.0429 199.34238493442535 77.94804453849792 245.98734080791473 93.03246021270752
0 0.0405 199.31985437870026 93.58337104320526 246.00805342197418 108.64701449871065
0 0.0349 199.5188593864441 62.24904537200928 245.82314491271973 77.48363494873047
0 0.0325 199.45044815540314 109.15490567684175 245.88625133037567 124.32726800441742
0 0.0302 152.84432470798492 77.79089689254762 198.76112043857574 93.19467425346376
0 0.0279 152.94966101646423 93.37117850780487 198.66296648979187 108.8658529520035
0 0.0275 152.92023122310638 62.13171362876892 198.69087636470795 77.60460257530212
0 0.0254 0.0 151.785831451416 499.0234375 416.52343749999994
0 0.0249 191.93904101848602 124.65251564979552 237.79352009296417 140.08353233337402
0 0.0244 153.08956801891327 108.93454730510712 198.5330432653427 124.55421268939972
0 0.0232 247.05028533935547 77.5838750600815 292.08898544311523 93.4064942598343
0 0.0229 0.0 -82.49999999999999 399.15022253990173 137.43356943130493
0 0.0228 191.9960081577301 46.49924814701081 237.74147033691406 61.98694884777069
0 0.0218 246.97792530059814 93.24195563793182 292.15604066848755 108.99757921695709
0 0.0204 247.0857799053192 61.94318413734436 292.0559346675873 77.797691822052
0 0.0186 145.4860419034958 46.336050629615784 190.5277818441391 62.15452730655671
0 0.0185 145.61712741851807 124.40488815307617 190.40530920028687 140.337895154953
0 0.0177 176.83616280555725 140.0441336631775 221.68400883674622 155.94826221466064
0 0.0174 246.98513746261597 108.86452674865723 292.1491265296936 124.62524652481078
0 0.0174 21.61579579114914 30.146937370300297 64.48645144701004 47.1047568321228
0 0.0167 400.5407243967056 -82.49999999999997 499.0234225988388 -27.93028250336646
0 0.0165 29.009796679019928 53.80606234073639 72.68306612968445 70.31720459461212
0 0.0162 239.15338516235352 46.37297570705415 284.354567527771 62.11649954319
0 0.0159 14.279626309871674 6.438906788825999 56.238800287246704 23.940931558609016
0 0.0149 239.2064929008484 124.47575807571413 284.3048572540283 140.26467084884644
0 0.0144 192.42671132087708 30.68001151084901 237.34211921691895 46.561192274093635
0 0.0142 106.6112369298935 77.50251471996309 151.29061043262482 93.49077522754669
0 0.0138 21.375365555286407 77.15412557125093 64.70620632171631 93.84613811969759
0 0.0135 6.763678044080734 -17.178107500076283 48.15663769841194 0.6844061613082977
0 0.0125 223.81767630577087 139.99294817447662 268.460750579834 156.0004311800003
0 0.0125 106.94259405136108 100.78133225440979 150.9842574596405 117.09065318107605
0 0.0121 154.0728509426117 155.33936351537704 197.6243257522583 171.90994650125506
0 0.0120 99.21696782112122 46.045701503753676 143.0928260087967 62.45137333869935
0 0.0119 200.9461522102356 155.34148693084717 244.50060725212097 171.9080018997192
0 0.0114 399.9249339103699 -12.31109023094176 499.0234375 65.64615249633789
0 0.0113 52.621083334088326 92.78060078620909 95.96031717956066 109.46951389312744
0 0.0111 68.62655282020569 30.068661570549022 111.23794317245483 47.18353927135468
0 0.0110 239.41662907600403 30.62541365623475 284.11099314689636 46.61692261695862
0 0.0107 122.82215058803558 139.71477329730988 166.37496650218964 156.2845367193222
0 0.0106 186.2582117319107 186.06490969657895 228.01946103572845 203.69053959846494
0 0.0105 449.58649575710297 389.96587276458735 499.0234524011612 416.52343749999994
0 0.0102 21.804645657539368 123.79371702671051 64.31329995393753 140.95955669879913
