0 0.1233 337.7426528930664 -28.233346939086914 483.9835739135742 33.16012382507324
0 0.0859 400.7915496826172 -55.7414436340332 449.7863006591797 -29.210891723632816
0 0.0602 353.0625534057617 37.41417407989502 468.19149017333984 87.06405162811278
0 0.0585 350.29815673828125 -55.17284393310547 400.1929473876953 -29.75652694702148
0 0.0557 574.3924140930176 -82.66318321228027 638.7499809265137 -32.752971649169915
0 0.0444 337.7426528930664 111.76664352416994 483.9835739135742 173.16011428833005
0 0.0440 585.7772827148438 40.09195327758789 624.4576263427734 74.93070602416992
0 0.0433 455.6657028198242 -59.54941034317016 494.5499801635742 -25.39857625961304
0 0.0375 574.3924140930176 137.3368263244629 638.7499809265137 187.24702835083008
0 0.0368 381.1214065551758 -88.40813636779787 449.33544158935547 -56.55789852142334
0 0.0363 465.9142303466797 29.477219581604004 504.359130859375 65.49680233001709
0 0.0356 585.9116744995117 79.00676727294922 624.4042587280273 115.9318161010742
0 0.0347 37.6109504699707 -33.28055381774902 92.5950813293457 -11.637678146362303
0 0.0335 545.8373641967773 49.854621887207024 584.4116592407227 85.14904022216797
0 0.0332 595.7143402099609 -29.701385498046875 634.5094299316406 4.740886688232422
0 0.0321 98.87411117553711 -34.029579162597656 151.4452362060547 -10.88228225708008
0 0.0300 590.5124092102051 14.631452560424803 638.7499809265137 40.43530464172363
0 0.0297 485.9242630004883 69.39590454101562 524.3551254272461 105.57186126708984
0 0.0289 78.9531683921814 -4.085483551025389 131.37476205825806 19.17316436767578
0 0.0286 357.7426528930664 171.76665306091306 503.9835739135742 233.1601047515869
0 0.0283 545.9273147583008 89.11758422851561 584.3766403198242 125.82916259765624
0 0.0263 17.95506000518799 -3.4670639038085946 72.2792387008667 18.55194091796875
0 0.0255 485.7054901123047 -19.665794372558594 524.5160675048828 14.708194732666017
0 0.0255 315.83457946777344 29.822497367858887 354.417724609375 65.17868518829346
0 0.0255 505.772705078125 30.113301277160645 544.4607543945312 64.9110746383667
0 0.0249 328.7420654296875 -83.94301533699034 381.5642547607422 -60.96890330314636
0 0.0244 485.93284606933594 109.30002212524413 524.3540191650391 145.66041946411133
0 0.0233 310.64656257629395 -15.90057373046875 338.9745616912842 30.86883544921875
0 0.0231 17.3409366607666 -63.132333755493164 72.84185409545898 -41.78746223449707
0 0.0231 305.1978302001953 -48.45574378967286 344.9713134765625 -16.398344039916992
0 0.0229 0.0 249.52486038208008 510.9126281738281 531.2499809265137
0 0.0228 545.7074737548828 10.317134857177733 584.5154571533203 44.72389221191406
0 0.0224 70.72525024414062 22.598018646240234 291.5412902832031 121.7983055114746
0 0.0221 540.5953979492188 -36.241416931152344 569.0362548828125 11.147212982177733
0 0.0217 450.26538848876953 -85.119309425354 500.21663665771484 -59.80633735656739
0 0.0204 525.9291839599609 129.2542839050293 564.3623352050781 165.7027244567871
0 0.0196 495.6894302368164 -59.627017974853516 534.5305252075195 -25.32735824584961
0 0.0187 310.5101013183594 103.32090377807616 339.13970947265625 151.5281867980957
0 0.0185 588.6067390441895 189.51847076416016 638.7499809265137 255.6960678100586
0 0.0172 110.30431747436523 124.84125137329102 160.1837158203125 150.23183822631836
0 0.0170 77.84875869750977 -63.40898513793945 132.37680435180664 -41.50712013244629
0 0.0167 0.0 -93.88291835784912 51.6454553604126 -71.02883815765381
0 0.0165 134.95525360107422 -7.975101470947266 175.19559860229492 23.164310455322266
0 0.0154 0.0 -37.78904914855957 35.28947353363037 -7.004613876342775
0 0.0149 609.0857696533203 -107.5 638.75 -90.12836217880248
0 0.0149 515.9227752685547 169.33473587036133 554.3623352050781 205.62837600708008
0 0.0148 512.8874015808105 462.1266937255859 638.7500190734863 531.25
0 0.0146 330.4970169067383 173.2696533203125 359.1556930541992 221.57634735107422
0 0.0144 536.1636734008789 -102.17803955078125 573.7495040893555 -42.87965774536132
0 0.0137 345.77728271484375 230.09654998779294 384.45716857910156 264.9264907836914
0 0.0133 280.56182861328125 103.5575485229492 309.0768051147461 151.31576538085938
0 0.0132 160.63446044921875 113.9968490600586 188.9889907836914 160.94879150390622
0 0.0125 105.62348365783691 150.5660057067871 144.58672523498535 184.49560165405273
0 0.0125 18.244104385375977 26.364088058471683 72.01595306396484 48.72225761413574
0 0.0124 385.76786041259766 240.11436462402347 424.4661331176758 274.9101257324219
0 0.0120 300.48563957214355 153.22612762451172 329.16958808898926 201.6175842285156
0 0.0120 188.11857223510742 129.59827423095703 272.60263442993164 195.626220703125
0 0.0119 301.06587409973145 73.74979019165039 349.5936107635498 101.26325607299805
0 0.0116 425.9026336669922 239.55394744873047 464.3653106689453 275.42598724365234
0 0.0116 500.6915283203125 -105.58239459991454 528.9204406738281 -59.38684463500977
0 0.0110 574.3924140930176 357.33680725097656 638.7499809265137 407.24700927734375
0 0.0110 305.85681915283203 219.77432250976562 344.39701080322266 255.22293090820312
0 0.0106 515.8719635009766 209.6788787841797 554.3886566162109 245.31089782714847
