0 0.0919 536.9156646728516 -10.423355102539062 593.2350921630859 10.498371124267578
0 0.0845 356.42269134521484 69.8183822631836 413.68953704833984 90.25203704833984
0 0.0705 547.0453262329102 19.51486587524414 603.1148910522461 40.56190490722657
0 0.0679 516.1687850952148 -30.066814422607422 573.9252853393555 -9.866085052490234
0 0.0657 376.80267333984375 89.635009765625 433.3386993408203 110.43926239013672
0 0.0649 346.4729690551758 49.795799255371094 403.6427688598633 70.27534484863281
0 0.0504 316.76273345947266 89.65789794921875 373.37474822998047 110.41648864746094
0 0.0465 485.7398223876953 10.127468109130861 544.3225860595703 29.934978485107422
0 0.0443 287.43597984313965 49.31762695312501 342.754602432251 70.76339721679688
0 0.0433 326.7742156982422 29.65311527252197 383.36395263671875 50.42153835296631
0 0.0423 406.8510437011719 49.61549758911133 463.29307556152344 70.45995712280273
0 0.0412 475.8842468261719 -9.9359130859375 534.1884613037109 10.000133514404299
0 0.0394 526.3887405395508 -50.168704986572266 583.7216567993164 -29.761743545532227
0 0.0384 577.4719619750977 -30.705680847167972 632.7225112915039 -9.213638305664062
0 0.0382 485.91007232666016 30.054187774658203 544.1641616821289 50.01058578491211
0 0.0337 346.91837310791016 109.58320617675781 403.2307815551758 130.49304962158203
0 0.0316 426.2396240234375 29.907269477844242 483.8581085205078 50.16166210174561
0 0.0290 426.0945510864258 9.971342086791992 483.99303436279297 30.09560585021973
0 0.0279 456.3019561767578 -30.124320983886722 513.8010406494141 -9.806461334228517
0 0.0278 587.2530937194824 39.408535957336426 638.7500190734863 60.670161247253425
0 0.0277 356.5403366088867 9.762773513793947 413.5807418823242 30.30892372131348
0 0.0263 258.7059783935547 78.58436584472658 311.59595489501953 101.5042495727539
0 0.0262 466.59664154052734 49.74178314208985 523.5273361206055 70.3314208984375
0 0.0258 437.8177261352539 79.10873413085938 492.4051284790039 100.97499847412111
0 0.0254 0.0 184.8858642578125 638.75 523.75
0 0.0244 416.49532318115234 -10.215034484863281 473.6221694946289 10.286369323730469
0 0.0242 526.8505859375 49.61021423339844 583.2948303222656 70.46436309814455
0 0.0239 278.1626605987549 108.91679763793947 332.08903312683105 131.1698341369629
0 0.0237 267.4776840209961 19.294261932373047 322.71656036376953 40.78691482543945
0 0.0229 0.0 -114.99999999999999 510.9122848510742 166.5149688720703
0 0.0220 597.5945854187012 -0.7752132415771485 638.7500190734863 20.856332778930664
0 0.0203 228.82083892822266 48.51001739501953 281.49227142333984 71.57875061035156
0 0.0200 417.5696563720703 109.24304962158203 472.63267517089844 130.83858489990234
0 0.0192 466.2267303466797 -50.088207721710205 523.8703918457031 -29.843204021453857
0 0.0166 18.708295822143555 68.57910156250001 71.59469604492188 91.50897979736328
0 0.0158 0.0 28.183517456054684 51.066017150878906 51.90439224243163
0 0.0157 496.7969512939453 69.64368820190431 553.3425903320312 90.43146133422852
0 0.0152 327.1989059448242 -10.561971664428713 382.9732131958008 10.640401840209961
0 0.0150 587.8624153137207 -60.925264358520515 638.7499809265137 -38.99202346801758
0 0.0145 79.17491912841797 68.26580047607422 131.17502212524414 91.82201385498048
0 0.0143 309.1899585723877 218.25778961181638 361.1609935760498 241.83032989501953
0 0.0143 0.0 -1.7825603485107422 51.10679626464844 21.87079429626465
0 0.0143 387.1228790283203 -30.523233413696293 443.043212890625 -9.39906120300293
0 0.0140 58.6972451210022 38.583526611328125 111.60526037216187 61.5041732788086
0 0.0140 9.086551666259766 98.32937240600586 61.253767013549805 121.75893783569337
0 0.0139 298.38584899902344 138.78229141235354 351.88636779785156 161.30517959594727
0 0.0138 9.274578094482422 158.1981086730957 61.08528137207031 181.8897819519043
0 0.0137 267.7034854888916 -10.828962326049806 322.50983238220215 10.911741256713867
0 0.0136 369.296875 228.18233489990234 421.06529235839844 251.90547943115234
0 0.0133 9.116554260253906 128.30862045288086 61.22685432434082 151.77961349487305
0 0.0126 0.0 -51.97986602783203 40.8756160736084 -27.934103012084964
0 0.0125 59.3182373046875 168.16631317138672 111.04639053344727 191.92134857177737
0 0.0124 9.489731788635254 188.03974151611328 60.89375019073486 212.04692840576172
0 0.0124 516.3162994384766 -70.13607025146484 573.7889862060547 -49.79536056518555
0 0.0122 608.1622505187988 68.49048614501953 638.7499809265137 91.53457641601562
0 0.0119 69.05072212219238 98.34707260131837 121.28737449645996 121.74032211303712
0 0.0118 5.155047178268433 224.1437911987305 45.00949025154114 256.01093292236334
0 0.0117 208.52968215942383 8.692932128906252 261.7561149597168 31.394882202148438
0 0.0117 68.86954307556152 138.4724235534668 121.44957542419434 161.6155815124512
0 0.0116 230.75057983398438 77.44152069091797 258.84998321533203 122.71141052246095
0 0.0114 59.79863166809082 207.79460906982425 110.62151908874512 232.28870391845706
0 0.0113 519.7369003295898 157.84740447998047 570.6752395629883 182.2370147705078
0 0.0112 609.427490234375 347.64076232910156 638.75 372.3859405517578
0 0.0111 118.77935409545898 8.531904220581055 171.53081893920898 31.55608177185059
0 0.0111 608.9117240905762 507.69914627075195 638.7500190734863 523.7499809265137
0 0.0110 5.064988136291504 264.32151794433594 45.09289741516113 295.8491516113281
0 0.0109 574.3924140930176 149.83682632446292 638.7499809265137 199.74702835083008
0 0.0107 58.47770929336548 8.722124099731445 111.80387258529663 31.36509895324707
0 0.0107 478.38130950927734 108.78292083740236 531.890983581543 131.30420684814453
0 0.0105 0.0 -82.23196983337404 40.59377193450928 -57.685213088989265
0 0.0102 5.316687822341919 353.81107330322266 44.86057162284851 386.3142013549805
0 0.0101 45.064897537231445 234.31251525878903 85.09392738342285 265.8573913574219
0 0.0101 0.0 507.77296066284185 51.26197814941406 523.7500190734863
0 0.0100 119.11710739135742 38.304100036621094 171.22724533081055 61.78356170654296
0 0.0100 129.64412689208984 77.91622161865234 180.75803756713867 102.16850280761719
