0 0.0875 397.6893997192383 66.18128967285159 452.5221633911133 87.90175628662111
0 0.0680 367.537841796875 36.26223754882815 422.66136169433594 57.819454193115256
0 0.0676 417.94795989990234 96.03676986694339 472.28580474853516 118.04803085327151
0 0.0580 337.9906463623047 66.01414871215823 392.24639892578125 88.07118606567386
0 0.0568 358.2550048828125 95.85772705078126 412.00599670410156 118.22871398925781
0 0.0435 437.24658966064453 46.41562175750735 492.9288101196289 67.66357135772708
0 0.0399 327.4981689453125 16.280967712402372 382.6982879638672 37.8000183105469
0 0.0346 408.31634521484375 125.82301330566406 461.94976806640625 148.2639617919922
0 0.0329 348.3823776245117 125.77904891967776 401.8906784057617 148.30762100219727
0 0.0283 287.2878646850586 36.39423084259035 342.8908920288086 57.68534374237063
0 0.0264 407.34107971191406 16.36676025390628 462.8419494628906 37.71331024169925
0 0.0261 467.6882553100586 76.17852401733401 522.5239944458008 97.90402603149415
0 0.0255 367.0865249633789 -3.500869750976534 423.0757522583008 17.578823089599638
0 0.0254 0.0 191.88586425781253 638.75 530.75
0 0.0232 298.10585021972656 95.93766403198244 352.1435546875 118.14683151245117
0 0.0229 0.0 -107.99999999999997 510.9122848510742 173.51496887207034
0 0.0201 277.8678226470947 66.08088684082034 332.3592281341553 88.00322723388675
0 0.0201 358.50242614746094 155.70410919189456 411.7820739746094 178.3827896118164
0 0.0199 428.27625274658203 155.84651184082034 481.9863510131836 178.240234375
0 0.0194 287.2827911376953 -3.6057548522948926 342.89615631103516 17.684871673584013
0 0.0179 467.79651641845703 116.1202163696289 522.4245834350586 137.9633255004883
0 0.0176 326.8980026245117 -23.406351089477507 383.24947357177734 -2.517526626586886
0 0.0163 348.0768585205078 215.9617919921875 402.16835021972656 238.1236572265625
0 0.0161 287.7515411376953 126.14306640625003 342.46620178222656 147.93982696533206
0 0.0150 348.20117950439453 185.88578414916995 402.0558547973633 208.19981765747073
0 0.0145 407.718505859375 216.1598892211914 462.49671936035156 237.92258453369143
0 0.0142 428.1788635253906 185.90140533447268 482.0756530761719 208.1844253540039
0 0.0130 298.78573417663574 155.52912902832034 351.52478218078613 178.55906677246094
0 0.0120 387.89100646972656 246.07203674316403 442.3371124267578 268.01287841796875
0 0.0119 608.787670135498 85.10306549072267 638.7500190734863 108.92562103271487
0 0.0116 608.9433288574219 514.6753997802734 638.75 530.75
0 0.0110 608.6787605285645 -34.82694435119626 638.7499809265137 -11.144865036010714
0 0.0108 247.63765335083008 16.210109710693388 302.5694465637207 37.872631072998075
0 0.0105 608.9364814758301 115.00273895263673 638.7499809265137 139.02613830566406
0 0.0100 512.6921272277832 -107.99999999999997 638.7499809265137 -38.150761604309054
