0 0.0254 0.0 219.8858642578125 638.75 558.75
0 0.0229 0.0 -79.99999999999999 510.9122848510742 201.51496887207028
0 0.0154 388.5747528076172 303.66409301757807 441.71539306640625 326.42372131347656
0 0.0138 512.6921272277832 -80.0 638.7499809265137 -10.150761604309086
0 0.0131 338.1947326660156 323.890380859375 392.06153869628906 346.19529724121094
0 0.0129 609.4018363952637 12.662200927734373 638.7500190734863 37.36492156982421
0 0.0125 388.0580520629883 273.97106170654297 442.1858596801758 296.11400604248047
0 0.0120 277.54638671875 314.25636291503906 332.65380859375 335.82519531249994
0 0.0119 608.9760589599609 542.6501274108886 638.75 558.7500190734862
0 0.0115 398.64593505859375 333.61671447753906 451.6515350341797 356.470947265625
0 0.0113 574.3924140930176 44.836812019348145 638.7499809265137 94.74700450897215
0 0.0112 96.89362525939941 184.59362030029294 153.25400352478027 205.4821014404297
0 0.0109 0.0 -76.78478240966797 41.103529930114746 -53.126955032348626
0 0.0108 448.04553985595703 303.97808074951166 502.19738006591797 326.1069107055664
0 0.0105 398.30223083496094 243.8233947753906 451.96441650390625 266.2623596191406
0 0.0101 327.86243438720703 294.083251953125 382.3643112182617 316.00074768066406
