0 0.1690 213.06254386901855 118.41418838500978 328.191499710083 168.06403732299805
0 0.1212 595.7426071166992 -18.78094100952147 634.4849014282227 15.813919067382825
0 0.1192 220.82569122314453 85.24606323242189 269.75292205810547 111.80352783203125
0 0.0945 175.76583862304688 111.13771057128906 214.46624755859375 145.88864898681643
0 0.0922 270.5375099182129 85.60653305053712 319.98559951782227 111.45953750610352
0 0.0857 590.4181098937988 -44.265798568725565 638.7499809265137 -18.663658142089826
0 0.0852 170.7387924194336 85.36006546020509 219.82227325439453 111.69498062133789
0 0.0802 545.7608413696289 -38.84573364257811 584.470329284668 -4.126552581787097
0 0.0738 190.85647583007812 55.195861816406264 239.7301483154297 81.85056304931642
0 0.0731 590.8465576171875 15.213304519653335 638.75 41.83430290222169
0 0.0668 545.8527755737305 0.8094844818115383 584.398307800293 36.19055366516115
0 0.0612 175.89458465576172 150.59333419799805 214.3708038330078 186.38972854614258
0 0.0557 505.8314895629883 -39.10524034500121 544.4145584106445 -3.8879313468932963
0 0.0517 240.6890869140625 55.42642211914063 289.8616409301758 81.6319808959961
0 0.0447 145.62376022338867 51.5610227584839 184.58688735961914 85.50020313262941
0 0.0431 150.72525024414062 -56.401981353759744 371.5412902832031 42.798305511474624
0 0.0421 215.93454360961914 170.2623519897461 254.35552597045898 206.69522857666016
0 0.0399 595.6790542602539 41.41030883789064 634.5387649536133 75.63836669921876
0 0.0388 135.71399688720703 111.30437469482422 174.50923919677734 145.73560333251953
0 0.0374 520.4855346679688 -64.33784866333005 570.0292205810547 -38.594154357910135
0 0.0361 505.87574005126953 0.7010421752929809 544.3822860717773 36.290431976318374
0 0.0345 325.46607971191406 101.97049713134767 364.7254943847656 135.12532806396484
0 0.0341 268.1185817718506 170.59827423095703 352.6026248931885 236.62622070312497
0 0.0310 599.8567199707031 -73.74699020385741 638.75 -49.169630050659165
0 0.0292 555.7685470581055 41.12537002563479 594.4643783569336 75.89999771118165
0 0.0277 135.9058380126953 150.51688766479492 174.3650245666504 186.4602241516113
0 0.0271 29.093246459960938 136.81880569458008 81.2490177154541 160.2686653137207
0 0.0268 520.099983215332 -93.96007442474364 570.3579330444336 -68.96102809906004
0 0.0256 120.40496826171875 85.74206924438478 170.09790420532227 111.32815933227539
0 0.0243 290.4246139526367 55.72253799438477 340.0811767578125 81.34715652465822
0 0.0230 313.06254386901855 -101.58583068847655 428.191499710083 -51.93595314025877
0 0.0229 0.0 250.52486038208005 510.9126281738281 532.2499809265137
0 0.0227 599.6289253234863 -103.56274986267088 638.7499809265137 -79.35113811492919
0 0.0219 5.334014892578125 162.27256393432617 44.844841957092285 194.8493537902832
0 0.0211 175.93585968017578 190.2485809326172 214.35523986816406 226.70793151855466
0 0.0210 45.251712799072266 162.42990112304688 84.92202758789062 194.70590209960938
0 0.0210 28.961334228515625 106.90747833251953 81.36775016784668 130.17999267578125
0 0.0200 100.66217422485352 125.19363021850589 128.95565032958984 171.79046249389648
0 0.0198 470.60352325439453 -45.209335327148416 499.0262985229492 2.1172676086425923
0 0.0194 0.7510948181152344 115.95574951171874 28.84943962097168 161.2017593383789
0 0.0194 105.46881675720215 51.955986976623535 144.7238254547119 85.13861751556396
0 0.0186 590.4687690734863 75.67590332031251 638.7499809265137 101.39218902587892
0 0.0181 5.357095003128052 202.22111320495603 44.823893308639526 234.89630317687988
0 0.0176 368.11859130859375 -49.401744842529276 452.6026153564453 16.62622070312501
0 0.0175 515.8130645751953 40.966664314270034 554.4287872314453 76.04592418670654
0 0.0173 545.2980422973633 132.33903503417972 584.8788070678711 164.78875732421875
0 0.0170 330.7451629638672 135.3522834777832 379.81712341308594 161.70245742797852
0 0.0164 215.92679977416992 210.36993598937988 254.35461044311523 246.59580802917478
0 0.0156 470.08522033691406 -103.94886875152586 520.3711700439453 -78.9722099304199
0 0.0150 570.7409286499023 -94.15105724334714 598.8614273071289 -48.7187280654907
0 0.0148 560.6985855102539 75.47507858276369 588.9119338989258 121.56825637817384
0 0.0145 489.6406936645508 136.41738510131836 540.7613754272461 160.6671485900879
0 0.0140 475.6119918823242 -78.39886569976805 514.5963668823242 -44.53658962249754
0 0.0139 5.49742579460144 241.89664459228516 44.697285890579224 275.1928482055664
0 0.0138 529.6118927001953 166.44036865234375 580.7867431640625 190.6445083618164
0 0.0137 388.11859130859375 130.59827423095706 472.6026153564453 196.626220703125
0 0.0131 45.497188568115234 201.8640956878662 84.70073699951172 235.2227268218994
0 0.0131 340.1413345336914 75.99864578247072 390.32299041748047 101.0788688659668
0 0.0130 0.0 76.0447463989258 40.37449836730957 101.0331497192383
0 0.0130 194.34864044189453 -106.49999999999997 306.86927795410156 -71.75578498840329
0 0.0128 88.11857223510742 190.5982360839844 172.60263442993164 256.626220703125
0 0.0126 515.4203414916992 92.06468200683597 554.767951965332 125.03926849365236
0 0.0125 110.54690361022949 25.587783813476577 159.9794101715088 51.47683715820313
0 0.0124 49.58565711975098 76.45480728149415 100.8111572265625 100.62949752807619
0 0.0118 589.8075675964355 156.2883529663086 638.7500190734863 180.79496002197266
0 0.0115 590.2320671081543 105.91487503051759 638.7500190734863 131.16065597534183
0 0.0114 0.0 -106.49999999999997 129.46765899658203 -36.6206064224243
0 0.0114 470.63282012939453 4.984470367431652 498.99097442626953 51.95863342285158
0 0.0111 175.93011856079102 230.03839111328128 214.38051223754883 266.90240478515625
0 0.0107 574.3924140930176 198.33680725097656 638.7499809265137 248.24700927734372
0 0.0101 370.12142181396484 106.02094268798828 420.33931732177734 131.05756378173828
