0 0.0254 0.0 193.38586425781247 638.75 532.25
0 0.0229 0.0 -106.49999999999999 510.9122848510742 175.01496887207034
0 0.0155 97.69241333007812 197.67781829833982 152.51981735229492 219.40499877929688
0 0.0132 368.4856414794922 207.21563911437988 421.7970275878906 229.87141227722168
0 0.0129 47.88892984390259 217.56822204589844 102.34012365341187 239.51593017578125
0 0.0127 512.6921272277832 -106.49999999999997 638.7499809265137 -36.65076160430907
0 0.0120 108.04100036621094 227.48365020751953 162.20081329345703 249.6017227172851
0 0.0119 308.5044193267822 197.20624542236328 361.7795467376709 219.8811492919922
0 0.0115 288.4120273590088 167.26361846923828 341.8631649017334 189.82354736328125
0 0.0115 87.62367248535156 167.7110443115234 142.58377075195312 189.37059020996094
0 0.0114 608.9839363098145 516.1443672180176 638.7499809265137 532.2499809265137
0 0.0107 608.4405708312988 236.8216094970703 638.7499809265137 260.2051696777344
0 0.0104 158.00460815429688 197.4996337890625 212.23514556884766 219.58482360839844
0 0.0104 368.70384216308594 177.07755661010742 421.5996551513672 200.00987625122067
0 0.0103 0.0 237.10759735107422 51.62888526916504 259.9809799194336
0 0.0102 349.21573638916016 56.73640823364259 401.1386489868164 80.35117721557617
