0 0.0505 324.0020751953125 427.3279037475586 385.9428405761719 445.7120742797852
0 0.0458 326.7975616455078 526.1422576904297 383.34228515625 546.9327392578125
0 0.0404 323.8862991333008 407.3676528930664 386.0519790649414 425.67026519775396
0 0.0378 328.92261505126953 554.9379959106445 381.4016342163086 578.1501235961914
0 0.0373 324.9472427368164 446.9652404785156 385.0590133666992 466.0880126953125
0 0.0373 384.08634185791016 417.2926559448242 445.86498260498047 435.7478561401367
0 0.0356 306.18896484375 506.42523193359375 363.9063262939453 526.6422882080078
0 0.0338 384.4716262817383 437.1489944458008 445.50403594970703 455.89723968505865
0 0.0332 266.02829933166504 526.502555847168 324.05409812927246 546.5638198852539
0 0.0321 264.79235649108887 427.02658081054693 325.2036762237549 446.0244598388672
0 0.0319 388.6048126220703 535.1435699462891 441.68853759765625 557.944091796875
0 0.0312 367.00252532958984 506.03731536865234 423.1541061401367 527.0392074584961
0 0.0282 268.2749557495117 555.3463973999023 321.9877243041992 577.7401962280272
0 0.0279 336.49662017822266 486.2837829589843 393.62110137939453 506.7874755859375
0 0.0267 355.9739303588867 466.52918243408203 414.10404205322266 486.5368881225586
0 0.0267 384.2959976196289 397.2115173339844 445.66944122314453 415.8315124511719
0 0.0263 245.81233978271484 506.59433746337885 304.25559997558594 526.4687576293945
0 0.0256 389.41516876220703 564.583381652832 440.96256256103516 588.5021438598632
0 0.0254 0.0 251.38586425781253 638.75 590.25
0 0.0239 254.89580154418945 406.9820251464843 315.1079750061035 426.0698547363281
0 0.0229 0.0 -48.499999999999964 510.9122848510742 233.0149688720703
0 0.0229 406.98596954345703 486.04776763916016 463.16883087158203 507.02890777587896
0 0.0225 265.751256942749 446.62908935546875 324.3103885650635 466.4345397949219
0 0.0219 324.38011169433594 387.1811904907227 385.5903625488281 405.8632888793946
0 0.0214 415.8491897583008 456.58045196533203 474.2207717895508 476.48348236083984
0 0.0210 296.4483642578125 466.31204986572266 353.6643981933594 486.75951385498047
0 0.0204 608.8169860839844 514.584716796875 638.75 538.4441986083984
0 0.0201 445.63976287841797 416.6686859130859 504.4161605834961 436.39219665527344
0 0.0201 276.5642547607422 486.2477340698242 333.55953216552734 506.8236770629883
0 0.0176 384.83325958251953 377.001823425293 445.1676559448242 396.04837799072266
0 0.0175 207.73080825805664 545.6613388061523 262.48361587524414 567.4224319458009
0 0.0175 589.6972465515137 134.37710189819336 638.7500190734863 158.70746994018555
0 0.0169 445.9577178955078 436.5307464599609 504.1204833984375 456.5342559814453
0 0.0168 445.76168060302734 396.61390686035156 504.3033218383789 416.44812011718756
0 0.0163 324.9510955810547 366.95753479003906 385.05699157714844 386.0947265625
0 0.0160 438.4254455566406 515.2542343139648 491.8512725830078 537.8328170776367
0 0.0155 167.1525764465332 525.9673919677734 223.01450729370117 547.1114959716798
0 0.0155 574.3924140930176 76.33681201934816 638.7499809265137 126.24700450897217
0 0.0154 512.6921272277832 -48.499999999999964 638.7499809265137 21.349238395690932
0 0.0151 265.1290512084961 386.8848648071289 324.8911666870117 406.16968536376953
0 0.0147 109.22849655151367 544.7323837280273 161.12615585327148 568.3558883666992
0 0.0143 216.36262893676758 486.3453903198242 273.7454032897949 506.7241897583008
0 0.0142 439.6825408935547 554.3890228271484 490.72349548339844 578.6957397460938
0 0.0142 545.2806854248047 130.383113861084 584.8940277099609 162.74853134155273
0 0.0142 385.2996826171875 356.81238555908203 444.732666015625 376.2440719604493
0 0.0140 608.4513664245605 354.815544128418 638.7500190734863 378.21138763427734
0 0.0140 159.0035581588745 564.8821868896484 211.32912158966064 588.2057037353516
0 0.0132 446.12979888916016 376.4490356445313 503.96190643310547 396.6173400878906
0 0.0132 325.2878189086914 346.8202438354493 384.74300384521484 366.2365188598633
0 0.0128 236.64968490600586 466.21202850341797 293.4793281555176 486.86106109619146
0 0.0127 206.0564422607422 426.4898147583007 264.0280532836914 446.57686614990234
0 0.0123 608.5036468505859 324.78327178955084 638.75 348.2439651489258
0 0.0122 156.64960384368896 496.2137451171875 213.47898960113525 516.8596496582031
0 0.0121 36.064043045043945 416.4857711791992 94.02116775512695 436.58090972900396
0 0.0119 608.36669921875 394.8674621582031 638.75 418.158935546875
0 0.0119 265.86814880371094 356.57194519042974 324.20326232910156 376.4922180175781
0 0.0116 218.6937713623047 574.6369781494141 271.70413970947266 590.25
0 0.0115 608.4333801269531 424.8274459838867 638.75 448.19948577880865
0 0.0115 505.32649993896484 120.2853240966797 544.8520278930664 152.83773803710938
0 0.0110 535.2778625488281 90.38866901397705 574.8966217041016 122.74343395233156
0 0.0109 446.51947021484375 356.268295288086 503.60107421875 376.80250549316406
0 0.0108 574.3924140930176 176.33682632446286 638.7499809265137 226.24702835083008
0 0.0108 99.09006118774414 574.3515624999999 151.34992599487305 590.25
0 0.0107 599.5587348937988 44.49031257629396 638.7499809265137 68.59624290466309
0 0.0104 608.6733818054199 484.6753158569336 638.7500190734863 508.3526840209961
0 0.0104 575.4707145690918 556.2563171386719 638.7500190734863 590.25
0 0.0103 206.3070297241211 446.3745727539063 263.7960433959961 466.69493103027344
0 0.0103 108.01139831542969 515.5042877197266 162.22702026367188 537.5814666748047
0 0.0102 385.5782699584961 336.6947784423828 444.47338104248047 356.3652648925781
