0 0.2420 188.40913772583008 49.271705627441406 241.86445236206055 71.81635665893555
0 0.2199 585.7002258300781 50.642040252685554 638.75 70.41949081420898
0 0.1890 574.9559020996094 30.9532527923584 635.0531005859375 50.09868431091309
0 0.1818 586.5670776367188 70.2486686706543 638.75 90.82308578491212
0 0.1803 129.0406036376953 48.857367515563965 181.29575729370117 72.23052310943604
0 0.1771 187.09978103637695 19.99616432189942 243.06264877319336 41.08249473571777
0 0.1672 246.09289169311523 40.47253417968751 303.9944648742676 60.59445190429688
0 0.1497 189.3619728088379 78.63796997070312 241.0066795349121 102.44995880126953
0 0.1432 246.35982513427734 60.35036849975587 303.7471008300781 80.71974563598633
0 0.1324 566.58935546875 90.23966598510742 623.5353851318359 110.83258438110352
0 0.1315 524.1388320922852 51.27526092529297 585.815315246582 69.76633834838867
0 0.1252 128.06293487548828 19.472091674804698 182.1805763244629 41.61358642578126
0 0.1226 129.4974136352539 78.52684783935547 180.8884048461914 102.55879211425781
0 0.1170 245.91331481933594 20.552862167358402 304.16107177734375 40.5119686126709
0 0.1145 585.6340217590332 10.664117813110359 638.7499809265137 30.3955249786377
0 0.1004 524.7260665893555 71.04841995239259 585.2666854858398 90.00101852416992
0 0.0971 513.7445449829102 31.420333862304695 576.1845016479492 49.615753173828125
0 0.0891 205.8255958557129 0.5946998596191474 264.24177169799805 20.469577789306648
0 0.0830 546.5030288696289 110.28097915649414 603.6151504516602 130.7903938293457
0 0.0826 588.043041229248 219.4784240722656 638.7500190734863 241.60633850097656
0 0.0718 587.7788543701172 249.62670135498047 638.75 271.4562301635742
0 0.0710 146.6685152053833 -9.791986465454094 203.46072673797607 10.866086959838873
0 0.0704 256.6128921508789 80.22919464111328 313.5134506225586 100.84343719482422
0 0.0689 305.71166038513184 40.641448974609375 364.3483829498291 60.4209213256836
0 0.0659 523.8060760498047 11.395996093750007 586.1273956298828 29.64060592651368
0 0.0654 567.892951965332 189.57047271728516 622.3354721069336 211.51436614990232
0 0.0580 505.41126251220703 90.77395248413086 564.6267318725586 110.28528976440428
0 0.0579 84.77153778076172 45.35511302947999 125.36787033081055 75.86465167999268
0 0.0567 596.6014099121094 -9.77869224548339 638.75 10.849111557006843
0 0.0562 78.18113327026367 -0.5951709747314383 132.0724868774414 21.68172645568848
0 0.0558 170.27156829833984 107.8800277709961 220.2103042602539 133.19485473632812
0 0.0542 265.5590534210205 0.7079582214355539 324.49000358581543 20.352638244628913
0 0.0534 608.1219482421875 119.01181030273438 638.75 142.01260375976562
0 0.0528 119.75890636444092 108.32268524169922 170.65731525421143 132.76051330566406
0 0.0509 306.18099212646484 60.4345588684082 363.91231536865234 80.63380050659181
0 0.0507 305.6296157836914 20.675418853759773 364.42501068115234 40.385692596435554
0 0.0474 528.1661987304688 219.40250205993652 582.0885467529297 241.682336807251
0 0.0473 567.0487594604492 160.01744079589844 623.1106948852539 181.0600357055664
0 0.0452 507.9197311401367 179.5558624267578 562.3108291625977 201.5292053222656
0 0.0441 117.81239032745361 169.60764694213867 172.41088390350342 191.47543716430664
0 0.0407 84.77238655090332 75.35128402709961 125.3673267364502 105.86813735961913
0 0.0400 205.2396583557129 -19.157297134399403 264.78723526000977 0.21385002136231127
0 0.0385 607.9487419128418 279.11030578613276 638.7500190734863 301.9124298095703
0 0.0382 434.87972259521484 40.989358901977546 495.12279510498047 60.062482833862305
0 0.0356 178.25851440429688 169.3591766357422 232.0020294189453 191.72776031494138
0 0.0342 534.1448211669922 -8.731386184692376 595.8108520507812 9.772317886352546
0 0.0339 228.05038452148438 109.48199081420898 282.1914291381836 131.6039924621582
0 0.0317 126.58712387084961 -29.75547981262206 183.53652954101562 -9.171688079833977
0 0.0303 119.05901432037354 138.82460403442383 171.28350734710693 162.26042556762695
0 0.0300 247.01215744018555 210.03661918640134 303.1442451477051 231.04066658020017
0 0.0297 434.94049072265625 20.96388626098633 495.0663757324219 40.088584899902344
0 0.0293 536.7112731933594 140.18164443969727 593.4226226806641 160.89201736450195
0 0.0293 527.3416137695312 249.85840606689453 582.8433227539062 271.2204818725586
0 0.0289 237.10748672485352 179.98936462402344 293.0562400817871 201.0889129638672
0 0.0276 435.19752502441406 60.862434387207024 494.8258972167969 80.1939468383789
0 0.0264 179.1695785522461 138.74865341186523 231.18423461914062 162.33626174926758
0 0.0264 257.1184539794922 239.98226928710938 313.04649353027344 261.0958557128906
0 0.0254 0.0 205.38586425781247 638.75 544.2499999999999
0 0.0230 425.1335906982422 0.8861522674560616 484.88609313964844 20.16898918151856
0 0.0229 0.0 -94.49999999999997 510.9122848510742 187.0149688720703
0 0.0226 138.46227645874023 199.22838973999023 191.81859970092773 221.85831832885742
0 0.0219 265.2378177642822 -19.15812683105468 324.789342880249 0.2143936157226631
0 0.0217 67.9497742652893 -30.46305608749389 122.28383779525757 -8.451952457427971
0 0.0213 376.0894775390625 30.4741554260254 433.9976501464844 50.59281158447266
0 0.0211 237.08444595336914 149.99657440185547 293.07851791381836 171.0807876586914
0 0.0208 487.25799560546875 109.91568374633789 542.9169464111328 131.1645393371582
0 0.0208 597.1194458007812 -40.03257465362548 638.75 -18.891455650329583
0 0.0208 325.7324981689453 0.6302719116211011 384.32952880859375 20.43202209472657
0 0.0200 445.69427490234375 80.6535415649414 504.3634033203125 100.40936279296876
0 0.0181 376.2797164916992 50.38815307617189 433.8211441040039 70.68115997314453
0 0.0175 74.88590478897095 105.15194702148436 115.26048421859741 136.04893493652344
0 0.0172 194.70706939697266 195.4670314788818 235.4285430908203 225.76322364807126
0 0.0171 44.94832992553711 25.038555145263675 85.20197868347168 56.15191268920899
0 0.0163 306.14830017089844 220.44998931884763 363.94248962402344 240.61806488037107
0 0.0162 457.0838928222656 159.99289321899414 513.0799865722656 181.08385848999023
0 0.0157 316.63707733154297 80.21982955932617 373.49056243896484 100.85341262817383
0 0.0154 295.89588165283203 190.56193161010742 354.1769027709961 210.5029182434082
0 0.0151 316.1711883544922 240.43942260742188 373.92127990722656 260.6288604736328
0 0.0149 608.0828666687012 309.0367965698242 638.7500190734863 331.9876174926757
0 0.0149 415.2815246582031 -19.17533826828002 474.7483825683594 0.23232984542847396
0 0.0148 185.4275131225586 -39.23802566528319 244.61288452148438 -19.703351974487294
0 0.0146 198.48325729370117 229.22150421142575 251.7982292175293 251.86615753173825
0 0.0144 474.38426971435547 -18.817781925201405 535.5857467651367 -0.13726186752318606
0 0.0142 18.820228576660156 -0.9921283721923763 71.49337768554688 22.08053398132325
0 0.0141 257.7151298522949 269.66923522949213 312.4981498718262 291.414306640625
0 0.0139 345.07862091064453 170.9050636291504 404.93824005126953 190.14876174926758
0 0.0136 427.0396041870117 100.02371597290039 483.11878204345703 121.05391311645508
0 0.0133 608.3642387390137 -81.13413286209105 638.7500190734863 -57.8398938179016
0 0.0131 286.8968200683594 100.09108352661133 343.25130462646484 120.98452377319335
0 0.0127 355.4280090332031 190.7601051330566 414.61280822753906 210.29825973510742
0 0.0127 608.9713287353516 528.153980255127 638.75 544.2499809265137
0 0.0126 386.8171691894531 80.13394165039062 443.3238983154297 100.94143676757812
0 0.0122 128.50460529327393 229.2059783935547 181.7793607711792 251.8813781738281
0 0.0118 78.50207328796387 199.21070861816406 131.7809772491455 221.8771057128906
0 0.0116 609.4992065429688 488.08743286132807 638.75 512.9391174316405
0 0.0113 0.0 -81.58433866500854 40.750112533569336 -57.33026456832885
0 0.0112 74.78035926818848 145.33642578125 115.35992622375488 175.88158416748044
0 0.0111 534.6470260620117 -28.927261352539052 595.3422164916992 -10.025512695312493
0 0.0110 416.7790985107422 180.14912414550778 473.3598327636719 200.92530059814453
0 0.0110 468.0908203125 209.44821166992188 522.1569061279297 231.63647460937497
0 0.0107 326.5320587158203 260.27142333984375 383.58726501464844 280.8009033203125
0 0.0107 0.0 -31.54097747802734 40.80463886260986 -7.373611450195306
0 0.0104 325.72235107421875 -19.366344928741444 384.33921813964844 0.42835283279419634
0 0.0102 365.7223129272461 210.63408660888672 424.33910369873047 230.42797851562497
