0 0.0491 155.72665786743164 312.8570556640625 206.68395614624026 337.2276306152344
0 0.0412 145.88662719726562 342.7234649658203 196.54401397705078 367.3588562011719
0 0.0401 145.56214904785156 282.9859924316406 196.82927703857425 307.1002960205078
0 0.0334 111.43601989746094 308.53939056396484 150.75269317626953 341.5623092651367
0 0.0317 155.83060836791992 372.77111053466797 206.59289932250977 397.31212615966797
0 0.0282 96.12281417846681 282.5179672241211 146.3384590148926 307.5602722167969
0 0.0280 145.4578742980957 253.06425094604492 196.92191696166995 277.0227241516113
0 0.0257 96.06448745727539 342.564697265625 146.39011001586914 367.5139617919922
0 0.0254 -74.0 299.8858642578125 564.75 638.75
0 0.0254 195.69585418701172 342.87967681884766 246.71151733398435 367.20508575439453
0 0.0248 111.30712127685548 368.82476806640625 150.8699951171875 401.3017272949219
0 0.0238 101.34061431884766 248.75398635864258 140.8392486572266 281.36632919311523
0 0.0229 -73.99999999999997 0.0 436.9122848510742 281.5149688720703
0 0.0224 204.94031524658203 303.43101501464844 257.3846206665039 326.6577911376953
0 0.0217 151.227165222168 398.9931869506836 190.9433517456055 431.14818572998047
0 0.0197 71.37084579467775 308.6836624145508 110.81206893920901 341.43054962158203
0 0.0193 205.78565216064456 372.8070831298828 256.63255310058594 397.276611328125
0 0.0186 15.201011657714856 622.7652168273926 67.25179290771486 638.7499809265137
0 0.0181 115.67079162597658 612.8828048706055 166.73703765869143 637.1999740600586
0 0.0177 191.16592025756836 399.1185760498047 230.9997901916504 431.033935546875
0 0.0176 185.49554443359378 613.0229187011719 236.8911895751953 637.0619964599609
0 0.0173 255.3211746215821 353.16165924072266 307.04427337646484 376.92562103271484
0 0.0173 204.39782714843753 273.77241134643555 257.87606811523443 296.3147163391113
0 0.0172 145.3317222595215 223.15732955932617 197.03418350219727 246.93037033081055
0 0.0163 95.67058181762697 402.89173126220703 146.73541641235352 427.19226837158203
0 0.0156 101.24742126464844 208.95395278930664 140.92446899414062 241.18391036987305
0 0.0156 365.57054138183594 612.9635238647461 416.82511901855474 637.1205520629883
0 0.0155 71.14313220977785 369.1621398925781 111.02105236053468 400.9942626953125
0 0.0153 285.6352005004883 612.9112243652344 336.76839447021484 637.1719360351562
0 0.0152 254.6789703369141 323.59710693359375 307.62132263183594 346.49078369140625
0 0.0151 -44.44986724853514 612.9800415039062 6.843048095703138 637.1042633056641
0 0.0146 61.216832160949714 249.01386260986328 100.9529218673706 281.1293029785156
0 0.0139 65.6677589416504 602.9010772705078 116.73648452758789 627.1839141845703
0 0.0134 231.16975402832034 399.1119384765625 270.99610900878906 431.0399627685547
0 0.0133 45.56870555877687 342.97019958496094 96.82569599151613 367.11456298828125
0 0.0132 45.85325336456301 282.74890899658203 96.57372570037843 307.3335647583008
0 0.0131 241.16990661621097 609.0946197509766 280.9977111816406 638.75
0 0.0130 145.1958808898926 193.25353622436523 197.1557197570801 216.83454513549805
0 0.0129 534.9820098876954 622.6457023620605 564.75 638.7500190734863
0 0.0128 425.1661071777344 622.792797088623 477.28257751464844 638.7500190734863
0 0.0127 145.54940795898438 432.98877716064453 196.84197998046878 457.09667205810547
0 0.0122 15.522390365600598 593.015022277832 66.86476325988771 617.071418762207
0 0.0121 204.4759521484375 243.72417449951172 257.8052673339844 266.3631820678711
0 0.0119 195.09937858581543 573.3126831054688 247.24394416809085 596.7745208740234
0 0.0117 74.92296314239503 573.4366607666016 127.40151500701904 596.6513061523438
0 0.0117 264.1967163085938 293.89102935791016 318.059326171875 316.1949157714844
0 0.0115 195.64392662048343 2.922525405883789 246.75699806213385 27.16303825378418
0 0.0114 262.85211181640625 244.61652755737305 319.2917022705078 265.45915603637695
0 0.0112 271.2340316772461 378.97945404052734 310.9370193481446 411.1606979370117
0 0.0110 336.77709197998047 602.7378082275391 364.81877899169916 638.75
0 0.0107 135.3795394897461 583.1220626831055 186.9916687011719 606.9653701782227
0 0.0106 205.64672088623047 432.9166793823242 256.75523376464844 457.1683883666992
0 0.0104 95.80585098266602 182.7906608581543 146.61479568481445 207.29280471801758
0 0.0103 61.116095542907736 209.2154884338379 101.04614353179933 240.94568252563477
0 0.0103 100.98285293579102 429.46949005126953 141.17023086547852 460.71468353271484
