0 0.3759 61.285823583602905 -27.784357130527486 206.28830790519714 32.71034890413285
0 0.1747 76.9108235836029 34.71564659476281 221.91330790519714 95.21034517884254
0 0.0878 61.285823583602905 -83.49999999999999 206.28830790519714 -29.789651095867146
0 0.0805 61.285823583602905 97.21565032005309 206.28830790519714 157.71034145355225
0 0.0758 21.73544466495514 -2.1682552099227816 64.37674164772034 14.920947790145881
0 0.0642 21.839670836925507 -25.666097462177266 64.28185850381851 -8.455748021602622
0 0.0587 21.886877715587616 21.184986174106605 64.23807889223099 38.443898499012
0 0.0432 85.5901688337326 162.42076987028122 156.969353556633 193.95921164751053
0 0.0381 23.904666304588318 41.207326292991645 77.99997180700302 65.28226816654205
0 0.0376 21.694645285606384 -49.02060544490812 64.41406905651093 -31.976985096931443
0 0.0306 21.606579422950745 -80.22419391572474 64.49516117572784 -63.27434843778609
0 0.0273 155.32700717449188 161.42675065994263 196.48082554340363 179.45453310012817
0 0.0232 0.6162971258163452 -42.21231704950331 22.50371128320694 -7.3983243703842065
0 0.0229 0.0 195.42567217350003 399.1504907608032 415.52342259883875
0 0.0227 4.104137420654297 64.11438965797426 35.09264066815376 89.30527949333191
0 0.0223 0.6264075636863708 -3.0364043116569435 22.49179780483246 31.581168711185462
0 0.0205 39.27568346261978 66.78290450572968 78.29100638628006 86.58636891841888
0 0.0190 203.59037816524506 -35.64298181235789 225.8092612028122 1.3812144249677738
0 0.0176 253.88485193252563 -83.49999999999999 499.0234375 49.06919384002686
0 0.0165 271.09482884407043 170.04591012001038 314.96480107307434 186.45143294334412
0 0.0145 207.5290083885193 0.8832492828369245 237.95047402381897 27.473820090293895
0 0.0143 201.03320479393005 162.10711532831195 244.42097544670105 178.7679099440575
0 0.0135 475.73137283325195 402.9693731069565 499.0234375 415.5234524011612
0 0.0132 201.24462246894836 138.55595672130585 244.22723054885864 155.4456182718277
0 0.0128 0.0 -65.78753358125684 24.308722466230392 -46.506645441055284
0 0.0126 263.3407711982727 146.57842898368835 307.0986270904541 163.04442071914673
0 0.0125 16.217224299907684 91.84650862216951 61.42342835664749 163.78624522686005
0 0.0124 155.23584187030792 184.92531561851504 196.56269252300262 202.8311469554901
0 0.0122 201.7514556646347 114.8298510313034 243.76462399959564 132.2997339963913
0 0.0112 202.35273241996765 91.01237142086029 243.22044849395752 109.24367392063142
0 0.0112 0.0 35.883852928876884 24.429598823189735 54.948495417833335
0 0.0108 310.36829948425293 154.3140464425087 353.8329601287842 170.93538278341293
0 0.0108 448.74407351017 279.6537556648254 499.0234225988388 318.64610099792475
0 0.0107 476.1756509542465 371.64282584190363 499.0234524011612 391.0653569698334
0 0.0102 247.99379706382751 122.99626851081848 291.2181317806244 139.75396537780762
