0 0.1197 286.5037536621094 34.282419204711935 343.6140441894531 54.78923988342288
0 0.0981 276.3168239593506 14.37251281738284 333.7864017486572 34.6974678039551
0 0.0944 306.6128635406494 54.228336334228544 363.513708114624 74.84416198730472
0 0.0827 507.6422882080078 53.7040300369263 562.5659942626953 75.37821483612062
0 0.0794 347.03433990478516 34.02366828918459 403.12427520751953 55.053503036499045
0 0.0744 246.99115753173828 54.04505920410159 303.16410064697266 75.03165435791017
0 0.0642 336.26399993896484 4.39450454711917 393.8358688354492 24.674484252929712
0 0.0638 275.8752918243408 -5.428827285766573 334.19596672058105 14.493448257446316
0 0.0591 508.50231170654297 23.204023361206087 561.7821884155273 45.88285636901858
0 0.0478 587.9661750793457 73.52309417724611 638.7499809265137 95.56132507324222
0 0.0471 507.50083923339844 83.7824172973633 562.6952362060547 105.29902648925783
0 0.0441 217.2167205810547 23.930027008056662 272.95654296875 45.14874649047854
0 0.0417 367.84603118896484 63.591486930847196 422.3795700073242 85.49224567413333
0 0.0413 608.7840270996094 102.60579299926759 638.75 126.42293167114259
0 0.0392 397.32826232910156 13.868009567260767 452.85491943359375 35.21112632751467
0 0.0381 587.3521423339844 43.85665130615237 638.75 65.22286605834964
0 0.0364 287.034912109375 84.02451705932619 343.1234359741211 105.05284500122072
0 0.0355 335.93353271484375 -15.457697391509981 394.14268493652344 4.522528171539336
0 0.0322 275.7844638824463 -25.39077568054196 334.2808437347412 -5.546024322509735
0 0.0316 217.45508193969727 -6.193244934082002 272.7372169494629 15.27430725097659
0 0.0313 599.0283012390137 132.86856842041016 638.7500190734863 156.21974182128906
0 0.0286 518.6509323120117 -6.883705139160127 571.6464614868164 15.971767425537138
0 0.0269 417.7478790283203 43.64666175842288 472.46917724609375 65.43646049499513
0 0.0254 0.0 209.3858642578125 638.75 548.25
0 0.0254 277.07303047180176 184.00183868408203 333.0890941619873 205.07537078857425
0 0.0252 275.87687492370605 234.56702423095706 334.1954517364502 254.49706268310547
0 0.0242 276.25083923339844 214.39486694335938 333.84944915771484 234.6730728149414
0 0.0235 608.0046844482422 13.079177856445341 638.75 35.94418716430666
0 0.0229 0.0 -90.49999999999997 510.9122848510742 191.0149688720703
0 0.0222 337.1508026123047 183.96022033691406 393.0180358886719 205.11737060546875
0 0.0222 347.5022506713867 93.77776336669925 402.69481658935547 115.30310821533205
0 0.0221 608.9384269714355 162.50092697143555 638.7500190734863 186.52787399291992
0 0.0221 286.1082172393799 254.46578216552737 343.9802074432373 274.60143280029297
0 0.0215 548.347053527832 113.3016700744629 601.922492980957 135.78503799438477
0 0.0203 397.9346466064453 173.54298782348633 452.29820251464844 195.54154586791995
0 0.0201 276.688232421875 154.19427108764648 333.4435272216797 174.87939071655273
0 0.0200 397.13172912597656 -16.032474517822237 453.03611755371094 5.109531402587919
0 0.0193 608.2282829284668 -17.051294326782198 638.7500190734863 6.076471328735379
0 0.0190 448.00994873046875 73.50068283081058 502.22930908203125 95.5843849182129
0 0.0187 336.7757797241211 214.1465301513672 393.3639144897461 234.92720794677734
0 0.0182 227.41790771484375 83.82704925537112 282.7711868286133 105.25378417968751
0 0.0181 488.4181594848633 113.26304626464847 541.8569564819336 135.82457733154297
0 0.0179 337.3207473754883 153.87326431274414 392.8615188598633 175.20600509643555
0 0.0158 276.8507385253906 114.10962295532228 333.29479217529297 134.9648780822754
0 0.0153 512.6921272277832 -90.49999999999997 638.7499809265137 -20.650761604309054
0 0.0151 608.8961982727051 192.52871704101562 638.7499809265137 216.49993133544922
0 0.0149 335.9814453125 -35.4812316894531 394.09881591796875 -15.453718185424776
0 0.0143 48.20289611816406 93.3788414001465 102.05560684204102 115.70588302612306
0 0.0140 246.60839080810547 134.23207473754886 303.51741790771484 154.84063339233398
0 0.0140 37.940025329589844 53.53728961944582 92.29391098022461 75.5468626022339
0 0.0140 408.47972869873047 103.22097015380861 461.8020248413086 125.86627197265625
0 0.0139 464.7644805908203 9.351827621459988 505.37620544433594 39.86768913269045
0 0.0138 187.44182586669922 53.814703941345236 242.74917602539062 75.26639652252199
0 0.0137 37.40732431411743 23.830654144287138 92.78135061264038 45.24979782104494
0 0.0137 468.6286926269531 173.1250877380371 521.6677093505859 195.96215438842773
0 0.0136 337.5015640258789 123.77825927734378 392.69542694091797 145.3026123046875
0 0.0134 266.17499351501465 -45.56635665893551 323.9187717437744 -25.365951538085906
0 0.0133 296.81400299072266 274.13504791259766 353.32691192626953 294.9402542114257
0 0.0131 158.09823989868164 13.45001411437991 212.14876174926758 35.63562583923342
0 0.0126 398.0853271484375 203.45259857177737 452.16163635253906 225.63224029541018
0 0.0124 346.9131851196289 244.07870483398435 403.23719024658203 264.99644470214844
0 0.0117 539.0744018554688 142.8381271362305 591.2645721435547 166.25025939941406
0 0.0116 608.9801788330078 532.1470756530762 638.75 548.2500190734862
0 0.0112 608.8100433349609 222.5875015258789 638.75 246.44110870361328
0 0.0109 226.84776306152344 254.12028503417966 283.2953643798828 274.95562744140625
0 0.0109 397.9762268066406 143.5135192871094 452.26158142089844 165.5704040527344
0 0.0108 98.77538681030273 73.037654876709 151.53369903564453 96.05076980590822
0 0.0107 0.0 -6.900279998779268 51.62132263183594 15.98853302001956
0 0.0106 216.99298858642578 184.04156875610352 273.1630325317383 205.03476333618167
0 0.0104 216.3843536376953 224.33768463134766 273.7247085571289 244.73250579833984
0 0.0103 217.00355529785156 154.0389175415039 273.1526565551758 175.0379104614258
0 0.0100 98.11190605163574 33.43961906433108 152.13683128356934 55.645734786987326
