0 0.0362 506.9627380371094 93.5586967468262 563.1904602050781 114.51763534545901
0 0.0286 247.87731170654297 93.07701492309572 302.35023498535156 115.00736618041994
0 0.0281 118.44585418701172 -39.68397712707517 304.04903411865234 37.74924659729006
0 0.0254 0.0 208.88586425781259 638.75 547.7500000000001
0 0.0250 476.45477294921875 73.80499267578126 533.6594390869141 94.2660369873047
0 0.0244 248.16646575927734 62.908715248107924 302.08690643310547 85.17707729339602
0 0.0235 307.0269012451172 93.52896118164064 363.13072204589844 114.54836273193362
0 0.0230 188.7706184387207 92.5379981994629 241.53860092163086 115.55004501342776
0 0.0221 405.9822082519531 74.02279281616212 464.09698486328125 94.0429725646973
0 0.0215 446.59088134765625 93.74075317382814 503.53355407714844 114.33180236816408
0 0.0210 386.51119232177734 93.7805976867676 443.6067581176758 114.29138565063478
0 0.0209 189.25018310546875 52.20648670196536 241.10897064208984 75.88022136688235
0 0.0203 306.9510269165039 63.565472602844245 363.2010269165039 84.51089763641359
0 0.0195 258.2759094238281 122.8494682312012 311.986083984375 145.23765945434573
0 0.0178 506.51756286621094 53.7731399536133 563.6019134521484 74.29823303222658
0 0.0178 517.652587890625 123.19939041137697 572.5563049316406 144.8830833435059
0 0.0171 405.7730484008789 54.11441707611086 464.29141998291016 73.94867801666261
0 0.0170 547.6619720458984 73.19036865234376 602.5486755371094 94.89160919189455
0 0.0167 277.7439498901367 33.15017127990725 332.47249603271484 54.93312263488771
0 0.0157 389.1139221191406 -90.99999999999997 638.75 49.70279121398928
0 0.0155 416.98131561279297 113.55160140991214 473.1727981567383 134.52526473999026
0 0.0154 97.84933090209961 243.09034729003906 152.37634658813477 264.99349975585943
0 0.0152 199.54368591308594 121.9991149902344 250.84583282470703 146.08717346191406
0 0.0145 117.96143054962158 273.03076171875 172.27309703826904 295.0543823242188
0 0.0143 347.3059844970703 113.38720703125001 402.8736877441406 134.69290161132812
0 0.0140 145.13490676879883 38.17883396148683 185.02862930297852 69.97905635833742
0 0.0139 129.45590496063232 92.06087493896487 180.92468738555908 116.02545166015628
0 0.0132 118.48382949829102 302.7202453613281 171.79790496826172 325.3672637939453
0 0.0130 336.69124603271484 43.69090461730959 393.44120025634766 64.38247108459474
0 0.0130 88.31174850463867 212.82010459899902 141.9552230834961 235.2660312652588
0 0.0125 608.3112907409668 332.40061187744146 638.7500190734863 355.6254043579102
0 0.0124 178.19650650024414 292.89286041259766 232.05915451049805 315.1933517456054
0 0.0120 568.3392333984375 102.80691528320314 621.9294738769531 125.27983093261719
0 0.0117 154.34864044189453 -90.99999999999997 266.86927795410156 -56.25578498840329
0 0.0112 0.0 -90.99999999999999 129.46765899658203 -21.12060642242429
0 0.0110 28.341541290283203 222.8036346435547 81.9278335571289 245.2828826904297
0 0.0109 548.6294174194336 202.6207389831543 601.6679000854492 225.4659690856934
0 0.0109 177.84788131713867 263.09004211425787 232.37794876098633 284.99365234375
0 0.0108 457.70336151123047 133.17261123657227 512.5095748901367 154.91039657592773
0 0.0108 608.9985466003418 531.6323699951172 638.7500190734863 547.75
0 0.0107 608.4094047546387 362.3429336547852 638.7500190734863 385.6839981079102
0 0.0107 497.7916717529297 323.119987487793 552.4296569824219 344.9630966186524
0 0.0105 268.9630889892578 152.41426849365234 321.3644790649414 175.67430877685547
0 0.0104 598.8662528991699 222.47652435302737 638.7500190734863 245.61174774169922
0 0.0103 129.3388557434082 122.14426422119142 181.02949142456055 145.94229125976565
0 0.0103 89.16913032531738 52.266792297363295 141.18084907531738 75.8206024169922
0 0.0101 128.87872695922852 152.46103668212893 181.44243240356445 175.62620544433594
0 0.0101 598.3062744140625 302.8239288330078 638.75 325.2622833251953
