0 0.1274 17.64133930206299 -15.791320800781246 72.56592273712158 5.874195098876953
0 0.1152 27.006797790527344 -45.46154022216796 83.14939498901367 -24.461402893066406
0 0.1080 8.619933128356934 13.63852024078369 61.673903465270996 36.449828147888184
0 0.1017 587.2619819641113 -75.60260534286499 638.7499809265137 -54.319632053375244
0 0.0925 26.902284622192383 -75.41228294372559 83.24640274047852 -54.512138366699226
0 0.0784 608.6018180847168 -46.77588462829589 638.7500190734863 -23.196001052856445
0 0.0726 206.1109733581543 -75.03875732421875 263.9784812927246 -54.89453315734863
0 0.0701 205.93345642089844 -54.956626892089844 264.1425323486328 -34.978389739990234
0 0.0688 0.0 43.10371398925781 50.96570014953613 66.9839096069336
0 0.0627 545.8777618408203 -94.93452548980711 604.1948699951172 -75.00157833099364
0 0.0610 196.12564086914062 -35.04190444946289 253.96400451660156 -14.890651702880856
0 0.0597 216.66866302490234 -95.30194282531737 273.4629440307617 -74.62550163269042
0 0.0568 574.3924140930176 -15.163187980651855 638.7499809265137 34.74700450897217
0 0.0564 77.51373291015625 -25.72582244873047 132.68367767333984 -4.192829132080079
0 0.0542 266.14386558532715 -75.05511283874512 323.94837379455566 -54.87802505493164
0 0.0536 196.49608612060547 -15.211772918701172 253.62060546875 5.283679962158203
0 0.0526 87.440185546875 -55.69005012512206 142.75196075439453 -34.229726791381836
0 0.0519 525.8826446533203 -74.93393898010252 584.1896820068359 -55.00165939331055
0 0.0500 147.02962398529053 -55.4725456237793 203.1282663345337 -34.450111389160156
0 0.0492 68.70793342590332 3.576431274414062 121.59565925598145 26.511230468749996
0 0.0478 265.86655616760254 -54.92960929870605 324.2052364349365 -35.00662803649902
0 0.0473 276.6940975189209 -95.31333923339842 333.43926429748535 -74.61369514465332
0 0.0473 547.0215606689453 -55.47006607055664 603.1360626220703 -34.45291519165039
0 0.0442 255.67869186401367 -34.846229553222656 314.3794822692871 -15.092124938964844
0 0.0442 515.8071136474609 -114.90349650382994 574.2604827880859 -95.03348469734192
0 0.0412 587.3886108398438 -115.67313194274902 638.75 -94.24864292144775
0 0.0405 255.80429077148438 -14.898643493652342 314.26219940185547 4.9622154235839835
0 0.0402 486.00433349609375 -94.98727798461914 544.0765380859375 -74.94672775268555
0 0.0387 27.464616298675537 -105.70333003997803 82.72960901260376 -84.21628475189209
0 0.0383 147.43139743804932 -85.68393230438231 202.75968074798584 -64.23569202423096
0 0.0364 88.01956176757812 -86.01267337799071 142.22232818603516 -63.903346061706536
0 0.0340 226.90359115600586 4.593110084533691 283.24377059936523 25.483412742614743
0 0.0334 336.65870666503906 -95.29446125030518 393.4715270996094 -74.63266849517822
0 0.0334 137.45672225952148 -25.6915283203125 192.7351188659668 -4.227008819580078
0 0.0278 307.0503616333008 -115.48722267150879 363.1101608276367 -94.43588256835938
0 0.0267 456.7013168334961 -115.31238079071044 513.431510925293 -94.613881111145
0 0.0263 517.6749420166016 -25.813026428222656 572.5359344482422 -4.104366302490234
0 0.0259 177.75863647460938 -115.8614146709442 232.45983123779297 -94.05571103096008
0 0.0254 0.0 159.8858642578125 638.75 498.74999999999994
0 0.0253 326.40316009521484 -65.1725959777832 383.7076187133789 -44.75723266601562
0 0.0244 0.0 72.84217834472655 50.66567420959473 97.24250793457031
0 0.0243 366.9877243041992 -115.45631527900696 423.1679916381836 -94.46748614311217
0 0.0240 0.0 -50.89491844177246 25.257291793823242 -18.952112197875977
0 0.0240 157.94584274291992 4.042015075683593 212.2867774963379 26.043376922607422
0 0.0239 508.5968780517578 3.643279075622559 561.6969299316406 26.44361972808838
0 0.0234 286.6267395019531 4.72440242767334 343.5002136230469 25.348687171936035
0 0.0229 0.0 -140.0 510.9122848510742 141.5149688720703
0 0.0221 448.36029052734375 23.793830871582028 501.9104766845703 46.29295349121094
0 0.0214 516.4844131469727 -135.2175235748291 573.6340713500977 -114.71246719360353
0 0.0209 316.211462020874 -35.084266662597656 373.8852787017822 -14.84781265258789
0 0.0206 574.3924140930176 44.83682632446289 638.7499809265137 94.74702835083009
0 0.0205 58.95660638809204 33.407135009765625 111.37275457382202 56.679840087890625
0 0.0202 316.3150405883789 -15.130090713500975 373.7888717651367 5.199499130249023
0 0.0202 508.89591217041016 33.44816207885742 561.4272689819336 56.63888931274414
0 0.0181 0.0 -137.04185009002686 50.79822540283203 -112.87224531173706
0 0.0171 0.0 -91.12562417984007 25.15058994293213 -58.74185323715209
0 0.0171 207.82257080078125 154.10541534423825 262.40081787109375 175.97827911376953
0 0.0165 357.37548828125 4.3468332290649405 412.8107452392578 25.733237266540527
0 0.0165 447.74600982666016 -5.849590301513671 502.4702835083008 15.933094024658203
0 0.0165 237.52201080322266 -125.73402881622313 292.67696380615234 -104.1851234436035
0 0.0161 486.5852737426758 -55.25425910949707 543.5381698608398 -34.672880172729485
0 0.0157 88.7547492980957 -116.45659446716307 141.55399322509766 -93.45607757568358
0 0.0156 207.90983200073242 34.05754089355469 262.3207664489746 56.02687835693359
0 0.0155 217.77637481689453 124.12666320800781 272.44407653808594 145.95603942871094
0 0.0152 448.59134674072266 53.65289688110351 501.70055389404297 76.4348793029785
0 0.0150 466.4945602416992 -75.2117347717285 523.6221694946289 -54.71647262573242
0 0.0139 406.9987106323242 -95.46025276184082 463.15746307373047 -74.46320533752441
0 0.0139 0.0 102.75335311889648 50.57356357574463 127.3296546936035
0 0.0133 388.1370544433594 33.92639160156249 442.1135711669922 56.15932464599609
0 0.0126 268.9518642425537 143.4153938293457 321.3759708404541 166.67226791381836
0 0.0126 377.38216400146484 -25.65785408020019 432.8049087524414 -4.262170791625978
0 0.0123 208.54358673095703 183.6781311035156 261.7448425292969 206.4088439941406
0 0.0116 208.08948516845703 63.954734802246094 262.1567916870117 86.13079071044922
0 0.0111 218.2144546508789 93.8797378540039 272.0433807373047 116.20620727539061
0 0.0110 267.664794921875 34.19429779052734 322.5448226928711 55.88851928710937
0 0.0110 417.3936462402344 -135.66603899002075 472.7947998046875 -114.25421476364136
0 0.0108 457.01534271240234 -35.467071533203125 513.1418228149414 -14.455986022949219
0 0.0104 158.02190780639648 133.99433135986328 212.21830368041992 156.09088897705078
