0 0.4121 153.06254386901855 224.91418838500977 268.191499710083 274.56403732299805
0 0.3740 153.06254386901855 284.9141788482666 268.191499710083 334.5640468597412
0 0.3570 153.06254386901855 164.91418838500977 268.191499710083 214.56403732299805
0 0.2573 133.06254386901855 104.9141788482666 248.19149971008298 154.5640468597412
0 0.2150 -66.93746566772461 84.9141788482666 48.19150924682617 134.5640468597412
0 0.2117 188.1185817718506 337.0982360839844 272.6026248931884 403.126220703125
0 0.2047 -74.22133445739746 47.59687662124634 -35.544438362121575 82.42616415023804
0 0.1917 -49.978275299072266 4.089388847351074 40.465240478515625 45.77950954437256
0 0.1772 -4.190218448638916 47.480525970458984 34.43119287490844 82.53315925598145
0 0.1630 -74.06617164611815 136.61040782928467 -35.63008785247803 173.33576679229736
0 0.1492 165.92226028442383 66.60967588424683 204.38310623168945 103.33651781082153
0 0.1283 -31.88142776489258 137.09826946258545 52.60263442993164 203.12622547149658
0 0.1232 48.11857223510742 77.0982551574707 132.60263442993164 143.126220703125
0 0.1205 160.35026550292966 340.44559478759766 189.3360137939453 389.45194244384766
0 0.1130 115.86624145507812 164.78036880493164 153.90655517578125 225.11171340942383
0 0.1080 265.8197784423828 276.2281799316406 304.53285217285156 313.69049072265625
0 0.0979 115.86448669433592 224.77951049804688 153.9047622680664 285.10326385498047
0 0.0978 130.38543701171875 330.46939849853516 159.2925262451172 379.39754486083984
0 0.0974 205.92123985290527 66.81741952896118 244.3656253814697 103.14441442489624
0 0.0864 -79.27526473999023 2.211489677429199 -51.119182109832764 47.887349128723145
0 0.0855 175.88281631469727 407.1158218383789 214.3821144104004 442.8690719604492
0 0.0850 -79.99999999999999 177.21406936645508 -45.569343566894524 212.7787208557129
0 0.0796 130.5220603942871 50.8704948425293 159.1251564025879 98.98239135742188
0 0.0766 275.8411407470703 316.24619483947754 314.50714111328125 353.673620223999
0 0.0750 130.50048828124997 380.7851791381836 159.15149688720703 429.0623092651367
0 0.0741 115.6283950805664 286.1874771118164 154.75303649902344 323.72962951660156
0 0.0719 215.92724800109863 406.7715072631836 254.36289787292478 443.1868362426758
0 0.0700 265.9186172485351 216.47825241088867 304.3989181518554 253.45815658569336
0 0.0669 175.71367263793945 447.80235290527344 214.50979232788083 482.2374725341797
0 0.0664 245.86025238037107 127.2428846359253 284.3960189819336 162.75192737579346
0 0.0648 75.87711334228514 154.83179569244385 113.86322021484375 214.93707180023193
0 0.0574 135.74533462524414 437.69813537597656 174.48381423950195 472.33314514160156
0 0.0535 35.790271759033196 37.55627155303955 74.44622039794922 72.46349811553955
0 0.0506 100.49549102783203 340.77022552490234 129.15760040283203 389.07772064208984
0 0.0498 215.85093498229978 447.3048782348633 254.40091133117673 482.69481658935547
0 0.0434 100.60752868652342 391.33628845214844 129.02156829833982 438.58314514160156
0 0.0433 255.90717315673828 406.98829650878906 294.36611175537104 442.9866027832031
0 0.0432 270.58582305908203 161.19054794311523 299.04773712158203 208.7021827697754
0 0.0431 275.9048080444336 356.40586853027344 314.4209671020507 393.5253143310547
0 0.0425 165.65450668334958 487.9739761352539 204.56045150756836 522.079963684082
0 0.0419 91.77467346191406 1.307826042175293 178.8750076293945 48.35038661956787
0 0.0386 255.87753295898438 447.196044921875 294.38072204589844 482.79502868652344
0 0.0367 40.37284851074219 2.2649359703063965 90.12702941894531 27.80505895614624
0 0.0365 235.79115867614746 487.5382995605469 274.44687843322754 522.4800872802734
0 0.0364 80.48624038696288 220.74880599975586 109.16898727416992 269.1020393371582
0 0.0362 125.5693244934082 478.2027816772461 164.63483810424802 511.8703079223633
0 0.0361 245.79463958740232 87.52250671386719 284.4443893432617 122.49458312988281
0 0.0348 405.69671630859375 217.860107421875 444.52354431152344 252.1844482421875
0 0.0340 95.56968688964845 438.2027816772461 134.6343994140625 471.8703079223633
0 0.0320 185.76019287109375 27.65533447265625 224.47101593017578 62.37246513366699
0 0.0296 275.799331665039 487.5190734863281 314.43946838378906 522.4977111816406
0 0.0288 25.551471710205078 408.25313568115234 64.6501350402832 441.82422637939453
0 0.0280 305.8951950073242 276.40377044677734 344.4320297241211 313.5272979736328
0 0.0280 225.51764488220212 528.3346557617188 264.6804904937744 561.7495727539062
0 0.0275 80.54222106933594 270.98743438720703 109.10079956054688 318.8833999633789
0 0.0269 70.65974712371826 381.67728424072266 98.95859241485594 428.30371856689453
0 0.0266 165.3880500793457 528.6382293701172 204.7971534729004 561.4720916748047
0 0.0262 361.2092590332031 252.22496032714844 449.3450164794922 297.4983596801758
0 0.0257 0.6168746948242182 201.38671875 29.010238647460934 248.53992462158203
0 0.0250 390.35087585449213 192.29923248291016 440.1432800292969 217.77301788330078
0 0.0250 -80.0 217.77278900146484 -45.477614402771 252.2647476196289
0 0.0246 315.9711837768554 314.9989414215088 353.81847381591797 374.80238914489746
0 0.0244 55.41702747344971 448.5768508911133 94.77046489715575 481.5281295776367
0 0.0240 205.2954387664795 568.8490676879883 244.8808002471924 601.2795639038086
0 0.0237 40.589599609375 201.22127532958984 69.04321670532225 248.677978515625
0 0.0232 427.0137786865234 74.53466415405273 483.14300537109375 95.54241180419922
0 0.0229 174.65136528015134 604.8036193847656 286.5605640411377 638.75
0 0.0227 15.392570495605467 448.63548278808594 54.79230880737304 481.4745330810547
0 0.0223 249.7679901123047 62.81789779663086 300.64880371093744 87.26554870605469
0 0.0220 265.627326965332 528.04931640625 304.5840072631836 562.0109558105469
0 0.0220 85.44429779052736 488.5170364379883 124.7455596923828 521.5827560424805
0 0.0216 295.7668304443359 447.6380157470703 334.46510314941406 482.3883819580078
0 0.0212 295.8020782470703 407.49645233154297 334.43840026855463 442.5185012817383
0 0.0212 365.6789779663086 327.9106140136719 404.5387649536133 362.1380615234375
0 0.0210 70.61201095581055 331.35547637939453 99.01609420776367 378.56563568115234
0 0.0210 -29.35854434967041 201.55643463134766 -1.019349098205566 248.4023666381836
0 0.0207 125.35543441772458 518.7186431884766 164.82603073120117 551.3986206054688
0 0.0205 25.617904663085938 368.07987213134766 64.59171295166016 401.98291778564453
0 0.0201 365.85536956787104 217.2966194152832 404.3966293334961 252.70238876342773
0 0.0201 427.83538818359375 104.10186767578125 482.38822937011713 125.98243713378906
0 0.0192 165.1595115661621 569.1304016113281 205.00581741333008 601.0231781005859
0 0.0190 245.2870178222656 568.8657760620117 284.88861083984375 601.2643051147461
0 0.0186 19.171333312988278 622.7874755859375 71.27822875976562 638.75
0 0.0184 79.79906082153319 612.7746963500977 130.6251335144043 637.3059463500977
0 0.0179 -14.727818965911867 408.89354705810547 24.902570247650146 441.23905181884766
0 0.0178 289.6444320678711 612.9033279418945 340.76038360595703 637.1796798706055
0 0.0177 285.5989456176758 128.1353759765625 324.6078109741211 161.9320297241211
0 0.0174 135.22579193115232 608.9780426025391 174.94644165039062 638.75
0 0.0172 305.90065002441406 197.0664405822754 344.3663787841797 232.91448593139648
0 0.0171 360.8349609375 301.7283535003662 409.7465515136719 328.3199405670166
0 0.0170 15.313529968261717 488.81420135498047 54.863834381103516 521.3113784790039
0 0.0167 225.4587459564209 28.482203483581543 264.73259925842285 61.614623069763184
0 0.0160 349.21169281005854 622.7557182312012 401.24256134033203 638.7500190734863
0 0.0160 315.5592346191406 488.23619842529297 354.64302062988276 521.839714050293
0 0.0159 125.17225265502928 559.1064453125 164.99387741088864 591.0449981689453
0 0.0157 85.39018630981444 528.6422348022461 124.79433059692383 561.468391418457
0 0.0153 -40.56675910949707 613.0702209472656 10.94639778137207 637.0152282714844
0 0.0147 305.5057907104492 528.3694076538086 344.69051361083984 561.7177963256836
0 0.0146 35.26474952697754 528.9149856567383 74.90880012512206 561.2194442749023
0 0.0145 415.5987167358398 298.1337356567383 454.60826873779297 331.93355560302734
0 0.0145 50.66779136657714 251.73931121826172 78.94894599914551 298.2546615600586
0 0.0143 -24.912176132202145 449.2646789550781 15.07298469543457 480.9009552001953
0 0.0142 9.54254150390625 592.9970932006836 60.847434997558594 617.0888137817383
0 0.0142 285.214614868164 569.0163803100586 324.95521545410156 601.1270523071289
0 0.0140 428.6214828491211 133.63648414611816 481.67270660400385 156.4517307281494
0 0.0139 85.21066665649415 569.0277862548828 124.95847702026366 601.1166381835938
0 0.0138 305.928955078125 236.78213119506836 344.36004638671875 273.17697525024414
0 0.0133 528.9801025390624 622.6472282409668 558.75 638.7500190734863
0 0.0132 19.5158576965332 563.0123901367188 70.87213516235352 587.0730590820312
0 0.0132 40.67477226257324 321.7840576171875 68.94049644470215 368.21800231933594
0 0.0132 379.508056640625 163.02448272705078 430.87776184082026 187.0618438720703
0 0.0128 371.9380187988281 366.4089775085449 558.75 638.7500190734863
0 0.0127 -80.0 602.8615951538086 -39.29601669311524 627.221794128418
0 0.0126 -14.705104827880858 368.8446044921875 24.881820678710938 401.2836456298828
0 0.0124 180.3750991821289 2.2695016860961914 230.12378692626953 27.801308631896973
0 0.0124 238.75690460205075 3.550891876220703 291.5501022338867 26.537704467773438
0 0.0123 -79.2758321762085 422.20386505126953 -51.11852169036866 467.8928756713867
0 0.0121 -80.0 572.9695510864258 -39.18469429016114 597.1161270141602
0 0.0118 300.6986618041992 161.90689086914062 349.85538482666016 188.1500244140625
0 0.0116 345.221939086914 589.0072631835938 384.9478149414062 621.1353302001953
0 0.0113 -4.806680679321288 529.0586090087891 34.97494697570801 561.0885620117188
0 0.0111 -80.0 542.8044891357422 -39.364728927612305 567.2786712646484
0 0.0110 -80.0 388.5000228881836 -45.25781631469727 421.5983200073242
0 0.0108 -79.99999999999999 468.6042022705078 -45.218510627746575 501.5031433105469
0 0.0108 345.3582763671875 528.7152099609375 384.82315063476557 561.4017486572266
0 0.0108 -24.98785018920898 489.40887451171875 15.14348030090332 520.7698059082031
0 0.0103 -80.0 508.7397003173828 -45.16398429870605 541.37939453125
0 0.0102 396.7467498779297 54.66285705566406 453.39019775390625 75.41093826293945
0 0.0102 405.48046112060547 338.43143463134766 444.71302032470703 371.6610336303711
0 0.0101 -79.29365396499634 252.05352783203125 -51.09721660614014 298.0092239379883
