0 0.1405 277.3295593261719 126.37284469604494 332.85247802734375 147.70714950561523
0 0.0953 316.97312355041504 106.55150604248048 373.18129539489746 127.52463531494143
0 0.0908 218.72507095336914 115.56962203979496 271.5792655944824 138.5186882019043
0 0.0823 346.6869354248047 126.69392776489258 403.4449768066406 147.3795433044434
0 0.0780 316.9468307495117 146.5678520202637 373.2047653198242 167.50851821899417
0 0.0678 228.19292068481445 145.89509201049805 282.0623970031738 168.1911201477051
0 0.0672 376.9692611694336 106.55055236816409 433.18553924560547 127.52509307861331
0 0.0607 257.8158378601074 86.10627365112306 312.4076271057129 107.97692489624026
0 0.0564 199.50435638427734 85.02803039550783 250.88092803955078 109.05844879150392
0 0.0462 377.89234161376953 76.05727386474612 432.3390579223633 98.02554321289065
0 0.0460 318.01475524902344 75.98790359497073 372.2271728515625 98.09571456909183
0 0.0456 277.3567199707031 166.35750961303714 332.82779693603516 187.72256088256836
0 0.0423 438.28346252441406 95.83504867553714 491.9813537597656 118.25066757202151
0 0.0400 417.70008087158203 126.17125701904297 472.51331329345703 147.91125488281253
0 0.0338 378.4458541870117 -96.68397712707517 564.0490341186523 -19.250753402709936
0 0.0330 189.6171760559082 54.942047119140646 240.7808494567871 79.14359283447267
0 0.0317 175.23574829101562 110.97592544555665 214.93541717529297 143.16388320922854
0 0.0317 377.61932373046875 156.21661376953125 432.58705139160156 177.865478515625
0 0.0281 438.96934509277344 65.40152740478517 491.36070251464844 88.68582916259768
0 0.0269 218.15549850463867 175.91628265380862 272.09665298461914 198.1696243286133
0 0.0267 18.601064682006836 75.64383697509768 71.69241905212402 98.44351959228518
0 0.0262 145.4692268371582 70.4630584716797 184.72265243530273 103.63211822509768
0 0.0254 0.0 191.88586425781253 638.75 530.75
0 0.0238 8.830280303955078 45.49979877471926 61.484622955322266 68.58839702606204
0 0.0232 248.77592086791992 55.52878570556643 301.5350532531738 78.55845642089847
0 0.0216 69.24300193786621 55.21636199951174 121.1143970489502 78.87103271484376
0 0.0209 169.1710662841797 145.26412200927734 221.17938995361328 168.82308197021487
0 0.0197 139.8382806777954 44.76679515838625 190.58576107025146 69.31663227081302
0 0.0196 574.3924140930176 -83.16318321228023 638.7499809265137 -33.25297164916989
0 0.0188 337.3583984375 176.35686111450195 392.82623291015625 197.72324752807617
0 0.0187 8.923330307006836 15.438301086425808 61.400794982910156 38.649932861328146
0 0.0186 8.91568660736084 105.44533920288087 61.40726089477539 128.64316177368164
0 0.0178 358.92822265625 45.42605590820315 411.3983154296875 68.66088104248048
0 0.0178 511.90391540527344 -18.15819549560544 638.75 81.62707519531253
0 0.0169 253.06254386901855 -103.08583068847653 368.191499710083 -53.43595314025875
0 0.0158 189.43689346313477 25.073005676269556 240.94202041625977 49.01314926147464
0 0.0156 79.45797920227051 85.05881500244142 130.92293739318848 109.02739715576173
0 0.0147 69.00115966796875 25.385305404663114 121.33094787597656 48.702775955200224
0 0.0143 208.60431671142578 205.6468029022217 261.6883850097656 228.44131660461426
0 0.0142 267.6533889770508 196.2015838623047 322.5550079345703 217.88130950927734
0 0.0136 608.98193359375 514.6458740234374 638.75 530.75
0 0.0135 609.1757392883301 224.83210754394534 638.7499809265137 249.1961975097656
0 0.0134 437.97840118408203 156.01681900024417 492.2585678100586 178.06779098510742
0 0.0132 478.3338928222656 125.8104820251465 531.9342803955078 148.2763023376465
0 0.0129 314.9435043334961 41.53546524047854 355.2077102661133 72.65477371215822
0 0.0126 459.6581268310547 34.89569854736331 510.7476043701172 59.18759536743166
0 0.0125 475.74989318847656 -20.324466705322237 514.4807434082031 14.353935241699245
0 0.0123 0.0 135.13518524169922 51.00649833679199 158.95240020751953
0 0.0119 159.1725730895996 175.27051162719727 211.17647171020508 198.81772232055664
0 0.0115 9.005656242370605 -14.615943908691376 61.326518058776855 8.704273223876982
0 0.0115 135.45831680297852 110.48360061645509 174.73297119140625 143.61333084106448
0 0.0110 435.5373001098633 -19.7269420623779 474.66426849365234 13.806020736694364
0 0.0109 609.6370124816895 484.4710845947265 638.7499809265137 509.5534057617187
0 0.0105 498.19358825683594 95.89181137084964 552.0624542236328 118.19398117065431
0 0.0103 609.1352844238281 254.86113739013675 638.75 279.1672439575196
0 0.0103 0.0 -45.04574584960935 40.799007415771484 -20.86888122558591
0 0.0103 0.0 -105.14440345764157 40.68501949310303 -80.77114868164058
0 0.0102 249.68679428100586 24.87450790405276 300.7220268249512 49.208690643310575
