0 0.1298 29.56915855407715 152.95770645141602 80.82779884338379 177.12541580200192
0 0.1184 19.81879234313965 182.7696990966797 70.60552597045898 207.31220245361325
0 0.1122 35.79002380371094 217.50949859619138 74.45087432861328 252.5065994262695
0 0.1101 19.707422256469727 122.84940719604492 70.70563316345215 147.23241806030273
0 0.0925 20.176615715026855 92.45073318481445 70.29561519622803 117.62399673461914
0 0.0822 20.08890151977539 62.53593444824218 70.3703498840332 87.54133224487303
0 0.0812 35.875853300094604 257.13443756103516 74.38828587532043 292.8519058227539
0 0.0689 29.86074209213257 32.73060798645019 80.56963205337524 57.350149154663086
0 0.0670 85.77072143554688 157.59307861328125 124.46491241455078 192.4297332763672
0 0.0624 70.78998804092407 191.78600311279297 119.78275060653687 218.26496124267578
0 0.0590 29.45047616958618 3.059682846069335 80.93059301376343 27.025938034057614
0 0.0580 75.90608835220337 227.02404975891113 114.36408758163452 262.9535961151123
0 0.0546 75.86256980895996 117.24248886108397 114.3934154510498 152.7522850036621
0 0.0545 415.77686309814453 147.6042556762695 454.45690155029297 182.41939544677734
0 0.0537 0.0 218.66725921630857 34.81236934661865 251.4455795288086
0 0.0498 35.820302963256836 297.4091339111328 74.42590713500977 332.598876953125
0 0.0438 120.53858757019043 110.94169616699217 149.10502433776855 158.91738891601562
0 0.0437 75.75963735580444 57.66225337982177 114.47098016738892 92.3660898208618
0 0.0429 455.5927276611328 148.15227508544922 494.6131896972656 181.91654205322263
0 0.0427 0.0 258.48258972167963 34.74586009979248 291.61437988281244
0 0.0404 85.64126968383789 18.0146312713623 124.571533203125 52.04270362854003
0 0.0396 75.92632055282593 266.8632888793945 114.35573816299438 303.1019973754883
0 0.0392 375.8000183105469 147.51922607421872 414.4386291503906 182.49755859375
0 0.0391 120.58205604553223 191.16487503051758 149.05226707458496 238.72316360473633
0 0.0369 495.4364776611328 148.53893280029297 534.752197265625 181.56276702880857
0 0.0363 29.116716384887695 -26.69719696044922 81.2279224395752 -3.215360641479492
0 0.0352 410.58971405029297 122.04545974731445 459.9428176879883 148.0180549621582
0 0.0340 420.8753967285156 181.6714859008789 469.7148895263672 208.37383270263672
0 0.0325 25.711445808410645 337.79914855957026 64.51262950897217 372.2404479980469
0 0.0322 505.55118560791016 198.2611846923828 544.6496963500977 231.81682586669922
0 0.0319 120.52615165710449 240.88504791259763 149.1201686859131 288.9683151245117
0 0.0305 115.75495719909668 57.678146362304695 154.4747829437256 92.35149383544922
0 0.0292 505.53916931152344 238.28814506530762 544.66064453125 271.79211616516113
0 0.0282 340.60035705566406 131.27059936523435 369.0300750732422 178.63384246826172
0 0.0270 80.56724548339844 -7.939512729644776 129.96339797973633 18.002684116363525
0 0.0259 135.88666915893555 157.14149475097656 174.37538146972656 192.84530639648435
0 0.0255 0.0 298.69976043701166 34.829373359680176 331.415901184082
0 0.0254 0.0 219.8858642578125 638.75 558.75
0 0.0254 0.7670831680297852 12.618389129638668 28.83049488067627 57.580337524414055
0 0.0252 125.69864749908447 17.85472869873047 164.52184200286865 52.18936920166015
0 0.0249 75.784912109375 307.5584411621094 114.45209503173828 342.4615478515625
0 0.0249 460.2668762207031 122.38500595092773 510.2142333984375 147.69006729125977
0 0.0244 390.66383361816406 181.70310974121094 418.95362854003906 228.28247070312497
0 0.0240 505.48099517822266 278.4309768676757 544.7124862670898 311.66149139404297
0 0.0237 0.0 149.0096282958984 25.212135314941406 181.13483428955078
0 0.0230 470.70472717285156 182.02266693115234 498.90464782714844 228.03085327148435
0 0.0229 0.0 -79.99999999999999 510.9122848510742 201.51496887207028
0 0.0226 310.57289123535156 131.11457824707028 339.06341552734375 178.76617431640622
0 0.0224 425.7173538208008 207.7934646606445 464.5064926147461 242.24559783935544
0 0.0222 0.0 -66.8622350692749 51.008262634277344 -43.05002212524414
0 0.0213 380.6777572631836 101.80160522460936 408.93688201904297 148.20331573486328
0 0.0208 510.13519287109375 122.50591278076172 560.3279113769531 147.57198333740232
0 0.0203 535.3015899658203 148.83476257324216 574.8752593994141 181.2926483154297
0 0.0196 0.7700467109680176 -37.35198974609374 28.826982975006104 7.558193206787108
0 0.0195 465.4674530029297 228.45978736877439 504.72496032714844 261.6351222991943
0 0.0183 120.59018135070801 291.2230682373047 149.04250144958496 338.67614746093744
0 0.0183 0.0 102.43274688720703 18.925777673721313 147.7851104736328
0 0.0179 505.3578186035156 318.71360778808594 544.8238372802734 351.4031982421875
0 0.0173 65.57175397872925 348.19850921630854 104.63248491287231 381.8741989135742
0 0.0172 330.8413314819336 101.7203140258789 379.7414016723633 128.32763671875
0 0.0165 608.7345123291016 -66.86402082443237 638.75 -43.10772180557252
0 0.0165 360.6678009033203 181.72929763793945 388.9488220214844 228.26108932495117
0 0.0164 545.4762649536133 198.44356536865234 584.7166061401367 231.6499328613281
0 0.0159 465.32360076904297 268.78780364990234 504.8550796508789 301.33548736572266
0 0.0154 280.6052780151367 111.30325317382814 309.0242004394531 158.60713958740234
0 0.0153 409.8876953125 92.72415161132812 460.5427551269531 117.35839843749999
0 0.0151 608.6040496826172 -36.77987098693847 638.75 -13.192358016967775
0 0.0145 150.60678005218506 101.313533782959 179.02239322662354 148.5987663269043
0 0.0145 545.4634857177734 238.4715175628662 584.7283172607422 271.6243839263916
0 0.0140 0.42119503021240234 372.2235107421875 50.08455276489258 397.8459930419922
0 0.0138 608.5421943664551 -6.7403411865234375 638.7499809265137 16.76788330078125
0 0.0137 465.3417205810547 318.75164031982416 504.8382568359375 351.3684463500976
0 0.0136 574.3924140930176 84.83682632446289 638.7499809265137 134.74702835083008
0 0.0134 150.58422088623047 211.17671012878415 179.04964447021484 258.7130451202392
0 0.0128 608.6054801940918 23.21974754333496 638.7500190734863 46.808099746704094
0 0.0126 315.7447147369385 177.69899368286133 354.48439598083496 212.3323631286621
0 0.0125 545.3963470458984 278.6289596557617 584.7886657714844 311.48052215576166
0 0.0119 85.35612106323242 -41.285672187805176 124.82566833496094 -8.597445487976074
0 0.0118 130.6779956817627 -28.197412490844727 158.9366054534912 18.202428817749023
0 0.0117 459.8045349121094 92.79254913330078 510.6157684326172 117.29103088378906
0 0.0115 608.6694145202637 53.17923545837402 638.7500190734863 76.84893608093262
0 0.0114 410.43067932128906 242.2068405151367 460.07789611816406 267.8614425659179
0 0.0113 335.4658508300781 68.47074508666992 374.72572326660156 101.62508010864258
0 0.0108 509.7915267944336 92.8034782409668 560.6270980834961 117.28033065795898
0 0.0108 425.44628143310547 318.51505279541016 464.7434616088867 351.58458709716797
0 0.0107 58.570451736450195 -76.33649349212646 111.72003746032715 -53.57614994049072
0 0.0106 150.55387020111084 261.016845703125 179.08648014068604 308.85124206542963
0 0.0105 574.3924140930176 144.8368263244629 638.7499809265137 194.74702835083008
0 0.0105 608.9751434326172 542.6506042480469 638.75 558.7499999999999
0 0.0104 285.5969524383545 78.13552856445312 324.61010932922363 111.93191528320311
0 0.0103 250.65282821655273 111.61924362182616 278.96684646606445 158.34901809692383
0 0.0100 425.3907012939453 268.64166259765625 464.7938537597656 301.46888732910156
