0 0.0301 435.5826187133789 188.17737579345703 474.62223052978516 221.89357757568357
0 0.0254 0.0 219.8858642578125 638.75 558.75
0 0.0234 400.6821823120117 181.8364143371582 428.9316177368164 228.17594528198242
0 0.0232 430.35804748535156 162.29307174682614 480.13702392578125 187.77910232543945
0 0.0229 0.0 -79.99999999999999 510.9122848510742 201.51496887207028
0 0.0225 475.4402160644531 198.52930068969727 514.7489166259766 231.57155990600583
0 0.0222 535.6072616577148 38.11279296874999 574.6005630493164 71.95272445678711
0 0.0212 435.44849395751953 228.50296020507812 474.7421646118164 261.59568786621094
0 0.0189 370.68878173828125 171.89302444458005 398.92372131347656 218.1320762634277
0 0.0173 495.4951477050781 28.394641876220703 534.7000885009766 61.694698333740234
0 0.0170 395.3506088256836 228.71970176696775 434.8313522338867 261.39763832092285
0 0.0159 480.11199951171875 172.53011703491208 530.3473663330078 197.54865646362305
0 0.0152 419.6742630004883 262.88616180419916 470.7326889038086 287.19738006591797
0 0.0148 475.2819061279297 238.87958526611325 514.8929595947266 271.25171661376953
0 0.0146 409.3638229370117 293.12919616699213 461.00658416748047 316.95770263671875
0 0.0139 385.39493560791016 138.6353492736816 424.7896194458008 171.47466659545898
0 0.0135 525.4975891113281 78.38695049285889 564.6980285644531 111.70174121856688
0 0.0131 355.2437210083008 218.94515991210938 394.9295425415039 251.19197845458984
0 0.0129 340.74134826660156 172.3703956604004 368.861083984375 217.76712417602536
0 0.0129 512.6921272277832 -80.0 638.7499809265137 -10.150761604309086
0 0.0127 540.3411102294922 12.30823516845703 590.1517486572266 37.76420593261718
0 0.0126 575.4100799560547 38.597917556762695 614.7762298583984 71.50885581970215
0 0.0122 439.9766540527344 132.6484489440918 490.465087890625 157.43268966674805
0 0.0118 574.3924140930176 84.83682632446289 638.7499809265137 134.74702835083008
0 0.0117 419.6269989013672 322.93277740478516 470.77247619628906 347.15251922607416
0 0.0111 469.59266662597656 302.96104431152344 520.8025360107422 327.1247863769531
0 0.0108 455.22987365722656 38.984546661376946 494.94117736816406 71.15604400634766
0 0.0106 485.42938232421875 68.54204177856445 524.7599029541016 101.55996322631836
0 0.0104 575.4707145690918 524.7563171386718 638.7500190734863 558.75
0 0.0103 515.224609375 198.99950027465817 554.9456024169922 231.14240646362302
0 0.0102 359.53773498535156 303.00304412841797 410.85121154785156 327.08324432373047
0 0.0101 469.63897705078125 272.92274475097656 520.7621002197266 297.1623992919922
0 0.0101 190.71367263793945 292.1020889282226 218.89394760131836 337.96985626220703
0 0.0100 609.2249870300293 12.795944213867188 638.7500190734863 37.2321891784668
