0 0.0326 356.16676330566406 21.938158988952633 413.92616271972656 42.1295518875122
0 0.0291 376.2506103515625 1.8973846435546797 433.84910583496094 22.17091751098632
0 0.0286 486.3714599609375 11.841594696044913 543.7371063232422 32.22811889648437
0 0.0281 296.7166233062744 21.67981815338134 353.41750144958496 42.394034385681145
0 0.0274 416.1450958251953 21.946823120117177 473.9466094970703 42.12046813964842
0 0.0265 588.1649780273438 30.89890670776366 638.75 53.18532180786132
0 0.0258 197.38750457763672 11.341979026794425 252.79937744140625 32.73843479156493
0 0.0254 0.0 166.8858642578125 638.75 505.75
0 0.0251 346.3398742675781 41.85961914062499 403.76556396484375 62.21026611328124
0 0.0248 486.05499267578125 31.987373352050774 544.0301513671875 52.0788116455078
0 0.0241 237.36560821533203 31.354782104492184 292.81917572021484 52.72563171386719
0 0.0234 266.92028045654297 1.5800304412841728 323.2295227050781 22.49592018127441
0 0.0229 0.0 -133.0 510.9122848510742 148.5149688720703
0 0.0228 574.3924140930176 -68.16318321228029 638.7499809265137 -18.25298118591309
0 0.0221 608.3760070800781 60.36091995239257 638.75 83.66543960571289
0 0.0218 588.4837341308594 0.7085342407226489 638.75 23.37727737426757
0 0.0211 406.20269775390625 41.921741485595696 463.8928985595703 62.14638900756835
0 0.0203 506.8052673339844 -8.368137359619148 563.3367919921875 12.442161560058587
0 0.0191 436.7155075073242 -8.324897766113288 493.41976165771484 12.397911071777337
0 0.0189 599.2376899719238 -119.77515029907225 638.7499809265137 -96.13676834106445
0 0.0187 177.81892776489258 41.10894393920898 232.40381240844727 62.974941253662095
0 0.0185 356.8880844116211 -18.408229827880863 413.2602310180664 2.4831886291503826
0 0.0179 286.8429946899414 51.619350433349595 343.30055236816406 72.45598983764648
0 0.0176 197.17578887939453 -18.55030822753907 252.99449920654297 2.6284904479980393
0 0.0172 608.3058166503906 90.40494155883789 638.75 113.62115097045897
0 0.0171 137.39622116088867 11.337372779846184 192.7913475036621 32.74311733245849
0 0.0148 356.55242919921875 61.760131835937486 413.5688018798828 82.31219482421874
0 0.0145 266.9352722167969 -28.429334640502937 323.2161331176758 -7.494867324829109
0 0.0145 476.03023529052734 52.00099182128906 534.0525436401367 72.06530761718749
0 0.0142 507.64984130859375 -38.80407142639161 562.5599670410156 -17.114217758178718
0 0.0136 397.28343963623047 -38.60753822326661 452.8959274291992 -17.31355476379395
0 0.0130 137.14922428131104 -18.535717010498054 193.01873683929443 2.6138038635253835
0 0.0128 117.446608543396 41.306964874267564 172.7459955215454 62.77337265014647
0 0.0124 227.74829864501953 61.14970397949217 282.4680709838867 82.93391418457031
0 0.0124 197.0868682861328 -48.50379753112794 253.0760955810547 -27.41866874694825
0 0.0123 307.34371185302734 -48.638303756713874 362.8403091430664 -27.282159805297855
0 0.0115 608.6701774597168 190.17760467529294 638.7500190734863 213.85039520263672
0 0.0113 267.3062038421631 -68.61997413635254 322.8751468658447 -47.30100440979004
0 0.0111 416.4311218261719 61.816093444824205 473.68133544921875 82.25466918945311
0 0.0111 508.0802536010742 -69.04547739028932 562.1664810180664 -46.86985540390015
0 0.0107 377.7665328979492 -68.86481094360352 432.45235443115234 -47.05211448669433
0 0.0106 608.9335823059082 489.68280029296875 638.7499809265137 505.7500000000001
0 0.0101 608.5316467285156 120.2672882080078 638.75 143.76033020019528
