0 0.0627 148.66712570190427 493.6053466796875 201.63190841674805 516.4826202392578
0 0.0601 159.66075897216797 552.8980255126953 210.74440002441403 577.1858215332031
0 0.0588 149.3502426147461 523.1402969360352 201.0184097290039 546.9468307495117
0 0.0489 198.8599681854248 473.47686767578125 251.45863533020022 496.6108703613281
0 0.0477 149.27654266357422 583.1945037841797 201.083984375 606.8930816650391
0 0.0454 209.70011711120605 542.8761291503906 260.7078266143799 567.2085571289062
0 0.0452 138.19646835327148 463.89122009277344 192.0595359802246 486.19476318359375
0 0.0445 -51.49589538574219 573.7060928344727 1.7798709869384766 596.3812637329102
0 0.0439 209.12235260009766 503.3018112182617 261.2222671508789 526.786003112793
0 0.0410 209.66049194335938 572.9042816162109 260.743408203125 597.1804046630859
0 0.0390 119.63235855102539 612.9142761230469 170.7707405090332 637.1690368652344
0 0.0389 88.54463577270506 513.6799240112305 141.7433738708496 536.4074325561523
0 0.0383 99.1754913330078 563.2640075683594 151.1748123168945 586.8235778808594
0 0.0368 199.9273586273193 602.6863861083984 250.50896644592285 627.39501953125
0 0.0363 -40.489511489868164 603.0229568481445 10.875558853149414 627.0634078979492
0 0.0350 -51.62443399429321 543.7823104858398 1.8970704078674305 566.3042068481445
0 0.0348 255.35949707031247 598.7114715576172 294.8221588134765 631.4051818847656
0 0.0339 259.52117919921875 553.0136108398438 310.86631774902344 577.0725250244141
0 0.0336 69.65476512908936 602.9099655151367 120.74821949005126 627.1749496459961
0 0.0296 8.482780456542967 573.7202072143555 61.79901123046875 596.3672256469727
0 0.0294 88.30894470214842 483.8258361816406 141.95690155029297 506.2609100341797
0 0.0289 295.2507781982422 608.9248466491699 334.9235534667969 638.7500190734863
0 0.0286 188.9008331298828 443.4479522705078 241.42219543457034 466.6395568847656
0 0.0285 9.406232833862306 613.0925369262695 60.9699535369873 636.9933700561523
0 0.0282 335.38623809814453 598.6521148681641 374.79785919189453 631.4593505859375
0 0.0279 259.4651794433593 523.0538558959961 310.9164428710937 547.032356262207
0 0.0273 -51.6735553741455 513.8129043579102 1.941499710083009 536.2735366821289
0 0.0254 254.90001678466794 469.6248245239258 295.2473831176758 500.5735397338867
0 0.0254 -79.99999999999999 299.8858642578125 558.75 638.75
0 0.0252 70.72525024414061 50.098018646240234 291.5412902832031 149.2983055114746
0 0.0249 -79.23829078674316 522.5618362426758 -51.16314649581909 567.6223373413086
0 0.0231 8.510093688964842 543.7028121948242 61.774349212646484 566.3846206665039
0 0.0223 -80.0 482.6428985595703 -39.53669548034667 507.4378204345703
0 0.0221 375.2478790283203 608.9308166503906 414.92630004882807 638.75
0 0.0218 140.60646057128903 141.3077163696289 169.0227508544922 188.6029052734375
0 0.0217 170.70247650146484 612.5912475585938 198.91098022460935 638.75
0 0.0216 128.29757690429688 433.8288116455078 181.96807861328125 456.25732421875
0 0.0215 309.5970916748047 572.9555130004883 360.7991027832031 597.130012512207
0 0.0205 -79.22866821289062 572.6601028442383 -51.17454528808593 617.5490951538086
0 0.0203 170.60617446899414 141.3048553466797 199.02307510375974 188.6050796508789
0 0.0194 110.6365966796875 151.5045166015625 138.98639678955078 198.44146728515625
0 0.0190 25.641222000122074 158.01464080810547 64.5715808868408 192.04269409179688
0 0.0189 28.49518299102783 513.7101364135742 81.78828716278075 536.3769912719727
0 0.0187 78.13547134399414 453.9244079589844 132.1156883239746 476.160888671875
0 0.0187 365.1713180541992 569.1090774536133 404.9946975708008 601.042594909668
0 0.0186 179.0812301635742 413.32653045654297 231.25991821289062 436.76090240478516
0 0.0179 70.6482744216919 151.5828275680542 98.97231578826904 198.37765216827393
0 0.0179 309.6463394165039 542.9156112670898 360.7558059692382 567.1692276000977
0 0.0176 -31.60931587219238 483.7739562988281 21.883163452148438 506.3127136230469
0 0.0173 -80.0 452.6717758178711 -39.5076560974121 477.4094772338867
0 0.0169 200.62294006347653 161.41088485717773 229.00283813476562 208.51743698120117
0 0.0167 140.62730789184567 191.44575119018555 168.9975929260254 238.48993301391602
0 0.0163 359.67433929443354 532.8963470458984 410.7305526733398 557.1886444091797
0 0.0161 295.11219024658203 489.22706604003906 335.04932403564453 520.9351348876953
0 0.0160 40.677986145019524 191.8075180053711 68.93665313720703 238.19927215576172
0 0.0160 -80.0 622.8408813476562 -38.65516662597656 638.75
0 0.0160 170.60827255249023 191.32394790649414 199.02059555053708 238.59033584594727
0 0.0157 309.1139221191406 0.0 558.75 140.70279121398926
0 0.0152 20.48410415649414 132.15972900390625 70.03116607666016 157.90781021118164
0 0.0149 95.6295394897461 198.03775787353516 134.58259582519528 232.02152252197266
0 0.0140 230.66926002502439 141.73696517944336 258.947057723999 188.2545280456543
0 0.0140 150.3512477874756 3.5849952697753906 240.14336585998535 46.24293327331543
0 0.0139 128.75015258789062 393.54854583740234 181.55765533447266 416.5391159057617
0 0.0139 10.702066421508789 192.00410842895508 38.90782356262207 238.04574966430664
0 0.0137 -14.528694152832031 158.45138549804688 24.72145080566406 191.6427993774414
0 0.0136 249.29874420166013 443.17569732666016 301.0647964477539 466.9113540649414
0 0.0134 528.9599609374999 622.6626777648926 558.75 638.7499809265137
0 0.0134 359.5708465576172 502.9783248901367 410.8217620849609 527.1077346801758
0 0.0133 299.020767211914 463.3713150024414 351.3134765625 486.7166519165039
0 0.0131 415.23838043212885 608.9533996582031 454.9347305297851 638.75
0 0.0125 28.732452392578125 483.56224060058594 81.57316207885742 506.5257263183594
0 0.0123 -79.28952217102051 162.0859146118164 -51.102170944213874 207.98381805419922
0 0.0123 260.6851196289062 141.8600034713745 288.9280700683594 188.1574296951294
0 0.0122 359.2660140991211 473.2038879394531 411.09302520751953 496.8840026855469
0 0.0119 -31.580026149749752 453.75450134277344 21.856935024261475 476.33209228515625
0 0.0119 70.82900524139404 553.3301544189453 98.75767230987549 597.0615386962891
0 0.0119 235.58045387268066 188.18048477172852 274.6243953704834 221.8907356262207
0 0.0117 529.5138549804686 592.5744247436523 558.75 617.4518203735352
0 0.0115 25.38493156433105 98.65726470947266 64.79878425598145 131.45463943481445
0 0.0111 -79.99999999999999 0.0 49.467658996582024 69.87939357757568
0 0.0110 405.1145935058593 569.2237854003906 445.0469970703125 600.9381103515625
0 0.0109 179.23526763916013 373.2218933105469 231.12129211425778 396.86553955078125
0 0.0107 -79.28674459457396 212.10973739624023 -51.10548734664917 257.9654121398926
0 0.0106 290.72601318359375 142.21133708953857 318.8792419433594 187.88597583770752
0 0.0105 -80.0 422.65472412109375 -39.52421188354493 447.4261474609375
0 0.0105 409.47063446044916 543.0527877807617 460.9109878540039 567.033805847168
0 0.0104 25.476408004760742 238.43788146972656 64.71701622009277 271.65515899658203
0 0.0104 200.66383361816406 211.70692443847656 228.95366668701172 258.280029296875
0 0.0102 235.0438690185547 409.35596466064453 275.11314392089844 440.81790924072266
0 0.0102 -19.26637887954712 192.29320526123047 8.87024164199829 237.82512664794922
0 0.0101 129.03892517089844 353.35636138916016 181.29772186279297 376.7312240600586
0 0.0101 409.2278289794922 513.2308959960938 461.1271667480469 536.8570709228516
0 0.0101 125.39293289184569 238.6205291748047 164.79337692260742 271.48826599121094
