0 0.0383 317.9955291748047 184.01332855224607 372.24151611328125 206.0723114013672
0 0.0379 577.7408218383789 154.15025711059567 632.475700378418 175.9327507019043
0 0.0357 387.8860092163086 184.07102584838864 442.34256744384766 206.01324081420896
0 0.0351 198.57833862304688 163.66048812866208 251.71245574951172 186.42717361450195
0 0.0325 269.03385162353516 203.36490631103516 321.3011932373047 226.72340393066406
0 0.0323 209.02019500732422 193.3738899230957 261.31351470947266 216.71438217163086
0 0.0317 588.4159660339355 183.76113891601562 638.7500190734863 206.3260269165039
0 0.0301 327.62889862060547 154.21087265014646 382.5783920288086 175.87121963500974
0 0.0296 258.49056243896484 173.71856689453122 311.79126739501953 196.36932373046875
0 0.0287 398.55308532714844 213.67656707763672 451.7353057861328 236.4110565185547
0 0.0285 219.07318115234375 223.3364963531494 271.2662124633789 246.75154685974118
0 0.0283 448.22105407714844 193.87760162353516 502.03697204589844 216.20861053466797
0 0.0272 388.20667266845703 153.88339996337888 442.05066680908203 176.20235443115232
0 0.0264 328.6982727050781 213.5888862609863 381.60301208496094 236.49965286254883
0 0.0258 139.00264739990234 153.38645935058594 191.32915496826172 176.70192718505857
0 0.0257 528.6793518066406 173.5999298095703 581.6203308105469 196.48841857910153
0 0.0254 0.0 219.8858642578125 638.75 558.75
0 0.0248 518.318977355957 143.82287979125974 571.9470596313477 166.26432418823242
0 0.0239 608.7564086914062 213.12314987182614 638.75 236.9053840637207
0 0.0238 149.53972339630127 183.00300598144528 200.84914684295654 207.08343505859372
0 0.0236 597.9440307617188 124.03305053710936 638.75 146.05083465576172
0 0.0229 0.0 -79.99999999999999 510.9122848510742 201.51496887207028
0 0.0224 448.27606201171875 163.83682250976562 501.9886779785156 186.24847412109375
0 0.0224 539.3216705322266 203.15992355346677 591.0441589355469 226.92716598510742
0 0.0223 279.05091285705566 233.34735870361328 331.2870693206787 256.74007415771484
0 0.0220 188.12339782714844 133.93466949462888 242.12596893310547 156.15100860595703
0 0.0217 268.03683280944824 143.9858055114746 322.20471382141113 166.09952926635742
0 0.0204 458.9491271972656 223.42266082763672 511.37725830078125 246.6658020019531
0 0.0202 388.6981964111328 243.58215332031247 441.6045379638672 266.50543212890625
0 0.0196 397.96749114990234 124.02688980102539 452.2676467895508 146.05821609497067
0 0.0192 78.90389442443848 163.45108032226562 131.41833305358887 186.6371154785156
0 0.0184 159.73880767822266 212.84555435180664 210.67363739013672 237.23878860473633
0 0.0184 608.9279174804688 243.00712585449216 638.75 267.02156066894526
0 0.0182 337.6890563964844 124.18048858642577 392.5227355957031 145.90240478515622
0 0.0180 27.88254737854004 144.07123565673825 82.34609603881836 166.01276397705075
0 0.0171 209.2462921142578 253.21792602539062 261.1106491088867 276.87004089355463
0 0.0168 608.9238166809082 273.00975799560547 638.7499809265137 297.018928527832
0 0.0167 517.9304122924805 114.04644012451172 572.3019027709961 136.0382080078125
0 0.0163 88.44217300415039 133.74500274658203 141.83588027954102 156.3422393798828
0 0.0162 28.466548919677734 183.7271499633789 81.81440353393555 206.359748840332
0 0.0154 549.5459365844727 232.9851150512695 600.8463668823242 257.09949493408203
0 0.0153 458.33473205566406 123.81107330322264 511.93328857421875 146.27586364746094
0 0.0152 99.44842338562012 193.0685043334961 150.93091011047363 217.01812744140625
0 0.0151 159.6289300918579 242.93109893798825 210.7708501815796 267.1541976928711
0 0.0150 407.2732925415039 94.40120697021483 462.9043960571289 115.67813873291016
0 0.0147 328.6072540283203 253.6406326293945 381.68663024902344 276.4468765258789
0 0.0143 608.3650016784668 93.36793899536133 638.7500190734863 116.65838241577148
0 0.0143 378.8237762451172 273.50425720214844 431.490478515625 296.58393859863276
0 0.0136 347.15660095214844 94.46256637573241 403.011474609375 115.61590194702148
0 0.0132 609.0221405029297 302.94277191162104 638.75 327.0859909057617
0 0.0131 512.6921272277832 -80.0 638.7499809265137 -10.150761604309086
0 0.0129 17.908306121826172 114.05805587768553 72.32226371765137 136.02632522583005
0 0.0129 48.85333061218262 223.47927093505857 101.46500587463379 246.60816192626953
0 0.0128 467.8233337402344 94.10486221313477 522.4001312255859 115.97879409790039
0 0.0128 109.6343994140625 222.92574882507324 160.76623916625977 247.15931892395022
0 0.0125 17.865467071533203 84.08382415771484 72.36104011535645 106.00051879882812
0 0.0125 268.75720977783203 263.54728698730463 321.5505599975586 286.54083251953125
0 0.0124 277.85359382629395 114.08966064453124 332.37208366394043 135.99445343017575
0 0.0122 448.9817428588867 253.39332580566403 501.34944915771484 276.69403076171875
0 0.0118 138.4397554397583 113.74662399291992 191.8380308151245 136.34061813354492
0 0.0117 608.5183525085449 63.273353576660156 638.7500190734863 86.7538833618164
0 0.0116 609.133129119873 332.86327362060547 638.7500190734863 357.1652603149414
0 0.0115 8.186788558959961 53.90040397644043 62.06758975982666 76.1860179901123
0 0.0114 609.0028190612793 542.6294708251952 638.7500190734863 558.75
0 0.0110 77.94924020767212 104.03518676757811 132.28479146957397 126.04949951171874
0 0.0108 399.3251419067383 303.16009521484375 451.0404586791992 326.9273376464844
0 0.0107 318.78318786621094 283.5312271118164 371.5269470214844 306.55704498291016
0 0.0103 510.81817626953125 203.1960964202881 538.7702941894531 247.15783119201657
0 0.0101 209.54788208007812 282.9960632324218 260.8420944213867 307.0902252197265
