0 0.1098 347.5938415527344 17.72821044921876 402.61085510253906 39.35334777832033
0 0.0692 348.0131149291992 -12.503370285034165 402.2269821166992 9.588132858276381
0 0.0640 347.63660430908203 47.71031951904298 402.5704574584961 69.3723831176758
0 0.0570 288.1080627441406 17.442794799804698 342.14012145996094 39.642673492431655
0 0.0448 288.43785285949707 -12.753728866577134 341.84008598327637 9.840761184692397
0 0.0394 288.24971199035645 47.361789703369155 342.0106029510498 69.72472763061525
0 0.0330 408.0577850341797 17.468744277954112 462.18666076660156 39.615961074829116
0 0.0254 0.0 193.38586425781247 638.75 532.25
0 0.0250 328.30310821533203 -42.67171287536619 381.96239471435547 -20.24175071716307
0 0.0231 70.72525024414062 -56.401981353759744 291.5412902832031 42.798305511474624
0 0.0227 407.7429962158203 47.64863586425782 462.4738311767578 69.43433380126953
0 0.0198 408.3202362060547 -12.682060241699205 461.9468688964844 9.768672943115247
0 0.0194 337.78438568115234 217.62517547607422 392.43602752685547 239.45798492431638
0 0.0171 348.0511474609375 187.47418975830075 402.1923828125 209.61072540283203
0 0.0165 0.0 63.59801864624024 211.54129028320312 162.7983055114746
0 0.0163 338.2269287109375 157.37378692626953 392.0317077636719 179.7124252319336
0 0.0158 284.69459533691406 -46.5150680541992 325.440673828125 -16.252979278564435
0 0.0152 328.3926773071289 77.27811431884767 381.8801498413086 99.80935668945312
0 0.0139 233.06254386901855 -101.58583068847655 348.191499710083 -51.93595314025877
0 0.0137 512.6921272277832 -106.49999999999997 638.7499809265137 -36.65076160430907
0 0.0134 244.95332717895508 43.03182220458986 285.19704818725586 74.15799713134767
0 0.0131 397.8950500488281 217.56166076660156 452.335205078125 239.52203369140625
0 0.0131 609.0288543701172 -33.56198930740355 638.75 -9.409247875213609
0 0.0125 278.36151123046875 217.292724609375 331.9094467163086 239.79402160644528
0 0.0124 387.9949188232422 -42.491420745849595 442.2431945800781 -20.423692703247056
0 0.0120 278.71047019958496 157.07507705688477 331.5933322906494 180.01262283325195
0 0.0120 511.90391540527344 23.341804504394542 638.75 123.12707519531251
0 0.0117 269.1183090209961 76.81003189086915 321.22474670410156 100.27858352661133
0 0.0111 288.5620594024658 187.1690902709961 341.72755241394043 209.91830444335938
