0 0.0254 -79.99999999999999 299.8858642578125 558.75 638.75
0 0.0229 -79.99999999999999 0.0 430.91228485107416 281.5149688720703
0 0.0217 177.93779373168942 4.039239883422852 232.29578018188477 26.045007705688477
0 0.0200 69.620361328125 612.9241180419922 120.78121185302733 637.1593475341797
0 0.0186 139.73979949951172 612.8242492675781 190.67695617675778 637.2573089599609
0 0.0183 9.399671554565431 613.0961227416992 60.9760570526123 636.989631652832
0 0.0171 118.31594467163086 3.8207077980041504 171.95074081420898 26.265904903411865
0 0.0170 189.82040405273435 612.7563858032227 240.606575012207 637.3238754272461
0 0.0162 -70.59375286102295 613.0925750732422 -19.030070304870605 636.9933319091797
0 0.0144 249.286003112793 143.1890106201172 301.0752487182617 166.89870834350586
0 0.0143 79.08975601196288 573.3230209350586 131.25177383422852 596.7647171020508
0 0.0140 59.611554145812995 142.94488906860352 110.78616619110107 167.1405792236328
0 0.0137 149.1869354248047 113.25714111328125 201.16432189941406 136.83059692382812
0 0.0137 239.69306945800778 612.863883972168 290.7176208496093 637.2185134887695
0 0.0136 55.36611557006836 168.69731903076172 94.81607437133789 201.41807556152344
0 0.0133 -80.0 583.125114440918 -39.003353118896484 606.9621658325195
0 0.0132 188.5181713104248 203.69749069213867 241.76709175109866 226.3899040222168
0 0.0132 79.23639297485352 113.22450637817383 131.1195945739746 136.8634033203125
0 0.0131 88.97918701171875 543.3976745605469 141.351203918457 566.6900634765625
0 0.0130 239.17030334472656 113.27258110046387 291.1784362792969 136.81572914123535
0 0.0130 15.14695167541504 159.15739059448242 55.017232894897454 190.99855422973633
0 0.0129 18.599166870117184 573.6479949951172 71.69349670410155 596.4398193359375
0 0.0129 249.32804107666013 263.15507888793945 301.0384750366211 286.9319725036621
0 0.0126 155.1689338684082 569.110221862793 194.99723434448242 601.0415267944336
0 0.0124 -0.41839599609375 132.9677677154541 50.812721252441406 157.11792945861816
0 0.0123 258.9979171752929 173.38741302490234 311.3338851928711 196.70066833496094
0 0.0123 -10.46964645385742 103.00621032714844 40.85828781127929 127.07977294921875
0 0.0122 159.24226760864258 143.22105407714844 211.11417770385742 166.8669319152832
0 0.0122 289.75227355957026 612.8131103515625 340.66619873046875 637.2681427001953
0 0.0121 95.42800903320312 168.55710983276367 134.76001739501953 201.5461540222168
0 0.0118 188.77712249755857 83.53569984436035 241.53232574462888 106.5526294708252
0 0.0116 238.11088562011713 3.9374613761901855 292.1383666992187 26.147480010986328
0 0.0115 90.67794799804686 251.8045997619629 118.93669128417969 298.20119857788086
0 0.0115 -80.0 112.52031326293945 -39.6514081954956 137.5572395324707
0 0.0114 -19.20938491821289 602.8819465637207 8.802776336669924 638.7499809265137
0 0.0112 178.84410858154297 173.4892463684082 231.47247314453125 196.59875869750977
0 0.0112 58.890194892883294 3.462672233581543 111.43012523651122 26.62588596343994
0 0.0112 528.9715576171875 622.6535224914551 558.75 638.7499809265137
0 0.0111 128.74750137329102 83.5521411895752 181.55965805053708 106.5357494354248
0 0.0110 25.37964820861816 208.66254806518555 64.80423927307127 241.44983291625977
0 0.0110 195.21942138671875 569.0122985839844 234.9501800537109 601.1307525634766
0 0.0109 188.85127067565918 233.4870147705078 241.46550178527832 256.60133361816406
0 0.0108 65.5624771118164 208.22881698608398 104.64004516601562 241.8464469909668
0 0.0108 249.45236206054682 293.0660629272461 300.9272766113281 317.0206069946289
0 0.0108 -80.0 138.6056661605835 -45.21727085113525 171.50179386138916
0 0.0108 299.46250915527344 283.0586051940918 350.91827392578125 307.02802658081055
0 0.0107 259.01248931884766 203.3807373046875 311.32007598876953 226.707763671875
0 0.0106 59.16421890258788 83.27447891235352 111.18436813354491 106.81352615356445
0 0.0105 -80.0 553.1298828125 -38.99638175964356 576.9573211669922
0 0.0104 340.7546615600586 602.5164604187012 368.8454055786133 638.7500190734863
0 0.0104 -80.0 82.5834846496582 -39.59182739257812 107.49561309814453
0 0.0104 258.33900451660156 83.80873680114746 311.92932128906244 106.27825736999512
0 0.0103 177.77917861938474 34.130821228027344 232.44020462036133 55.95273971557617
0 0.0103 -0.8830356597900402 3.3081626892089844 51.22653007507324 26.780056953430176
0 0.0102 249.35707092285153 233.13674926757812 301.01203918457026 256.9505310058594
0 0.0102 299.28073883056635 253.1907081604004 351.08043670654297 276.89672470092773
