0 0.0370 597.5424957275391 76.25140380859378 638.75 97.82908630371095
0 0.0335 339.65415954589844 34.91330337524417 390.7481384277344 59.17199325561526
0 0.0324 608.1662178039551 45.48583698272707 638.7499809265137 68.53892040252687
0 0.0317 587.3736572265625 106.34627532958986 638.75 127.73356628417969
0 0.0255 339.6714401245117 64.89470672607425 390.7339096069336 89.18975067138673
0 0.0254 0.0 191.88586425781253 638.75 530.75
0 0.0229 0.0 -107.99999999999997 510.9122848510742 173.51496887207034
0 0.0224 587.5160980224609 136.26982879638675 638.75 157.81108093261722
0 0.0210 329.2369842529297 5.2244682312012 381.11900329589844 28.863479614257844
0 0.0207 289.7835159301758 44.8094291687012 340.6343078613281 69.27437973022464
0 0.0197 389.18174743652344 45.263888359069846 441.1682891845703 68.82430744171145
0 0.0196 608.3622741699219 15.369131088256864 638.75 38.65711402893069
0 0.0193 548.1304931640625 55.929996490478544 602.1195983886719 78.15564346313478
0 0.0185 338.5676956176758 155.66611480712893 391.72237396240234 178.4213562011719
0 0.0180 279.4146728515625 15.095855712890653 330.96046447753906 38.99131011962893
0 0.0164 339.41837310791016 95.08513641357423 390.95882415771484 119.00088500976564
0 0.0160 298.8296413421631 215.4982299804688 351.48560523986816 238.58966064453125
0 0.0160 608.87939453125 -34.96089744567868 638.75 -11.010606765747042
0 0.0159 538.4025573730469 85.7705421447754 591.8715667724609 108.31673812866212
0 0.0155 338.592529296875 185.65140914916995 391.6996765136719 208.43625259399417
0 0.0154 278.4159469604492 165.75688552856448 331.8606185913086 188.3296699523926
0 0.0153 512.6921272277832 -107.99999999999997 638.7499809265137 -38.150761604309054
0 0.0152 358.1342315673828 215.92707824707034 412.11639404296875 238.158447265625
0 0.0152 289.5862674713135 74.96125411987306 340.8091640472412 99.1240043640137
0 0.0145 388.85643005371094 15.483905792236353 441.46080017089844 38.60448074340823
0 0.0143 389.3509292602539 75.14245223999025 441.0172653198242 98.94501876831056
0 0.0139 318.63670349121094 -24.37399673461911 371.65916442871094 -1.5378837585448935
0 0.0136 588.0935668945312 165.95116806030276 638.75 188.13420486450198
0 0.0135 248.34951400756836 195.80240440368655 301.91980361938477 218.28464698791507
0 0.0135 338.8594436645508 125.47499847412112 391.4595413208008 148.6123962402344
0 0.0130 527.3266983032227 136.36620712280276 582.8570175170898 157.71252822875977
0 0.0128 488.65440368652344 55.61595153808597 541.6429138183594 78.47239685058595
0 0.0126 588.6694526672363 235.59771728515625 638.7499809265137 258.4894104003906
0 0.0124 278.75011444091797 135.54558944702148 331.55834197998047 158.54161453247073
0 0.0116 608.984203338623 514.6437568664551 638.7500190734863 530.7499809265138
0 0.0115 608.8897895812988 345.0339050292969 638.7499809265137 368.99485778808594
0 0.0115 245.26081085205078 50.922581672668485 284.91249084472656 83.21253490448001
0 0.0113 258.98969650268555 -14.604461669921845 311.34069442749023 8.692905426025417
0 0.0109 527.1393203735352 166.4672203063965 583.0282974243164 187.61044692993164
0 0.0104 0.0 -95.15586185455318 40.671796798706055 -70.7597904205322
0 0.0104 548.4038162231445 25.765840530395533 601.8712997436523 48.3208866119385
0 0.0100 289.23834800720215 105.21887969970706 341.11870765686035 128.86843872070315
