0 0.1942 19.41732406616211 -33.40956115722655 70.95880508422852 -9.503768920898423
0 0.1539 30.136137008666992 -3.9998474121093612 80.3281021118164 21.07705688476564
0 0.1435 18.740053176879883 -62.94123554229734 71.56599044799805 -39.970616340637186
0 0.1224 575.7393646240234 198.62026786804196 634.3248748779297 218.44099617004392
0 0.1126 0.0 -93.19038057327268 51.22415542602539 -69.7210087776184
0 0.1105 585.8503723144531 218.57095336914065 638.75 238.49153137207028
0 0.1010 515.0865173339844 198.90328979492188 574.9304962158203 218.15087890625003
0 0.1007 70.75439453125 -34.683021545410135 119.81414794921875 -8.265766143798814
0 0.0909 576.5446853637695 178.2479248046875 633.5798263549805 198.82180786132815
0 0.0855 525.2366638183594 218.84210205078128 584.7904968261719 238.21412658691403
0 0.0821 596.3986015319824 238.31784820556638 638.7500190734863 258.7504348754883
0 0.0790 20.272388458251953 25.869556427001964 70.2115249633789 51.204048156738295
0 0.0699 515.3457260131836 178.79291152954102 574.6899032592773 198.26408004760742
0 0.0612 80.66361427307129 -4.566253662109361 129.88690376281738 21.62301635742189
0 0.0606 607.4017143249512 267.4075469970703 638.7500190734863 289.60931396484375
0 0.0554 75.43172836303711 -67.96775245666501 114.75826263427734 -34.93108177185057
0 0.0457 546.6691207885742 158.19131469726562 603.4640884399414 178.88021087646487
0 0.0441 455.81947326660156 198.59532928466797 514.2479705810547 218.46852874755857
0 0.0430 9.922065734863281 56.18939971923829 60.51388740539551 80.89185333251955
0 0.0422 465.7691955566406 218.6174545288086 524.2945861816406 238.44579315185544
0 0.0397 120.63445091247559 -55.0102081298828 148.9889621734619 -8.04661178588866
0 0.0359 535.3586578369141 238.79003143310547 594.6772003173828 258.26757049560547
0 0.0349 70.143301486969 25.99401092529298 120.32182455062866 51.08310317993165
0 0.0337 607.5314521789551 297.33995056152344 638.7499809265137 319.67851257324213
0 0.0328 58.72204065322876 -92.93470287322997 111.58334493637085 -69.97790241241452
0 0.0322 455.92376708984375 178.54732131958008 514.151611328125 198.5174903869629
0 0.0318 0.0 -44.077838897705064 18.92677068710327 1.2928161621093903
0 0.0294 485.83526611328125 158.58363723754883 544.2344665527344 178.4796485900879
0 0.0254 0.0 193.38586425781247 638.75 532.25
0 0.0251 5.36379337310791 82.20603561401367 44.81782913208008 114.91008377075195
0 0.0229 0.0 -106.49999999999999 510.9122848510742 175.01496887207034
0 0.0221 608.082447052002 327.0377883911133 638.7499809265137 349.98670196533203
0 0.0216 475.5316162109375 238.71892547607422 534.5157623291016 258.3411941528321
0 0.0202 608.6108589172363 146.71388244628906 638.7499809265137 170.31365966796875
0 0.0193 130.24803161621094 -4.112352371215807 180.2334213256836 21.185880661010753
0 0.0192 0.0 5.866666793823258 18.934084177017212 51.33509254455567
0 0.0192 516.832160949707 138.11246490478516 573.3134078979492 158.96085357666016
0 0.0180 45.48398017883301 81.92149734497072 84.71005439758301 115.17013168334961
0 0.0177 60.21566390991211 55.93402481079103 110.25808334350586 81.14238357543947
0 0.0168 397.20458984375 197.93706512451175 452.967529296875 219.14170837402347
0 0.0152 98.74731063842773 137.05279922485352 151.5597152709961 160.0351676940918
0 0.0150 608.8703727722168 356.54866790771484 638.7500190734863 380.4803237915039
0 0.0141 147.71581172943115 157.66501998901367 202.4983835220337 179.4179496765137
0 0.0139 608.8945198059082 116.53012847900389 638.7499809265137 140.4985580444336
0 0.0137 514.9034881591797 258.9750442504883 575.1017761230469 278.07630157470703
0 0.0136 427.28878021240234 157.8909454345703 482.89066314697266 179.1882095336914
0 0.0133 119.52659606933594 26.49850463867189 170.86380004882812 50.586067199707045
0 0.0131 197.4529266357422 197.8069076538086 252.73941040039062 219.27400207519534
0 0.0130 512.6921272277832 -106.49999999999997 638.7499809265137 -36.65076160430907
0 0.0129 575.4707145690918 498.2563171386719 638.7500190734863 532.25
0 0.0128 609.2041778564453 386.3122329711914 638.75 410.71614837646484
0 0.0126 89.2418384552002 106.7204055786133 141.11475944519043 130.36744689941406
0 0.0125 406.97547912597656 228.0550537109375 463.1780242919922 249.0218505859375
0 0.0122 328.10062408447266 217.44405364990237 382.1475601196289 239.64093780517575
0 0.0121 88.84464263916016 166.99172592163086 141.47138595581055 190.09666061401367
0 0.0119 137.85662174224854 187.58905029296875 192.36905574798584 209.49525451660156
0 0.0118 207.59193420410156 157.72996520996094 262.6124572753906 179.35166931152344
0 0.0116 368.0197525024414 157.4933395385742 422.2208023071289 179.59153747558594
0 0.0116 150.73400497436523 -54.21363258361814 178.86972427368164 -8.67093467712401
0 0.0110 257.662353515625 177.69071197509766 312.54817962646484 199.39134216308594
0 0.0109 608.9967155456543 86.45991897583008 638.7500190734863 110.56880569458009
0 0.0106 157.80738830566406 127.61344528198244 212.41477966308594 149.4700584411621
0 0.0104 308.344202041626 157.30138397216797 361.925573348999 179.78501892089844
0 0.0104 257.76214599609375 207.639289855957 312.45601654052734 229.4440231323242
0 0.0103 0.19334793090820312 115.95462417602539 50.2773380279541 141.12228012084958
0 0.0103 338.38565826416016 187.27988815307617 391.88709259033203 209.80720138549805
0 0.0102 108.76566410064697 77.04236602783203 161.54283046722412 100.04582977294922
