0 0.2685 597.2973442077637 -45.61944484710693 638.7500190734863 -24.30222988128662
0 0.2267 597.9178047180176 -15.95041513442993 638.7499809265137 6.034395694732665
0 0.1293 486.96964263916016 -25.43929100036621 543.1827926635742 -4.483461380004884
0 0.1290 597.2393989562988 -75.59499263763428 638.7499809265137 -54.328060150146484
0 0.1187 588.5818290710449 13.657302856445314 638.7500190734863 36.430225372314446
0 0.1090 495.9800338745117 -44.97361660003662 554.0983963012695 -24.96022701263428
0 0.1019 478.4242630004883 3.7588214874267574 531.8515396118164 26.328763961791992
0 0.0881 485.7981491088867 -64.89594221115111 544.2679214477539 -45.04055738449097
0 0.0853 537.7153396606445 -5.831820964813232 592.4981307983398 15.915248394012451
0 0.0669 338.5109329223633 163.6971092224121 391.7747116088867 186.3895606994629
0 0.0644 479.23213958740234 33.22620391845703 531.1236953735352 56.86153411865234
0 0.0630 437.02510833740234 -45.469527244567864 493.13220977783203 -24.453053474426266
0 0.0556 427.7130126953125 -15.832281112670897 482.5006866455078 5.915422439575194
0 0.0531 599.2003631591797 43.252954483032234 638.75 66.83548927307129
0 0.0531 553.6870574951172 -38.51080894470215 596.4033508300781 -11.108245849609373
0 0.0474 338.7694549560547 133.53664398193357 391.54014587402344 156.55109405517578
0 0.0446 337.9215621948242 194.04354095458984 392.3117446899414 216.03988647460938
0 0.0445 544.9624633789062 19.51433181762695 585.1885986328125 50.67390441894531
0 0.0441 555.7826995849609 107.58068084716795 594.4525146484375 142.44106292724607
0 0.0427 418.25416564941406 13.858575820922852 472.0066833496094 36.22790336608887
0 0.0413 278.2224941253662 153.87464523315427 332.03614234924316 176.21126174926758
0 0.0388 377.49034881591797 -35.70972442626953 432.7042770385742 -14.208574295043945
0 0.0358 395.09151458740234 159.25966262817383 435.0693130493164 190.90551376342773
0 0.0356 515.549430847168 108.25479507446288 554.6522903442383 141.82268142700192
0 0.0355 418.89915466308594 43.45450401306152 471.42250061035156 66.6337490081787
0 0.0354 560.6405639648438 81.98881149291992 609.9004364013672 108.07260513305664
0 0.0338 489.3058776855469 63.17095279693604 541.058349609375 86.91613674163818
0 0.0331 550.2447128295898 52.40598678588867 600.233268737793 77.66962051391602
0 0.0321 609.2078971862793 72.80956745147704 638.7500190734863 97.21877574920654
0 0.0312 396.9380569458008 -65.43007612228394 453.21346282958984 -44.493997097015374
0 0.0307 368.54248046875 -6.31256341934204 421.7439270019531 16.40077829360962
0 0.0299 358.4684753417969 33.72281074523926 411.8133544921875 56.36364936828613
0 0.0295 609.4645881652832 102.6112174987793 638.7499809265137 127.41514205932617
0 0.0295 327.3379135131836 224.36730384826657 382.8451156616211 245.7125759124756
0 0.0293 399.40101623535156 133.10129165649414 450.9735870361328 156.98530197143552
0 0.0293 278.0843734741211 183.95923614501953 332.16114044189453 206.12648010253906
0 0.0275 278.87499809265137 123.46347808837889 331.4458179473877 146.6237640380859
0 0.0272 574.3924140930176 144.8368263244629 638.7499809265137 194.74702835083008
0 0.0270 553.4047698974609 -68.14671039581299 596.6759490966797 -41.43396854400634
0 0.0254 0.0 219.8858642578125 638.75 558.75
0 0.0245 419.22718048095703 73.23019027709961 471.12796783447266 96.85762405395508
0 0.0242 399.4753646850586 193.02915573120114 450.9109878540039 217.05469131469727
0 0.0237 329.3122100830078 103.16509246826172 381.0529327392578 126.92180633544923
0 0.0233 520.8356094360352 141.71741485595703 569.7479629516602 168.32958221435547
0 0.0233 358.59130859375 63.65264892578124 411.70066833496094 86.43508911132811
0 0.0229 0.0 -79.99999999999999 510.9122848510742 201.51496887207028
0 0.0223 299.41609382629395 33.09317588806152 350.9595012664795 56.99376106262207
0 0.0222 399.28699493408203 103.18410873413086 451.0752487182617 126.90301895141602
0 0.0222 459.50191497802734 103.02665710449219 510.88375091552734 127.05940246582031
0 0.0206 299.7117614746094 62.867507934570305 350.69740295410156 87.21717834472656
0 0.0206 435.4586410522461 158.48318099975583 474.73262786865234 191.613712310791
0 0.0196 449.9634552001953 132.65569686889648 500.4774475097656 157.4251365661621
0 0.0188 279.49790954589844 93.02621841430664 330.88802337646484 117.05938339233398
0 0.0175 327.9391860961914 -55.955400466918945 382.29312896728516 -33.95943164825439
0 0.0167 249.7565460205078 52.8337287902832 300.6575012207031 77.25074768066406
0 0.0164 318.96042823791504 -26.582751274108887 371.36656761169434 -3.3284997940063477
0 0.0160 309.3466854095459 3.143320083618164 361.0215091705322 26.94386482238769
0 0.0157 535.7496643066406 167.67988204956055 574.4805908203125 202.34994888305664
0 0.0153 388.1789779663086 223.88939857482907 442.07820892333984 246.19467735290525
0 0.0149 268.5164260864258 213.70290756225583 321.7677307128906 236.38513565063477
0 0.0148 475.54508209228516 158.27196121215817 514.6555709838867 191.80696487426758
0 0.0143 249.2766571044922 23.196640014648434 301.08341217041016 46.891231536865234
0 0.0139 318.2498264312744 253.86535644531247 372.0097255706787 276.22169494628906
0 0.0124 585.6878662109375 197.8754425048828 624.5320892333984 232.17037200927732
0 0.0112 450.74371337890625 192.39051818847656 478.85826110839844 237.75165557861325
0 0.0103 447.4122619628906 -80.0 502.86651611328125 -63.91181588172911
