0 0.1722 585.3366851806641 39.791905403137235 638.75 59.26417064666751
0 0.1562 585.4214286804199 59.75682449340822 638.7500190734863 79.30043411254886
0 0.1251 585.5362701416016 19.705020904541044 638.75 39.35321044921878
0 0.1160 523.9680099487305 40.337035179138205 585.9756088256836 58.701912879943876
0 0.1151 596.2397956848145 79.39055633544923 638.7499809265137 99.67574310302737
0 0.0894 116.74999713897705 49.162418365478544 173.3869504928589 69.91158676147464
0 0.0852 524.0659332275391 60.30087661743166 585.8839416503906 78.73944473266604
0 0.0849 524.1757202148438 20.25744628906253 585.7817840576172 38.783981323242216
0 0.0771 596.2649536132812 99.37859725952153 638.75 119.68793106079104
0 0.0736 296.4882278442383 29.28898048400882 353.62857818603516 49.78237342834475
0 0.0732 596.7428588867188 -0.8481388092040727 638.75 19.919874191284205
0 0.0670 236.37042999267578 39.34466552734377 293.7374496459961 59.72544860839846
0 0.0634 146.8487310409546 29.114048004150415 203.2958459854126 49.96096801757815
0 0.0609 176.66027069091797 49.20655441284182 233.46961975097656 69.86661148071292
0 0.0590 146.5553092956543 69.25536346435548 203.56698989868164 89.81642913818361
0 0.0587 356.3796615600586 29.3429870605469 413.7282943725586 49.72764205932619
0 0.0559 86.93291664123535 69.0744323730469 143.21770668029785 90.00174713134767
0 0.0527 236.38744354248047 19.335596084594755 293.7220001220703 39.73453712463382
0 0.0525 534.3996047973633 80.17436218261722 595.5719375610352 98.87046051025392
0 0.0502 77.45608329772949 28.80480957031253 132.73661613464355 50.27604293823244
0 0.0476 306.39976501464844 9.329711914062527 363.71063232421875 29.740535736084006
0 0.0476 534.9374008178711 -0.040882110595675564 595.0707626342773 19.092304229736357
0 0.0476 596.2686157226562 119.3770523071289 638.75 139.6895523071289
0 0.0467 246.45854949951172 59.302284240722685 303.6561965942383 79.76863098144533
0 0.0458 327.11666107177734 48.9829559326172 383.04821014404297 70.09513092041017
0 0.0455 116.4555549621582 89.30472564697267 173.6587142944336 109.76634216308594
0 0.0437 607.8742790222168 -31.84784698486325 638.7500190734863 -9.130142211914032
0 0.0364 366.0948181152344 9.470884323120146 423.9928436279297 29.596006393432642
0 0.0363 464.55650329589844 30.11573982238772 525.4248046875 48.931562423706076
0 0.0336 515.8419036865234 219.5808334350586 574.2282867431641 239.4825668334961
0 0.0333 246.50747299194336 -0.7205657958984093 303.610897064209 19.792072296142607
0 0.0327 464.5613098144531 50.11576366424563 525.4198455810547 68.93192005157472
0 0.0327 386.2842559814453 49.388877868652365 443.81622314453125 69.68093109130862
0 0.0294 206.49858474731445 79.28408813476564 263.6189842224121 99.78739929199222
0 0.0292 545.6280136108398 -20.327003479003874 604.4272232055664 -0.6124191284179408
0 0.0283 534.5440673828125 100.11874389648438 595.4369354248047 118.92806243896486
0 0.0275 596.3366889953613 139.3465156555176 638.7499809265137 159.72104263305664
0 0.0274 586.8489837646484 229.11341857910156 638.75 249.96150207519528
0 0.0270 116.6929817199707 119.19272613525392 173.43894958496094 139.88108825683597
0 0.0266 306.3342571258545 -10.638492584228487 363.77095222473145 9.708206176757841
0 0.0265 117.4598503112793 -1.1984615325927446 172.73344039916992 20.279161453247095
0 0.0254 0.0 194.38586425781253 638.75 533.25
0 0.0245 506.1045455932617 199.46326446533203 563.9846420288086 219.6032257080078
0 0.0231 475.1544189453125 -0.1255683898925498 534.8674774169922 19.18044281005862
0 0.0229 0.0 -105.49999999999997 510.9122848510742 176.01496887207034
0 0.0227 266.78062438964844 79.1481513977051 323.3584976196289 99.92627334594728
0 0.0223 176.64751052856445 99.21330642700198 233.48127365112305 119.8598213195801
0 0.0217 187.05434799194336 -0.9882431030273151 243.10625076293945 20.06531906127932
0 0.0215 526.2631607055664 239.39341735839844 583.8370132446289 259.6753234863281
0 0.0214 474.7415542602539 80.04647445678714 535.2511215209961 99.00387954711915
0 0.0213 608.1334686279297 258.0071563720703 638.75 281.0176391601563
0 0.0209 116.72761917114258 149.1766471862793 173.40681076049805 169.89762496948242
0 0.0207 476.16092681884766 179.4424171447754 533.9312362670898 199.62548446655273
0 0.0204 366.1330795288086 -10.546091079711884 423.9573287963867 9.613477706909208
0 0.0190 608.2115173339844 -62.042015075683565 638.75 -38.933027267456026
0 0.0176 585.9058952331543 159.54993438720706 638.7500190734863 179.5138092041016
0 0.0169 596.854076385498 199.104024887085 638.7500190734863 219.96990394592288
0 0.0166 534.7468566894531 120.04037094116214 595.2472686767578 139.00937271118167
0 0.0166 226.70677185058594 -20.813615798950163 283.42613220214844 -0.11237907409665196
0 0.0165 485.4208755493164 -20.23465919494626 544.6188735961914 -0.706708908081026
0 0.0160 27.72944450378418 48.656956672668485 82.48602867126465 70.42605113983157
0 0.0151 18.05677890777588 18.4722537994385 72.18695163726807 40.6128902435303
0 0.0149 545.9102249145508 -40.45063066482541 604.165153503418 -20.485358715057348
0 0.0146 57.75646448135376 98.64505004882814 112.46061086654663 120.43860626220705
0 0.0145 77.88468360900879 168.5715217590332 132.34381675720215 190.51270675659183
0 0.0144 176.78958892822266 149.14231491088867 233.3505630493164 169.93195724487305
0 0.0142 257.57999420166016 158.73919677734378 312.6227569580078 180.34278106689456
0 0.0142 286.0776138305664 -30.520322799682585 344.0085983276367 -10.412824630737276
0 0.0142 576.1397933959961 179.45124816894534 633.9509963989258 199.61627197265625
0 0.0142 416.9248962402344 179.0764923095703 473.2255554199219 199.99930572509768
0 0.0141 236.9884490966797 99.04689025878909 293.16646575927734 120.02986145019534
0 0.0140 495.8945846557617 159.56141662597656 554.1784286499023 179.5032424926758
0 0.0139 608.5455513000488 347.7591247558594 638.7499809265137 371.26864624023443
0 0.0137 608.667163848877 -92.32224035263059 638.7499809265137 -68.64999341964719
0 0.0134 475.3718948364258 99.79169082641604 534.6630477905273 119.26724624633792
0 0.0133 535.209846496582 139.85469055175784 594.8151016235352 159.20142364501956
0 0.0131 327.4491882324219 78.807975769043 382.7430725097656 100.27274322509768
0 0.0130 396.4886474609375 69.29288101196292 453.6272430419922 89.77914047241212
0 0.0124 608.2457733154297 287.93967437744146 638.75 311.08580780029297
0 0.0123 308.48361015319824 178.2185287475586 361.7985248565674 200.86871337890625
0 0.0122 457.10704803466797 218.9876861572266 513.0570602416992 240.09028625488284
0 0.0121 345.9952926635742 -30.48348236083981 404.08496856689453 -10.450675964355439
0 0.0121 608.9054870605469 517.2038764953613 638.75 533.2499809265137
0 0.0121 608.2544136047363 317.93544006347656 638.7499809265137 341.0902709960938
0 0.0117 137.69100189208984 178.68107986450198 192.52056121826172 200.40208053588867
0 0.0117 68.02802085876465 -21.50812911987302 122.21249580383301 0.5935401916504183
0 0.0108 0.0 -12.127931594848604 51.3084077835083 11.216451644897488
0 0.0105 87.88045883178711 198.57119750976565 142.3482894897461 220.51261138916018
0 0.0103 318.26502799987793 148.34845733642578 371.997652053833 170.73752593994143
0 0.0102 217.2882843017578 128.89163208007812 272.8910446166992 150.18756103515625
0 0.0100 609.1580390930176 377.3472518920898 638.7499809265137 401.68143463134766
0 0.0100 127.32948780059814 -31.126366138458224 182.8523588180542 -9.793525218963596
