0 0.0364 37.76151657104492 -74.86532115936278 92.45771408081055 -53.05212402343748
0 0.0287 98.70128631591797 -75.41862392425536 151.60150527954102 -52.49361896514891
0 0.0254 0.0 220.8858642578125 638.75 559.7499999999999
0 0.0247 13.06253433227539 -54.08583068847655 128.19150924682617 -4.435953140258774
0 0.0213 138.17808151245117 -78.99999999999999 638.7500190734863 202.51493072509766
0 0.0211 28.2210636138916 44.87776374816896 82.03692436218262 67.20848655700685
0 0.0203 238.1297492980957 244.92913818359372 292.12060928344727 267.15631103515625
0 0.0184 127.87040710449219 45.080553054809585 182.35662460327148 67.00373268127443
0 0.0180 598.7403678894043 -65.44410610198973 638.7500190734863 -42.46812725067137
0 0.0178 27.934141159057617 15.043235778808608 82.29869842529297 37.04127883911134
0 0.0175 238.35302352905273 214.79920959472656 291.9168281555176 237.2876892089844
0 0.0165 117.86013126373291 15.082889556884778 172.36680507659912 37.00082397460939
0 0.0151 28.725080490112305 74.5663414001465 81.5799617767334 97.5214729309082
0 0.0150 177.92957305908203 25.043617248535167 232.30335235595703 47.04053497314454
0 0.0146 237.96703338623047 275.0239715576172 292.26879119873047 297.0606384277344
0 0.0146 609.1584014892578 63.8442430496216 638.75 88.18406200408937
0 0.0143 158.1833839416504 -75.10077381134032 212.0713996887207 -52.813285827636705
0 0.0143 218.32538604736328 184.81668090820315 271.9417953491211 207.2702178955078
0 0.0142 508.2554626464844 -75.14391803741454 562.0059204101562 -52.769855499267564
0 0.0141 177.82047271728516 225.10289764404297 232.403564453125 246.980224609375
0 0.0135 178.09280395507812 64.95006179809572 232.15438842773438 87.13508224487306
0 0.0129 128.87452602386475 -45.52668952941893 181.44419193267822 -22.384723663330067
0 0.0127 609.1947937011719 33.818889617919936 638.75 58.20947265625001
0 0.0126 128.49992752075195 -15.294667720794664 181.7844009399414 7.381509304046645
0 0.0126 227.87885665893555 345.0760040283203 282.34888076782227 367.0083770751953
0 0.0122 88.60077857971191 74.64976882934572 141.69142723083496 97.43842697143556
0 0.0121 0.0 105.91418838500978 108.19150924682617 155.56403732299808
0 0.0119 608.9351654052734 94.00106048583984 638.75 118.02747344970705
0 0.0117 177.41195678710938 255.3267059326172 232.7774429321289 276.7535552978516
0 0.0116 417.69622802734375 -74.82902908325194 472.51739501953125 -53.08885002136229
0 0.0113 417.6891326904297 -44.82041263580321 472.52281188964844 -23.0968084335327
0 0.0112 208.0925178527832 154.9530181884766 262.15402603149414 177.13254547119143
0 0.0110 84.38199043273926 41.492582321167006 125.73714256286621 70.78800773620607
0 0.0110 0.0 -76.10088968276976 31.3722825050354 -51.872755527496324
0 0.0108 608.8227844238281 -35.920304298400865 638.75 -12.050932884216294
0 0.0108 609.0296936035156 3.937965393066419 638.75 28.09087371826173
0 0.0107 18.73946189880371 154.55730056762695 71.56692504882812 177.53059005737305
0 0.0107 158.26744556427002 184.85013580322268 211.9947385787964 207.2363052368164
0 0.0103 488.5541534423828 -45.32472991943357 541.7344665527344 -22.58773231506346
0 0.0101 228.2732391357422 44.846549987792976 281.9894790649414 67.23991012573242
0 0.0100 187.95230865478516 -4.9675121307372905 242.28221893310547 17.052064895629897
