0 0.1502 509.67559814453125 95.39365768432617 560.7298278808594 119.69106674194336
0 0.1352 519.2984390258789 125.67602157592772 571.0650253295898 149.41106796264648
0 0.1169 408.71532440185547 76.06559753417969 461.5903091430664 99.02122497558594
0 0.1120 509.2831039428711 65.68836212158203 561.0784530639648 89.39899444580078
0 0.1061 356.81129455566406 97.12602615356444 413.3319091796875 117.94759750366208
0 0.0981 518.9077377319336 155.94762802124023 571.4150619506836 179.14045333862305
0 0.0926 297.54937171936035 96.75376892089844 352.6512813568115 118.32767486572266
0 0.0847 465.16845703125 71.61657333374023 504.9971008300781 103.53570938110352
0 0.0784 397.78942108154297 116.61300659179688 452.43358612060547 138.46881866455078
0 0.0766 348.0593490600586 66.46665573120119 402.18555450439453 88.61787796020508
0 0.0733 297.4444580078125 126.81446075439455 352.7465057373047 148.26683044433594
0 0.0692 439.23648834228516 45.71981430053712 491.12049102783203 69.36746597290039
0 0.0647 288.3203887939453 66.31494522094727 341.9473648071289 88.7712287902832
0 0.0638 460.02784729003906 105.10204315185545 510.42091369628906 129.9779510498047
0 0.0561 238.35969924926758 96.29484176635742 291.91083908081055 118.79201889038087
0 0.0517 356.5215301513672 137.27304458618164 413.59779357910156 157.7986717224121
0 0.0515 518.6056137084961 186.1400604248047 571.6884994506836 208.94718170166016
0 0.0457 238.5704231262207 126.16844177246094 291.71899795532227 148.91963958740234
0 0.0451 378.79764556884766 36.013808250427246 431.51561737060547 59.07331943511962
0 0.0444 498.6487579345703 36.11500263214111 551.6489410400391 58.972659111022956
0 0.0394 228.8923454284668 65.95623016357422 281.42927169799805 89.13162231445312
0 0.0390 308.7560558319092 36.045150756835945 361.55224800109863 59.04254913330078
0 0.0378 560.745964050293 74.9070358276367 588.8555526733398 120.23857116699217
0 0.0330 89.33502197265625 75.64367294311523 141.03361129760742 99.44246292114258
0 0.0316 249.07100677490234 35.83747863769531 301.26827239990234 59.25048828125
0 0.0308 278.26096534729004 156.3569450378418 331.9999599456787 178.72991561889648
0 0.0287 79.69918251037598 45.364127159118645 130.7112216949463 69.71888065338135
0 0.0285 145.28289318084717 71.3766860961914 184.89216327667236 103.75438690185547
0 0.0263 99.04970169067383 105.84648132324219 151.28856658935547 129.24072265625
0 0.0259 470.40721893310547 134.74414825439453 520.095100402832 160.32657623291016
0 0.0254 0.0 192.3858642578125 638.75 531.25
0 0.0246 195.13986587524414 91.6762924194336 235.02328872680664 123.48133087158203
0 0.0240 439.41844940185547 15.584363937377928 490.95890045166016 39.5015811920166
0 0.0236 130.13742446899414 45.0015115737915 180.32648086547852 70.076003074646
0 0.0235 268.93760681152344 5.926151275634765 321.38851165771484 29.16170120239258
0 0.0233 29.28380012512207 55.6849479675293 81.07842445373535 79.40198898315428
0 0.0233 98.80356788635254 136.01097106933594 151.51007652282715 159.07630920410156
0 0.0229 0.0 -107.5 510.9122848510742 174.01496887207034
0 0.0219 185.17656326293945 51.59776210784912 224.98991012573242 83.55288028717041
0 0.0219 608.7570190429688 -94.37839984893799 638.75 -70.59321880340576
0 0.0215 397.9798889160156 156.50894165039062 452.2587585449219 178.57463836669925
0 0.0212 268.98983001708984 -24.10614013671875 321.3409423828125 -0.805644989013672
0 0.0209 28.84784698486328 85.98440170288085 81.4696216583252 109.10326004028319
0 0.0208 155.28392791748047 111.37628555297852 194.89105224609375 143.7547492980957
0 0.0206 555.1351928710938 31.678256988525387 595.0283813476562 63.47957611083985
0 0.0203 328.9620590209961 5.908679962158202 381.3667678833008 29.179019927978516
0 0.0203 234.8794174194336 152.16522216796875 275.2663803100586 183.03688049316403
0 0.0202 518.7899780273438 216.02397918701172 571.5214538574219 239.06391143798828
0 0.0190 29.616472721099854 25.439929962158207 80.78202962875366 49.645347595214844
0 0.0185 79.87150192260742 15.22895812988281 130.55871963500977 39.852638244628906
0 0.0180 337.6736831665039 166.69353485107422 392.5357437133789 188.38993072509763
0 0.0180 574.3924140930176 -62.66318321228027 638.7499809265137 -12.752971649169924
0 0.0177 199.8168182373047 25.28029441833496 250.60543060302734 49.80284690856934
0 0.0175 195.27299880981445 131.40209197998047 234.90079879760742 163.73119354248047
0 0.0175 509.08912658691406 5.81754684448242 561.2535858154297 29.269351959228516
0 0.0171 389.4878387451172 5.52964210510254 440.8978271484375 29.55546379089356
0 0.0170 38.4527587890625 116.23090744018555 91.82794570922852 138.8552665710449
0 0.0165 98.66183280944824 166.10586166381836 151.6373348236084 188.9817237854004
0 0.0159 329.1728973388672 -24.23206329345703 381.1766815185547 -0.68002700805664
0 0.0158 358.46553802490234 226.2253952026367 411.81583404541016 248.86119842529294
0 0.0157 225.1463508605957 -8.33768844604492 265.0174140930176 23.494071960449215
0 0.0150 155.08423328399658 151.7751693725586 195.075945854187 183.3913803100586
0 0.0147 258.9013862609863 185.9530258178711 311.42053604125977 209.1352081298828
0 0.0144 288.7549304962158 236.0479736328125 341.5527629852295 259.0399932861328
0 0.0141 130.1515531539917 14.991397857666016 180.31372547149658 40.08619308471679
0 0.0139 575.4707145690918 497.25631713867193 638.7500190734863 531.25
0 0.0137 29.537713527679443 -4.497613906860351 80.85140466690063 19.58378791809082
0 0.0137 0.7418203353881836 24.87034320831299 28.860483169555664 70.2666425704956
0 0.0135 38.18395376205444 146.39720916748047 92.0712685585022 168.68850708007812
0 0.0134 599.5172119140625 15.520944595336916 638.75 39.5658016204834
0 0.0132 470.00816345214844 165.11037826538086 520.4398345947266 189.9688148498535
0 0.0123 388.64959716796875 196.11404418945312 441.64833068847656 218.97357940673828
0 0.0120 419.72930908203125 225.35430908203128 470.6817626953125 249.7303009033203
0 0.0118 308.89312744140625 205.95513343811035 361.4286804199219 229.13260459899902
0 0.0117 0.7607436180114746 75.05502700805664 28.838014602661133 120.12773513793947
0 0.0116 88.72404098510742 196.0678195953369 141.58071517944336 219.0200710296631
0 0.0113 268.25618743896484 -53.640809059143066 322.0044708251953 -31.272444725036618
0 0.0113 570.7875823974609 125.35163879394531 598.8063812255859 169.90943908691403
0 0.0112 79.57508087158203 -14.527492523193358 130.81853866577148 9.613189697265625
0 0.0112 209.20509338378906 -34.25196647644043 261.1472702026367 -10.65983772277832
0 0.0110 525.2302932739258 -28.517704010009766 564.9409103393555 3.6581039428710946
0 0.0110 239.25235748291016 215.714111328125 291.10511779785156 239.37385559082028
0 0.0110 445.31410217285156 -18.693437576293945 484.8639678955078 13.818368911743166
0 0.0109 549.3438720703125 -104.35062885284424 601.0231781005859 -80.56161403656006
0 0.0108 469.28401947021484 235.69099426269528 521.0769271850586 259.3968200683594
0 0.0107 589.9093437194824 65.2064323425293 638.7500190734863 89.87585067749022
0 0.0107 609.0872955322266 335.39710998535156 638.75 359.63165283203125
0 0.0106 195.14469146728516 171.66030883789062 235.01949310302734 203.49590301513672
0 0.0106 405.3162384033203 -28.69441270828247 444.8616027832031 3.8192486763000493
0 0.0105 0.0 -104.09354209899902 51.35105609893799 -80.81761837005615
0 0.0102 185.24799346923828 -8.54702949523926 224.92389678955078 23.684816360473633
0 0.0100 609.3077087402344 365.2360153198242 638.75 389.7919845581054
