0 0.1281 519.5589447021484 -25.02308654785153 570.8345031738281 -0.8921699523925506
0 0.1187 438.4458541870117 3.316027641296413 624.0490341186523 80.74924182891849
0 0.1054 569.9603652954102 -25.338294982910124 620.4794692993164 -0.5803947448730186
0 0.0752 517.791748046875 -53.877656936645465 572.4290466308594 -32.03891563415524
0 0.0721 417.7426528930664 91.26664352416995 563.9835739135742 152.66011428833008
0 0.0700 459.7063446044922 -25.137756347656218 510.70411682128906 -0.7787971496581747
0 0.0652 588.5823059082031 -54.34269237518307 638.75 -31.569741249084437
0 0.0488 473.0625534057617 156.9141883850098 588.1914901733398 206.56403732299805
0 0.0457 620.7050323486328 -25.450027465820284 638.75 19.69336700439456
0 0.0445 519.1167068481445 205.29750061035156 571.2290573120117 228.78916931152347
0 0.0435 588.8125801086426 215.5087966918946 638.7499809265137 238.57901763916016
0 0.0433 457.6559066772461 -53.79836845397946 512.552375793457 -32.118518829345675
0 0.0431 409.87743377685547 -25.27687835693356 460.55370330810547 -0.6417350769042678
0 0.0415 574.3924140930176 96.8368263244629 638.7499809265137 146.74702835083008
0 0.0376 395.55747985839844 50.23596954345705 434.64500427246094 83.83994293212893
0 0.0367 608.5518074035645 245.25378417968753 638.7499809265137 268.7738342285156
0 0.0359 410.65540313720703 3.644725799560579 438.9638137817383 50.329620361328146
0 0.0347 589.3940925598145 185.104362487793 638.7499809265137 208.98200225830078
0 0.0344 620.6755828857422 44.2444534301758 638.75 89.92129516601565
0 0.0311 390.61553955078125 83.36402130126955 419.0117645263672 130.55613708496094
0 0.0293 360.62416076660156 83.42572402954104 389.0013885498047 130.50641250610354
0 0.0273 355.28289794921875 50.875727653503446 394.89227294921875 83.25526905059817
0 0.0272 608.6187553405762 275.2117462158203 638.7500190734863 298.8162536621094
0 0.0271 589.939136505127 154.67683029174805 638.7499809265137 179.4044227600098
0 0.0254 0.0 191.88586425781253 638.75 530.75
0 0.0243 330.6672668457031 83.73164367675784 358.9495086669922 130.26019287109378
0 0.0234 398.2427215576172 -54.13078594207761 452.01629638671875 -31.78223896026609
0 0.0233 365.3614807128906 10.699531555175813 404.8210906982422 43.41607284545901
0 0.0221 459.50496673583984 205.02111625671384 510.8816909790039 229.06448554992676
0 0.0211 598.1657218933105 -84.0933923721313 638.7500190734863 -61.821201324462855
0 0.0208 359.6695327758789 -25.09862709045407 410.7345199584961 -0.8162097930907928
0 0.0198 328.11859130859375 129.09827423095706 412.6026153564453 195.126220703125
0 0.0189 315.22220611572266 51.007530212402365 354.94754791259766 83.13506317138675
0 0.0178 300.7071304321289 84.04698562622073 328.90174865722656 130.01252365112308
0 0.0177 500.4325866699219 231.79011535644528 569.9990844726562 262.2869415283203
0 0.0176 409.9124526977539 214.70050048828128 460.5216598510742 239.38128662109378
0 0.0168 608.6181449890137 305.211669921875 638.7500190734863 328.8162536621094
0 0.0168 507.0237731933594 -83.47399401664731 563.1346893310547 -62.449397325515726
0 0.0160 370.650634765625 193.6036605834961 398.96949768066406 240.3615493774414
0 0.0160 420.8186340332031 153.74676895141602 469.7602081298828 180.30217361450198
0 0.0153 0.0 -107.99999999999997 320.47889709472656 61.69043731689455
0 0.0151 575.4707145690918 496.75631713867193 638.7500190734863 530.75
0 0.0150 410.3999328613281 184.23873138427737 460.1038360595703 209.8305816650391
0 0.0150 608.718090057373 335.14830780029297 638.7500190734863 358.8801498413086
0 0.0147 325.2373504638672 10.972663879394556 364.9339294433594 43.166858673095724
0 0.0146 340.6410217285156 193.54004096984866 368.98109436035156 240.41349601745608
0 0.0146 300.67267417907715 133.77539825439456 328.9431095123291 180.22593688964844
0 0.0138 446.79908752441406 -83.36094665527341 503.34144592285156 -62.564447402954066
0 0.0131 608.9398193359375 365.0009078979492 638.75 389.0280075073242
0 0.0129 275.2354621887207 50.98018360137942 314.9353218078613 83.16000652313235
0 0.0124 270.7291603088379 84.24277496337892 298.87548446655273 129.86235809326172
0 0.0122 315.31482696533203 -29.191856861114474 354.8629379272461 3.316921710968046
0 0.0122 313.06254386901855 -103.08583068847653 428.191499710083 -53.43595314025875
0 0.0119 339.64282989501953 514.3674011230469 390.87024688720703 530.75
0 0.0115 609.1462707519531 394.85545349121094 638.75 419.17323303222656
0 0.0112 300.69469451904297 183.94339752197268 328.9166259765625 230.09303283691406
0 0.0105 270.72919845581055 134.24847793579104 298.87548446655273 179.85867691040042
