0 0.3141 270.7252502441406 21.59801864624025 491.5412902832031 120.79830551147461
0 0.1497 153.0625343322754 16.414174079895037 268.1915092468262 66.06405162811281
0 0.1089 278.4458541870117 122.81603240966797 464.04903411865234 200.24923706054688
0 0.0915 157.7426528930664 -49.233346939086886 303.9836120605469 12.160123825073262
0 0.0888 153.0625343322754 76.41418838500978 268.1915092468262 126.06403732299803
0 0.0823 318.4458541870117 -57.18397712707517 504.04903411865234 20.24924659729006
0 0.0361 97.86462783813477 126.0871353149414 263.3403968811035 257.38314056396484
0 0.0328 333.0625534057617 216.4141693115234 448.19149017333984 266.0640563964844
0 0.0259 109.40900325775146 -25.403228759765597 160.96617221832275 -1.5100250244140403
0 0.0231 153.0625343322754 -103.58583068847652 268.1915092468262 -53.93595314025875
0 0.0225 115.20040512084961 10.543807983398457 154.96845245361328 42.60204696655275
0 0.0188 324.97406005859375 361.4990081787109 638.75 530.25
0 0.0183 109.01023864746094 -55.12137508392331 161.3228988647461 -31.790619850158663
0 0.0168 0.0 361.4971199035644 320.47874450683594 530.2499809265137
0 0.0137 512.6921272277832 -108.49999999999997 638.7499809265137 -38.65076160430906
0 0.0132 100.04740715026855 44.07482528686524 150.40595054626465 69.00349044799805
0 0.0122 439.6068572998047 194.44842720031738 490.7903289794922 218.63702201843262
0 0.0120 485.6222152709961 29.552468299865737 524.5895004272461 63.50807094573976
0 0.0116 511.90391540527344 61.34180450439454 638.75 161.1270751953125
0 0.0116 608.9066314697266 514.2030181884764 638.75 530.25
0 0.0110 150.72525024414062 261.59803771972656 371.5412902832031 360.79824829101557
0 0.0106 511.90391540527344 181.34184265136722 638.75 281.1270751953125
0 0.0102 98.74083518981934 -84.94498944282529 151.56598091125488 -61.96732020378109
0 0.0100 285.90270042419434 197.91464233398435 324.42254066467285 235.01715087890622
