0 0.0336 608.9494323730469 133.494499206543 638.75 157.5344924926758
0 0.0288 18.64029884338379 304.11865997314453 71.6569995880127 326.9687728881836
0 0.0268 109.39239025115967 223.6063461303711 160.9815263748169 247.48009490966797
0 0.0265 18.65034580230713 274.1112594604492 71.64812564849854 296.9760208129883
0 0.0258 219.18560028076172 23.759544372558597 271.16519927978516 47.3284034729004
0 0.0254 0.0 210.38586425781247 638.75 549.25
0 0.0250 598.634204864502 104.12653732299806 638.7499809265137 126.96142959594727
0 0.0244 278.946008682251 13.923242568969734 331.3803768157959 37.16499137878419
0 0.0238 28.79526138305664 244.014289855957 81.51802062988281 267.0726852416992
0 0.0231 99.7115707397461 253.36827087402347 150.6974220275879 277.71649169921875
0 0.0229 0.0 -89.49999999999999 510.9122848510742 192.01496887207028
0 0.0224 28.658838272094727 334.10801696777344 81.63997650146484 356.97956848144526
0 0.0220 105.27409553527832 289.39583587646484 144.90017890930176 321.7369155883789
0 0.0216 28.730363845825195 214.06056213378906 81.57569885253906 237.0269470214844
0 0.0215 609.3299102783203 163.21804809570312 638.75 187.80964660644534
0 0.0215 228.63561630249023 -5.875617980957025 281.6606330871582 16.963413238525398
0 0.0209 119.20506000518799 83.74274063110352 171.14844799041748 107.34473037719727
0 0.0209 209.44568634033203 53.56875705718995 260.93372344970703 77.51764583587648
0 0.0206 158.9299774169922 33.92926979064942 211.3957977294922 57.158296585083015
0 0.0204 98.98272514343262 193.8942985534668 151.34825706481934 217.19332504272464
0 0.0196 109.5944595336914 323.4518508911133 160.80257415771484 347.63291168212885
0 0.0188 165.3788948059082 309.16260528564453 204.8050880432129 341.9497756958008
0 0.0184 168.90386581420898 3.950212478637702 221.41855239868164 27.13786888122559
0 0.0183 598.2708930969238 74.34506225585938 638.7499809265137 96.74095916748048
0 0.0182 109.098801612854 113.8140754699707 161.244215965271 137.27324295043945
0 0.0182 189.55585479736328 83.48904418945312 240.83518981933594 107.59705352783205
0 0.0182 38.43609809875488 184.24748229980466 91.8416690826416 206.83956909179688
0 0.0182 388.35453033447266 104.29758834838867 441.9156265258789 126.78919601440431
0 0.0181 149.8352289199829 253.2638626098633 200.58953762054443 277.81884002685547
0 0.0181 269.01546478271484 43.8757495880127 321.31805419921875 67.21235084533691
0 0.0179 70.76380491256714 273.08827209472656 98.83439302444458 318.1031494140625
0 0.0176 108.78029346466064 54.033282279968276 161.52953624725342 77.05498981475831
0 0.0174 338.5893249511719 14.155977249145513 391.70204162597656 36.932046890258796
0 0.0174 48.07309150695801 154.46091461181643 102.17249870300293 176.62403869628906
0 0.0170 160.05329132080078 223.0763988494873 210.39947509765625 248.0027179718018
0 0.0167 288.6306381225586 -15.870973587036127 341.66481018066406 6.958978652954109
0 0.0165 58.433837890625 94.24347686767578 111.84490203857422 116.84277343750001
0 0.0164 108.2569932937622 14.357421875000009 162.00400829315186 36.72913360595704
0 0.0163 47.94450759887695 124.53129577636719 102.29060173034668 146.55239868164065
0 0.0160 150.06662368774414 283.067367553711 200.38732528686523 308.01190185546875
0 0.0152 209.5724105834961 113.47676086425781 260.8204650878906 137.60926055908203
0 0.0150 448.55567932128906 94.17507934570312 501.7329406738281 116.91258239746094
0 0.0149 398.14674377441406 74.42152786254884 452.1045684814453 96.6643409729004
0 0.0148 328.1406021118164 104.42446517944335 382.1103286743164 126.66128921508788
0 0.0147 488.69503021240234 134.08648300170898 541.6069412231445 157.00140762329102
0 0.0146 108.95605087280273 163.91182708740234 161.3723373413086 187.1757583618164
0 0.0143 378.52527618408203 134.19234085083008 431.76082611083984 156.8949775695801
0 0.0141 328.5899353027344 44.1507797241211 381.70249938964844 66.9365577697754
0 0.0139 165.22666931152344 109.49585723876953 204.94365692138672 141.64570617675784
0 0.0138 205.45568466186523 308.99300384521484 244.73501205444336 342.10472869873047
0 0.0135 259.173641204834 73.77001571655273 311.175479888916 97.31825637817384
0 0.0135 608.9930725097656 533.1370048522949 638.75 549.2500190734863
0 0.0134 512.6921272277832 -89.5 638.7499809265137 -19.650761604309075
0 0.0134 119.32861328125 353.65494537353516 171.03792190551758 377.43210601806635
0 0.0131 238.16688537597656 -35.5898447036743 292.08614349365234 -13.324114799499503
0 0.0131 498.52840423583984 74.19369506835938 551.7572402954102 96.89411926269531
0 0.0128 48.24702262878418 64.35780334472658 102.01431274414062 86.72791290283205
0 0.0128 178.5694122314453 -25.832082748413082 231.72016143798828 -3.0800170898437425
0 0.0128 318.1283664703369 74.42988204956056 372.1218776702881 96.6555290222168
0 0.0126 609.3272399902344 193.21751403808594 638.75 217.8098373413086
0 0.0125 159.8445701599121 193.25856018066406 210.5808448791504 217.82437133789062
0 0.0124 259.12689208984375 103.79982757568361 311.21795654296875 127.28817749023438
0 0.0124 0.0 163.68513870239258 41.06947422027588 187.40263748168945
0 0.0123 0.7911920547485352 223.37532806396482 28.802008628845215 267.89040374755854
0 0.0120 118.20148468017578 -15.614244461059561 172.0555305480957 6.69986534118653
0 0.0117 80.80535888671875 323.54786682128906 108.785400390625 367.76554870605463
0 0.0117 589.4892692565918 223.53455352783203 638.7500190734863 247.55135345458982
0 0.0117 565.1458740234375 129.66433334350586 605.0177764892578 161.49222183227542
0 0.0117 169.76320266723633 343.31620025634766 220.65412521362305 367.7665786743164
0 0.0117 388.2225799560547 44.3765048980713 442.0355987548828 66.70968818664551
0 0.0117 348.33690643310547 -15.691310882568354 401.9315719604492 6.778095245361334
0 0.0114 318.5444641113281 134.18362426757812 371.7427062988281 156.90422821044925
0 0.0114 58.3285927772522 34.31169319152833 111.93954229354858 56.77476692199708
0 0.0114 508.7812805175781 104.02947235107423 561.5293121337891 127.05834197998047
0 0.0113 608.5510444641113 43.75313568115235 638.7499809265137 67.27431106567384
0 0.0111 200.04148483276367 283.0935745239258 250.40838241577148 307.98668670654297
0 0.0110 28.92868995666504 363.9335327148437 81.3962173461914 387.1545104980469
0 0.0109 447.71968841552734 54.66080474853516 502.4953079223633 76.4218978881836
0 0.0109 0.0 133.74890136718747 41.148033142089844 157.3393325805664
0 0.0107 0.7669162750244141 333.1142501831054 28.83068084716797 378.0831222534179
0 0.0105 0.0 103.97293853759767 51.44275188446045 127.11575317382814
0 0.0104 378.65894317626953 164.10727310180664 431.64005279541016 186.9802360534668
0 0.0103 609.6689033508301 502.94194030761713 638.7499809265137 528.081787109375
0 0.0103 159.71203327178955 143.36252975463867 210.69812297821045 167.72150802612305
0 0.0103 167.48432159423828 -85.21294784545897 222.71133422851562 -63.70637130737304
0 0.0100 609.2066955566406 353.309829711914 638.75 377.7184753417969
