0 0.2026 495.64945220947266 -1.8325634002685478 554.4063949584961 17.894018173217777
0 0.1867 495.20172119140625 -21.64297294616698 554.8229217529297 -2.3011798858642516
0 0.1785 506.0914611816406 17.971361160278327 563.9962768554688 38.095319747924805
0 0.1516 434.5221710205078 -31.36944961547851 495.4564666748047 -12.583457946777337
0 0.1341 434.9126434326172 -11.523916244506829 495.0920867919922 7.576177597045906
0 0.1145 494.77550506591797 -41.47145462036132 555.2206039428711 -22.478496551513665
0 0.1133 506.4466094970703 37.808025360107436 563.6672210693359 58.262775421142585
0 0.1004 414.3892288208008 -51.318895339965806 475.58094024658203 -32.63594818115234
0 0.0916 435.2479553222656 8.339355468750007 494.7795104980469 27.717330932617195
0 0.0775 375.25501251220703 -31.662952423095696 434.7727584838867 -12.280170440673821
0 0.0606 445.57201385498047 28.202379226684574 504.4779586791992 47.858369827270515
0 0.0555 375.6592559814453 -11.8351764678955 434.3968963623047 7.897012710571297
0 0.0429 507.72743225097656 167.15674209594727 562.4881744384766 188.9260368347168
0 0.0375 474.5216751098633 -61.37397003173827 535.4581832885742 -42.579748153686516
0 0.0371 414.5454406738281 -71.38185572624205 475.4356384277344 -52.57131886482237
0 0.0371 355.0726318359375 -51.58842277526855 414.9427795410156 -32.3571605682373
0 0.0354 486.6264343261719 57.723739624023445 543.5006713867188 78.34919738769531
0 0.0348 376.06029510498047 7.988756179809578 434.0243148803711 28.07809638977051
0 0.0323 507.8647232055664 197.08226013183594 562.362174987793 219.0017776489258
0 0.0308 557.4546051025391 -2.7008838653564373 612.7394866943359 18.780744552612312
0 0.0300 426.5060806274414 47.78574752807617 483.61080169677734 68.28661727905273
0 0.0277 407.5289535522461 147.26536560058594 462.6698684692383 168.81600189208984
0 0.0264 386.57032012939453 27.754066467285163 443.55167388916016 48.318832397460945
0 0.0263 557.1664428710938 -32.550260543823235 613.0042266845703 -11.372358322143548
0 0.0254 0.0 192.88586425781247 638.75 531.75
0 0.0240 448.26438903808594 176.85141372680664 501.9976043701172 199.2349510192871
0 0.0229 0.0 -107.00000000000001 510.9122848510742 174.5149688720703
0 0.0217 507.8740692138672 137.07337188720703 562.3544311523438 159.01016998291016
0 0.0211 547.8753662109375 57.07468795776368 602.3528289794922 79.00915908813477
0 0.0196 355.0706100463867 -71.58967089653014 414.9452590942383 -52.35628437995909
0 0.0185 448.18580627441406 206.8975620269775 502.0692443847656 229.1883449554443
0 0.0178 316.56493186950684 -32.24217844009399 373.55637550354004 -11.684808254241934
0 0.0167 347.6246643066406 147.21396255493164 402.58209228515625 168.86820602416992
0 0.0162 387.7979278564453 177.11766052246094 442.4237060546875 198.96561431884766
0 0.0161 388.33003997802734 66.81616592407227 441.9370651245117 89.27107620239258
0 0.0159 397.5836181640625 117.2273712158203 452.62168884277344 138.85315704345703
0 0.0157 395.89752197265625 -101.95085000991821 454.1783905029297 -81.98623609542845
0 0.0153 517.7497863769531 87.14600372314455 572.4673461914062 108.93719482421875
0 0.0152 338.2497024536133 86.86072158813477 392.0108413696289 109.22564315795898
0 0.0147 387.8135299682617 217.11064147949216 442.40901947021484 238.9729766845703
0 0.0146 536.1278533935547 -62.052442550659165 593.9643096923828 -41.88162040710448
0 0.0142 447.46143341064453 77.30702209472656 502.7305221557617 98.77465057373048
0 0.0131 567.7993774414062 27.114894866943366 622.4227905273438 48.96811294555665
0 0.0129 338.12374114990234 116.93087387084961 392.12642669677734 139.1542701721191
0 0.0129 317.33717918395996 -2.6269073486328045 372.8444766998291 18.707607269287116
0 0.0128 498.3155822753906 226.8222503662109 551.9507598876953 249.26457214355466
0 0.0126 336.5176010131836 -102.23217678070068 393.6031723022461 -81.69728231430052
0 0.0125 328.0782699584961 216.964614868164 382.16625213623047 239.12136840820312
0 0.0123 464.4252014160156 143.4244613647461 505.69610595703125 172.8495101928711
0 0.0116 327.4072265625 177.3304443359375 382.7815246582031 198.74996948242185
0 0.0107 574.3924140930176 157.8368263244629 638.7499809265137 207.74702835083008
0 0.0103 608.8751029968262 515.7263641357421 638.7500190734863 531.7499999999999
